C8G6HANXX160303:6:2105:13117:86010/2	98	98	1	smNRPS-CC	5875	3105	3202	100	1.19e-42
C8G6HANXX160303:6:2105:13117:86010/1	100	1	100	smNRPS-CC	5875	3085	3184	100	9.22e-44
C8G6HANXX160303:3:2305:18726:87848/1	97	97	1	smNRPS-CB	5945	3479	3575	95.876	2.03e-35
C8G6HANXX160303:3:2311:2539:84488/2	101	1	101	smNRPS-CB	5945	5665	5765	97.03	2.61e-39
C8G6HANXX160303:5:1204:18989:32688/2	101	1	101	smNRPS-CB	5945	3060	3160	97.03	2.61e-39
C8G6HANXX160303:5:1204:18989:32688/1	99	99	1	smNRPS-CB	5945	3267	3365	97.98	7.26e-40
C8G6HANXX160303:8:2104:11098:50193/2	101	101	1	smNRPS-CB	5945	1932	2032	98.02	5.61e-41
C8G6HANXX160303:6:2114:12644:96792/2	98	98	1	smNRPS-CB	5945	4099	4196	98.98	5.61e-41
C8G6HANXX160303:8:2104:11098:50193/1	99	1	99	smNRPS-CB	5945	1849	1947	98.99	1.56e-41
C8G6HANXX160303:6:2114:12644:96792/1	97	1	97	smNRPS-CB	5945	4031	4127	100	4.34e-42
C8G6HANXX160303:3:2305:18726:87848/2	101	1	101	smNRPS-CB	5945	3358	3458	99.01	1.21e-42
C8G6HANXX160303:4:1303:15962:100268/1	101	101	1	smNRPS-CB	5945	4182	4282	100	2.59e-44
C8G6HANXX160303:4:1303:15962:100268/2	101	1	101	smNRPS-CB	5945	3956	4056	100	2.59e-44
C8G6HANXX160303:3:2311:2539:84488/1	101	101	1	smNRPS-CB	5945	5807	5907	100	2.59e-44
