C65YPACXX150129:6:2303:16702:58152/2	84	1	84	smNRPS-CC	5875	845	928	100	1.19e-34
C65YPACXX150129:6:2313:4586:88544/1	101	92	1	smNRPS-CC	5875	2670	2761	97.826	9.21e-36
C65YPACXX150129:6:2313:4586:88544/2	101	1	93	smNRPS-CC	5875	2670	2762	97.849	2.56e-36
C65YPACXX150129:8:1115:10542:77556/1	101	1	101	smNRPS-CC	5875	1254	1354	96.04	1.98e-37
C65YPACXX150129:8:1305:8800:86789/2	101	101	1	smNRPS-CC	5875	2095	2195	97.03	4.25e-39
C65YPACXX150129:6:1106:1926:98330/2	101	98	1	smNRPS-CC	5875	744	841	97.959	4.25e-39
C65YPACXX150129:8:2316:7262:85015/1	101	98	1	smNRPS-CC	5875	2332	2429	97.959	4.25e-39
C65YPACXX150129:6:2313:19539:63021/1	101	1	98	smNRPS-CC	5875	663	759	98.98	3.29e-40
C65YPACXX150129:6:2307:8318:71336/1	100	100	1	smNRPS-CC	5875	471	570	98	3.29e-40
C65YPACXX150129:7:2109:10237:54866/1	101	101	1	smNRPS-CC	5875	2735	2835	98.02	9.14e-41
C65YPACXX150129:6:2307:8318:71336/2	101	1	101	smNRPS-CC	5875	464	564	98.02	9.14e-41
C65YPACXX150129:8:2306:7143:56229/2	101	1	101	smNRPS-CC	5875	2861	2961	98.02	9.14e-41
C65YPACXX150129:7:1302:4329:80628/2	101	3	101	smNRPS-CC	5875	4900	4998	98.99	2.54e-41
C65YPACXX150129:7:2211:13375:92355/1	99	1	99	smNRPS-CC	5875	2532	2630	98.99	2.54e-41
C65YPACXX150129:8:1312:9558:80994/2	99	99	1	smNRPS-CC	5875	4086	4184	98.99	2.54e-41
C65YPACXX150129:7:1302:4329:80628/1	101	100	1	smNRPS-CC	5875	4900	4999	99	7.07e-42
C65YPACXX150129:7:2109:10237:54866/2	101	1	101	smNRPS-CC	5875	2624	2724	99.01	1.97e-42
C65YPACXX150129:6:1109:4532:83769/2	101	1	101	smNRPS-CC	5875	5144	5244	99.01	1.97e-42
C65YPACXX150129:6:1301:15492:81688/1	101	1	101	smNRPS-CC	5875	2775	2875	99.01	1.97e-42
C65YPACXX150129:6:1301:15492:81688/2	101	101	1	smNRPS-CC	5875	2977	3077	99.01	1.97e-42
C65YPACXX150129:6:2204:15875:36188/1	101	1	101	smNRPS-CC	5875	81	181	99.01	1.97e-42
C65YPACXX150129:6:2204:15875:36188/2	101	101	1	smNRPS-CC	5875	173	273	99.01	1.97e-42
C65YPACXX150129:6:2112:11776:87029/1	101	1	101	smNRPS-CC	5875	831	931	99.01	1.97e-42
C65YPACXX150129:6:2313:19539:63021/2	101	98	1	smNRPS-CC	5875	776	873	100	1.97e-42
C65YPACXX150129:7:2205:3237:70435/1	101	1	101	smNRPS-CC	5875	2772	2872	99.01	1.97e-42
C65YPACXX150129:7:2205:3237:70435/2	101	101	1	smNRPS-CC	5875	2917	3017	99.01	1.97e-42
C65YPACXX150129:7:2211:13375:92355/2	101	101	1	smNRPS-CC	5875	2696	2796	99.01	1.97e-42
C65YPACXX150129:6:1113:8249:5321/2	101	101	1	smNRPS-CC	5875	368	468	99.01	1.97e-42
C65YPACXX150129:8:2316:7262:85015/2	99	1	99	smNRPS-CC	5875	2191	2289	100	5.46e-43
C65YPACXX150129:8:2306:7143:56229/1	101	99	1	smNRPS-CC	5875	2946	3044	100	5.46e-43
C65YPACXX150129:6:1109:4532:83769/1	101	101	1	smNRPS-CC	5875	5145	5245	100	4.22e-44
C65YPACXX150129:8:2107:18301:35446/1	101	101	1	smNRPS-CC	5875	4198	4298	100	4.22e-44
C65YPACXX150129:8:2107:18301:35446/2	101	1	101	smNRPS-CC	5875	4080	4180	100	4.22e-44
C65YPACXX150129:6:2112:11776:87029/2	101	101	1	smNRPS-CC	5875	1009	1109	100	4.22e-44
C65YPACXX150129:6:2204:6971:15693/1	101	1	101	smNRPS-CC	5875	1935	2035	100	4.22e-44
C65YPACXX150129:6:2204:6971:15693/2	101	101	1	smNRPS-CC	5875	1948	2048	100	4.22e-44
C65YPACXX150129:6:2303:16702:58152/1	101	101	1	smNRPS-CC	5875	1067	1167	100	4.22e-44
C65YPACXX150129:8:1116:9034:64211/1	76	76	1	smNRPS-CB	5945	2118	2193	100	3.38e-30
C65YPACXX150129:8:1305:17010:22860/2	101	20	101	smNRPS-CB	5945	1	82	98.78	7.26e-32
C65YPACXX150129:7:2114:15118:66184/1	93	93	1	smNRPS-CB	5945	1494	1586	97.849	2.59e-36
C65YPACXX150129:7:2315:13965:34249/1	101	101	1	smNRPS-CB	5945	3535	3635	96.04	2e-37
C65YPACXX150129:7:1102:3846:63234/1	101	1	101	smNRPS-CB	5945	4550	4650	96.04	2e-37
C65YPACXX150129:7:1105:17259:44683/1	101	93	1	smNRPS-CB	5945	5701	5793	98.925	5.57e-38
C65YPACXX150129:7:1105:17259:44683/2	101	1	93	smNRPS-CB	5945	5701	5793	98.925	5.57e-38
C65YPACXX150129:8:1115:10542:77556/2	101	1	101	smNRPS-CB	5945	4560	4660	97.03	4.31e-39
C65YPACXX150129:8:1208:11875:38866/1	95	95	1	smNRPS-CB	5945	226	320	98.947	4.31e-39
C65YPACXX150129:8:2310:11522:67773/1	101	101	1	smNRPS-CB	5945	5488	5588	98.02	9.25e-41
C65YPACXX150129:8:2310:11522:67773/2	101	1	101	smNRPS-CB	5945	5481	5581	98.02	9.25e-41
C65YPACXX150129:7:2114:15118:66184/2	101	1	101	smNRPS-CB	5945	1417	1517	98.02	9.25e-41
C65YPACXX150129:8:1305:17010:22860/1	101	101	1	smNRPS-CB	5945	317	417	98.02	9.25e-41
C65YPACXX150129:7:1301:11445:35919/2	101	1	101	smNRPS-CB	5945	2055	2155	98.02	9.25e-41
C65YPACXX150129:6:1106:1926:98330/1	101	101	1	smNRPS-CB	5945	5242	5344	98.058	2.57e-41
C65YPACXX150129:6:2216:2072:64801/2	101	1	101	smNRPS-CB	5945	1541	1641	99.01	1.99e-42
C65YPACXX150129:8:1202:2222:73779/2	101	101	1	smNRPS-CB	5945	3489	3589	99.01	1.99e-42
C65YPACXX150129:8:2114:7695:31126/1	101	1	101	smNRPS-CB	5945	2891	2991	99.01	1.99e-42
C65YPACXX150129:8:2114:7695:31126/2	101	101	1	smNRPS-CB	5945	3237	3337	99.01	1.99e-42
C65YPACXX150129:7:2315:13965:34249/2	101	1	101	smNRPS-CB	5945	3429	3529	100	4.28e-44
C65YPACXX150129:8:1214:7168:44397/1	101	1	101	smNRPS-CB	5945	2221	2321	100	4.28e-44
C65YPACXX150129:8:1214:7168:44397/2	101	101	1	smNRPS-CB	5945	2299	2399	100	4.28e-44
C65YPACXX150129:6:2216:2072:64801/1	101	101	1	smNRPS-CB	5945	1563	1663	100	4.28e-44
C65YPACXX150129:8:1202:2222:73779/1	101	1	101	smNRPS-CB	5945	3427	3527	100	4.28e-44
C65YPACXX150129:7:1301:11445:35919/1	101	101	1	smNRPS-CB	5945	2150	2250	100	4.28e-44
