C662FACXX150129:6:2111:8411:58987/2	69	1	69	smNRPS-CB	5945	3881	3949	97.101	5.14e-23
C662FACXX150129:4:2313:2731:32974/1	70	70	1	smNRPS-CB	5945	5062	5131	97.143	1.43e-23
C662FACXX150129:7:2208:2680:6810/1	75	1	75	smNRPS-CB	5945	2939	3013	100	1.1e-29
C662FACXX150129:6:2104:9656:55856/2	77	77	1	smNRPS-CB	5945	1123	1199	100	8.47e-31
C662FACXX150129:4:2207:11724:49397/1	86	3	86	smNRPS-CB	5945	3685	3768	97.619	2.36e-31
C662FACXX150129:7:1201:12047:96520/2	81	1	81	smNRPS-CB	5945	3202	3282	100	5.06e-33
C662FACXX150129:7:2104:5071:15174/2	81	81	1	smNRPS-CB	5945	1969	2049	100	5.06e-33
C662FACXX150129:7:2312:9113:54195/1	92	92	1	smNRPS-CB	5945	229	320	97.826	8.41e-36
C662FACXX150129:2:2309:8511:85484/2	92	90	1	smNRPS-CB	5945	5442	5531	98.889	2.34e-36
C662FACXX150129:3:2107:2311:43911/1	101	99	3	smNRPS-CB	5945	3622	3719	96.939	6.5e-37
C662FACXX150129:4:1303:16470:6506/1	88	1	88	smNRPS-CB	5945	4372	4459	100	6.5e-37
C662FACXX150129:6:1202:11325:101023/1	91	91	1	smNRPS-CB	5945	2790	2880	98.901	6.5e-37
C662FACXX150129:4:2313:2731:32974/2	95	1	95	smNRPS-CB	5945	5010	5104	97.895	1.81e-37
C662FACXX150129:3:2114:12567:59106/1	101	101	1	smNRPS-CB	5945	3134	3234	96.04	1.81e-37
C662FACXX150129:4:1309:15599:11839/1	92	1	92	smNRPS-CB	5945	3534	3625	98.913	1.81e-37
C662FACXX150129:7:2104:14609:89982/1	91	91	1	smNRPS-CB	5945	5201	5291	100	1.4e-38
C662FACXX150129:4:1303:16470:6506/2	95	95	1	smNRPS-CB	5945	4392	4486	98.947	3.89e-39
C662FACXX150129:4:2109:15214:22457/2	101	1	101	smNRPS-CB	5945	359	459	97.03	3.89e-39
C662FACXX150129:3:2214:16999:12781/2	96	96	1	smNRPS-CB	5945	5364	5459	98.958	1.08e-39
C662FACXX150129:6:2110:12247:66648/1	93	93	1	smNRPS-CB	5945	3721	3813	100	1.08e-39
C662FACXX150129:3:1303:4498:5413/2	101	93	1	smNRPS-CB	5945	1107	1199	100	1.08e-39
C662FACXX150129:5:1112:6303:31033/2	97	97	1	smNRPS-CB	5945	3515	3611	98.969	3e-40
C662FACXX150129:4:2209:14576:6804/1	100	100	1	smNRPS-CB	5945	943	1042	98	3e-40
C662FACXX150129:3:1303:4498:5413/1	101	1	94	smNRPS-CB	5945	1107	1200	100	3e-40
C662FACXX150129:6:2104:9656:55856/1	101	1	94	smNRPS-CB	5945	1107	1200	100	3e-40
C662FACXX150129:2:1216:9613:32699/2	101	101	1	smNRPS-CB	5945	5431	5531	98.02	8.35e-41
C662FACXX150129:6:2110:12247:66648/2	101	1	101	smNRPS-CB	5945	3462	3562	98.02	8.35e-41
C662FACXX150129:3:1104:13674:2052/1	101	95	1	smNRPS-CB	5945	648	742	100	8.35e-41
C662FACXX150129:3:1104:13674:2052/2	101	1	95	smNRPS-CB	5945	648	742	100	8.35e-41
C662FACXX150129:4:2211:8607:32430/2	101	1	101	smNRPS-CB	5945	3075	3175	98.02	8.35e-41
C662FACXX150129:7:2202:1495:34307/1	101	1	101	smNRPS-CB	5945	3533	3633	98.02	8.35e-41
C662FACXX150129:4:2303:6633:82370/1	98	98	1	smNRPS-CB	5945	5287	5384	98.98	8.35e-41
C662FACXX150129:7:2104:14609:89982/2	99	1	99	smNRPS-CB	5945	5171	5269	98.99	2.32e-41
C662FACXX150129:6:1207:17784:49472/1	96	1	96	smNRPS-CB	5945	3429	3524	100	2.32e-41
C662FACXX150129:3:1302:6816:84231/2	100	1	100	smNRPS-CB	5945	5010	5109	99	6.46e-42
C662FACXX150129:4:1207:16255:83540/2	101	100	1	smNRPS-CB	5945	5649	5748	99	6.46e-42
C662FACXX150129:3:2312:16748:90971/1	101	1	101	smNRPS-CB	5945	2211	2311	99.01	1.8e-42
C662FACXX150129:3:1302:6816:84231/1	101	101	1	smNRPS-CB	5945	5031	5131	99.01	1.8e-42
C662FACXX150129:4:2109:15214:22457/1	101	101	1	smNRPS-CB	5945	370	470	99.01	1.8e-42
C662FACXX150129:3:2214:16999:12781/1	101	1	101	smNRPS-CB	5945	5300	5400	99.01	1.8e-42
C662FACXX150129:7:2104:5071:15174/1	101	1	101	smNRPS-CB	5945	1455	1555	99.01	1.8e-42
C662FACXX150129:5:1304:18919:56918/1	101	101	1	smNRPS-CB	5945	2780	2880	99.01	1.8e-42
C662FACXX150129:5:1304:18919:56918/2	101	1	101	smNRPS-CB	5945	2759	2859	99.01	1.8e-42
C662FACXX150129:4:1207:16255:83540/1	101	1	101	smNRPS-CB	5945	5468	5568	99.01	1.8e-42
C662FACXX150129:6:1202:11325:101023/2	101	1	101	smNRPS-CB	5945	2759	2859	99.01	1.8e-42
C662FACXX150129:4:2201:12417:90291/1	101	101	1	smNRPS-CB	5945	2245	2345	99.01	1.8e-42
C662FACXX150129:7:1110:10218:28433/1	101	101	1	smNRPS-CB	5945	1020	1120	99.01	1.8e-42
C662FACXX150129:7:1307:12777:90297/2	101	1	101	smNRPS-CB	5945	2754	2854	99.01	1.8e-42
C662FACXX150129:5:1201:10448:63870/2	101	101	1	smNRPS-CB	5945	4386	4486	99.01	1.8e-42
C662FACXX150129:7:1304:13862:60507/1	101	1	101	smNRPS-CB	5945	1078	1178	99.01	1.8e-42
C662FACXX150129:2:2102:10431:41115/1	101	99	1	smNRPS-CB	5945	4064	4162	100	4.99e-43
C662FACXX150129:2:2102:10431:41115/2	101	1	99	smNRPS-CB	5945	4064	4162	100	4.99e-43
C662FACXX150129:7:1307:12777:90297/1	101	99	1	smNRPS-CB	5945	2834	2932	100	4.99e-43
C662FACXX150129:3:1213:6709:79060/2	99	1	99	smNRPS-CB	5945	887	985	100	4.99e-43
C662FACXX150129:2:1111:8968:36267/1	100	1	100	smNRPS-CB	5945	2225	2324	100	1.39e-43
C662FACXX150129:3:1203:8148:88479/1	101	101	1	smNRPS-CB	5945	2245	2345	100	3.86e-44
C662FACXX150129:3:1203:8148:88479/2	101	1	101	smNRPS-CB	5945	2179	2279	100	3.86e-44
C662FACXX150129:2:1216:9613:32699/1	101	1	101	smNRPS-CB	5945	5300	5400	100	3.86e-44
C662FACXX150129:3:2312:16748:90971/2	101	101	1	smNRPS-CB	5945	2214	2314	100	3.86e-44
C662FACXX150129:3:1310:18986:71281/1	101	1	101	smNRPS-CB	5945	2973	3073	100	3.86e-44
C662FACXX150129:3:1310:18986:71281/2	101	101	1	smNRPS-CB	5945	3190	3290	100	3.86e-44
C662FACXX150129:2:2309:8511:85484/1	101	1	101	smNRPS-CB	5945	5300	5400	100	3.86e-44
C662FACXX150129:5:1112:6303:31033/1	101	1	101	smNRPS-CB	5945	3341	3441	100	3.86e-44
C662FACXX150129:3:1307:20614:24002/1	101	101	1	smNRPS-CB	5945	1963	2063	100	3.86e-44
C662FACXX150129:3:1307:20614:24002/2	101	1	101	smNRPS-CB	5945	1948	2048	100	3.86e-44
C662FACXX150129:7:1201:12047:96520/1	101	101	1	smNRPS-CB	5945	3249	3349	100	3.86e-44
C662FACXX150129:4:2209:14576:6804/2	101	1	101	smNRPS-CB	5945	869	969	100	3.86e-44
C662FACXX150129:3:1305:2850:28603/1	101	101	1	smNRPS-CB	5945	4370	4470	100	3.86e-44
C662FACXX150129:3:1305:2850:28603/2	101	1	101	smNRPS-CB	5945	4230	4330	100	3.86e-44
C662FACXX150129:3:2114:12567:59106/2	101	1	101	smNRPS-CB	5945	2997	3097	100	3.86e-44
C662FACXX150129:5:1109:10155:15342/1	101	1	101	smNRPS-CB	5945	3370	3470	100	3.86e-44
C662FACXX150129:5:1109:10155:15342/2	101	101	1	smNRPS-CB	5945	3391	3491	100	3.86e-44
C662FACXX150129:4:2211:8607:32430/1	101	101	1	smNRPS-CB	5945	3259	3359	100	3.86e-44
C662FACXX150129:6:1207:17784:49472/2	101	101	1	smNRPS-CB	5945	3448	3548	100	3.86e-44
C662FACXX150129:6:1306:2381:19684/1	101	101	1	smNRPS-CB	5945	5808	5908	100	3.86e-44
C662FACXX150129:6:1306:2381:19684/2	101	1	101	smNRPS-CB	5945	5755	5855	100	3.86e-44
C662FACXX150129:4:2205:9811:59758/1	101	101	1	smNRPS-CB	5945	1963	2063	100	3.86e-44
C662FACXX150129:4:2205:9811:59758/2	101	1	101	smNRPS-CB	5945	1879	1979	100	3.86e-44
C662FACXX150129:4:2201:12417:90291/2	101	1	101	smNRPS-CB	5945	2179	2279	100	3.86e-44
C662FACXX150129:7:1110:10218:28433/2	101	1	101	smNRPS-CB	5945	727	827	100	3.86e-44
C662FACXX150129:5:1201:10448:63870/1	101	1	101	smNRPS-CB	5945	4372	4472	100	3.86e-44
C662FACXX150129:3:1213:6709:79060/1	101	101	1	smNRPS-CB	5945	937	1037	100	3.86e-44
C662FACXX150129:2:2304:14734:57326/1	101	101	1	smNRPS-CB	5945	2531	2631	100	3.86e-44
