C8G6HANXX160303:8:2113:16535:65925/2	99	1	97	smNRPS-CC	5875	2949	3045	95.876	2.15e-35
C8G6HANXX160303:4:1312:17164:78840/2	89	1	52	smNRPS-CB	5945	5894	5945	100	4.8e-17
C8G6HANXX160303:8:2113:16535:65925/1	100	1	100	smNRPS-CB	5945	2676	2775	95	2.17e-35
C8G6HANXX160303:5:2213:14458:64370/1	99	99	1	smNRPS-CB	5945	1787	1883	96.97	1.3e-37
C8G6HANXX160303:6:1111:12514:70707/1	100	1	100	smNRPS-CB	5945	191	290	97	1e-38
C8G6HANXX160303:8:2111:11987:49479/1	100	1	100	smNRPS-CB	5945	191	290	97	1e-38
C8G6HANXX160303:4:1113:10412:93157/1	95	95	1	smNRPS-CB	5945	606	700	98.947	2.79e-39
C8G6HANXX160303:4:1316:1535:12942/2	97	97	1	smNRPS-CB	5945	3936	4032	98.969	2.16e-40
C8G6HANXX160303:5:1203:16033:53457/1	98	98	1	smNRPS-CB	5945	1088	1185	98.98	6e-41
C8G6HANXX160303:3:2106:12403:3368/1	98	1	98	smNRPS-CB	5945	395	492	98.98	6e-41
C8G6HANXX160303:4:2316:5704:13695/2	95	1	95	smNRPS-CB	5945	2919	3013	100	6e-41
C8G6HANXX160303:4:1316:1535:12942/1	99	1	99	smNRPS-CB	5945	3857	3955	98.99	1.67e-41
C8G6HANXX160303:6:1111:12514:70707/2	101	101	1	smNRPS-CB	5945	312	412	99.01	1.29e-42
C8G6HANXX160303:5:1203:16033:53457/2	101	1	101	smNRPS-CB	5945	1048	1148	99.01	1.29e-42
C8G6HANXX160303:3:2106:12403:3368/2	101	101	1	smNRPS-CB	5945	629	729	99.01	1.29e-42
C8G6HANXX160303:8:2111:11987:49479/2	101	101	1	smNRPS-CB	5945	312	412	99.01	1.29e-42
C8G6HANXX160303:4:2316:5704:13695/1	99	99	1	smNRPS-CB	5945	2961	3059	100	3.58e-43
C8G6HANXX160303:8:1308:2319:32668/1	99	99	1	smNRPS-CB	5945	1932	2030	100	3.58e-43
C8G6HANXX160303:5:2213:14458:64370/2	101	1	101	smNRPS-CB	5945	1571	1671	100	2.77e-44
C8G6HANXX160303:8:1308:2319:32668/2	101	1	101	smNRPS-CB	5945	1699	1799	100	2.77e-44
C8G6HANXX160303:6:2311:19067:17714/2	101	1	101	smNRPS-CB	5945	678	778	100	2.77e-44
