C8G6HANXX160303:8:2310:19321:4691/2	82	1	81	smNRPS-CC	5875	4745	4825	98.765	1.83e-31
C8G6HANXX160303:7:1104:17894:36723/2	96	96	1	smNRPS-CC	5875	3713	3808	97.917	3.9e-38
C8G6HANXX160303:8:2310:19321:4691/1	98	98	1	smNRPS-CC	5875	4776	4873	97.959	3.02e-39
C8G6HANXX160303:3:1115:3089:52722/2	101	1	92	smNRPS-CB	5945	1863	1954	100	3.05e-39
C8G6HANXX160303:3:1115:3089:52722/1	101	93	1	smNRPS-CB	5945	1862	1954	100	8.49e-40
C8G6HANXX160303:7:2208:2775:72006/1	97	97	1	smNRPS-CB	5945	5391	5487	100	5.07e-42
C8G6HANXX160303:8:2304:3566:28000/1	98	1	98	smNRPS-CB	5945	883	980	100	1.41e-42
C8G6HANXX160303:8:2316:19389:45034/1	101	101	1	smNRPS-CB	5945	5399	5499	99.01	1.41e-42
C8G6HANXX160303:6:1209:12019:74945/2	101	1	101	smNRPS-CB	5945	5104	5205	99.02	1.41e-42
C8G6HANXX160303:6:1315:5914:56741/1	101	101	3	smNRPS-CB	5945	3513	3611	100	3.92e-43
C8G6HANXX160303:3:1215:15322:88063/1	100	1	100	smNRPS-CB	5945	4548	4647	100	1.09e-43
C8G6HANXX160303:6:1315:5914:56741/2	101	1	100	smNRPS-CB	5945	3512	3611	100	1.09e-43
C8G6HANXX160303:7:2208:2775:72006/2	101	1	101	smNRPS-CB	5945	5376	5476	100	3.03e-44
C8G6HANXX160303:5:1116:20238:99759/1	101	101	1	smNRPS-CB	5945	2595	2695	100	3.03e-44
C8G6HANXX160303:5:1116:20238:99759/2	101	1	101	smNRPS-CB	5945	2573	2673	100	3.03e-44
C8G6HANXX160303:3:1215:15322:88063/2	101	101	1	smNRPS-CB	5945	4773	4873	100	3.03e-44
C8G6HANXX160303:8:2304:3566:28000/2	101	101	1	smNRPS-CB	5945	896	996	100	3.03e-44
