C662FACXX150129:6:2201:9899:2482/2	101	39	101	smNRPS-CC	5875	1	63	98.413	1.77e-21
C662FACXX150129:5:1109:7236:8146/1	101	1	62	smNRPS-CC	5875	5814	5875	100	1.37e-22
C662FACXX150129:7:2103:4876:2876/1	73	1	73	smNRPS-CC	5875	1284	1356	95.89	1.06e-23
C662FACXX150129:2:1101:11068:27884/2	71	1	71	smNRPS-CC	5875	2305	2375	97.183	2.95e-24
C662FACXX150129:6:1111:15672:19288/1	66	66	1	smNRPS-CC	5875	2433	2498	100	8.2e-25
C662FACXX150129:2:1113:13629:70275/2	93	1	68	smNRPS-CC	5875	5808	5875	100	6.34e-26
C662FACXX150129:2:1311:1324:13264/1	85	85	1	smNRPS-CC	5875	2310	2394	96.471	2.26e-30
C662FACXX150129:6:2301:2083:11867/2	90	90	1	smNRPS-CC	5875	2520	2609	95.556	1.75e-31
C662FACXX150129:6:2301:2083:11867/1	90	1	90	smNRPS-CC	5875	2194	2283	96.667	3.76e-33
C662FACXX150129:3:1308:15430:100431/1	81	1	81	smNRPS-CC	5875	457	537	100	3.76e-33
C662FACXX150129:5:2202:5372:48846/1	84	84	1	smNRPS-CC	5875	527	610	98.81	3.76e-33
C662FACXX150129:2:2304:7886:86693/1	101	1	94	smNRPS-CC	5875	1183	1276	95.745	1.05e-33
C662FACXX150129:7:1102:2022:68670/1	101	1	94	smNRPS-CC	5875	1183	1276	95.745	1.05e-33
C662FACXX150129:2:2304:7886:86693/2	101	95	1	smNRPS-CC	5875	1182	1276	95.789	2.91e-34
C662FACXX150129:7:1310:9865:85058/1	101	1	92	smNRPS-CC	5875	665	756	96.739	2.91e-34
C662FACXX150129:7:1102:2022:68670/2	97	95	1	smNRPS-CC	5875	1182	1276	95.789	2.91e-34
C662FACXX150129:4:1102:16705:66687/2	87	87	1	smNRPS-CC	5875	2688	2774	98.851	8.08e-35
C662FACXX150129:5:1109:11367:5081/2	100	100	1	smNRPS-CC	5875	2214	2313	95	2.25e-35
C662FACXX150129:4:2104:15997:4631/2	88	1	88	smNRPS-CC	5875	657	744	98.864	2.25e-35
C662FACXX150129:4:2208:11468:3232/1	101	1	101	smNRPS-CC	5875	1474	1574	95.05	6.25e-36
C662FACXX150129:2:1211:7943:75030/1	101	3	101	smNRPS-CC	5875	449	547	95.96	1.74e-36
C662FACXX150129:3:2307:15415:53874/2	100	3	99	smNRPS-CC	5875	4413	4509	96.907	4.83e-37
C662FACXX150129:4:2308:8420:6100/2	100	100	1	smNRPS-CC	5875	5431	5530	96	4.83e-37
C662FACXX150129:5:1109:11367:5081/1	101	2	96	smNRPS-CC	5875	2203	2297	97.895	1.34e-37
C662FACXX150129:6:1103:3107:56540/2	101	101	1	smNRPS-CC	5875	5417	5517	96.04	1.34e-37
C662FACXX150129:7:2310:13897:54293/1	92	92	1	smNRPS-CC	5875	1984	2075	98.913	1.34e-37
C662FACXX150129:3:1306:14585:20834/2	101	101	1	smNRPS-CC	5875	1536	1636	96.04	1.34e-37
C662FACXX150129:3:2207:18122:10314/1	101	101	1	smNRPS-CC	5875	4440	4540	96.04	1.34e-37
C662FACXX150129:3:2316:20427:65243/1	92	92	1	smNRPS-CC	5875	3248	3339	98.913	1.34e-37
C662FACXX150129:5:1309:7556:36560/2	101	101	3	smNRPS-CC	5875	4224	4322	96.97	3.73e-38
C662FACXX150129:4:1104:9226:84237/1	99	99	1	smNRPS-CC	5875	5292	5390	96.97	3.73e-38
C662FACXX150129:2:1211:7943:75030/2	101	101	5	smNRPS-CC	5875	534	630	97.938	1.04e-38
C662FACXX150129:6:2110:19215:47737/1	97	97	1	smNRPS-CC	5875	1200	1296	97.938	1.04e-38
C662FACXX150129:2:2216:12306:23084/2	101	1	100	smNRPS-CC	5875	2743	2842	97	1.04e-38
C662FACXX150129:4:1202:8010:14144/2	101	101	1	smNRPS-CC	5875	1161	1261	97.03	2.89e-39
C662FACXX150129:6:1209:11019:97392/2	101	1	101	smNRPS-CC	5875	390	490	97.03	2.89e-39
C662FACXX150129:3:2207:18122:10314/2	101	1	101	smNRPS-CC	5875	4169	4269	97.03	2.89e-39
C662FACXX150129:3:2102:17592:1965/2	101	101	1	smNRPS-CC	5875	1171	1271	97.03	2.89e-39
C662FACXX150129:3:1307:18586:99270/1	101	101	1	smNRPS-CC	5875	5290	5390	97.03	2.89e-39
C662FACXX150129:2:1308:6404:2818/1	101	96	1	smNRPS-CC	5875	1551	1646	98.958	8.03e-40
C662FACXX150129:2:1308:6404:2818/2	101	1	99	smNRPS-CC	5875	1548	1646	97.98	8.03e-40
C662FACXX150129:3:2101:13608:11081/2	101	1	101	smNRPS-CC	5875	464	564	98.02	6.21e-41
C662FACXX150129:6:2210:19591:92860/1	101	101	1	smNRPS-CC	5875	401	501	98.02	6.21e-41
C662FACXX150129:3:1308:15430:100431/2	101	101	1	smNRPS-CC	5875	464	564	98.02	6.21e-41
C662FACXX150129:4:1214:7598:12555/1	101	1	101	smNRPS-CC	5875	5321	5421	98.02	6.21e-41
C662FACXX150129:4:2308:8420:6100/1	101	1	101	smNRPS-CC	5875	5081	5181	98.02	6.21e-41
C662FACXX150129:2:2110:15803:57182/1	101	1	101	smNRPS-CC	5875	5081	5181	98.02	6.21e-41
C662FACXX150129:3:1201:3860:22013/2	101	98	1	smNRPS-CC	5875	3525	3622	98.98	6.21e-41
C662FACXX150129:6:1103:3107:56540/1	101	1	101	smNRPS-CC	5875	5339	5439	99.01	1.33e-42
C662FACXX150129:3:1306:14585:20834/1	101	1	101	smNRPS-CC	5875	1228	1328	99.01	1.33e-42
C662FACXX150129:7:2310:13897:54293/2	99	1	99	smNRPS-CC	5875	1792	1890	100	3.71e-43
C662FACXX150129:6:2201:9899:2482/1	101	101	1	smNRPS-CC	5875	26	126	100	2.87e-44
C662FACXX150129:7:1108:7218:71252/1	101	1	101	smNRPS-CC	5875	2575	2675	100	2.87e-44
C662FACXX150129:7:1108:7218:71252/2	101	101	1	smNRPS-CC	5875	2714	2814	100	2.87e-44
C662FACXX150129:5:2105:4253:35145/2	101	48	101	smNRPS-CB	5945	1	54	100	3.89e-18
C662FACXX150129:6:2106:7950:68384/2	60	60	1	smNRPS-CB	5945	3679	3738	96.667	3.89e-18
C662FACXX150129:6:1216:20688:21115/2	59	59	1	smNRPS-CB	5945	2887	2945	98.305	3.01e-19
C662FACXX150129:6:2316:4068:5184/2	71	68	1	smNRPS-CB	5945	4887	4954	95.588	6.46e-21
C662FACXX150129:2:1310:18953:93143/1	65	1	65	smNRPS-CB	5945	218	282	98.462	1.39e-22
C662FACXX150129:7:2301:6021:97946/2	62	1	62	smNRPS-CB	5945	994	1055	100	1.39e-22
C662FACXX150129:7:1216:1748:21661/1	68	1	68	smNRPS-CB	5945	1106	1173	97.059	1.39e-22
C662FACXX150129:3:2114:2947:19869/1	62	1	62	smNRPS-CB	5945	2932	2993	100	1.39e-22
C662FACXX150129:4:1310:11586:57566/2	66	1	66	smNRPS-CB	5945	976	1041	98.485	3.86e-23
C662FACXX150129:7:1213:15752:99983/2	72	72	1	smNRPS-CB	5945	4900	4971	95.833	3.86e-23
C662FACXX150129:6:1315:15359:42310/1	70	70	1	smNRPS-CB	5945	1186	1255	97.143	1.07e-23
C662FACXX150129:2:2202:6224:6858/1	70	70	1	smNRPS-CB	5945	4724	4793	97.143	1.07e-23
C662FACXX150129:4:2303:12656:58438/2	71	71	1	smNRPS-CB	5945	2034	2104	97.183	2.98e-24
C662FACXX150129:3:1107:19508:54316/2	74	1	74	smNRPS-CB	5945	3518	3591	95.946	2.98e-24
C662FACXX150129:3:2212:8982:57391/2	101	33	98	smNRPS-CB	5945	1	66	100	8.3e-25
C662FACXX150129:7:1316:16129:53388/1	70	70	1	smNRPS-CB	5945	982	1051	98.571	2.31e-25
C662FACXX150129:4:2307:15016:33573/2	71	71	1	smNRPS-CB	5945	2377	2447	98.592	6.41e-26
C662FACXX150129:4:2303:12656:58438/1	71	1	71	smNRPS-CB	5945	2024	2094	98.592	6.41e-26
C662FACXX150129:4:1207:7547:20729/1	77	1	77	smNRPS-CB	5945	4956	5032	96.104	6.41e-26
C662FACXX150129:2:1110:7109:35037/1	68	68	1	smNRPS-CB	5945	2104	2171	100	6.41e-26
C662FACXX150129:6:1105:3720:40567/2	72	72	1	smNRPS-CB	5945	97	168	98.611	1.78e-26
C662FACXX150129:2:1306:2177:85484/1	69	69	1	smNRPS-CB	5945	278	346	100	1.78e-26
C662FACXX150129:3:1113:9274:80477/2	73	73	1	smNRPS-CB	5945	1484	1556	98.63	4.96e-27
C662FACXX150129:7:2214:14820:92755/1	73	1	73	smNRPS-CB	5945	3341	3413	98.63	4.96e-27
C662FACXX150129:7:1103:18472:96747/1	83	83	1	smNRPS-CB	5945	3541	3623	95.181	1.38e-27
C662FACXX150129:7:1305:14179:9891/2	75	1	75	smNRPS-CB	5945	2873	2947	98.667	3.83e-28
C662FACXX150129:3:1216:12017:28354/1	72	72	1	smNRPS-CB	5945	3767	3838	100	3.83e-28
C662FACXX150129:4:1310:11586:57566/1	76	76	1	smNRPS-CB	5945	1527	1602	98.684	1.07e-28
C662FACXX150129:4:2312:10101:72932/2	76	76	1	smNRPS-CB	5945	2891	2966	98.684	1.07e-28
C662FACXX150129:3:1113:5608:97734/2	75	75	2	smNRPS-CB	5945	1931	2004	100	2.96e-29
C662FACXX150129:3:2208:4871:48030/1	74	1	74	smNRPS-CB	5945	1007	1080	100	2.96e-29
C662FACXX150129:2:1104:3552:86723/2	77	1	77	smNRPS-CB	5945	3944	4020	98.701	2.96e-29
C662FACXX150129:5:2308:7708:98534/2	84	1	84	smNRPS-CB	5945	3693	3776	96.429	8.24e-30
C662FACXX150129:3:1315:3502:99848/1	78	78	1	smNRPS-CB	5945	2690	2767	98.718	8.24e-30
C662FACXX150129:5:2112:7941:24453/2	79	79	1	smNRPS-CB	5945	1459	1537	98.734	2.29e-30
C662FACXX150129:2:2212:10316:26750/2	76	1	76	smNRPS-CB	5945	3154	3229	100	2.29e-30
C662FACXX150129:2:2115:14254:37103/2	82	82	1	smNRPS-CB	5945	1989	2070	97.561	2.29e-30
C662FACXX150129:6:1106:4338:22471/2	101	101	10	smNRPS-CB	5945	1736	1823	95.652	1.77e-31
C662FACXX150129:2:1110:7109:35037/2	84	1	84	smNRPS-CB	5945	2051	2134	97.619	1.77e-31
C662FACXX150129:5:2106:6592:95982/2	87	87	1	smNRPS-CB	5945	4899	4985	96.552	1.77e-31
C662FACXX150129:7:2315:14083:37844/1	87	1	87	smNRPS-CB	5945	1265	1351	96.552	1.77e-31
C662FACXX150129:4:2208:11468:3232/2	82	2	80	smNRPS-CB	5945	3895	3973	100	4.92e-32
C662FACXX150129:7:2116:18918:56006/1	82	79	1	smNRPS-CB	5945	2639	2717	100	4.92e-32
C662FACXX150129:7:2210:15368:38090/1	101	1	94	smNRPS-CB	5945	1734	1823	95.745	1.37e-32
C662FACXX150129:5:1312:11845:11746/1	91	1	89	smNRPS-CB	5945	5549	5637	96.629	1.37e-32
C662FACXX150129:4:2212:19338:50436/1	92	1	92	smNRPS-CB	5945	4961	5052	95.652	1.37e-32
C662FACXX150129:2:1103:11052:19692/2	93	1	93	smNRPS-CB	5945	3668	3760	95.699	3.81e-33
C662FACXX150129:5:2202:8853:74355/2	93	93	1	smNRPS-CB	5945	3551	3643	95.699	3.81e-33
C662FACXX150129:4:1109:17955:60051/1	84	84	1	smNRPS-CB	5945	3360	3443	98.81	3.81e-33
C662FACXX150129:5:1105:9784:35735/1	87	82	1	smNRPS-CB	5945	3757	3838	100	1.06e-33
C662FACXX150129:5:2310:8826:14667/2	98	1	94	smNRPS-CB	5945	3461	3554	95.745	1.06e-33
C662FACXX150129:5:2108:6008:9841/1	91	1	91	smNRPS-CB	5945	564	654	96.703	1.06e-33
C662FACXX150129:6:2203:9927:26275/2	82	82	1	smNRPS-CB	5945	1386	1467	100	1.06e-33
C662FACXX150129:6:2110:19215:47737/2	89	89	1	smNRPS-CB	5945	4728	4816	97.753	2.94e-34
C662FACXX150129:4:1201:18264:20007/2	101	92	1	smNRPS-CB	5945	1938	2029	96.739	2.94e-34
C662FACXX150129:6:1204:3476:36012/2	89	89	1	smNRPS-CB	5945	2031	2119	97.753	2.94e-34
C662FACXX150129:6:1309:19539:77811/1	100	91	1	smNRPS-CB	5945	2814	2903	97.802	8.18e-35
C662FACXX150129:7:2216:7223:65254/1	101	96	1	smNRPS-CB	5945	3528	3623	95.833	8.18e-35
C662FACXX150129:7:2216:7223:65254/2	101	1	96	smNRPS-CB	5945	3528	3623	95.833	8.18e-35
C662FACXX150129:7:1208:16239:17593/2	96	1	96	smNRPS-CB	5945	4872	4967	95.833	8.18e-35
C662FACXX150129:7:1211:4417:11667/1	101	96	1	smNRPS-CB	5945	3528	3623	95.833	8.18e-35
C662FACXX150129:7:1211:4417:11667/2	101	1	96	smNRPS-CB	5945	3528	3623	95.833	8.18e-35
C662FACXX150129:3:2101:13608:11081/1	100	1	100	smNRPS-CB	5945	4927	5026	95	2.27e-35
C662FACXX150129:5:2301:1278:98126/1	101	91	1	smNRPS-CB	5945	3942	4032	97.802	2.27e-35
C662FACXX150129:6:1316:13922:92469/2	101	100	1	smNRPS-CB	5945	5598	5697	95	2.27e-35
C662FACXX150129:7:1216:1748:21661/2	85	85	1	smNRPS-CB	5945	1705	1789	100	2.27e-35
C662FACXX150129:2:1210:18919:101278/2	101	101	2	smNRPS-CB	5945	3057	3156	95	2.27e-35
C662FACXX150129:5:2110:13784:27578/1	95	1	95	smNRPS-CB	5945	1106	1200	96.842	6.32e-36
C662FACXX150129:2:1206:18511:85648/2	101	1	95	smNRPS-CB	5945	4986	5080	96.842	6.32e-36
C662FACXX150129:4:1201:18264:20007/1	101	1	92	smNRPS-CB	5945	1938	2029	97.826	6.32e-36
C662FACXX150129:2:2106:6862:3485/2	95	95	1	smNRPS-CB	5945	4900	4994	96.842	6.32e-36
C662FACXX150129:3:2102:17592:1965/1	101	101	1	smNRPS-CB	5945	4693	4793	95.05	6.32e-36
C662FACXX150129:2:2214:18314:43609/2	101	1	95	smNRPS-CB	5945	4986	5080	96.842	6.32e-36
C662FACXX150129:6:2302:18285:64016/2	87	87	1	smNRPS-CB	5945	1577	1663	100	1.76e-36
C662FACXX150129:4:2308:11262:75967/1	93	1	93	smNRPS-CB	5945	3261	3353	97.849	1.76e-36
C662FACXX150129:7:1208:16239:17593/1	99	99	1	smNRPS-CB	5945	4882	4980	95.96	1.76e-36
C662FACXX150129:2:1206:18511:85648/1	101	96	1	smNRPS-CB	5945	4985	5080	96.875	1.76e-36
C662FACXX150129:6:1315:15359:42310/2	97	5	97	smNRPS-CB	5945	1145	1237	97.849	1.76e-36
C662FACXX150129:6:2106:7950:68384/1	93	1	93	smNRPS-CB	5945	3613	3705	97.849	1.76e-36
C662FACXX150129:4:2311:4871:41865/1	87	1	87	smNRPS-CB	5945	848	934	100	1.76e-36
C662FACXX150129:2:2107:9978:51641/2	97	1	97	smNRPS-CB	5945	3603	3699	96.907	4.89e-37
C662FACXX150129:5:1105:9784:35735/2	100	1	100	smNRPS-CB	5945	3478	3577	96	4.89e-37
C662FACXX150129:7:1202:14643:90187/2	94	94	1	smNRPS-CB	5945	2078	2171	97.872	4.89e-37
C662FACXX150129:7:1208:3208:100912/1	101	1	101	smNRPS-CB	5945	1813	1911	96.04	4.89e-37
C662FACXX150129:4:2111:6149:46956/1	91	91	1	smNRPS-CB	5945	1343	1433	98.901	4.89e-37
C662FACXX150129:5:2103:17989:20286/1	89	1	89	smNRPS-CB	5945	2308	2396	100	1.36e-37
C662FACXX150129:2:1103:11052:19692/1	98	98	1	smNRPS-CB	5945	3871	3968	96.939	1.36e-37
C662FACXX150129:4:1304:18856:85209/2	92	92	1	smNRPS-CB	5945	3341	3432	98.913	1.36e-37
C662FACXX150129:4:2308:11262:75967/2	101	101	1	smNRPS-CB	5945	3441	3541	96.04	1.36e-37
C662FACXX150129:2:1105:18037:73434/1	101	101	1	smNRPS-CB	5945	4912	5012	96.04	1.36e-37
C662FACXX150129:2:1106:8443:34583/1	101	1	101	smNRPS-CB	5945	4855	4955	96.04	1.36e-37
C662FACXX150129:7:1305:14179:9891/1	101	101	1	smNRPS-CB	5945	3448	3548	96.04	1.36e-37
C662FACXX150129:3:1313:11760:79635/1	101	1	101	smNRPS-CB	5945	3544	3644	96.04	1.36e-37
C662FACXX150129:6:1205:4948:13026/2	101	1	98	smNRPS-CB	5945	5499	5596	96.939	1.36e-37
C662FACXX150129:2:1206:16331:82737/1	101	1	101	smNRPS-CB	5945	3466	3566	96.04	1.36e-37
C662FACXX150129:2:1206:16331:82737/2	101	101	1	smNRPS-CB	5945	3523	3623	96.04	1.36e-37
C662FACXX150129:7:2201:1568:33015/1	101	1	101	smNRPS-CB	5945	3443	3543	96.04	1.36e-37
C662FACXX150129:3:1202:10100:73263/2	95	1	95	smNRPS-CB	5945	2078	2172	97.895	1.36e-37
C662FACXX150129:6:2113:10042:83719/2	101	1	101	smNRPS-CB	5945	3443	3543	96.04	1.36e-37
C662FACXX150129:5:2106:6592:95982/1	98	1	98	smNRPS-CB	5945	4560	4657	96.939	1.36e-37
C662FACXX150129:5:1308:20307:80480/1	89	89	1	smNRPS-CB	5945	2131	2219	100	1.36e-37
C662FACXX150129:4:1109:10945:60807/1	101	1	101	smNRPS-CB	5945	3469	3569	96.04	1.36e-37
C662FACXX150129:2:1312:15299:75745/2	101	101	1	smNRPS-CB	5945	4567	4667	96.04	1.36e-37
C662FACXX150129:3:2305:14746:58444/2	101	1	101	smNRPS-CB	5945	3478	3578	96.04	1.36e-37
C662FACXX150129:6:2316:4068:5184/1	101	1	96	smNRPS-CB	5945	4836	4931	97.917	3.78e-38
C662FACXX150129:2:2207:4007:101266/1	93	1	93	smNRPS-CB	5945	1982	2074	98.925	3.78e-38
C662FACXX150129:7:1213:15752:99983/1	99	1	99	smNRPS-CB	5945	4550	4648	96.97	3.78e-38
C662FACXX150129:3:2314:17025:100922/1	101	1	93	smNRPS-CB	5945	3790	3882	98.925	3.78e-38
C662FACXX150129:3:2314:17025:100922/2	101	94	2	smNRPS-CB	5945	3790	3882	98.925	3.78e-38
C662FACXX150129:2:2201:3395:8983/2	93	93	1	smNRPS-CB	5945	28	120	98.925	3.78e-38
C662FACXX150129:3:2307:7548:32026/1	90	90	1	smNRPS-CB	5945	2121	2210	100	3.78e-38
C662FACXX150129:3:1303:18879:80652/2	101	99	1	smNRPS-CB	5945	3556	3654	96.97	3.78e-38
C662FACXX150129:3:1308:13203:76682/2	101	99	1	smNRPS-CB	5945	2006	2104	96.97	3.78e-38
C662FACXX150129:4:1102:16705:66687/1	101	100	1	smNRPS-CB	5945	3267	3366	97	1.05e-38
C662FACXX150129:4:2104:15997:4631/1	100	1	100	smNRPS-CB	5945	4969	5068	97	1.05e-38
C662FACXX150129:2:1216:3136:76266/1	91	91	1	smNRPS-CB	5945	277	367	100	1.05e-38
C662FACXX150129:7:2211:7520:28702/2	91	91	1	smNRPS-CB	5945	2963	3053	100	1.05e-38
C662FACXX150129:5:1304:2887:31079/2	94	94	1	smNRPS-CB	5945	2834	2927	98.936	1.05e-38
C662FACXX150129:4:1307:5678:74914/1	91	1	91	smNRPS-CB	5945	2919	3009	100	1.05e-38
C662FACXX150129:2:2316:3301:92784/2	97	1	97	smNRPS-CB	5945	1842	1938	97.938	1.05e-38
C662FACXX150129:6:2210:19591:92860/2	100	100	1	smNRPS-CB	5945	5494	5593	97	1.05e-38
C662FACXX150129:2:1203:8026:84262/1	101	1	101	smNRPS-CB	5945	1948	2047	97.03	1.05e-38
C662FACXX150129:7:2305:15047:80391/1	100	100	1	smNRPS-CB	5945	3802	3901	97	1.05e-38
C662FACXX150129:3:2209:15322:33641/2	100	97	1	smNRPS-CB	5945	2770	2866	97.938	1.05e-38
C662FACXX150129:5:2214:5384:35628/1	101	1	101	smNRPS-CB	5945	3102	3202	97.03	2.92e-39
C662FACXX150129:3:1107:10343:96270/1	101	1	101	smNRPS-CB	5945	1191	1291	97.03	2.92e-39
C662FACXX150129:5:1309:7556:36560/1	98	98	1	smNRPS-CB	5945	1989	2086	97.959	2.92e-39
C662FACXX150129:3:1116:7873:67984/1	101	1	101	smNRPS-CB	5945	503	603	97.03	2.92e-39
C662FACXX150129:2:2107:9978:51641/1	101	101	1	smNRPS-CB	5945	3801	3901	97.03	2.92e-39
C662FACXX150129:6:2302:18285:64016/1	101	1	98	smNRPS-CB	5945	1197	1294	97.959	2.92e-39
C662FACXX150129:7:2210:15368:38090/2	101	101	1	smNRPS-CB	5945	1831	1931	97.03	2.92e-39
C662FACXX150129:2:2308:8021:22929/2	101	101	1	smNRPS-CB	5945	1113	1213	97.03	2.92e-39
C662FACXX150129:5:2112:7941:24453/1	101	1	101	smNRPS-CB	5945	1218	1318	97.03	2.92e-39
C662FACXX150129:4:2205:19485:43311/1	101	1	101	smNRPS-CB	5945	3832	3932	97.03	2.92e-39
C662FACXX150129:4:2205:19485:43311/2	101	101	1	smNRPS-CB	5945	3849	3949	97.03	2.92e-39
C662FACXX150129:6:1209:11019:97392/1	101	1	98	smNRPS-CB	5945	5123	5220	97.959	2.92e-39
C662FACXX150129:5:2202:18614:28915/1	101	1	101	smNRPS-CB	5945	3802	3902	97.03	2.92e-39
C662FACXX150129:5:2101:13312:73878/1	101	101	1	smNRPS-CB	5945	4207	4307	97.03	2.92e-39
C662FACXX150129:7:1211:19213:101293/2	101	1	101	smNRPS-CB	5945	1992	2092	97.03	2.92e-39
C662FACXX150129:4:2312:10101:72932/1	101	1	95	smNRPS-CB	5945	2872	2966	98.947	2.92e-39
C662FACXX150129:6:1214:9788:34378/1	101	95	1	smNRPS-CB	5945	911	1005	98.947	2.92e-39
C662FACXX150129:6:1214:9788:34378/2	101	1	95	smNRPS-CB	5945	911	1005	98.947	2.92e-39
C662FACXX150129:3:2307:3048:47237/1	101	98	1	smNRPS-CB	5945	1296	1393	97.959	2.92e-39
C662FACXX150129:6:1116:15007:36458/1	101	1	101	smNRPS-CB	5945	4517	4617	97.03	2.92e-39
C662FACXX150129:6:1116:15007:36458/2	101	101	1	smNRPS-CB	5945	4575	4675	97.03	2.92e-39
C662FACXX150129:6:2315:8483:52061/1	101	1	101	smNRPS-CB	5945	3063	3163	97.03	2.92e-39
C662FACXX150129:6:2205:10931:8518/1	101	101	1	smNRPS-CB	5945	4202	4302	97.03	2.92e-39
C662FACXX150129:3:2113:9584:5988/1	101	1	101	smNRPS-CB	5945	4565	4665	97.03	2.92e-39
C662FACXX150129:3:2113:9584:5988/2	101	101	1	smNRPS-CB	5945	4582	4682	97.03	2.92e-39
C662FACXX150129:2:2309:12163:89556/2	101	101	1	smNRPS-CB	5945	1978	2078	97.03	2.92e-39
C662FACXX150129:4:2212:19338:50436/2	101	101	1	smNRPS-CB	5945	4987	5087	97.03	2.92e-39
C662FACXX150129:4:1304:2589:84684/1	92	1	92	smNRPS-CB	5945	2308	2399	100	2.92e-39
C662FACXX150129:3:2302:8554:3331/1	101	101	1	smNRPS-CB	5945	3057	3157	97.03	2.92e-39
C662FACXX150129:3:1104:5067:30909/2	99	99	1	smNRPS-CB	5945	1980	2078	97.98	8.12e-40
C662FACXX150129:4:1215:14945:87437/1	94	2	94	smNRPS-CB	5945	2915	3007	100	8.12e-40
C662FACXX150129:2:2115:14254:37103/1	99	1	99	smNRPS-CB	5945	1966	2064	97.98	8.12e-40
C662FACXX150129:7:2201:1568:33015/2	101	101	3	smNRPS-CB	5945	3513	3611	97.98	8.12e-40
C662FACXX150129:4:2308:16109:28556/2	93	1	93	smNRPS-CB	5945	2204	2296	100	8.12e-40
C662FACXX150129:6:2113:10042:83719/1	101	101	3	smNRPS-CB	5945	3513	3611	97.98	8.12e-40
C662FACXX150129:5:2214:5384:35628/2	100	100	1	smNRPS-CB	5945	3105	3204	98	2.26e-40
C662FACXX150129:4:1202:8010:14144/1	100	100	1	smNRPS-CB	5945	4825	4924	98	2.26e-40
C662FACXX150129:4:1113:4299:20759/2	94	1	94	smNRPS-CB	5945	2308	2401	100	2.26e-40
C662FACXX150129:3:1110:19000:55719/2	94	94	1	smNRPS-CB	5945	5270	5363	100	2.26e-40
C662FACXX150129:5:1311:12694:90735/1	100	1	100	smNRPS-CB	5945	1966	2065	98	2.26e-40
C662FACXX150129:5:1311:12694:90735/2	100	100	1	smNRPS-CB	5945	1971	2070	98	2.26e-40
C662FACXX150129:5:2305:2143:52283/2	97	1	97	smNRPS-CB	5945	5094	5190	98.969	2.26e-40
C662FACXX150129:7:2308:6104:92838/2	100	100	1	smNRPS-CB	5945	2046	2145	98	2.26e-40
C662FACXX150129:4:1306:8870:50167/2	101	1	101	smNRPS-CB	5945	2515	2615	98.02	6.28e-41
C662FACXX150129:5:2103:17989:20286/2	98	98	1	smNRPS-CB	5945	2350	2447	98.98	6.28e-41
C662FACXX150129:2:1310:18953:93143/2	101	101	1	smNRPS-CB	5945	364	464	98.02	6.28e-41
C662FACXX150129:3:1107:10343:96270/2	101	101	1	smNRPS-CB	5945	1479	1579	98.02	6.28e-41
C662FACXX150129:2:1110:4210:13415/2	101	1	101	smNRPS-CB	5945	2595	2695	98.02	6.28e-41
C662FACXX150129:4:1113:4299:20759/1	101	101	1	smNRPS-CB	5945	2481	2581	98.02	6.28e-41
C662FACXX150129:7:2104:11201:26142/2	101	101	1	smNRPS-CB	5945	2827	2927	98.02	6.28e-41
C662FACXX150129:7:2301:6021:97946/1	101	101	1	smNRPS-CB	5945	1224	1324	98.02	6.28e-41
C662FACXX150129:5:1304:2887:31079/1	98	1	98	smNRPS-CB	5945	2357	2454	98.98	6.28e-41
C662FACXX150129:2:2312:13658:18954/2	101	1	101	smNRPS-CB	5945	1943	2043	98.02	6.28e-41
C662FACXX150129:4:1307:5678:74914/2	101	101	1	smNRPS-CB	5945	3396	3496	98.02	6.28e-41
C662FACXX150129:6:1110:17606:39026/1	101	1	101	smNRPS-CB	5945	3965	4065	98.02	6.28e-41
C662FACXX150129:6:1110:17606:39026/2	98	98	1	smNRPS-CB	5945	3996	4093	98.98	6.28e-41
C662FACXX150129:5:2202:8853:74355/1	101	1	101	smNRPS-CB	5945	3396	3496	98.02	6.28e-41
C662FACXX150129:2:2212:10316:26750/1	101	101	1	smNRPS-CB	5945	3386	3486	98.02	6.28e-41
C662FACXX150129:3:1104:5067:30909/1	101	1	101	smNRPS-CB	5945	1943	2043	98.02	6.28e-41
C662FACXX150129:3:1103:9304:19654/1	101	101	1	smNRPS-CB	5945	5682	5782	98.02	6.28e-41
C662FACXX150129:3:1103:9304:19654/2	101	1	101	smNRPS-CB	5945	5474	5574	98.02	6.28e-41
C662FACXX150129:3:1114:18555:87471/1	101	101	1	smNRPS-CB	5945	1946	2046	98.02	6.28e-41
C662FACXX150129:3:1114:18555:87471/2	101	1	101	smNRPS-CB	5945	1936	2036	98.02	6.28e-41
C662FACXX150129:5:1113:8393:62877/1	101	98	1	smNRPS-CB	5945	5014	5111	98.98	6.28e-41
C662FACXX150129:5:1113:8393:62877/2	101	1	101	smNRPS-CB	5945	5010	5110	98.02	6.28e-41
C662FACXX150129:4:1215:14945:87437/2	101	101	1	smNRPS-CB	5945	3071	3171	98.02	6.28e-41
C662FACXX150129:2:2213:15629:94894/1	101	1	101	smNRPS-CB	5945	5058	5158	98.02	6.28e-41
C662FACXX150129:7:1201:18047:19526/2	101	1	101	smNRPS-CB	5945	5104	5204	98.02	6.28e-41
C662FACXX150129:7:1202:14643:90187/1	101	1	101	smNRPS-CB	5945	1938	2038	98.02	6.28e-41
C662FACXX150129:6:1204:16607:30079/1	101	1	101	smNRPS-CB	5945	1318	1418	98.02	6.28e-41
C662FACXX150129:6:2206:13063:24025/2	101	1	101	smNRPS-CB	5945	1842	1942	98.02	6.28e-41
C662FACXX150129:6:1204:3476:36012/1	101	1	101	smNRPS-CB	5945	1961	2061	98.02	6.28e-41
C662FACXX150129:7:2308:6104:92838/1	101	1	101	smNRPS-CB	5945	1953	2053	98.02	6.28e-41
C662FACXX150129:6:2106:13268:50092/1	101	1	101	smNRPS-CB	5945	1306	1406	98.02	6.28e-41
C662FACXX150129:3:1313:11760:79635/2	101	101	1	smNRPS-CB	5945	3641	3741	98.02	6.28e-41
C662FACXX150129:3:1113:9274:80477/1	101	1	101	smNRPS-CB	5945	1308	1408	98.02	6.28e-41
C662FACXX150129:2:1203:8026:84262/2	101	101	1	smNRPS-CB	5945	2045	2145	98.02	6.28e-41
C662FACXX150129:3:2110:16502:29560/2	101	101	1	smNRPS-CB	5945	3098	3198	98.02	6.28e-41
C662FACXX150129:2:2115:16642:46852/2	101	1	101	smNRPS-CB	5945	4183	4283	98.02	6.28e-41
C662FACXX150129:3:1216:12017:28354/2	101	1	101	smNRPS-CB	5945	3731	3831	98.02	6.28e-41
C662FACXX150129:4:2315:5755:19642/1	101	1	101	smNRPS-CB	5945	1318	1418	98.02	6.28e-41
C662FACXX150129:6:2315:8483:52061/2	101	101	1	smNRPS-CB	5945	3259	3359	98.02	6.28e-41
C662FACXX150129:4:2308:16109:28556/1	101	101	1	smNRPS-CB	5945	2474	2574	98.02	6.28e-41
C662FACXX150129:2:1306:13842:31745/2	101	1	101	smNRPS-CB	5945	5104	5204	98.02	6.28e-41
C662FACXX150129:4:1301:11242:11013/2	101	101	1	smNRPS-CB	5945	2434	2534	98.02	6.28e-41
C662FACXX150129:7:2211:7520:28702/1	96	1	96	smNRPS-CB	5945	2919	3014	100	1.75e-41
C662FACXX150129:2:2312:13658:18954/1	101	99	1	smNRPS-CB	5945	2090	2188	98.99	1.75e-41
C662FACXX150129:5:2101:13312:73878/2	99	1	99	smNRPS-CB	5945	3999	4097	98.99	1.75e-41
C662FACXX150129:7:1211:7985:14621/1	101	99	1	smNRPS-CB	5945	1493	1591	98.99	1.75e-41
C662FACXX150129:4:1203:20751:91577/1	101	99	1	smNRPS-CB	5945	2528	2626	98.99	1.75e-41
C662FACXX150129:7:2102:11434:44903/1	98	96	1	smNRPS-CB	5945	712	807	100	1.75e-41
C662FACXX150129:5:2110:13784:27578/2	97	97	1	smNRPS-CB	5945	1692	1788	100	4.85e-42
C662FACXX150129:4:2304:10093:60986/2	100	100	1	smNRPS-CB	5945	1019	1118	99	4.85e-42
C662FACXX150129:2:1106:8443:34583/2	101	100	1	smNRPS-CB	5945	5014	5113	99	4.85e-42
C662FACXX150129:7:1201:18047:19526/1	100	100	1	smNRPS-CB	5945	5360	5459	99	4.85e-42
C662FACXX150129:2:2106:6862:3485/1	100	1	100	smNRPS-CB	5945	4783	4882	99	4.85e-42
C662FACXX150129:3:1312:5074:79864/2	101	2	101	smNRPS-CB	5945	2528	2627	99	4.85e-42
C662FACXX150129:6:2210:6789:100258/1	100	1	100	smNRPS-CB	5945	5350	5449	99	4.85e-42
C662FACXX150129:3:2114:2811:74177/2	101	1	100	smNRPS-CB	5945	5842	5941	99	4.85e-42
C662FACXX150129:4:1306:8870:50167/1	101	101	1	smNRPS-CB	5945	2765	2865	99.01	1.35e-42
C662FACXX150129:6:1202:3038:64994/2	101	101	1	smNRPS-CB	5945	905	1005	99.01	1.35e-42
C662FACXX150129:4:2110:19506:95995/2	101	101	1	smNRPS-CB	5945	2347	2447	99.01	1.35e-42
C662FACXX150129:4:2206:20296:54024/2	101	1	101	smNRPS-CB	5945	2990	3090	99.01	1.35e-42
C662FACXX150129:2:1110:4210:13415/1	101	101	1	smNRPS-CB	5945	2774	2874	99.01	1.35e-42
C662FACXX150129:2:1216:3136:76266/2	101	1	101	smNRPS-CB	5945	93	193	99.01	1.35e-42
C662FACXX150129:3:1116:7873:67984/2	101	101	1	smNRPS-CB	5945	550	650	99.01	1.35e-42
C662FACXX150129:7:2104:11201:26142/1	101	1	101	smNRPS-CB	5945	2794	2894	99.01	1.35e-42
C662FACXX150129:2:2213:14286:27438/1	101	1	101	smNRPS-CB	5945	3045	3145	99.01	1.35e-42
C662FACXX150129:2:1203:5515:100424/1	101	101	1	smNRPS-CB	5945	942	1042	99.01	1.35e-42
C662FACXX150129:2:2308:8021:22929/1	98	1	98	smNRPS-CB	5945	729	826	100	1.35e-42
C662FACXX150129:5:1211:18075:2772/1	101	1	101	smNRPS-CB	5945	1866	1966	99.01	1.35e-42
C662FACXX150129:5:1211:18075:2772/2	101	101	1	smNRPS-CB	5945	1915	2015	99.01	1.35e-42
C662FACXX150129:2:1302:4726:88291/1	101	101	1	smNRPS-CB	5945	951	1051	99.01	1.35e-42
C662FACXX150129:2:1302:4726:88291/2	101	1	101	smNRPS-CB	5945	642	742	99.01	1.35e-42
C662FACXX150129:5:2105:4253:35145/1	101	101	1	smNRPS-CB	5945	94	194	99.01	1.35e-42
C662FACXX150129:2:1303:14972:17374/1	101	101	1	smNRPS-CB	5945	5050	5150	99.01	1.35e-42
C662FACXX150129:2:1105:18037:73434/2	101	1	101	smNRPS-CB	5945	4778	4878	99.01	1.35e-42
C662FACXX150129:2:1209:11715:17244/1	101	1	101	smNRPS-CB	5945	4007	4107	99.01	1.35e-42
C662FACXX150129:2:1209:11715:17244/2	101	101	1	smNRPS-CB	5945	4101	4201	99.01	1.35e-42
C662FACXX150129:6:2102:11401:17781/1	101	101	1	smNRPS-CB	5945	4139	4239	99.01	1.35e-42
C662FACXX150129:6:2102:11401:17781/2	101	1	101	smNRPS-CB	5945	3992	4092	99.01	1.35e-42
C662FACXX150129:5:2308:7708:98534/1	101	101	1	smNRPS-CB	5945	4146	4246	99.01	1.35e-42
C662FACXX150129:5:2101:7411:37927/1	101	101	1	smNRPS-CB	5945	669	769	99.01	1.35e-42
C662FACXX150129:6:1305:14932:85790/1	101	101	1	smNRPS-CB	5945	695	795	99.01	1.35e-42
C662FACXX150129:6:1305:14932:85790/2	101	1	101	smNRPS-CB	5945	641	741	99.01	1.35e-42
C662FACXX150129:5:2202:18614:28915/2	101	101	1	smNRPS-CB	5945	3996	4096	99.01	1.35e-42
C662FACXX150129:7:2101:2544:69902/1	101	1	101	smNRPS-CB	5945	71	171	99.01	1.35e-42
C662FACXX150129:7:2101:2544:69902/2	101	101	1	smNRPS-CB	5945	105	205	99.01	1.35e-42
C662FACXX150129:5:1313:18757:67552/2	101	1	101	smNRPS-CB	5945	1549	1649	99.01	1.35e-42
C662FACXX150129:2:2316:3301:92784/1	101	101	1	smNRPS-CB	5945	1856	1956	99.01	1.35e-42
C662FACXX150129:4:2304:10093:60986/1	101	1	101	smNRPS-CB	5945	914	1014	99.01	1.35e-42
C662FACXX150129:6:1106:4338:22471/1	101	1	101	smNRPS-CB	5945	1670	1770	99.01	1.35e-42
C662FACXX150129:7:1211:7985:14621/2	101	1	101	smNRPS-CB	5945	1425	1525	99.01	1.35e-42
C662FACXX150129:2:2213:15629:94894/2	101	101	1	smNRPS-CB	5945	5084	5184	99.01	1.35e-42
C662FACXX150129:3:2109:2981:74222/1	101	1	101	smNRPS-CB	5945	946	1046	99.01	1.35e-42
C662FACXX150129:4:2208:11408:72347/1	101	101	1	smNRPS-CB	5945	980	1080	99.01	1.35e-42
C662FACXX150129:6:2203:9927:26275/1	101	1	101	smNRPS-CB	5945	654	754	99.01	1.35e-42
C662FACXX150129:2:1113:5587:29759/1	101	101	1	smNRPS-CB	5945	907	1007	99.01	1.35e-42
C662FACXX150129:6:2206:13063:24025/1	101	101	1	smNRPS-CB	5945	1856	1956	99.01	1.35e-42
C662FACXX150129:7:2303:10540:67996/1	101	1	101	smNRPS-CB	5945	5058	5158	99.01	1.35e-42
C662FACXX150129:7:2303:10540:67996/2	101	101	1	smNRPS-CB	5945	5084	5184	99.01	1.35e-42
C662FACXX150129:3:2212:8982:57391/1	101	101	1	smNRPS-CB	5945	15	115	99.01	1.35e-42
C662FACXX150129:7:1315:10710:41048/1	101	101	1	smNRPS-CB	5945	2503	2603	99.01	1.35e-42
C662FACXX150129:7:1315:10710:41048/2	101	1	101	smNRPS-CB	5945	2382	2482	99.01	1.35e-42
C662FACXX150129:7:2108:15871:21281/2	101	101	1	smNRPS-CB	5945	905	1005	99.01	1.35e-42
C662FACXX150129:2:2111:16438:7830/1	101	1	101	smNRPS-CB	5945	4748	4848	99.01	1.35e-42
C662FACXX150129:2:2201:3395:8983/1	101	1	101	smNRPS-CB	5945	17	117	99.01	1.35e-42
C662FACXX150129:7:2216:6469:3304/2	101	101	1	smNRPS-CB	5945	94	194	99.01	1.35e-42
C662FACXX150129:3:1312:5074:79864/1	101	101	1	smNRPS-CB	5945	2973	3073	99.01	1.35e-42
C662FACXX150129:6:2205:10931:8518/2	101	1	101	smNRPS-CB	5945	4141	4241	99.01	1.35e-42
C662FACXX150129:2:2202:14320:88336/1	101	101	1	smNRPS-CB	5945	951	1051	99.01	1.35e-42
C662FACXX150129:4:2102:6533:93629/2	101	101	1	smNRPS-CB	5945	684	784	99.01	1.35e-42
C662FACXX150129:2:1306:13842:31745/1	101	101	1	smNRPS-CB	5945	5359	5459	99.01	1.35e-42
C662FACXX150129:7:2114:16276:59727/1	101	1	101	smNRPS-CB	5945	2973	3073	99.01	1.35e-42
C662FACXX150129:2:1101:20533:86212/1	101	101	1	smNRPS-CB	5945	1455	1555	99.01	1.35e-42
C662FACXX150129:4:1110:16858:14857/1	98	1	98	smNRPS-CB	5945	786	883	100	1.35e-42
C662FACXX150129:2:2109:20179:68900/2	101	101	1	smNRPS-CB	5945	940	1040	99.01	1.35e-42
C662FACXX150129:6:2110:17181:5520/2	99	1	99	smNRPS-CB	5945	5827	5925	100	3.75e-43
C662FACXX150129:2:1215:1559:43376/2	99	99	1	smNRPS-CB	5945	2174	2272	100	3.75e-43
C662FACXX150129:2:1303:14972:17374/2	101	3	101	smNRPS-CB	5945	4787	4885	100	3.75e-43
C662FACXX150129:5:2101:7411:37927/2	100	1	99	smNRPS-CB	5945	612	710	100	3.75e-43
C662FACXX150129:3:2109:2981:74222/2	101	101	3	smNRPS-CB	5945	993	1091	100	3.75e-43
C662FACXX150129:2:2111:16438:7830/2	99	99	1	smNRPS-CB	5945	5035	5133	100	3.75e-43
C662FACXX150129:7:1113:12167:32963/1	101	1	99	smNRPS-CB	5945	612	710	100	3.75e-43
C662FACXX150129:4:1304:18856:85209/1	100	1	100	smNRPS-CB	5945	2929	3028	100	1.04e-43
C662FACXX150129:6:1316:13922:92469/1	100	1	100	smNRPS-CB	5945	5303	5402	100	1.04e-43
C662FACXX150129:5:2108:6008:9841/2	100	100	1	smNRPS-CB	5945	864	963	100	1.04e-43
C662FACXX150129:4:1202:19359:87060/2	100	100	1	smNRPS-CB	5945	847	946	100	1.04e-43
C662FACXX150129:3:2110:16502:29560/1	101	2	101	smNRPS-CB	5945	2915	3014	100	1.04e-43
C662FACXX150129:6:1202:3038:64994/1	101	1	101	smNRPS-CB	5945	786	886	100	2.9e-44
C662FACXX150129:4:2307:15016:33573/1	101	1	101	smNRPS-CB	5945	2308	2408	100	2.9e-44
C662FACXX150129:5:1206:14118:64082/1	101	1	101	smNRPS-CB	5945	5814	5914	100	2.9e-44
C662FACXX150129:7:1308:8379:78734/1	101	1	101	smNRPS-CB	5945	727	827	100	2.9e-44
C662FACXX150129:7:1308:8379:78734/2	101	101	1	smNRPS-CB	5945	760	860	100	2.9e-44
C662FACXX150129:4:2110:19506:95995/1	101	1	101	smNRPS-CB	5945	2308	2408	100	2.9e-44
C662FACXX150129:4:2206:20296:54024/1	101	101	1	smNRPS-CB	5945	3190	3290	100	2.9e-44
C662FACXX150129:4:1207:7547:20729/2	101	101	1	smNRPS-CB	5945	5302	5402	100	2.9e-44
C662FACXX150129:2:1215:1559:43376/1	101	1	101	smNRPS-CB	5945	2169	2269	100	2.9e-44
C662FACXX150129:2:2213:14286:27438/2	101	101	1	smNRPS-CB	5945	3166	3266	100	2.9e-44
C662FACXX150129:2:1203:5515:100424/2	101	1	101	smNRPS-CB	5945	607	707	100	2.9e-44
C662FACXX150129:3:1110:19000:55719/1	101	1	101	smNRPS-CB	5945	5036	5136	100	2.9e-44
C662FACXX150129:3:1110:14054:20236/1	101	1	101	smNRPS-CB	5945	2169	2269	100	2.9e-44
C662FACXX150129:3:1110:14054:20236/2	101	101	1	smNRPS-CB	5945	2172	2272	100	2.9e-44
C662FACXX150129:7:1211:19213:101293/1	101	101	1	smNRPS-CB	5945	2212	2312	100	2.9e-44
C662FACXX150129:5:1313:18757:67552/1	101	101	1	smNRPS-CB	5945	1562	1662	100	2.9e-44
C662FACXX150129:5:2305:2143:52283/1	101	101	1	smNRPS-CB	5945	5261	5361	100	2.9e-44
C662FACXX150129:4:2208:11408:72347/2	101	1	101	smNRPS-CB	5945	847	947	100	2.9e-44
C662FACXX150129:6:1204:16607:30079/2	101	101	1	smNRPS-CB	5945	1377	1477	100	2.9e-44
C662FACXX150129:7:1208:3208:100912/2	101	101	1	smNRPS-CB	5945	2204	2304	100	2.9e-44
C662FACXX150129:2:1113:5587:29759/2	101	1	101	smNRPS-CB	5945	871	971	100	2.9e-44
C662FACXX150129:4:1308:1341:90601/1	101	1	101	smNRPS-CB	5945	802	902	100	2.9e-44
C662FACXX150129:4:1308:1341:90601/2	101	101	1	smNRPS-CB	5945	816	916	100	2.9e-44
C662FACXX150129:6:2106:13268:50092/2	101	101	1	smNRPS-CB	5945	1382	1482	100	2.9e-44
C662FACXX150129:7:2108:15871:21281/1	101	1	101	smNRPS-CB	5945	786	886	100	2.9e-44
C662FACXX150129:4:1214:7598:12555/2	101	1	101	smNRPS-CB	5945	133	233	100	2.9e-44
C662FACXX150129:3:2307:3048:47237/2	101	1	101	smNRPS-CB	5945	854	954	100	2.9e-44
C662FACXX150129:4:1202:19359:87060/1	101	1	101	smNRPS-CB	5945	792	892	100	2.9e-44
C662FACXX150129:3:1202:10100:73263/1	101	101	1	smNRPS-CB	5945	2249	2349	100	2.9e-44
C662FACXX150129:4:2315:5755:19642/2	101	101	1	smNRPS-CB	5945	1377	1477	100	2.9e-44
C662FACXX150129:2:2309:12163:89556/1	101	1	101	smNRPS-CB	5945	1891	1991	100	2.9e-44
C662FACXX150129:2:2202:14320:88336/2	101	1	101	smNRPS-CB	5945	727	827	100	2.9e-44
C662FACXX150129:4:2102:6533:93629/1	101	1	101	smNRPS-CB	5945	597	697	100	2.9e-44
C662FACXX150129:3:1204:9496:24176/1	101	1	101	smNRPS-CB	5945	2227	2327	100	2.9e-44
C662FACXX150129:6:1315:11279:60979/1	101	101	1	smNRPS-CB	5945	772	872	100	2.9e-44
C662FACXX150129:2:2205:5828:55688/1	101	1	101	smNRPS-CB	5945	4037	4137	100	2.9e-44
C662FACXX150129:6:1105:10579:34685/1	101	101	1	smNRPS-CB	5945	2209	2309	100	2.9e-44
C662FACXX150129:6:1106:3011:91759/1	101	1	101	smNRPS-CB	5945	5792	5892	100	2.9e-44
C662FACXX150129:7:2214:5727:56836/1	101	101	1	smNRPS-CB	5945	2190	2290	100	2.9e-44
C662FACXX150129:7:2203:20428:13853/1	101	1	101	smNRPS-CB	5945	1570	1670	100	2.9e-44
