C662FACXX150129:3:2212:19946:67569/1	72	72	1	smNRPS-CC	5875	40	111	100	5.44e-28
C662FACXX150129:3:2301:14984:64655/1	95	95	1	smNRPS-CC	5875	1182	1276	97.895	1.93e-37
C662FACXX150129:7:2101:6248:5380/1	101	101	1	smNRPS-CC	5875	1171	1271	97.03	4.15e-39
C662FACXX150129:7:2302:10322:34060/1	101	101	1	smNRPS-CC	5875	4680	4780	97.03	4.15e-39
C662FACXX150129:5:2209:8491:94566/2	97	97	1	smNRPS-CC	5875	2098	2194	98.969	3.21e-40
C662FACXX150129:6:1306:13995:47027/2	97	1	97	smNRPS-CC	5875	4575	4671	98.969	3.21e-40
C662FACXX150129:4:1211:20056:29206/1	97	97	1	smNRPS-CC	5875	15	111	98.969	3.21e-40
C662FACXX150129:6:1102:10467:76325/2	101	101	1	smNRPS-CC	5875	4664	4764	98.02	8.92e-41
C662FACXX150129:4:2309:11399:48890/1	98	98	1	smNRPS-CC	5875	627	725	98.99	8.92e-41
C662FACXX150129:6:1306:13995:47027/1	101	101	1	smNRPS-CC	5875	4680	4780	98.02	8.92e-41
C662FACXX150129:3:1201:10615:99006/1	101	101	1	smNRPS-CC	5875	3671	3771	98.02	8.92e-41
C662FACXX150129:6:2301:1693:37442/1	101	101	1	smNRPS-CC	5875	3671	3771	98.02	8.92e-41
C662FACXX150129:4:2309:11399:48890/2	100	1	100	smNRPS-CC	5875	615	715	99.01	6.89e-42
C662FACXX150129:5:2106:11938:9423/1	101	101	1	smNRPS-CC	5875	1171	1271	99.01	1.92e-42
C662FACXX150129:5:2106:11938:9423/2	101	1	101	smNRPS-CC	5875	1134	1234	99.01	1.92e-42
C662FACXX150129:2:1308:13601:3741/2	101	1	101	smNRPS-CC	5875	453	553	99.01	1.92e-42
C662FACXX150129:7:2112:3716:40178/1	101	101	1	smNRPS-CC	5875	2630	2730	99.01	1.92e-42
C662FACXX150129:7:2112:3716:40178/2	101	1	101	smNRPS-CC	5875	2560	2660	99.01	1.92e-42
C662FACXX150129:7:2302:10322:34060/2	101	1	101	smNRPS-CC	5875	4575	4675	99.01	1.92e-42
C662FACXX150129:2:2105:7722:14400/2	101	1	101	smNRPS-CC	5875	204	304	99.01	1.92e-42
C662FACXX150129:6:1102:10467:76325/1	101	1	101	smNRPS-CC	5875	4404	4504	100	4.12e-44
C662FACXX150129:4:1304:10692:90914/1	67	67	1	smNRPS-CB	5945	160	226	98.507	1.54e-23
C662FACXX150129:6:2216:19607:60868/1	69	69	1	smNRPS-CB	5945	727	795	98.551	1.19e-24
C662FACXX150129:2:2204:12399:84546/1	92	25	90	smNRPS-CB	5945	1	66	100	1.19e-24
C662FACXX150129:2:2212:9542:77935/1	70	70	1	smNRPS-CB	5945	2281	2350	100	7.12e-27
C662FACXX150129:2:1313:15773:7093/1	73	73	1	smNRPS-CB	5945	3941	4013	98.63	7.12e-27
C662FACXX150129:2:2306:10321:57196/2	70	1	70	smNRPS-CB	5945	725	794	100	7.12e-27
C662FACXX150129:3:1210:20022:42675/2	72	72	1	smNRPS-CB	5945	625	696	100	5.51e-28
C662FACXX150129:3:1206:20863:39770/1	75	75	1	smNRPS-CB	5945	1512	1586	98.667	5.51e-28
C662FACXX150129:2:1305:16324:28760/2	77	3	77	smNRPS-CB	5945	1432	1506	98.667	5.51e-28
C662FACXX150129:3:2306:7689:20178/2	76	76	1	smNRPS-CB	5945	4186	4261	98.684	1.53e-28
C662FACXX150129:3:1208:8534:73997/1	83	83	1	smNRPS-CB	5945	4215	4297	96.386	4.26e-29
C662FACXX150129:5:2108:5930:16141/1	87	85	1	smNRPS-CB	5945	3556	3640	96.471	3.29e-30
C662FACXX150129:7:2101:6248:5380/2	87	87	1	smNRPS-CB	5945	4899	4985	96.552	2.54e-31
C662FACXX150129:5:2106:14105:57462/2	82	82	1	smNRPS-CB	5945	3002	3083	98.78	7.07e-32
C662FACXX150129:2:1207:14134:19535/1	101	1	92	smNRPS-CB	5945	3727	3818	96.739	4.23e-34
C662FACXX150129:5:2206:6654:37436/1	88	1	88	smNRPS-CB	5945	228	315	98.864	3.27e-35
C662FACXX150129:4:2111:3683:62699/2	101	1	101	smNRPS-CB	5945	4836	4936	95.05	9.09e-36
C662FACXX150129:5:1201:4468:88806/2	101	1	101	smNRPS-CB	5945	4836	4936	95.05	9.09e-36
C662FACXX150129:6:2214:13009:36272/2	101	1	101	smNRPS-CB	5945	4924	5024	95.05	9.09e-36
C662FACXX150129:7:2212:1766:79373/1	101	1	92	smNRPS-CB	5945	887	978	97.826	9.09e-36
C662FACXX150129:4:2305:4956:39431/1	91	2	91	smNRPS-CB	5945	4171	4260	98.889	2.53e-36
C662FACXX150129:6:2309:18014:10062/1	101	97	1	smNRPS-CB	5945	4935	5031	96.907	7.02e-37
C662FACXX150129:6:2309:18014:10062/2	100	1	100	smNRPS-CB	5945	4860	4959	96	7.02e-37
C662FACXX150129:6:1303:13504:59061/1	91	91	1	smNRPS-CB	5945	2676	2766	98.901	7.02e-37
C662FACXX150129:6:2211:6378:7090/1	88	1	88	smNRPS-CB	5945	2202	2289	100	7.02e-37
C662FACXX150129:2:2212:9542:77935/2	100	1	98	smNRPS-CB	5945	1997	2094	96.939	1.95e-37
C662FACXX150129:5:1110:16849:47421/1	101	1	101	smNRPS-CB	5945	3679	3779	96.04	1.95e-37
C662FACXX150129:6:1315:18033:99779/2	101	3	101	smNRPS-CB	5945	1432	1530	96.97	5.43e-38
C662FACXX150129:4:1304:10692:90914/2	94	1	94	smNRPS-CB	5945	69	162	98.936	1.51e-38
C662FACXX150129:6:1312:15353:71081/2	97	97	1	smNRPS-CB	5945	364	460	97.938	1.51e-38
C662FACXX150129:7:2202:7951:83136/2	101	1	101	smNRPS-CB	5945	4975	5075	97.03	4.2e-39
C662FACXX150129:4:1111:4692:73583/2	101	101	1	smNRPS-CB	5945	3266	3366	97.03	4.2e-39
C662FACXX150129:6:2214:13009:36272/1	101	101	1	smNRPS-CB	5945	4952	5052	97.03	4.2e-39
C662FACXX150129:5:2115:11848:74655/1	101	101	1	smNRPS-CB	5945	4974	5074	97.03	4.2e-39
C662FACXX150129:2:2102:17952:35560/1	101	1	101	smNRPS-CB	5945	4550	4650	97.03	4.2e-39
C662FACXX150129:2:2102:17952:35560/2	101	101	1	smNRPS-CB	5945	4977	5077	97.03	4.2e-39
C662FACXX150129:2:1206:15789:99044/2	101	98	1	smNRPS-CB	5945	1847	1944	97.959	4.2e-39
C662FACXX150129:6:1315:18033:99779/1	101	101	1	smNRPS-CB	5945	1455	1555	97.03	4.2e-39
C662FACXX150129:2:2114:6312:82383/2	100	100	3	smNRPS-CB	5945	3514	3611	97.959	4.2e-39
C662FACXX150129:7:2307:12171:97152/1	98	97	3	smNRPS-CB	5945	2666	2760	98.947	4.2e-39
C662FACXX150129:5:2209:13327:6210/1	101	1	101	smNRPS-CB	5945	3693	3793	97.03	4.2e-39
C662FACXX150129:2:2306:10726:65675/1	101	3	101	smNRPS-CB	5945	524	622	97.98	1.17e-39
C662FACXX150129:6:2216:19219:5397/2	93	1	93	smNRPS-CB	5945	2269	2361	100	1.17e-39
C662FACXX150129:5:1201:4468:88806/1	99	97	1	smNRPS-CB	5945	5196	5292	98.969	3.24e-40
C662FACXX150129:5:2115:11848:74655/2	101	1	100	smNRPS-CB	5945	4832	4931	98	3.24e-40
C662FACXX150129:5:1205:12314:58005/2	97	97	1	smNRPS-CB	5945	2373	2469	98.969	3.24e-40
C662FACXX150129:6:2216:19219:5397/1	100	100	1	smNRPS-CB	5945	2441	2540	98	3.24e-40
C662FACXX150129:4:1308:13603:74814/1	100	100	1	smNRPS-CB	5945	3933	4032	98	3.24e-40
C662FACXX150129:3:2107:3366:28068/2	97	1	97	smNRPS-CB	5945	5699	5795	98.969	3.24e-40
C662FACXX150129:4:2111:3683:62699/1	101	101	1	smNRPS-CB	5945	5192	5292	98.02	9.02e-41
C662FACXX150129:3:1210:20022:42675/1	101	1	101	smNRPS-CB	5945	228	328	98.02	9.02e-41
C662FACXX150129:6:2209:14879:17619/2	101	101	1	smNRPS-CB	5945	4527	4627	98.02	9.02e-41
C662FACXX150129:2:1216:6347:27344/2	99	1	98	smNRPS-CB	5945	425	522	98.98	9.02e-41
C662FACXX150129:4:2203:20365:92161/1	101	1	101	smNRPS-CB	5945	2053	2153	98.02	9.02e-41
C662FACXX150129:2:2305:9574:99115/1	101	101	1	smNRPS-CB	5945	2580	2680	98.02	9.02e-41
C662FACXX150129:2:1213:14642:52094/2	101	101	1	smNRPS-CB	5945	364	464	98.02	9.02e-41
C662FACXX150129:4:1307:7419:20776/1	101	101	1	smNRPS-CB	5945	2770	2870	98.02	9.02e-41
C662FACXX150129:2:2114:6312:82383/1	101	1	101	smNRPS-CB	5945	3263	3363	98.02	9.02e-41
C662FACXX150129:3:2306:7689:20178/1	101	1	101	smNRPS-CB	5945	3642	3742	98.02	9.02e-41
C662FACXX150129:3:2109:10201:88980/2	101	101	1	smNRPS-CB	5945	5349	5449	98.02	9.02e-41
C662FACXX150129:5:1206:11160:21295/1	101	1	101	smNRPS-CB	5945	3083	3183	98.02	9.02e-41
C662FACXX150129:7:2307:12171:97152/2	101	1	101	smNRPS-CB	5945	2569	2669	98.02	9.02e-41
C662FACXX150129:6:1116:2060:31768/1	101	101	1	smNRPS-CB	5945	2621	2721	98.02	9.02e-41
C662FACXX150129:5:1310:19342:13677/1	95	1	95	smNRPS-CB	5945	2111	2205	100	9.02e-41
C662FACXX150129:5:1113:5247:51681/1	101	101	1	smNRPS-CB	5945	1831	1931	98.02	9.02e-41
C662FACXX150129:7:2114:4360:12983/1	101	1	101	smNRPS-CB	5945	454	554	98.02	9.02e-41
C662FACXX150129:4:1206:17195:33407/1	101	1	101	smNRPS-CB	5945	3326	3426	98.02	9.02e-41
C662FACXX150129:5:2206:10929:29581/1	101	1	101	smNRPS-CB	5945	4785	4885	98.02	9.02e-41
C662FACXX150129:5:2304:14847:31566/1	98	98	1	smNRPS-CB	5945	2665	2762	98.98	9.02e-41
C662FACXX150129:2:2305:9574:99115/2	96	1	96	smNRPS-CB	5945	2240	2335	100	2.51e-41
C662FACXX150129:4:2104:3430:3069/2	99	99	1	smNRPS-CB	5945	641	739	98.99	2.51e-41
C662FACXX150129:7:2202:7951:83136/1	97	97	1	smNRPS-CB	5945	5035	5131	100	6.97e-42
C662FACXX150129:4:1307:10561:62725/2	100	1	100	smNRPS-CB	5945	5082	5181	99	6.97e-42
C662FACXX150129:7:1307:15218:50108/1	101	101	2	smNRPS-CB	5945	3048	3147	99	6.97e-42
C662FACXX150129:5:2106:14105:57462/1	101	1	101	smNRPS-CB	5945	2713	2813	99.01	1.94e-42
C662FACXX150129:5:1107:5537:18427/1	101	1	101	smNRPS-CB	5945	551	651	99.01	1.94e-42
C662FACXX150129:5:1107:5537:18427/2	101	101	1	smNRPS-CB	5945	694	794	99.01	1.94e-42
C662FACXX150129:4:1111:4692:73583/1	101	1	101	smNRPS-CB	5945	3046	3146	99.01	1.94e-42
C662FACXX150129:4:1307:10561:62725/1	101	101	1	smNRPS-CB	5945	5196	5296	99.01	1.94e-42
C662FACXX150129:6:1310:6547:54207/1	101	101	1	smNRPS-CB	5945	695	795	99.01	1.94e-42
C662FACXX150129:6:1310:6547:54207/2	101	1	101	smNRPS-CB	5945	686	786	99.01	1.94e-42
C662FACXX150129:7:1307:15218:50108/2	101	1	101	smNRPS-CB	5945	3022	3122	99.01	1.94e-42
C662FACXX150129:4:2115:11914:78258/1	101	1	101	smNRPS-CB	5945	639	739	99.01	1.94e-42
C662FACXX150129:2:1308:13601:3741/1	101	1	101	smNRPS-CB	5945	5350	5450	99.01	1.94e-42
C662FACXX150129:2:2306:10726:65675/2	101	101	1	smNRPS-CB	5945	628	728	99.01	1.94e-42
C662FACXX150129:5:1309:11681:69002/2	101	101	1	smNRPS-CB	5945	302	402	99.01	1.94e-42
C662FACXX150129:2:1213:14642:52094/1	101	1	101	smNRPS-CB	5945	312	412	99.01	1.94e-42
C662FACXX150129:4:1307:7419:20776/2	101	1	101	smNRPS-CB	5945	2631	2731	99.01	1.94e-42
C662FACXX150129:2:2308:17772:58369/1	101	101	1	smNRPS-CB	5945	126	226	99.01	1.94e-42
C662FACXX150129:4:2104:3430:3069/1	101	1	101	smNRPS-CB	5945	629	729	99.01	1.94e-42
C662FACXX150129:2:2310:11401:58715/2	101	1	101	smNRPS-CB	5945	69	169	99.01	1.94e-42
C662FACXX150129:6:1312:15353:71081/1	101	1	101	smNRPS-CB	5945	312	412	99.01	1.94e-42
C662FACXX150129:4:1308:13603:74814/2	101	1	101	smNRPS-CB	5945	3764	3864	99.01	1.94e-42
C662FACXX150129:5:1313:8372:33469/1	101	1	99	smNRPS-CB	5945	1390	1488	100	5.39e-43
C662FACXX150129:5:1313:8372:33469/2	101	101	1	smNRPS-CB	5945	1387	1487	100	4.17e-44
C662FACXX150129:4:2115:11914:78258/2	101	101	1	smNRPS-CB	5945	780	880	100	4.17e-44
C662FACXX150129:5:1309:11681:69002/1	101	1	101	smNRPS-CB	5945	137	237	100	4.17e-44
C662FACXX150129:2:1216:6347:27344/1	101	101	1	smNRPS-CB	5945	780	880	100	4.17e-44
C662FACXX150129:4:2203:20365:92161/2	101	101	1	smNRPS-CB	5945	2103	2203	100	4.17e-44
C662FACXX150129:3:1111:12902:19822/1	101	1	101	smNRPS-CB	5945	786	886	100	4.17e-44
C662FACXX150129:3:1111:12902:19822/2	101	101	1	smNRPS-CB	5945	856	956	100	4.17e-44
C662FACXX150129:3:2109:10201:88980/1	101	1	101	smNRPS-CB	5945	5245	5345	100	4.17e-44
C662FACXX150129:2:2310:11401:58715/1	101	101	1	smNRPS-CB	5945	126	226	100	4.17e-44
C662FACXX150129:5:1205:12314:58005/1	101	1	101	smNRPS-CB	5945	2111	2211	100	4.17e-44
C662FACXX150129:5:1206:11160:21295/2	101	101	1	smNRPS-CB	5945	3171	3271	100	4.17e-44
