C662FACXX150129:4:2202:18177:82407/1	56	56	1	smNRPS-CB	5945	3280	3335	98.214	2.1e-18
C662FACXX150129:4:2103:18736:49777/2	82	1	82	smNRPS-CB	5945	2055	2136	97.561	3.44e-31
C662FACXX150129:3:2214:10473:28550/2	92	92	1	smNRPS-CB	5945	2726	2817	97.826	9.49e-37
C662FACXX150129:2:2209:19640:22356/1	99	99	1	smNRPS-CB	5945	1630	1728	95.96	2.64e-37
C662FACXX150129:3:1111:7489:81600/2	100	1	100	smNRPS-CB	5945	2444	2543	98	3.39e-41
C662FACXX150129:6:2311:9112:90671/1	101	101	1	smNRPS-CB	5945	4163	4263	98.02	9.42e-42
C662FACXX150129:6:1101:4359:48121/1	101	101	1	smNRPS-CB	5945	4163	4263	98.02	9.42e-42
C662FACXX150129:4:2303:3747:91160/2	101	101	1	smNRPS-CB	5945	3601	3701	98.02	9.42e-42
C662FACXX150129:6:2311:9112:90671/2	101	1	101	smNRPS-CB	5945	4115	4215	99.01	2.02e-43
C662FACXX150129:6:1101:4359:48121/2	101	1	101	smNRPS-CB	5945	4115	4215	99.01	2.02e-43
C662FACXX150129:4:2202:18177:82407/2	101	1	101	smNRPS-CB	5945	2872	2972	99.01	2.02e-43
C662FACXX150129:3:2214:10473:28550/1	101	1	101	smNRPS-CB	5945	2301	2401	100	4.35e-45
