C90P4ANXX160330:6:1312:5633:65412/1	74	74	1	smNRPS-CC	5875	4864	4937	100	3.4e-29
C90P4ANXX160330:2:2212:17103:56106/1	57	57	1	smNRPS-CB	5945	2472	2528	100	9.69e-20
C90P4ANXX160330:2:1203:5626:66277/1	72	72	1	smNRPS-CB	5945	5430	5501	100	4.45e-28
C90P4ANXX160330:3:2215:19416:78599/2	95	1	95	smNRPS-CB	5945	2099	2193	97.895	1.58e-37
C90P4ANXX160330:6:2107:15983:86339/1	89	89	1	smNRPS-CB	5945	5412	5500	100	1.58e-37
C90P4ANXX160330:1:2205:18369:5313/1	94	1	91	smNRPS-CB	5945	1353	1443	98.901	1.58e-37
C90P4ANXX160330:1:2205:18369:5313/2	95	95	1	smNRPS-CB	5945	1349	1443	100	7.28e-41
C90P4ANXX160330:4:1102:13761:57246/2	97	1	97	smNRPS-CB	5945	3625	3721	100	5.63e-42
C90P4ANXX160330:6:2107:15983:86339/2	100	1	100	smNRPS-CB	5945	5349	5448	99	5.63e-42
C90P4ANXX160330:6:1110:20007:8889/1	98	98	1	smNRPS-CB	5945	997	1094	100	1.57e-42
C90P4ANXX160330:4:1102:13761:57246/1	99	99	1	smNRPS-CB	5945	3633	3731	100	4.35e-43
C90P4ANXX160330:4:2212:19866:73287/1	99	1	99	smNRPS-CB	5945	2699	2797	100	4.35e-43
C90P4ANXX160330:6:1212:4923:82624/1	99	99	1	smNRPS-CB	5945	3940	4038	100	4.35e-43
C90P4ANXX160330:2:1103:8729:38089/1	99	99	1	smNRPS-CB	5945	5403	5501	100	4.35e-43
C90P4ANXX160330:5:2110:11010:87508/1	99	99	1	smNRPS-CB	5945	5319	5417	100	4.35e-43
C90P4ANXX160330:5:1110:7346:54780/1	100	1	100	smNRPS-CB	5945	3051	3150	100	1.21e-43
C90P4ANXX160330:3:2215:19416:78599/1	100	100	1	smNRPS-CB	5945	2104	2203	100	1.21e-43
C90P4ANXX160330:6:1104:14394:66572/1	100	100	1	smNRPS-CB	5945	994	1093	100	1.21e-43
C90P4ANXX160330:5:1110:7346:54780/2	101	101	1	smNRPS-CB	5945	3071	3171	100	3.37e-44
C90P4ANXX160330:4:2212:19866:73287/2	101	101	1	smNRPS-CB	5945	2787	2887	100	3.37e-44
C90P4ANXX160330:6:1212:4923:82624/2	101	1	101	smNRPS-CB	5945	3915	4015	100	3.37e-44
C90P4ANXX160330:2:1103:8729:38089/2	101	1	101	smNRPS-CB	5945	5348	5448	100	3.37e-44
C90P4ANXX160330:3:1105:13935:30375/1	101	101	1	smNRPS-CB	5945	2276	2376	100	3.37e-44
C90P4ANXX160330:3:1105:13935:30375/2	101	1	101	smNRPS-CB	5945	2241	2341	100	3.37e-44
