C8G6HANXX160303:8:2307:16665:5986/2	101	1	55	smNRPS-CC	5875	5821	5875	100	1.69e-18
C8G6HANXX160303:5:2113:7216:85658/2	70	1	70	smNRPS-CC	5875	408	477	98.571	3.6e-25
C8G6HANXX160303:4:1104:15825:72535/1	100	1	80	smNRPS-CC	5875	5796	5875	98.75	9.94e-31
C8G6HANXX160303:7:2102:8127:45658/1	101	1	81	smNRPS-CC	5875	5795	5875	98.765	2.76e-31
C8G6HANXX160303:4:1102:3089:63522/1	100	100	1	smNRPS-CC	5875	613	712	99	7.58e-42
C8G6HANXX160303:8:2103:9617:2714/1	101	48	101	smNRPS-CB	5945	1	54	100	6.14e-18
C8G6HANXX160303:5:2110:21147:66495/1	61	61	1	smNRPS-CB	5945	4835	4895	98.361	3.67e-20
C8G6HANXX160303:6:1111:16178:20827/1	59	1	59	smNRPS-CB	5945	637	695	100	1.02e-20
C8G6HANXX160303:8:2309:14042:25581/2	66	1	66	smNRPS-CB	5945	5143	5208	98.485	6.1e-23
C8G6HANXX160303:8:1312:16727:54975/2	72	72	1	smNRPS-CB	5945	4697	4768	98.611	2.82e-26
C8G6HANXX160303:7:2110:18129:27340/2	69	69	1	smNRPS-CB	5945	1636	1704	100	2.82e-26
C8G6HANXX160303:6:2216:4890:16365/2	69	69	1	smNRPS-CB	5945	3434	3502	100	2.82e-26
C8G6HANXX160303:4:1315:1408:59906/2	70	1	70	smNRPS-CB	5945	4653	4722	100	7.83e-27
C8G6HANXX160303:8:2208:8652:3073/2	70	70	1	smNRPS-CB	5945	3907	3976	100	7.83e-27
C8G6HANXX160303:7:2103:19222:72426/2	71	1	70	smNRPS-CB	5945	5823	5892	100	7.83e-27
C8G6HANXX160303:6:2303:14441:7189/1	71	71	1	smNRPS-CB	5945	3257	3327	100	2.18e-27
C8G6HANXX160303:8:2102:16111:43424/2	72	1	72	smNRPS-CB	5945	4981	5052	100	6.0500000000000004e-28
C8G6HANXX160303:4:2112:10246:53821/2	72	1	72	smNRPS-CB	5945	1967	2038	100	6.0500000000000004e-28
C8G6HANXX160303:5:2301:20750:59613/2	73	73	1	smNRPS-CB	5945	2421	2493	100	1.68e-28
C8G6HANXX160303:3:2310:2409:19929/2	73	1	73	smNRPS-CB	5945	4951	5023	100	1.68e-28
C8G6HANXX160303:5:2113:7216:85658/1	74	1	74	smNRPS-CB	5945	5439	5512	100	4.68e-29
C8G6HANXX160303:5:2305:1698:25455/1	74	74	1	smNRPS-CB	5945	1683	1756	100	4.68e-29
C8G6HANXX160303:3:2307:17050:66843/2	101	1	75	smNRPS-CB	5945	5871	5945	100	1.3e-29
C8G6HANXX160303:3:2205:13150:56758/2	81	1	81	smNRPS-CB	5945	1961	2042	98.78	2.8e-31
C8G6HANXX160303:8:1302:17055:58411/2	78	78	1	smNRPS-CB	5945	2396	2473	100	2.8e-31
C8G6HANXX160303:5:2302:18363:64791/1	101	23	101	smNRPS-CB	5945	1	79	100	7.78e-32
C8G6HANXX160303:4:2109:10951:56572/1	101	23	101	smNRPS-CB	5945	1	79	100	7.78e-32
C8G6HANXX160303:7:1207:4842:47679/1	82	82	1	smNRPS-CB	5945	3653	3734	98.78	7.78e-32
C8G6HANXX160303:5:1216:1706:94646/2	83	83	1	smNRPS-CB	5945	4092	4174	98.795	2.16e-32
C8G6HANXX160303:6:1216:19153:66774/2	101	22	101	smNRPS-CB	5945	1	80	100	2.16e-32
C8G6HANXX160303:5:2110:21147:66495/2	81	1	81	smNRPS-CB	5945	4803	4883	100	6.01e-33
C8G6HANXX160303:5:1205:15927:80716/2	101	101	10	smNRPS-CB	5945	1734	1823	96.739	1.67e-33
C8G6HANXX160303:4:2103:9556:52860/2	86	86	1	smNRPS-CB	5945	450	535	98.837	4.65e-34
C8G6HANXX160303:5:2114:17483:100594/1	83	1	83	smNRPS-CB	5945	3942	4024	100	4.65e-34
C8G6HANXX160303:7:1201:3311:32369/2	101	91	1	smNRPS-CB	5945	2054	2143	97.802	1.29e-34
C8G6HANXX160303:4:1315:1408:59906/1	85	85	1	smNRPS-CB	5945	4971	5055	100	3.59e-35
C8G6HANXX160303:4:2301:1322:83838/1	85	1	85	smNRPS-CB	5945	1305	1389	100	3.59e-35
C8G6HANXX160303:8:1110:11625:83455/1	86	1	86	smNRPS-CB	5945	1831	1916	100	9.99e-36
C8G6HANXX160303:3:1306:3082:85582/1	92	92	1	smNRPS-CB	5945	247	338	97.826	9.99e-36
C8G6HANXX160303:6:1110:15540:80990/1	99	94	1	smNRPS-CB	5945	4131	4224	97.872	7.72e-37
C8G6HANXX160303:6:2301:13614:26607/1	94	94	1	smNRPS-CB	5945	1372	1465	97.872	7.72e-37
C8G6HANXX160303:8:2213:12321:10958/2	95	95	1	smNRPS-CB	5945	1106	1200	97.895	2.15e-37
C8G6HANXX160303:6:1215:17370:72661/1	100	1	96	smNRPS-CB	5945	3205	3298	97.917	2.15e-37
C8G6HANXX160303:3:1112:20942:25883/2	89	1	89	smNRPS-CB	5945	3805	3893	100	2.15e-37
C8G6HANXX160303:5:1315:3220:54599/1	100	96	1	smNRPS-CB	5945	4875	4970	97.917	5.97e-38
C8G6HANXX160303:6:1103:21008:42383/1	90	1	90	smNRPS-CB	5945	1283	1372	100	5.97e-38
C8G6HANXX160303:8:2113:7625:88507/2	101	1	93	smNRPS-CB	5945	4803	4895	98.925	5.97e-38
C8G6HANXX160303:6:1110:15540:80990/2	101	1	97	smNRPS-CB	5945	4131	4227	97.938	1.66e-38
C8G6HANXX160303:4:1315:4788:5128/2	101	1	91	smNRPS-CB	5945	3096	3186	100	1.66e-38
C8G6HANXX160303:7:2204:20773:87619/2	101	1	101	smNRPS-CB	5945	1721	1819	97.03	1.66e-38
C8G6HANXX160303:3:2304:14065:97765/1	101	11	101	smNRPS-CB	5945	1	91	100	1.66e-38
C8G6HANXX160303:6:1216:19153:66774/1	101	91	1	smNRPS-CB	5945	1	91	100	1.66e-38
C8G6HANXX160303:5:2207:2232:17864/2	91	1	91	smNRPS-CB	5945	2554	2644	100	1.66e-38
C8G6HANXX160303:6:1213:9831:13902/1	97	97	1	smNRPS-CB	5945	4875	4971	97.938	1.66e-38
C8G6HANXX160303:6:1215:7651:53135/2	96	1	91	smNRPS-CB	5945	3294	3384	100	1.66e-38
C8G6HANXX160303:8:1208:20654:67122/2	98	1	98	smNRPS-CB	5945	4064	4161	97.959	4.61e-39
C8G6HANXX160303:3:1101:18859:12989/1	98	1	98	smNRPS-CB	5945	241	338	97.959	4.61e-39
C8G6HANXX160303:7:2206:20422:78330/2	100	9	100	smNRPS-CB	5945	1826	1917	100	4.61e-39
C8G6HANXX160303:8:2216:8675:5976/1	95	1	95	smNRPS-CB	5945	2813	2907	98.947	4.61e-39
C8G6HANXX160303:5:1116:4313:46642/2	98	98	1	smNRPS-CB	5945	1191	1288	97.959	4.61e-39
C8G6HANXX160303:6:2106:5598:62679/2	101	101	1	smNRPS-CB	5945	5191	5291	97.03	4.61e-39
C8G6HANXX160303:6:1215:1819:35578/1	98	1	98	smNRPS-CB	5945	1372	1469	97.959	4.61e-39
C8G6HANXX160303:5:1106:5208:96321/1	98	1	98	smNRPS-CB	5945	4090	4187	97.959	4.61e-39
C8G6HANXX160303:6:1207:7111:56575/1	99	1	99	smNRPS-CB	5945	1384	1482	97.98	1.28e-39
C8G6HANXX160303:3:2208:6013:94850/2	93	1	93	smNRPS-CB	5945	2170	2262	100	1.28e-39
C8G6HANXX160303:7:2209:16818:50973/1	101	99	1	smNRPS-CB	5945	219	317	97.98	1.28e-39
C8G6HANXX160303:7:2209:16818:50973/2	101	1	99	smNRPS-CB	5945	219	317	97.98	1.28e-39
C8G6HANXX160303:4:1305:4332:69446/2	101	93	1	smNRPS-CB	5945	4752	4844	100	1.28e-39
C8G6HANXX160303:4:1304:18097:55174/1	93	1	93	smNRPS-CB	5945	3471	3563	100	1.28e-39
C8G6HANXX160303:8:2102:16111:43424/1	97	97	1	smNRPS-CB	5945	5313	5409	98.969	3.57e-40
C8G6HANXX160303:6:2107:11662:91429/1	100	1	100	smNRPS-CB	5945	5184	5283	98	3.57e-40
C8G6HANXX160303:7:2312:6360:9451/1	97	97	1	smNRPS-CB	5945	5248	5344	98.969	3.57e-40
C8G6HANXX160303:4:2109:10951:56572/2	101	97	1	smNRPS-CB	5945	1	97	98.969	3.57e-40
C8G6HANXX160303:5:2203:8041:77036/1	100	1	100	smNRPS-CB	5945	1334	1433	98	3.57e-40
C8G6HANXX160303:4:1305:4332:69446/1	100	1	94	smNRPS-CB	5945	4753	4846	100	3.57e-40
C8G6HANXX160303:3:2102:1619:33702/1	100	100	1	smNRPS-CB	5945	1385	1484	98	3.57e-40
C8G6HANXX160303:8:2109:7806:8438/1	101	1	101	smNRPS-CB	5945	1161	1261	98.02	9.92e-41
C8G6HANXX160303:8:2109:7806:8438/2	101	101	1	smNRPS-CB	5945	1206	1306	98.02	9.92e-41
C8G6HANXX160303:4:1201:13394:68340/2	98	98	1	smNRPS-CB	5945	5065	5162	98.98	9.92e-41
C8G6HANXX160303:5:2301:20750:59613/1	95	1	95	smNRPS-CB	5945	2302	2396	100	9.92e-41
C8G6HANXX160303:8:2305:4050:50322/2	101	1	101	smNRPS-CB	5945	4795	4895	98.02	9.92e-41
C8G6HANXX160303:7:1304:6751:19773/1	98	98	1	smNRPS-CB	5945	5504	5601	98.98	9.92e-41
C8G6HANXX160303:3:2304:14065:97765/2	101	101	1	smNRPS-CB	5945	220	320	98.02	9.92e-41
C8G6HANXX160303:7:2312:6360:9451/2	101	1	101	smNRPS-CB	5945	5193	5293	98.02	9.92e-41
C8G6HANXX160303:8:1315:20135:92316/2	101	101	1	smNRPS-CB	5945	4824	4924	98.02	9.92e-41
C8G6HANXX160303:4:2316:10866:37730/1	101	101	1	smNRPS-CB	5945	1221	1321	98.02	9.92e-41
C8G6HANXX160303:4:2103:9556:52860/1	98	1	98	smNRPS-CB	5945	339	436	98.98	9.92e-41
C8G6HANXX160303:3:1209:5187:46009/2	101	101	1	smNRPS-CB	5945	1331	1431	98.02	9.92e-41
C8G6HANXX160303:3:2105:11146:89955/2	101	98	1	smNRPS-CB	5945	5196	5293	98.98	9.92e-41
C8G6HANXX160303:5:2309:18387:24014/1	101	101	1	smNRPS-CB	5945	239	339	98.02	9.92e-41
C8G6HANXX160303:8:1313:18969:15895/2	101	1	101	smNRPS-CB	5945	1173	1273	98.02	9.92e-41
C8G6HANXX160303:6:1103:21008:42383/2	99	99	2	smNRPS-CB	5945	1309	1406	98.98	9.92e-41
C8G6HANXX160303:7:2206:20422:78330/1	98	98	1	smNRPS-CB	5945	1869	1966	98.98	9.92e-41
C8G6HANXX160303:8:1313:5630:91945/1	100	95	1	smNRPS-CB	5945	3289	3383	100	9.92e-41
C8G6HANXX160303:4:2103:16764:64222/1	101	1	101	smNRPS-CB	5945	243	343	98.02	9.92e-41
C8G6HANXX160303:6:1111:16618:46581/2	101	1	101	smNRPS-CB	5945	4119	4219	98.02	9.92e-41
C8G6HANXX160303:5:1115:6758:56081/2	101	1	101	smNRPS-CB	5945	5183	5283	98.02	9.92e-41
C8G6HANXX160303:3:2213:10883:9539/2	101	101	1	smNRPS-CB	5945	1387	1487	98.02	9.92e-41
C8G6HANXX160303:3:1214:6247:91166/1	98	98	1	smNRPS-CB	5945	3637	3734	98.98	9.92e-41
C8G6HANXX160303:7:2309:7595:87265/2	101	101	1	smNRPS-CB	5945	3521	3621	98.02	9.92e-41
C8G6HANXX160303:5:1106:13860:47504/1	95	95	1	smNRPS-CB	5945	2228	2322	100	9.92e-41
C8G6HANXX160303:4:2214:2184:51653/1	98	1	98	smNRPS-CB	5945	5484	5581	98.98	9.92e-41
C8G6HANXX160303:3:2215:13426:31401/1	95	95	1	smNRPS-CB	5945	54	148	100	9.92e-41
C8G6HANXX160303:7:1111:4360:80895/1	95	1	95	smNRPS-CB	5945	1589	1683	100	9.92e-41
C8G6HANXX160303:5:1113:19214:49441/2	101	1	101	smNRPS-CB	5945	5104	5204	98.02	9.92e-41
C8G6HANXX160303:5:1305:5682:22853/1	99	99	1	smNRPS-CB	5945	5362	5460	98.99	2.76e-41
C8G6HANXX160303:4:1301:16472:15196/1	99	1	99	smNRPS-CB	5945	1484	1582	98.99	2.76e-41
C8G6HANXX160303:5:2307:17314:99944/1	99	1	99	smNRPS-CB	5945	5439	5537	98.99	2.76e-41
C8G6HANXX160303:5:2204:7548:18753/2	99	99	1	smNRPS-CB	5945	317	415	98.99	2.76e-41
C8G6HANXX160303:5:2203:17423:4926/1	99	1	99	smNRPS-CB	5945	4784	4883	99	2.76e-41
C8G6HANXX160303:8:1209:8242:19276/1	99	99	1	smNRPS-CB	5945	5012	5110	98.99	2.76e-41
C8G6HANXX160303:3:1301:6580:26978/1	99	99	1	smNRPS-CB	5945	5124	5222	98.99	2.76e-41
C8G6HANXX160303:8:1313:5630:91945/2	101	1	96	smNRPS-CB	5945	3289	3384	100	2.76e-41
C8G6HANXX160303:6:1215:7651:53135/1	96	96	1	smNRPS-CB	5945	3289	3384	100	2.76e-41
C8G6HANXX160303:8:2216:8675:5976/2	99	99	1	smNRPS-CB	5945	2829	2927	98.99	2.76e-41
C8G6HANXX160303:3:2301:2387:87578/1	100	100	2	smNRPS-CB	5945	1308	1406	98.99	2.76e-41
C8G6HANXX160303:5:1304:19067:7376/1	99	99	1	smNRPS-CB	5945	4331	4429	98.99	2.76e-41
C8G6HANXX160303:5:1304:19067:7376/2	99	1	99	smNRPS-CB	5945	4064	4162	98.99	2.76e-41
C8G6HANXX160303:3:2215:8761:6686/2	99	99	1	smNRPS-CB	5945	4460	4558	98.99	2.76e-41
C8G6HANXX160303:6:1212:14341:14722/1	96	1	96	smNRPS-CB	5945	4034	4129	100	2.76e-41
C8G6HANXX160303:6:2107:11662:91429/2	100	100	1	smNRPS-CB	5945	5343	5442	99	7.67e-42
C8G6HANXX160303:3:1214:16566:44809/1	100	1	100	smNRPS-CB	5945	4796	4895	99	7.67e-42
C8G6HANXX160303:3:2309:15345:87685/1	101	1	97	smNRPS-CB	5945	46	142	100	7.67e-42
C8G6HANXX160303:3:2309:15345:87685/2	101	97	1	smNRPS-CB	5945	46	142	100	7.67e-42
C8G6HANXX160303:4:2109:15093:14032/1	99	3	99	smNRPS-CB	5945	4887	4983	100	7.67e-42
C8G6HANXX160303:4:1301:16472:15196/2	97	97	1	smNRPS-CB	5945	1610	1706	100	7.67e-42
C8G6HANXX160303:8:1303:2113:71737/1	99	3	99	smNRPS-CB	5945	4887	4983	100	7.67e-42
C8G6HANXX160303:4:2211:15982:70693/2	97	97	1	smNRPS-CB	5945	4000	4096	100	7.67e-42
C8G6HANXX160303:7:1214:20754:38781/1	97	97	1	smNRPS-CB	5945	2998	3094	100	7.67e-42
C8G6HANXX160303:5:2302:18363:64791/2	101	97	1	smNRPS-CB	5945	1	97	100	7.67e-42
C8G6HANXX160303:3:1110:7664:74241/1	100	1	100	smNRPS-CB	5945	1864	1963	99	7.67e-42
C8G6HANXX160303:3:2106:21182:62194/1	100	100	1	smNRPS-CB	5945	2761	2860	99	7.67e-42
C8G6HANXX160303:5:2307:17314:99944/2	101	100	1	smNRPS-CB	5945	5439	5538	99	7.67e-42
C8G6HANXX160303:5:2111:16724:6319/1	101	1	97	smNRPS-CB	5945	2135	2231	100	7.67e-42
C8G6HANXX160303:5:2111:16724:6319/2	101	97	1	smNRPS-CB	5945	2135	2231	100	7.67e-42
C8G6HANXX160303:5:2311:13311:40169/1	100	1	100	smNRPS-CB	5945	1482	1581	99	7.67e-42
C8G6HANXX160303:7:1204:3790:39156/1	100	100	1	smNRPS-CB	5945	362	461	99	7.67e-42
C8G6HANXX160303:6:2111:11995:90125/1	100	1	100	smNRPS-CB	5945	1490	1589	99	7.67e-42
C8G6HANXX160303:3:1115:20600:2408/1	101	1	97	smNRPS-CB	5945	2135	2231	100	7.67e-42
C8G6HANXX160303:3:1115:20600:2408/2	101	97	1	smNRPS-CB	5945	2135	2231	100	7.67e-42
C8G6HANXX160303:7:1207:21227:70900/1	100	1	100	smNRPS-CB	5945	1458	1557	99	7.67e-42
C8G6HANXX160303:5:2203:17423:4926/2	97	97	1	smNRPS-CB	5945	4920	5016	100	7.67e-42
C8G6HANXX160303:5:2101:8877:47273/1	100	1	100	smNRPS-CB	5945	4459	4558	99	7.67e-42
C8G6HANXX160303:5:2314:14320:20424/2	97	97	1	smNRPS-CB	5945	1081	1177	100	7.67e-42
C8G6HANXX160303:4:2101:2566:32983/1	100	1	100	smNRPS-CB	5945	1947	2046	99	7.67e-42
C8G6HANXX160303:4:2309:1344:15675/1	97	97	1	smNRPS-CB	5945	5780	5876	100	7.67e-42
C8G6HANXX160303:6:2205:15899:85523/1	97	1	97	smNRPS-CB	5945	1565	1661	100	7.67e-42
C8G6HANXX160303:5:2202:15660:72612/2	100	1	100	smNRPS-CB	5945	1924	2023	99	7.67e-42
C8G6HANXX160303:8:1115:9821:34039/2	100	1	100	smNRPS-CB	5945	2785	2884	99	7.67e-42
C8G6HANXX160303:6:1111:16618:46581/1	100	100	1	smNRPS-CB	5945	4428	4527	99	7.67e-42
C8G6HANXX160303:8:2201:6492:99117/1	100	1	100	smNRPS-CB	5945	340	439	99	7.67e-42
C8G6HANXX160303:4:2214:16304:14335/1	100	1	100	smNRPS-CB	5945	2643	2742	99	7.67e-42
C8G6HANXX160303:5:1115:6758:56081/1	100	100	1	smNRPS-CB	5945	5489	5588	99	7.67e-42
C8G6HANXX160303:3:2311:4387:63498/1	100	100	1	smNRPS-CB	5945	2761	2860	99	7.67e-42
C8G6HANXX160303:7:1314:12622:64429/1	97	1	97	smNRPS-CB	5945	882	978	100	7.67e-42
C8G6HANXX160303:3:2215:8761:6686/1	100	1	100	smNRPS-CB	5945	4449	4548	99	7.67e-42
C8G6HANXX160303:3:2301:17211:31360/1	100	100	1	smNRPS-CB	5945	3343	3442	99	7.67e-42
C8G6HANXX160303:7:2214:7791:48943/1	100	1	100	smNRPS-CB	5945	1864	1963	99	7.67e-42
C8G6HANXX160303:6:1212:18570:96129/2	101	1	101	smNRPS-CB	5945	321	421	99.01	2.13e-42
C8G6HANXX160303:6:2311:3889:76574/1	101	1	101	smNRPS-CB	5945	1891	1991	99.01	2.13e-42
C8G6HANXX160303:3:1214:16566:44809/2	101	101	1	smNRPS-CB	5945	4879	4979	99.01	2.13e-42
C8G6HANXX160303:8:1208:7786:8745/1	101	1	101	smNRPS-CB	5945	331	431	99.01	2.13e-42
C8G6HANXX160303:6:2313:18658:33052/1	101	1	101	smNRPS-CB	5945	4448	4548	99.01	2.13e-42
C8G6HANXX160303:6:2313:18658:33052/2	101	101	1	smNRPS-CB	5945	4458	4558	99.01	2.13e-42
C8G6HANXX160303:5:1305:5682:22853/2	101	1	101	smNRPS-CB	5945	5353	5453	99.01	2.13e-42
C8G6HANXX160303:7:1304:6751:19773/2	101	1	101	smNRPS-CB	5945	5481	5581	99.01	2.13e-42
C8G6HANXX160303:6:2301:13614:26607/2	98	1	98	smNRPS-CB	5945	1043	1140	100	2.13e-42
C8G6HANXX160303:6:2315:9435:16111/2	101	101	1	smNRPS-CB	5945	3635	3735	99.01	2.13e-42
C8G6HANXX160303:4:1116:9095:28857/1	98	1	98	smNRPS-CB	5945	2374	2471	100	2.13e-42
C8G6HANXX160303:6:1106:7681:27829/2	101	101	1	smNRPS-CB	5945	3671	3771	99.01	2.13e-42
C8G6HANXX160303:5:1216:1706:94646/1	101	1	101	smNRPS-CB	5945	4047	4147	99.01	2.13e-42
C8G6HANXX160303:7:1214:20754:38781/2	98	1	98	smNRPS-CB	5945	2931	3028	100	2.13e-42
C8G6HANXX160303:8:2313:19409:50781/1	98	98	1	smNRPS-CB	5945	943	1040	100	2.13e-42
C8G6HANXX160303:4:2308:9169:45640/2	101	1	101	smNRPS-CB	5945	2822	2922	99.01	2.13e-42
C8G6HANXX160303:4:2304:9031:12683/2	101	1	101	smNRPS-CB	5945	359	459	99.01	2.13e-42
C8G6HANXX160303:8:2312:9357:3775/1	101	1	101	smNRPS-CB	5945	2558	2658	99.01	2.13e-42
C8G6HANXX160303:8:2312:9357:3775/2	101	101	1	smNRPS-CB	5945	2662	2762	99.01	2.13e-42
C8G6HANXX160303:3:1101:4622:98914/2	98	1	98	smNRPS-CB	5945	5608	5705	100	2.13e-42
C8G6HANXX160303:6:1207:7111:56575/2	101	101	1	smNRPS-CB	5945	1487	1587	99.01	2.13e-42
C8G6HANXX160303:5:2202:15817:54758/1	98	98	1	smNRPS-CB	5945	2725	2822	100	2.13e-42
C8G6HANXX160303:5:2202:15817:54758/2	101	1	101	smNRPS-CB	5945	2351	2452	99.02	2.13e-42
C8G6HANXX160303:7:1206:17526:32857/1	101	1	101	smNRPS-CB	5945	5099	5199	99.01	2.13e-42
C8G6HANXX160303:8:2103:14373:87337/1	101	101	1	smNRPS-CB	5945	2800	2900	99.01	2.13e-42
C8G6HANXX160303:8:2103:14373:87337/2	101	1	101	smNRPS-CB	5945	2782	2882	99.01	2.13e-42
C8G6HANXX160303:5:2204:7548:18753/1	101	1	101	smNRPS-CB	5945	283	383	99.01	2.13e-42
C8G6HANXX160303:4:1212:18788:26273/1	98	98	1	smNRPS-CB	5945	543	640	100	2.13e-42
C8G6HANXX160303:4:2315:9190:12721/1	101	1	101	smNRPS-CB	5945	1921	2021	99.01	2.13e-42
C8G6HANXX160303:4:2112:10246:53821/1	98	98	1	smNRPS-CB	5945	2004	2101	100	2.13e-42
C8G6HANXX160303:7:2112:14504:15725/2	101	101	1	smNRPS-CB	5945	4824	4924	99.01	2.13e-42
C8G6HANXX160303:3:2110:17492:11083/1	98	98	1	smNRPS-CB	5945	4583	4680	100	2.13e-42
C8G6HANXX160303:6:2214:14897:57003/2	101	1	101	smNRPS-CB	5945	1488	1588	99.01	2.13e-42
C8G6HANXX160303:8:2316:11649:63216/1	101	101	1	smNRPS-CB	5945	2757	2857	99.01	2.13e-42
C8G6HANXX160303:8:2316:11649:63216/2	101	1	101	smNRPS-CB	5945	2740	2840	99.01	2.13e-42
C8G6HANXX160303:6:2115:18122:28921/2	101	101	1	smNRPS-CB	5945	4879	4979	99.01	2.13e-42
C8G6HANXX160303:5:1209:18775:49806/1	98	1	98	smNRPS-CB	5945	922	1019	100	2.13e-42
C8G6HANXX160303:7:1207:21227:70900/2	101	101	1	smNRPS-CB	5945	1464	1564	99.01	2.13e-42
C8G6HANXX160303:5:2203:8041:77036/2	101	101	1	smNRPS-CB	5945	1437	1537	99.01	2.13e-42
C8G6HANXX160303:5:2101:8877:47273/2	101	101	1	smNRPS-CB	5945	4458	4558	99.01	2.13e-42
C8G6HANXX160303:8:1209:8242:19276/2	101	1	101	smNRPS-CB	5945	4921	5021	99.01	2.13e-42
C8G6HANXX160303:4:2101:3217:79089/1	101	1	101	smNRPS-CB	5945	860	960	99.01	2.13e-42
C8G6HANXX160303:8:2308:6259:86194/2	101	101	1	smNRPS-CB	5945	2704	2804	99.01	2.13e-42
C8G6HANXX160303:4:1115:19261:83602/1	101	101	1	smNRPS-CB	5945	3639	3739	99.01	2.13e-42
C8G6HANXX160303:4:1115:19261:83602/2	101	1	101	smNRPS-CB	5945	3632	3732	99.01	2.13e-42
C8G6HANXX160303:3:1101:18859:12989/2	101	101	1	smNRPS-CB	5945	297	397	99.01	2.13e-42
C8G6HANXX160303:7:1203:11438:2914/2	101	101	1	smNRPS-CB	5945	3627	3727	99.01	2.13e-42
C8G6HANXX160303:4:2309:5317:31434/1	98	1	98	smNRPS-CB	5945	4027	4124	100	2.13e-42
C8G6HANXX160303:7:2210:9937:66785/1	98	1	98	smNRPS-CB	5945	4656	4753	100	2.13e-42
C8G6HANXX160303:3:2208:6013:94850/1	98	98	1	smNRPS-CB	5945	2188	2285	100	2.13e-42
C8G6HANXX160303:3:1216:9705:81386/1	98	98	1	smNRPS-CB	5945	4355	4452	100	2.13e-42
C8G6HANXX160303:6:2103:7121:68480/1	98	1	98	smNRPS-CB	5945	1555	1652	100	2.13e-42
C8G6HANXX160303:4:2103:16764:64222/2	101	101	1	smNRPS-CB	5945	334	434	99.01	2.13e-42
C8G6HANXX160303:8:2201:11008:62736/1	98	98	1	smNRPS-CB	5945	3332	3429	100	2.13e-42
C8G6HANXX160303:4:2214:16304:14335/2	101	101	1	smNRPS-CB	5945	2662	2762	99.01	2.13e-42
C8G6HANXX160303:4:2109:10983:40894/1	101	1	101	smNRPS-CB	5945	314	414	99.01	2.13e-42
C8G6HANXX160303:4:2109:10983:40894/2	101	101	1	smNRPS-CB	5945	364	464	99.01	2.13e-42
C8G6HANXX160303:4:1102:3089:63522/2	101	101	1	smNRPS-CB	5945	5338	5438	99.01	2.13e-42
C8G6HANXX160303:7:2216:17389:51788/2	101	1	101	smNRPS-CB	5945	5453	5553	99.01	2.13e-42
C8G6HANXX160303:5:2203:8615:2232/1	101	1	101	smNRPS-CB	5945	1469	1569	99.01	2.13e-42
C8G6HANXX160303:5:2203:8615:2232/2	101	101	1	smNRPS-CB	5945	1487	1587	99.01	2.13e-42
C8G6HANXX160303:7:2205:6438:10453/2	98	1	98	smNRPS-CB	5945	3283	3380	100	2.13e-42
C8G6HANXX160303:7:2312:1745:12963/1	101	101	1	smNRPS-CB	5945	3693	3793	99.01	2.13e-42
C8G6HANXX160303:8:1203:20618:75406/2	101	101	1	smNRPS-CB	5945	2280	2380	99.01	2.13e-42
C8G6HANXX160303:8:2208:8652:3073/1	98	1	98	smNRPS-CB	5945	3604	3701	100	2.13e-42
C8G6HANXX160303:5:1103:15588:23562/1	101	101	1	smNRPS-CB	5945	2761	2861	99.01	2.13e-42
C8G6HANXX160303:7:2309:7595:87265/1	100	1	98	smNRPS-CB	5945	3457	3554	100	2.13e-42
C8G6HANXX160303:5:1106:13860:47504/2	101	1	101	smNRPS-CB	5945	2169	2269	99.01	2.13e-42
C8G6HANXX160303:6:2107:17002:21465/2	101	1	101	smNRPS-CB	5945	2754	2854	99.01	2.13e-42
C8G6HANXX160303:5:1209:18341:85851/2	101	101	1	smNRPS-CB	5945	1944	2044	99.01	2.13e-42
C8G6HANXX160303:3:1215:15292:5034/1	99	99	1	smNRPS-CB	5945	3436	3534	100	5.93e-43
C8G6HANXX160303:3:1215:15292:5034/2	99	1	99	smNRPS-CB	5945	3392	3490	100	5.93e-43
C8G6HANXX160303:5:2101:1759:95060/1	99	1	99	smNRPS-CB	5945	2338	2436	100	5.93e-43
C8G6HANXX160303:4:2312:12222:7615/1	100	1	99	smNRPS-CB	5945	1967	2065	100	5.93e-43
C8G6HANXX160303:5:2316:2092:32146/1	99	1	99	smNRPS-CB	5945	1851	1949	100	5.93e-43
C8G6HANXX160303:5:2316:2092:32146/2	99	99	1	smNRPS-CB	5945	1853	1951	100	5.93e-43
C8G6HANXX160303:8:1115:17456:54662/1	99	99	1	smNRPS-CB	5945	3415	3513	100	5.93e-43
C8G6HANXX160303:8:1315:20135:92316/1	99	1	99	smNRPS-CB	5945	4718	4816	100	5.93e-43
C8G6HANXX160303:8:2103:9344:90035/1	101	99	1	smNRPS-CB	5945	5285	5383	100	5.93e-43
C8G6HANXX160303:8:2103:9344:90035/2	101	1	99	smNRPS-CB	5945	5285	5383	100	5.93e-43
C8G6HANXX160303:4:1213:18592:36092/1	99	99	1	smNRPS-CB	5945	4336	4434	100	5.93e-43
C8G6HANXX160303:6:2111:11995:90125/2	99	99	1	smNRPS-CB	5945	1566	1664	100	5.93e-43
C8G6HANXX160303:6:2214:14897:57003/1	99	99	1	smNRPS-CB	5945	1665	1763	100	5.93e-43
C8G6HANXX160303:7:2214:4712:96578/2	99	1	99	smNRPS-CB	5945	2697	2795	100	5.93e-43
C8G6HANXX160303:5:2216:6384:80133/1	99	99	1	smNRPS-CB	5945	4967	5065	100	5.93e-43
C8G6HANXX160303:8:1312:16727:54975/1	99	1	99	smNRPS-CB	5945	4661	4759	100	5.93e-43
C8G6HANXX160303:8:2309:19309:87419/1	99	1	99	smNRPS-CB	5945	2023	2121	100	5.93e-43
C8G6HANXX160303:8:2309:19309:87419/2	99	99	1	smNRPS-CB	5945	2154	2252	100	5.93e-43
C8G6HANXX160303:7:1203:11438:2914/1	99	1	99	smNRPS-CB	5945	3505	3603	100	5.93e-43
C8G6HANXX160303:7:2303:8687:9615/1	101	1	99	smNRPS-CB	5945	5847	5945	100	5.93e-43
C8G6HANXX160303:6:2303:16589:53697/1	99	99	1	smNRPS-CB	5945	629	727	100	5.93e-43
C8G6HANXX160303:7:2210:10909:25988/1	99	99	1	smNRPS-CB	5945	722	820	100	5.93e-43
C8G6HANXX160303:8:2216:7626:88724/2	99	99	1	smNRPS-CB	5945	3175	3273	100	5.93e-43
C8G6HANXX160303:7:2201:17162:7208/1	99	99	1	smNRPS-CB	5945	736	834	100	5.93e-43
C8G6HANXX160303:5:2213:19036:98901/1	99	1	99	smNRPS-CB	5945	3362	3460	100	5.93e-43
C8G6HANXX160303:6:1102:3486:37513/1	99	99	1	smNRPS-CB	5945	148	246	100	5.93e-43
C8G6HANXX160303:8:1108:3770:61533/2	99	1	99	smNRPS-CB	5945	3445	3543	100	5.93e-43
C8G6HANXX160303:8:2305:8192:89412/1	100	1	100	smNRPS-CB	5945	4888	4987	100	1.65e-43
C8G6HANXX160303:6:1106:14832:80638/2	100	100	1	smNRPS-CB	5945	3081	3180	100	1.65e-43
C8G6HANXX160303:4:1201:13394:68340/1	100	1	100	smNRPS-CB	5945	4710	4809	100	1.65e-43
C8G6HANXX160303:4:2103:8300:35948/1	100	1	100	smNRPS-CB	5945	135	234	100	1.65e-43
C8G6HANXX160303:3:2306:6963:30140/1	100	1	100	smNRPS-CB	5945	1979	2078	100	1.65e-43
C8G6HANXX160303:4:2312:12222:7615/2	101	100	1	smNRPS-CB	5945	1966	2065	100	1.65e-43
C8G6HANXX160303:3:1214:7558:87224/1	100	100	1	smNRPS-CB	5945	1098	1197	100	1.65e-43
C8G6HANXX160303:7:1304:19426:36065/1	100	100	1	smNRPS-CB	5945	3075	3174	100	1.65e-43
C8G6HANXX160303:4:2103:20801:66192/1	100	1	100	smNRPS-CB	5945	2929	3028	100	1.65e-43
C8G6HANXX160303:7:2209:2355:1947/1	100	100	1	smNRPS-CB	5945	5284	5383	100	1.65e-43
C8G6HANXX160303:7:2211:10049:22163/2	101	100	1	smNRPS-CB	5945	1493	1592	100	1.65e-43
C8G6HANXX160303:7:1201:18979:33637/1	100	1	100	smNRPS-CB	5945	2374	2473	100	1.65e-43
C8G6HANXX160303:7:1105:14467:26248/1	100	100	1	smNRPS-CB	5945	878	977	100	1.65e-43
C8G6HANXX160303:4:2313:2604:76439/1	100	100	1	smNRPS-CB	5945	2284	2383	100	1.65e-43
C8G6HANXX160303:4:2311:17559:12592/1	100	1	100	smNRPS-CB	5945	4254	4353	100	1.65e-43
C8G6HANXX160303:8:2213:12321:10958/1	100	1	100	smNRPS-CB	5945	1007	1106	100	1.65e-43
C8G6HANXX160303:4:1210:14372:11547/2	100	100	1	smNRPS-CB	5945	3202	3301	100	1.65e-43
C8G6HANXX160303:6:1202:20410:94202/1	100	1	100	smNRPS-CB	5945	3468	3567	100	1.65e-43
C8G6HANXX160303:3:1101:4622:98914/1	100	100	1	smNRPS-CB	5945	5700	5799	100	1.65e-43
C8G6HANXX160303:3:1209:5187:46009/1	100	1	100	smNRPS-CB	5945	1291	1390	100	1.65e-43
C8G6HANXX160303:3:2106:21182:62194/2	100	1	100	smNRPS-CB	5945	2713	2812	100	1.65e-43
C8G6HANXX160303:5:2213:10407:37769/1	100	100	1	smNRPS-CB	5945	2384	2483	100	1.65e-43
C8G6HANXX160303:4:2311:7819:64901/2	100	1	100	smNRPS-CB	5945	772	871	100	1.65e-43
C8G6HANXX160303:3:2105:11146:89955/1	100	1	100	smNRPS-CB	5945	5049	5148	100	1.65e-43
C8G6HANXX160303:6:1316:4504:75491/2	100	1	100	smNRPS-CB	5945	1967	2066	100	1.65e-43
C8G6HANXX160303:5:2207:2232:17864/1	100	100	1	smNRPS-CB	5945	2582	2681	100	1.65e-43
C8G6HANXX160303:4:1216:6074:92699/1	100	1	100	smNRPS-CB	5945	2441	2540	100	1.65e-43
C8G6HANXX160303:4:1216:6074:92699/2	100	100	1	smNRPS-CB	5945	2475	2574	100	1.65e-43
C8G6HANXX160303:7:1204:3790:39156/2	100	1	100	smNRPS-CB	5945	93	192	100	1.65e-43
C8G6HANXX160303:7:2112:14504:15725/1	100	1	100	smNRPS-CB	5945	4719	4818	100	1.65e-43
C8G6HANXX160303:8:2310:6860:66093/1	100	1	100	smNRPS-CB	5945	4710	4809	100	1.65e-43
C8G6HANXX160303:5:2305:12360:71295/1	100	1	100	smNRPS-CB	5945	2302	2401	100	1.65e-43
C8G6HANXX160303:8:1305:8348:44378/1	100	1	100	smNRPS-CB	5945	3777	3876	100	1.65e-43
C8G6HANXX160303:3:1103:12972:26269/1	100	100	1	smNRPS-CB	5945	2837	2936	100	1.65e-43
C8G6HANXX160303:3:1109:10800:33076/1	100	1	100	smNRPS-CB	5945	3863	3962	100	1.65e-43
C8G6HANXX160303:6:1316:18457:80422/1	100	1	100	smNRPS-CB	5945	4654	4753	100	1.65e-43
C8G6HANXX160303:5:2216:6384:80133/2	100	1	100	smNRPS-CB	5945	4946	5045	100	1.65e-43
C8G6HANXX160303:4:2101:3217:79089/2	100	100	1	smNRPS-CB	5945	911	1010	100	1.65e-43
C8G6HANXX160303:8:1313:18969:15895/1	100	100	1	smNRPS-CB	5945	1583	1682	100	1.65e-43
C8G6HANXX160303:3:2211:14318:99371/1	100	100	1	smNRPS-CB	5945	2358	2457	100	1.65e-43
C8G6HANXX160303:3:1301:6580:26978/2	100	1	100	smNRPS-CB	5945	4965	5064	100	1.65e-43
C8G6HANXX160303:7:1105:10123:4364/1	100	100	1	smNRPS-CB	5945	4212	4311	100	1.65e-43
C8G6HANXX160303:7:1105:10123:4364/2	100	1	100	smNRPS-CB	5945	4188	4287	100	1.65e-43
C8G6HANXX160303:5:2202:15660:72612/1	100	100	1	smNRPS-CB	5945	2238	2337	100	1.65e-43
C8G6HANXX160303:6:1206:6965:11080/1	100	1	100	smNRPS-CB	5945	4710	4809	100	1.65e-43
C8G6HANXX160303:6:1206:6965:11080/2	101	101	2	smNRPS-CB	5945	4786	4885	100	1.65e-43
C8G6HANXX160303:8:1115:9821:34039/1	100	100	1	smNRPS-CB	5945	2857	2956	100	1.65e-43
C8G6HANXX160303:8:2201:11008:62736/2	100	1	100	smNRPS-CB	5945	3058	3157	100	1.65e-43
C8G6HANXX160303:7:1107:7383:85051/1	100	1	100	smNRPS-CB	5945	634	733	100	1.65e-43
C8G6HANXX160303:5:2211:5317:91969/1	100	100	1	smNRPS-CB	5945	3591	3690	100	1.65e-43
C8G6HANXX160303:4:2207:6017:25372/1	100	100	1	smNRPS-CB	5945	4582	4681	100	1.65e-43
C8G6HANXX160303:4:2207:6017:25372/2	100	1	100	smNRPS-CB	5945	4548	4647	100	1.65e-43
C8G6HANXX160303:4:2211:3433:16449/1	100	100	1	smNRPS-CB	5945	4617	4716	100	1.65e-43
C8G6HANXX160303:3:2213:10883:9539/1	100	1	100	smNRPS-CB	5945	1109	1208	100	1.65e-43
C8G6HANXX160303:5:1205:15927:80716/1	100	1	100	smNRPS-CB	5945	1585	1684	100	1.65e-43
C8G6HANXX160303:6:2106:5598:62679/1	100	1	100	smNRPS-CB	5945	5049	5148	100	1.65e-43
C8G6HANXX160303:3:1214:6247:91166/2	100	1	100	smNRPS-CB	5945	3326	3425	100	1.65e-43
C8G6HANXX160303:7:1305:2017:15233/1	100	100	1	smNRPS-CB	5945	4635	4734	100	1.65e-43
C8G6HANXX160303:3:2302:6116:32732/1	100	100	1	smNRPS-CB	5945	1691	1790	100	1.65e-43
C8G6HANXX160303:4:1106:2319:13977/1	100	1	100	smNRPS-CB	5945	2923	3022	100	1.65e-43
C8G6HANXX160303:6:1212:18570:96129/1	101	101	1	smNRPS-CB	5945	693	793	100	4.58e-44
C8G6HANXX160303:8:2310:15780:42458/1	101	101	1	smNRPS-CB	5945	2981	3081	100	4.58e-44
C8G6HANXX160303:8:2310:15780:42458/2	101	1	101	smNRPS-CB	5945	2919	3019	100	4.58e-44
C8G6HANXX160303:8:2305:8192:89412/2	101	101	1	smNRPS-CB	5945	5007	5107	100	4.58e-44
C8G6HANXX160303:6:2210:11056:68528/1	101	101	1	smNRPS-CB	5945	3568	3668	100	4.58e-44
C8G6HANXX160303:6:2210:11056:68528/2	101	1	101	smNRPS-CB	5945	3488	3588	100	4.58e-44
C8G6HANXX160303:4:2203:18474:82030/1	101	1	101	smNRPS-CB	5945	562	662	100	4.58e-44
C8G6HANXX160303:4:2203:18474:82030/2	101	101	1	smNRPS-CB	5945	695	795	100	4.58e-44
C8G6HANXX160303:6:1106:14832:80638/1	101	1	101	smNRPS-CB	5945	2442	2542	100	4.58e-44
C8G6HANXX160303:6:2108:13807:34254/1	101	101	1	smNRPS-CB	5945	2682	2782	100	4.58e-44
C8G6HANXX160303:6:2108:13807:34254/2	101	1	101	smNRPS-CB	5945	2563	2663	100	4.58e-44
C8G6HANXX160303:4:2316:9788:30213/1	101	101	1	smNRPS-CB	5945	3935	4035	100	4.58e-44
C8G6HANXX160303:4:2316:9788:30213/2	101	1	101	smNRPS-CB	5945	3812	3912	100	4.58e-44
C8G6HANXX160303:6:2311:3889:76574/2	101	101	1	smNRPS-CB	5945	2004	2104	100	4.58e-44
C8G6HANXX160303:3:1201:2408:89889/1	101	101	1	smNRPS-CB	5945	3099	3199	100	4.58e-44
C8G6HANXX160303:3:1201:2408:89889/2	101	1	101	smNRPS-CB	5945	2966	3066	100	4.58e-44
C8G6HANXX160303:8:1106:11574:32536/1	101	1	101	smNRPS-CB	5945	3469	3569	100	4.58e-44
C8G6HANXX160303:8:1106:11574:32536/2	101	101	1	smNRPS-CB	5945	3509	3609	100	4.58e-44
C8G6HANXX160303:4:2103:8300:35948/2	101	101	1	smNRPS-CB	5945	276	376	100	4.58e-44
C8G6HANXX160303:6:1312:9563:93734/1	101	101	1	smNRPS-CB	5945	1632	1732	100	4.58e-44
C8G6HANXX160303:6:1312:9563:93734/2	101	1	101	smNRPS-CB	5945	1578	1678	100	4.58e-44
C8G6HANXX160303:8:1208:7786:8745/2	101	101	1	smNRPS-CB	5945	395	495	100	4.58e-44
C8G6HANXX160303:3:2306:6963:30140/2	101	101	1	smNRPS-CB	5945	2005	2105	100	4.58e-44
C8G6HANXX160303:6:1303:5929:55267/1	101	101	1	smNRPS-CB	5945	2869	2969	100	4.58e-44
C8G6HANXX160303:6:1303:5929:55267/2	101	1	101	smNRPS-CB	5945	2859	2959	100	4.58e-44
C8G6HANXX160303:8:2305:4050:50322/1	101	101	1	smNRPS-CB	5945	5001	5101	100	4.58e-44
C8G6HANXX160303:5:2212:19861:2955/1	101	101	1	smNRPS-CB	5945	4629	4729	100	4.58e-44
C8G6HANXX160303:5:2212:19861:2955/2	101	1	101	smNRPS-CB	5945	4609	4709	100	4.58e-44
C8G6HANXX160303:6:1106:16198:2144/1	101	101	1	smNRPS-CB	5945	3568	3668	100	4.58e-44
C8G6HANXX160303:6:1106:16198:2144/2	101	1	101	smNRPS-CB	5945	3529	3629	100	4.58e-44
C8G6HANXX160303:5:1301:6039:79688/1	101	1	101	smNRPS-CB	5945	3154	3254	100	4.58e-44
C8G6HANXX160303:5:1301:6039:79688/2	101	101	1	smNRPS-CB	5945	3173	3273	100	4.58e-44
C8G6HANXX160303:5:2101:1759:95060/2	101	101	1	smNRPS-CB	5945	2369	2469	100	4.58e-44
C8G6HANXX160303:3:1308:11605:39546/1	101	1	101	smNRPS-CB	5945	919	1019	100	4.58e-44
C8G6HANXX160303:3:1308:11605:39546/2	101	101	1	smNRPS-CB	5945	999	1099	100	4.58e-44
C8G6HANXX160303:4:2109:15093:14032/2	101	101	1	smNRPS-CB	5945	5091	5191	100	4.58e-44
C8G6HANXX160303:5:2116:3255:100370/1	101	101	1	smNRPS-CB	5945	3298	3398	100	4.58e-44
C8G6HANXX160303:5:2116:3255:100370/2	101	1	101	smNRPS-CB	5945	3292	3392	100	4.58e-44
C8G6HANXX160303:6:2315:9435:16111/1	101	1	101	smNRPS-CB	5945	3577	3677	100	4.58e-44
C8G6HANXX160303:8:1303:2113:71737/2	101	101	1	smNRPS-CB	5945	5091	5191	100	4.58e-44
C8G6HANXX160303:4:1116:9095:28857/2	101	101	1	smNRPS-CB	5945	2476	2576	100	4.58e-44
C8G6HANXX160303:4:2211:15982:70693/1	101	1	101	smNRPS-CB	5945	3942	4042	100	4.58e-44
C8G6HANXX160303:3:1214:7558:87224/2	101	1	101	smNRPS-CB	5945	992	1092	100	4.58e-44
C8G6HANXX160303:6:1106:7681:27829/1	101	1	101	smNRPS-CB	5945	3605	3705	100	4.58e-44
C8G6HANXX160303:7:1304:19426:36065/2	101	1	101	smNRPS-CB	5945	3060	3160	100	4.58e-44
C8G6HANXX160303:4:2103:20801:66192/2	101	101	1	smNRPS-CB	5945	3056	3156	100	4.58e-44
C8G6HANXX160303:5:1313:14870:66703/1	101	101	1	smNRPS-CB	5945	2460	2560	100	4.58e-44
C8G6HANXX160303:5:1313:14870:66703/2	101	1	101	smNRPS-CB	5945	2320	2420	100	4.58e-44
C8G6HANXX160303:7:2209:2355:1947/2	101	1	101	smNRPS-CB	5945	5273	5373	100	4.58e-44
C8G6HANXX160303:8:2313:19409:50781/2	101	1	101	smNRPS-CB	5945	786	886	100	4.58e-44
C8G6HANXX160303:8:1115:17456:54662/2	101	1	101	smNRPS-CB	5945	3369	3469	100	4.58e-44
C8G6HANXX160303:5:1210:4108:79537/1	101	1	101	smNRPS-CB	5945	2225	2325	100	4.58e-44
C8G6HANXX160303:5:1210:4108:79537/2	101	101	1	smNRPS-CB	5945	2320	2420	100	4.58e-44
C8G6HANXX160303:4:2308:9169:45640/1	101	101	1	smNRPS-CB	5945	2847	2947	100	4.58e-44
C8G6HANXX160303:7:2211:10049:22163/1	101	1	101	smNRPS-CB	5945	1292	1392	100	4.58e-44
C8G6HANXX160303:7:1201:18979:33637/2	101	101	1	smNRPS-CB	5945	2505	2605	100	4.58e-44
C8G6HANXX160303:4:2306:7302:54931/1	101	1	101	smNRPS-CB	5945	3466	3566	100	4.58e-44
C8G6HANXX160303:4:2306:7302:54931/2	101	101	1	smNRPS-CB	5945	3521	3621	100	4.58e-44
C8G6HANXX160303:7:1105:14467:26248/2	101	1	101	smNRPS-CB	5945	837	937	100	4.58e-44
C8G6HANXX160303:8:1313:17208:96846/1	101	1	101	smNRPS-CB	5945	3154	3254	100	4.58e-44
C8G6HANXX160303:8:1313:17208:96846/2	101	101	1	smNRPS-CB	5945	3172	3272	100	4.58e-44
C8G6HANXX160303:4:2313:2604:76439/2	101	1	101	smNRPS-CB	5945	2226	2326	100	4.58e-44
C8G6HANXX160303:5:2216:2573:80677/1	101	1	101	smNRPS-CB	5945	3104	3204	100	4.58e-44
C8G6HANXX160303:5:2216:2573:80677/2	101	101	1	smNRPS-CB	5945	3233	3333	100	4.58e-44
C8G6HANXX160303:3:1110:7664:74241/2	101	101	1	smNRPS-CB	5945	2084	2184	100	4.58e-44
C8G6HANXX160303:8:2106:1409:62543/1	101	101	1	smNRPS-CB	5945	4279	4379	100	4.58e-44
C8G6HANXX160303:8:2106:1409:62543/2	101	1	101	smNRPS-CB	5945	4238	4338	100	4.58e-44
C8G6HANXX160303:4:2304:9031:12683/1	101	101	1	smNRPS-CB	5945	648	748	100	4.58e-44
C8G6HANXX160303:8:1208:20654:67122/1	101	101	1	smNRPS-CB	5945	4331	4431	100	4.58e-44
C8G6HANXX160303:4:2311:17559:12592/2	101	101	1	smNRPS-CB	5945	4286	4386	100	4.58e-44
C8G6HANXX160303:4:1210:14372:11547/1	101	1	101	smNRPS-CB	5945	2966	3066	100	4.58e-44
C8G6HANXX160303:6:1202:20410:94202/2	101	101	1	smNRPS-CB	5945	3601	3701	100	4.58e-44
C8G6HANXX160303:5:1215:10132:46260/1	101	1	101	smNRPS-CB	5945	3830	3930	100	4.58e-44
C8G6HANXX160303:5:1215:10132:46260/2	101	101	1	smNRPS-CB	5945	3848	3948	100	4.58e-44
C8G6HANXX160303:4:2316:10866:37730/2	101	1	101	smNRPS-CB	5945	1118	1218	100	4.58e-44
C8G6HANXX160303:3:2212:9327:76057/1	101	101	1	smNRPS-CB	5945	2427	2527	100	4.58e-44
C8G6HANXX160303:3:2212:9327:76057/2	101	1	101	smNRPS-CB	5945	2164	2264	100	4.58e-44
C8G6HANXX160303:6:1208:19548:72080/1	101	1	101	smNRPS-CB	5945	3448	3548	100	4.58e-44
C8G6HANXX160303:6:1208:19548:72080/2	101	101	1	smNRPS-CB	5945	3509	3609	100	4.58e-44
C8G6HANXX160303:3:1316:11616:39300/1	101	101	1	smNRPS-CB	5945	4355	4455	100	4.58e-44
C8G6HANXX160303:3:1316:11616:39300/2	101	1	101	smNRPS-CB	5945	4275	4375	100	4.58e-44
C8G6HANXX160303:4:2111:12264:36382/1	101	1	101	smNRPS-CB	5945	73	173	100	4.58e-44
C8G6HANXX160303:4:2111:12264:36382/2	101	101	1	smNRPS-CB	5945	110	210	100	4.58e-44
C8G6HANXX160303:6:1312:16073:10105/1	101	1	101	smNRPS-CB	5945	3154	3254	100	4.58e-44
C8G6HANXX160303:6:1312:16073:10105/2	101	101	1	smNRPS-CB	5945	3173	3273	100	4.58e-44
C8G6HANXX160303:4:1213:18592:36092/2	101	1	101	smNRPS-CB	5945	4319	4419	100	4.58e-44
C8G6HANXX160303:5:2213:10407:37769/2	101	1	101	smNRPS-CB	5945	2382	2482	100	4.58e-44
C8G6HANXX160303:8:2103:6573:25575/1	101	1	101	smNRPS-CB	5945	1514	1614	100	4.58e-44
C8G6HANXX160303:8:2103:6573:25575/2	101	101	1	smNRPS-CB	5945	1572	1672	100	4.58e-44
C8G6HANXX160303:7:1206:17526:32857/2	101	101	1	smNRPS-CB	5945	5259	5359	100	4.58e-44
C8G6HANXX160303:5:1315:3220:54599/2	101	1	101	smNRPS-CB	5945	4684	4784	100	4.58e-44
C8G6HANXX160303:8:1314:18779:33762/1	101	101	1	smNRPS-CB	5945	5819	5919	100	4.58e-44
C8G6HANXX160303:8:1314:18779:33762/2	101	1	101	smNRPS-CB	5945	5767	5867	100	4.58e-44
C8G6HANXX160303:4:1212:18788:26273/2	101	1	101	smNRPS-CB	5945	455	555	100	4.58e-44
C8G6HANXX160303:7:1103:17871:91103/1	101	101	1	smNRPS-CB	5945	2266	2366	100	4.58e-44
C8G6HANXX160303:7:1103:17871:91103/2	101	1	101	smNRPS-CB	5945	2261	2361	100	4.58e-44
C8G6HANXX160303:4:2311:7819:64901/1	101	101	1	smNRPS-CB	5945	876	976	100	4.58e-44
C8G6HANXX160303:6:1315:7887:42650/1	101	101	1	smNRPS-CB	5945	653	753	100	4.58e-44
C8G6HANXX160303:6:1315:7887:42650/2	101	1	101	smNRPS-CB	5945	415	515	100	4.58e-44
C8G6HANXX160303:4:2114:9865:40698/1	101	1	101	smNRPS-CB	5945	2461	2561	100	4.58e-44
C8G6HANXX160303:4:2114:9865:40698/2	101	101	1	smNRPS-CB	5945	2486	2586	100	4.58e-44
C8G6HANXX160303:3:1103:19148:22895/1	101	1	101	smNRPS-CB	5945	3888	3988	100	4.58e-44
C8G6HANXX160303:3:1103:19148:22895/2	101	101	1	smNRPS-CB	5945	3888	3988	100	4.58e-44
C8G6HANXX160303:8:2315:2512:86812/1	101	1	101	smNRPS-CB	5945	5831	5931	100	4.58e-44
C8G6HANXX160303:4:2315:9190:12721/2	101	101	1	smNRPS-CB	5945	1976	2076	100	4.58e-44
C8G6HANXX160303:6:1316:4504:75491/1	101	101	1	smNRPS-CB	5945	2004	2104	100	4.58e-44
C8G6HANXX160303:5:2311:13311:40169/2	101	101	1	smNRPS-CB	5945	1588	1688	100	4.58e-44
C8G6HANXX160303:6:2112:15023:95490/1	101	1	101	smNRPS-CB	5945	92	192	100	4.58e-44
C8G6HANXX160303:6:2112:15023:95490/2	101	101	1	smNRPS-CB	5945	146	246	100	4.58e-44
C8G6HANXX160303:8:1110:11625:83455/2	101	101	1	smNRPS-CB	5945	1839	1939	100	4.58e-44
C8G6HANXX160303:3:1309:3122:96709/1	101	1	101	smNRPS-CB	5945	2062	2162	100	4.58e-44
C8G6HANXX160303:3:1309:3122:96709/2	101	101	1	smNRPS-CB	5945	2264	2364	100	4.58e-44
C8G6HANXX160303:8:2207:3353:95213/1	101	1	101	smNRPS-CB	5945	2862	2962	100	4.58e-44
C8G6HANXX160303:8:2207:3353:95213/2	101	101	1	smNRPS-CB	5945	2941	3041	100	4.58e-44
C8G6HANXX160303:8:1213:19684:16633/1	101	1	101	smNRPS-CB	5945	64	164	100	4.58e-44
C8G6HANXX160303:8:1213:19684:16633/2	101	101	1	smNRPS-CB	5945	68	168	100	4.58e-44
C8G6HANXX160303:7:1102:13116:85730/1	101	101	1	smNRPS-CB	5945	4957	5057	100	4.58e-44
C8G6HANXX160303:7:1102:13116:85730/2	101	1	101	smNRPS-CB	5945	4892	4992	100	4.58e-44
C8G6HANXX160303:3:2110:17492:11083/2	101	1	101	smNRPS-CB	5945	4548	4648	100	4.58e-44
C8G6HANXX160303:8:2310:6860:66093/2	101	101	1	smNRPS-CB	5945	5062	5162	100	4.58e-44
C8G6HANXX160303:5:2305:12360:71295/2	101	101	1	smNRPS-CB	5945	2394	2494	100	4.58e-44
C8G6HANXX160303:8:1305:8348:44378/2	101	101	1	smNRPS-CB	5945	3969	4069	100	4.58e-44
C8G6HANXX160303:7:2214:4712:96578/1	101	101	1	smNRPS-CB	5945	2715	2815	100	4.58e-44
C8G6HANXX160303:6:2115:18122:28921/1	101	1	101	smNRPS-CB	5945	4651	4751	100	4.58e-44
C8G6HANXX160303:3:1103:12972:26269/2	101	1	101	smNRPS-CB	5945	2688	2788	100	4.58e-44
C8G6HANXX160303:5:1209:18775:49806/2	101	101	1	smNRPS-CB	5945	999	1099	100	4.58e-44
C8G6HANXX160303:8:2308:16689:62148/1	101	101	1	smNRPS-CB	5945	2958	3058	100	4.58e-44
C8G6HANXX160303:8:2308:16689:62148/2	101	1	101	smNRPS-CB	5945	2725	2825	100	4.58e-44
C8G6HANXX160303:3:1109:10800:33076/2	101	101	1	smNRPS-CB	5945	3900	4000	100	4.58e-44
C8G6HANXX160303:6:1316:18457:80422/2	101	101	1	smNRPS-CB	5945	4703	4803	100	4.58e-44
C8G6HANXX160303:8:2202:3257:50843/1	101	101	1	smNRPS-CB	5945	1959	2059	100	4.58e-44
C8G6HANXX160303:8:2202:3257:50843/2	101	1	101	smNRPS-CB	5945	1959	2059	100	4.58e-44
C8G6HANXX160303:3:1109:13709:66083/1	101	101	1	smNRPS-CB	5945	3513	3613	100	4.58e-44
C8G6HANXX160303:3:1109:13709:66083/2	101	1	101	smNRPS-CB	5945	3479	3579	100	4.58e-44
C8G6HANXX160303:7:1215:16753:61160/1	101	101	1	smNRPS-CB	5945	3034	3134	100	4.58e-44
C8G6HANXX160303:7:1215:16753:61160/2	101	1	101	smNRPS-CB	5945	2992	3092	100	4.58e-44
C8G6HANXX160303:5:2309:18387:24014/2	101	1	101	smNRPS-CB	5945	134	234	100	4.58e-44
C8G6HANXX160303:5:2314:14320:20424/1	101	1	101	smNRPS-CB	5945	879	979	100	4.58e-44
C8G6HANXX160303:4:2101:2566:32983/2	101	101	1	smNRPS-CB	5945	2117	2217	100	4.58e-44
C8G6HANXX160303:3:2211:14318:99371/2	101	1	101	smNRPS-CB	5945	2335	2435	100	4.58e-44
C8G6HANXX160303:5:2115:9234:88035/1	101	101	1	smNRPS-CB	5945	3172	3272	100	4.58e-44
C8G6HANXX160303:5:2115:9234:88035/2	101	1	101	smNRPS-CB	5945	3115	3215	100	4.58e-44
C8G6HANXX160303:4:2309:5317:31434/2	101	101	1	smNRPS-CB	5945	4029	4129	100	4.58e-44
C8G6HANXX160303:4:1307:10812:94635/1	101	101	1	smNRPS-CB	5945	5831	5931	100	4.58e-44
C8G6HANXX160303:4:1307:10812:94635/2	101	1	101	smNRPS-CB	5945	5815	5915	100	4.58e-44
C8G6HANXX160303:8:2103:9617:2714/2	101	101	1	smNRPS-CB	5945	1	101	100	4.58e-44
C8G6HANXX160303:5:1309:7304:74060/1	101	1	101	smNRPS-CB	5945	4784	4884	100	4.58e-44
C8G6HANXX160303:5:1309:7304:74060/2	101	101	1	smNRPS-CB	5945	4889	4989	100	4.58e-44
C8G6HANXX160303:4:2309:1344:15675/2	101	1	101	smNRPS-CB	5945	5641	5741	100	4.58e-44
C8G6HANXX160303:6:1213:9831:13902/2	101	1	101	smNRPS-CB	5945	4684	4784	100	4.58e-44
C8G6HANXX160303:6:2205:15899:85523/2	101	101	1	smNRPS-CB	5945	1672	1772	100	4.58e-44
C8G6HANXX160303:7:2210:9937:66785/2	101	101	1	smNRPS-CB	5945	4698	4798	100	4.58e-44
C8G6HANXX160303:8:1105:20203:51818/1	101	1	101	smNRPS-CB	5945	2862	2962	100	4.58e-44
C8G6HANXX160303:8:1105:20203:51818/2	101	101	1	smNRPS-CB	5945	2941	3041	100	4.58e-44
C8G6HANXX160303:3:1216:9705:81386/2	101	1	101	smNRPS-CB	5945	4275	4375	100	4.58e-44
C8G6HANXX160303:3:2108:17136:51515/1	101	101	1	smNRPS-CB	5945	4034	4134	100	4.58e-44
C8G6HANXX160303:3:2108:17136:51515/2	101	1	101	smNRPS-CB	5945	4027	4127	100	4.58e-44
C8G6HANXX160303:5:1303:6420:34802/1	101	101	1	smNRPS-CB	5945	5012	5112	100	4.58e-44
C8G6HANXX160303:5:1303:6420:34802/2	101	1	101	smNRPS-CB	5945	4921	5021	100	4.58e-44
C8G6HANXX160303:6:2103:7121:68480/2	101	101	1	smNRPS-CB	5945	1638	1738	100	4.58e-44
C8G6HANXX160303:7:2110:18129:27340/1	101	1	101	smNRPS-CB	5945	1552	1652	100	4.58e-44
C8G6HANXX160303:4:1204:6979:49584/2	101	1	101	smNRPS-CB	5945	5673	5773	100	4.58e-44
C8G6HANXX160303:3:2208:20186:23799/1	101	1	101	smNRPS-CB	5945	740	840	100	4.58e-44
C8G6HANXX160303:3:2208:20186:23799/2	101	101	1	smNRPS-CB	5945	767	867	100	4.58e-44
C8G6HANXX160303:7:1107:7383:85051/2	101	101	1	smNRPS-CB	5945	635	735	100	4.58e-44
C8G6HANXX160303:5:2211:5317:91969/2	101	1	101	smNRPS-CB	5945	3534	3634	100	4.58e-44
C8G6HANXX160303:8:2201:6492:99117/2	101	101	1	smNRPS-CB	5945	694	794	100	4.58e-44
C8G6HANXX160303:7:2205:16054:3902/1	101	1	101	smNRPS-CB	5945	4785	4885	100	4.58e-44
C8G6HANXX160303:7:2205:16054:3902/2	101	101	1	smNRPS-CB	5945	4911	5011	100	4.58e-44
C8G6HANXX160303:5:1116:4313:46642/1	101	1	101	smNRPS-CB	5945	978	1078	100	4.58e-44
C8G6HANXX160303:6:2303:16589:53697/2	101	1	101	smNRPS-CB	5945	435	535	100	4.58e-44
C8G6HANXX160303:4:2211:3433:16449/2	101	1	101	smNRPS-CB	5945	4609	4709	100	4.58e-44
C8G6HANXX160303:7:2216:17389:51788/1	101	101	1	smNRPS-CB	5945	5794	5894	100	4.58e-44
C8G6HANXX160303:3:2301:2387:87578/2	101	1	101	smNRPS-CB	5945	1088	1188	100	4.58e-44
C8G6HANXX160303:8:2208:11585:48588/1	101	101	1	smNRPS-CB	5945	5296	5396	100	4.58e-44
C8G6HANXX160303:8:2208:11585:48588/2	101	1	101	smNRPS-CB	5945	5285	5385	100	4.58e-44
C8G6HANXX160303:5:2309:3701:4204/1	101	1	101	smNRPS-CB	5945	2382	2482	100	4.58e-44
C8G6HANXX160303:5:2309:3701:4204/2	101	101	1	smNRPS-CB	5945	2394	2494	100	4.58e-44
C8G6HANXX160303:3:2311:4387:63498/2	101	1	101	smNRPS-CB	5945	2713	2813	100	4.58e-44
C8G6HANXX160303:7:2205:6438:10453/1	101	101	1	smNRPS-CB	5945	3358	3458	100	4.58e-44
C8G6HANXX160303:7:1314:12622:64429/2	101	101	1	smNRPS-CB	5945	903	1003	100	4.58e-44
C8G6HANXX160303:7:2312:1745:12963/2	101	1	101	smNRPS-CB	5945	3505	3605	100	4.58e-44
C8G6HANXX160303:4:1115:6424:93305/1	101	101	1	smNRPS-CB	5945	2460	2560	100	4.58e-44
C8G6HANXX160303:4:1115:6424:93305/2	101	1	101	smNRPS-CB	5945	2320	2420	100	4.58e-44
C8G6HANXX160303:8:1203:20618:75406/1	101	1	101	smNRPS-CB	5945	2241	2341	100	4.58e-44
C8G6HANXX160303:7:2210:10909:25988/2	101	1	101	smNRPS-CB	5945	637	737	100	4.58e-44
C8G6HANXX160303:4:2312:4221:21537/1	101	1	101	smNRPS-CB	5945	795	895	100	4.58e-44
C8G6HANXX160303:4:2312:4221:21537/2	101	101	1	smNRPS-CB	5945	799	899	100	4.58e-44
C8G6HANXX160303:8:2216:7626:88724/1	101	1	101	smNRPS-CB	5945	3154	3254	100	4.58e-44
C8G6HANXX160303:7:2201:17162:7208/2	101	1	101	smNRPS-CB	5945	715	815	100	4.58e-44
C8G6HANXX160303:5:1103:15588:23562/2	101	1	101	smNRPS-CB	5945	2713	2813	100	4.58e-44
C8G6HANXX160303:7:1305:2017:15233/2	101	1	101	smNRPS-CB	5945	4617	4717	100	4.58e-44
C8G6HANXX160303:6:2213:7759:56616/1	101	1	101	smNRPS-CB	5945	3599	3699	100	4.58e-44
C8G6HANXX160303:8:2303:11959:48008/1	101	1	101	smNRPS-CB	5945	854	954	100	4.58e-44
C8G6HANXX160303:8:1305:9675:15820/1	101	101	1	smNRPS-CB	5945	3789	3889	100	4.58e-44
C8G6HANXX160303:5:2102:5915:33630/1	101	1	101	smNRPS-CB	5945	3418	3518	100	4.58e-44
C8G6HANXX160303:7:1111:4879:46498/1	101	1	101	smNRPS-CB	5945	1552	1652	100	4.58e-44
C8G6HANXX160303:4:2115:11621:28830/2	101	1	101	smNRPS-CB	5945	5275	5375	100	4.58e-44
C8G6HANXX160303:5:1302:7867:14033/2	101	1	101	smNRPS-CB	5945	5742	5842	100	4.58e-44
C8G6HANXX160303:3:1307:10163:15704/2	101	101	1	smNRPS-CB	5945	4688	4788	100	4.58e-44
C8G6HANXX160303:7:1209:16921:74825/2	101	1	101	smNRPS-CB	5945	2315	2415	100	4.58e-44
