C90P4ANXX160330:5:2205:6938:24747/1	85	1	85	smNRPS-CB	5945	3556	3640	98.824	9.03e-34
C90P4ANXX160330:3:2102:20185:20742/1	98	1	98	smNRPS-CB	5945	535	632	96.939	1.16e-37
C90P4ANXX160330:6:1101:8516:36291/1	100	95	1	smNRPS-CB	5945	1313	1407	98.947	2.49e-39
C90P4ANXX160330:6:1101:8516:36291/2	101	1	100	smNRPS-CB	5945	1314	1413	98	1.93e-40
C90P4ANXX160330:2:1316:12077:71707/1	101	1	101	smNRPS-CB	5945	2758	2858	98.02	5.36e-41
C90P4ANXX160330:5:2306:11130:24203/2	101	101	1	smNRPS-CB	5945	1343	1443	98.02	5.36e-41
C90P4ANXX160330:6:2213:6470:32754/1	96	1	96	smNRPS-CB	5945	4236	4331	100	1.49e-41
C90P4ANXX160330:1:2209:20151:81301/1	99	99	1	smNRPS-CB	5945	639	737	98.99	4.14e-42
C90P4ANXX160330:4:2316:8191:40854/2	100	1	100	smNRPS-CB	5945	4791	4890	99	4.14e-42
C90P4ANXX160330:5:1113:8848:52081/2	101	1	101	smNRPS-CB	5945	598	698	99.01	1.15e-42
C90P4ANXX160330:3:2312:10837:51648/1	101	1	101	smNRPS-CB	5945	1938	2038	99.01	1.15e-42
C90P4ANXX160330:3:2102:20185:20742/2	101	101	1	smNRPS-CB	5945	700	800	99.01	1.15e-42
C90P4ANXX160330:2:1316:12077:71707/2	101	99	1	smNRPS-CB	5945	2834	2932	100	3.2e-43
C90P4ANXX160330:1:2209:20151:81301/2	100	1	100	smNRPS-CB	5945	599	698	100	8.9e-44
C90P4ANXX160330:4:2316:8191:40854/1	100	100	1	smNRPS-CB	5945	5065	5164	100	8.9e-44
C90P4ANXX160330:5:1103:14803:11670/1	100	100	1	smNRPS-CB	5945	4610	4709	100	8.9e-44
C90P4ANXX160330:5:1113:8848:52081/1	101	101	1	smNRPS-CB	5945	637	737	100	2.47e-44
C90P4ANXX160330:3:2312:10837:51648/2	101	101	1	smNRPS-CB	5945	2093	2193	100	2.47e-44
C90P4ANXX160330:6:2104:10961:36986/1	101	101	1	smNRPS-CB	5945	768	868	100	2.47e-44
C90P4ANXX160330:6:2104:10961:36986/2	101	1	101	smNRPS-CB	5945	705	805	100	2.47e-44
C90P4ANXX160330:5:2306:11130:24203/1	101	1	101	smNRPS-CB	5945	1273	1373	100	2.47e-44
C90P4ANXX160330:5:1103:14803:11670/2	101	1	101	smNRPS-CB	5945	4599	4699	100	2.47e-44
