C8G6HANXX160303:4:1307:10479:58494/2	60	1	60	smNRPS-CC	5875	5645	5704	100	1.99e-21
C8G6HANXX160303:5:1114:13371:11194/1	77	1	77	smNRPS-CC	5875	4964	5040	100	7.07e-31
C8G6HANXX160303:6:2316:20997:3913/1	89	1	81	smNRPS-CC	5875	5795	5875	98.765	1.97e-31
C8G6HANXX160303:6:1210:8613:34274/1	101	1	81	smNRPS-CC	5875	5795	5875	98.765	1.97e-31
C8G6HANXX160303:8:2114:7375:97723/2	101	101	1	smNRPS-CC	5875	1957	2057	95.05	7.02e-36
C8G6HANXX160303:7:2310:20620:86138/2	91	91	3	smNRPS-CC	5875	4234	4322	98.876	7.02e-36
C8G6HANXX160303:6:2212:19524:28364/1	101	99	1	smNRPS-CC	5875	395	493	95.96	1.95e-36
C8G6HANXX160303:6:2307:5893:30431/1	97	97	1	smNRPS-CC	5875	4341	4438	97.959	1.17e-38
C8G6HANXX160303:6:2307:5893:30431/2	101	1	101	smNRPS-CC	5875	4273	4374	97.059	3.25e-39
C8G6HANXX160303:7:2211:13911:69178/1	101	101	1	smNRPS-CC	5875	2438	2538	97.03	3.25e-39
C8G6HANXX160303:3:1212:14972:64111/1	101	101	6	smNRPS-CC	5875	5780	5875	98.958	9.02e-40
C8G6HANXX160303:7:2204:18939:99044/2	100	100	1	smNRPS-CC	5875	2319	2418	98	2.51e-40
C8G6HANXX160303:8:2114:7375:97723/1	101	1	101	smNRPS-CC	5875	1861	1961	98.02	6.97e-41
C8G6HANXX160303:6:2309:19869:15694/2	101	101	1	smNRPS-CC	5875	2318	2418	98.02	6.97e-41
C8G6HANXX160303:5:1114:13371:11194/2	101	1	101	smNRPS-CC	5875	4844	4944	98.02	6.97e-41
C8G6HANXX160303:6:1302:4777:2792/2	101	101	1	smNRPS-CC	5875	5214	5314	98.02	6.97e-41
C8G6HANXX160303:3:1211:2033:7637/2	101	1	101	smNRPS-CC	5875	2890	2990	98.02	6.97e-41
C8G6HANXX160303:7:2204:18939:99044/1	99	1	99	smNRPS-CC	5875	2236	2334	98.99	1.94e-41
C8G6HANXX160303:8:1101:18996:25313/2	101	1	101	smNRPS-CC	5875	2120	2220	99.01	1.5e-42
C8G6HANXX160303:6:2309:19869:15694/1	101	1	101	smNRPS-CC	5875	2234	2334	99.01	1.5e-42
C8G6HANXX160303:8:1315:16040:50590/1	101	1	101	smNRPS-CC	5875	2305	2405	99.01	1.5e-42
C8G6HANXX160303:5:2302:15373:16994/2	101	1	101	smNRPS-CC	5875	3403	3503	99.01	1.5e-42
C8G6HANXX160303:6:1302:4777:2792/1	99	1	99	smNRPS-CC	5875	5084	5182	100	4.17e-43
C8G6HANXX160303:5:2205:7621:17890/1	100	100	1	smNRPS-CC	5875	2060	2159	100	1.16e-43
C8G6HANXX160303:5:2205:7621:17890/2	100	1	100	smNRPS-CC	5875	1867	1966	100	1.16e-43
C8G6HANXX160303:8:1101:18996:25313/1	100	100	1	smNRPS-CC	5875	2200	2299	100	1.16e-43
C8G6HANXX160303:3:1212:14972:64111/2	101	1	101	smNRPS-CC	5875	5645	5745	100	3.22e-44
C8G6HANXX160303:8:1216:11799:37451/2	101	101	1	smNRPS-CC	5875	1705	1805	100	3.22e-44
C8G6HANXX160303:3:1108:9872:31064/2	101	101	1	smNRPS-CC	5875	4990	5090	100	3.22e-44
C8G6HANXX160303:7:1304:3831:63404/2	73	73	1	smNRPS-CB	5945	979	1051	98.63	5.57e-27
C8G6HANXX160303:8:2205:18612:98324/2	101	101	1	smNRPS-CB	5945	3667	3767	96.04	1.53e-37
C8G6HANXX160303:3:1203:16951:55746/2	101	1	93	smNRPS-CB	5945	3832	3924	98.925	4.25e-38
C8G6HANXX160303:3:1203:16951:55746/1	101	94	1	smNRPS-CB	5945	3831	3924	98.936	1.18e-38
C8G6HANXX160303:5:1213:5278:17997/1	100	1	100	smNRPS-CB	5945	1400	1499	98	2.54e-40
C8G6HANXX160303:8:2205:18612:98324/1	100	1	100	smNRPS-CB	5945	3638	3737	98	2.54e-40
C8G6HANXX160303:4:2204:7884:37475/1	100	2	100	smNRPS-CB	5945	5455	5553	98.99	1.96e-41
C8G6HANXX160303:4:2215:1240:7939/2	96	96	1	smNRPS-CB	5945	3195	3290	100	1.96e-41
C8G6HANXX160303:5:1102:20849:85492/1	97	97	1	smNRPS-CB	5945	4356	4452	100	5.46e-42
C8G6HANXX160303:6:1116:12565:20142/1	100	1	100	smNRPS-CB	5945	652	751	99	5.46e-42
C8G6HANXX160303:8:1205:2614:68990/1	100	100	1	smNRPS-CB	5945	2280	2379	99	5.46e-42
C8G6HANXX160303:5:1213:5278:17997/2	101	101	1	smNRPS-CB	5945	1462	1562	99.01	1.52e-42
C8G6HANXX160303:6:1203:15721:56641/1	99	98	1	smNRPS-CB	5945	4030	4127	100	1.52e-42
C8G6HANXX160303:7:1302:3728:93555/2	101	1	101	smNRPS-CB	5945	3862	3962	99.01	1.52e-42
C8G6HANXX160303:4:2203:4709:97203/1	98	98	1	smNRPS-CB	5945	2057	2154	100	1.52e-42
C8G6HANXX160303:7:2115:8648:92723/1	101	1	101	smNRPS-CB	5945	2065	2165	99.01	1.52e-42
C8G6HANXX160303:6:1116:12565:20142/2	101	101	1	smNRPS-CB	5945	722	822	99.01	1.52e-42
C8G6HANXX160303:4:2306:2031:46905/2	101	1	101	smNRPS-CB	5945	4446	4546	99.01	1.52e-42
C8G6HANXX160303:4:2312:17771:87573/2	101	101	1	smNRPS-CB	5945	3967	4067	99.01	1.52e-42
C8G6HANXX160303:8:1315:16040:50590/2	101	1	101	smNRPS-CB	5945	3528	3628	99.01	1.52e-42
C8G6HANXX160303:6:1203:15721:56641/2	100	1	99	smNRPS-CB	5945	4031	4129	100	4.22e-43
C8G6HANXX160303:4:2312:17771:87573/1	101	3	101	smNRPS-CB	5945	3895	3993	100	4.22e-43
C8G6HANXX160303:8:1209:17233:33083/1	100	100	1	smNRPS-CB	5945	4115	4214	100	1.17e-43
C8G6HANXX160303:7:1302:3728:93555/1	100	100	1	smNRPS-CB	5945	4161	4260	100	1.17e-43
C8G6HANXX160303:7:2115:8648:92723/2	100	100	1	smNRPS-CB	5945	2116	2215	100	1.17e-43
C8G6HANXX160303:7:1304:3831:63404/1	100	1	100	smNRPS-CB	5945	618	717	100	1.17e-43
C8G6HANXX160303:5:1102:20849:85492/2	101	1	101	smNRPS-CB	5945	4333	4433	100	3.26e-44
C8G6HANXX160303:8:1209:17233:33083/2	101	1	101	smNRPS-CB	5945	4098	4198	100	3.26e-44
C8G6HANXX160303:4:2203:4709:97203/2	101	1	101	smNRPS-CB	5945	1969	2069	100	3.26e-44
C8G6HANXX160303:8:1205:2614:68990/2	101	1	101	smNRPS-CB	5945	2122	2222	100	3.26e-44
C8G6HANXX160303:4:2306:2031:46905/1	101	101	1	smNRPS-CB	5945	4500	4600	100	3.26e-44
