C65YPACXX150129:7:1316:4382:77929/2	101	4	101	smNRPS-CC	5875	5701	5799	96.97	2.15e-37
C65YPACXX150129:6:1115:15420:86345/1	101	99	1	smNRPS-CC	5875	2116	2214	97.98	1.29e-39
C65YPACXX150129:6:2311:9311:77063/1	101	99	1	smNRPS-CC	5875	2116	2214	97.98	1.29e-39
C65YPACXX150129:8:2201:16984:60206/1	101	99	1	smNRPS-CC	5875	2116	2214	97.98	1.29e-39
C65YPACXX150129:7:2104:13113:35207/2	90	48	1	smNRPS-CB	5945	5865	5912	100	1.35e-14
C65YPACXX150129:8:2101:4717:54965/2	70	68	1	smNRPS-CB	5945	4887	4954	100	1.03e-25
C65YPACXX150129:7:2215:11475:67786/2	87	87	1	smNRPS-CB	5945	3204	3290	100	2.82e-36
C65YPACXX150129:8:1302:4262:67550/1	94	94	1	smNRPS-CB	5945	4286	4379	98.936	1.68e-38
C65YPACXX150129:6:2105:11996:48962/1	101	1	101	smNRPS-CB	5945	1769	1867	97.03	1.68e-38
C65YPACXX150129:7:1213:1552:34776/2	101	1	101	smNRPS-CB	5945	1484	1584	97.03	4.68e-39
C65YPACXX150129:6:2206:12131:54774/1	92	1	92	smNRPS-CB	5945	4047	4138	100	4.68e-39
C65YPACXX150129:8:2108:6795:33758/2	97	1	97	smNRPS-CB	5945	1957	2053	98.969	3.62e-40
C65YPACXX150129:6:2202:6187:36320/2	101	101	1	smNRPS-CB	5945	5094	5194	99.01	2.16e-42
C65YPACXX150129:7:2101:18333:48265/1	101	101	1	smNRPS-CB	5945	4301	4401	99.01	2.16e-42
C65YPACXX150129:7:2101:18333:48265/2	101	1	101	smNRPS-CB	5945	4300	4400	99.01	2.16e-42
C65YPACXX150129:7:1213:1552:34776/1	101	101	1	smNRPS-CB	5945	1548	1648	99.01	2.16e-42
C65YPACXX150129:6:1301:4752:43594/1	101	101	1	smNRPS-CB	5945	5297	5397	99.01	2.16e-42
C65YPACXX150129:6:2207:13461:10237/1	101	101	1	smNRPS-CB	5945	5425	5525	99.01	2.16e-42
C65YPACXX150129:6:2207:13461:10237/2	101	1	101	smNRPS-CB	5945	5273	5373	99.01	2.16e-42
C65YPACXX150129:7:1113:15184:35954/1	101	101	1	smNRPS-CB	5945	4285	4385	99.01	2.16e-42
C65YPACXX150129:6:2307:12127:69271/1	101	101	1	smNRPS-CB	5945	5302	5402	99.01	2.16e-42
C65YPACXX150129:8:2313:14062:83153/1	101	1	101	smNRPS-CB	5945	1376	1476	99.01	2.16e-42
C65YPACXX150129:8:2313:14062:83153/2	101	101	1	smNRPS-CB	5945	1387	1487	99.01	2.16e-42
C65YPACXX150129:7:2215:11475:67786/1	101	1	101	smNRPS-CB	5945	2823	2923	99.01	2.16e-42
C65YPACXX150129:7:2113:12370:73362/1	101	1	101	smNRPS-CB	5945	115	215	99.01	2.16e-42
C65YPACXX150129:8:2304:17309:70814/1	98	98	1	smNRPS-CB	5945	3512	3609	100	2.16e-42
C65YPACXX150129:7:1110:12960:35682/1	99	1	99	smNRPS-CB	5945	3660	3758	100	6.01e-43
C65YPACXX150129:8:1210:2002:97173/2	101	2	101	smNRPS-CB	5945	4028	4127	100	1.6700000000000001e-43
C65YPACXX150129:6:2207:13655:18920/2	100	1	100	smNRPS-CB	5945	2973	3072	100	1.6700000000000001e-43
C65YPACXX150129:7:1210:7565:84396/1	101	101	1	smNRPS-CB	5945	2166	2266	100	4.65e-44
C65YPACXX150129:7:1210:7565:84396/2	101	1	101	smNRPS-CB	5945	2096	2196	100	4.65e-44
C65YPACXX150129:6:2202:6187:36320/1	101	1	101	smNRPS-CB	5945	5049	5149	100	4.65e-44
C65YPACXX150129:8:2108:6795:33758/1	101	101	1	smNRPS-CB	5945	1959	2059	100	4.65e-44
C65YPACXX150129:7:1311:8477:8863/1	101	101	1	smNRPS-CB	5945	679	779	100	4.65e-44
C65YPACXX150129:7:1311:8477:8863/2	101	1	101	smNRPS-CB	5945	546	646	100	4.65e-44
C65YPACXX150129:6:2102:19359:52222/1	101	1	101	smNRPS-CB	5945	2442	2542	100	4.65e-44
C65YPACXX150129:6:2102:19359:52222/2	101	101	1	smNRPS-CB	5945	2725	2825	100	4.65e-44
C65YPACXX150129:7:1103:12766:24304/1	101	1	101	smNRPS-CB	5945	5815	5915	100	4.65e-44
C65YPACXX150129:7:1210:6500:37010/1	101	101	1	smNRPS-CB	5945	4161	4261	100	4.65e-44
C65YPACXX150129:7:1210:6500:37010/2	101	1	101	smNRPS-CB	5945	4052	4152	100	4.65e-44
C65YPACXX150129:8:1313:12187:92293/1	101	1	101	smNRPS-CB	5945	2872	2972	100	4.65e-44
C65YPACXX150129:8:1313:12187:92293/2	101	101	1	smNRPS-CB	5945	3266	3366	100	4.65e-44
C65YPACXX150129:6:1301:4752:43594/2	101	1	101	smNRPS-CB	5945	5123	5223	100	4.65e-44
C65YPACXX150129:8:2101:4717:54965/1	101	1	101	smNRPS-CB	5945	4657	4757	100	4.65e-44
C65YPACXX150129:7:1113:15184:35954/2	101	1	101	smNRPS-CB	5945	4247	4347	100	4.65e-44
C65YPACXX150129:6:2307:12127:69271/2	101	1	101	smNRPS-CB	5945	5186	5286	100	4.65e-44
C65YPACXX150129:8:1210:2002:97173/1	101	101	1	smNRPS-CB	5945	4039	4139	100	4.65e-44
C65YPACXX150129:8:1310:14308:78142/1	101	1	101	smNRPS-CB	5945	3434	3534	100	4.65e-44
C65YPACXX150129:8:1310:14308:78142/2	101	101	1	smNRPS-CB	5945	3509	3609	100	4.65e-44
C65YPACXX150129:7:1208:8194:43436/1	101	1	101	smNRPS-CB	5945	406	506	100	4.65e-44
C65YPACXX150129:7:1208:8194:43436/2	101	101	1	smNRPS-CB	5945	465	565	100	4.65e-44
C65YPACXX150129:6:2207:13655:18920/1	101	101	1	smNRPS-CB	5945	3172	3272	100	4.65e-44
C65YPACXX150129:8:1302:4262:67550/2	101	1	101	smNRPS-CB	5945	4260	4360	100	4.65e-44
C65YPACXX150129:6:2105:11996:48962/2	101	101	1	smNRPS-CB	5945	1994	2094	100	4.65e-44
C65YPACXX150129:6:2313:10175:61472/1	101	1	101	smNRPS-CB	5945	406	506	100	4.65e-44
C65YPACXX150129:6:2313:10175:61472/2	101	101	1	smNRPS-CB	5945	465	565	100	4.65e-44
C65YPACXX150129:8:2109:1608:12633/1	101	101	1	smNRPS-CB	5945	895	995	100	4.65e-44
C65YPACXX150129:8:2109:1608:12633/2	101	1	101	smNRPS-CB	5945	871	971	100	4.65e-44
C65YPACXX150129:7:1103:20614:50296/1	101	101	1	smNRPS-CB	5945	795	895	100	4.65e-44
C65YPACXX150129:7:1103:20614:50296/2	101	1	101	smNRPS-CB	5945	771	871	100	4.65e-44
C65YPACXX150129:8:2302:3280:77330/1	101	101	1	smNRPS-CB	5945	884	984	100	4.65e-44
