C8G6HANXX160303:6:2106:12945:31461/2	101	1	101	smNRPS-CC	5875	2907	3007	98.02	1.14e-40
C8G6HANXX160303:5:1305:7426:14690/1	101	101	1	smNRPS-CC	5875	2142	2242	99.01	2.44e-42
C8G6HANXX160303:5:1305:7426:14690/2	101	1	101	smNRPS-CC	5875	1900	2000	100	5.25e-44
C8G6HANXX160303:6:2106:12945:31461/1	101	101	1	smNRPS-CC	5875	3129	3229	100	5.25e-44
C8G6HANXX160303:4:2202:18240:79022/1	101	1	91	smNRPS-CB	5945	5828	5918	98.901	8.96e-37
C8G6HANXX160303:6:2206:10067:47932/1	101	1	91	smNRPS-CB	5945	5828	5918	98.901	8.96e-37
C8G6HANXX160303:6:2311:3174:59147/2	101	101	1	smNRPS-CB	5945	2822	2922	99.01	2.47e-42
C8G6HANXX160303:5:1202:8723:38149/2	100	100	1	smNRPS-CB	5945	4505	4604	100	1.91e-43
C8G6HANXX160303:5:1202:8723:38149/1	101	1	101	smNRPS-CB	5945	4482	4582	100	5.31e-44
C8G6HANXX160303:6:2311:3174:59147/1	101	1	101	smNRPS-CB	5945	2703	2803	100	5.31e-44
C8G6HANXX160303:8:2112:20610:53132/1	101	1	101	smNRPS-CB	5945	4482	4582	100	5.31e-44
