C65YPACXX150129:6:2205:3281:4016/1	65	1	65	smNRPS-CC	5875	653	717	100	5.87e-25
C65YPACXX150129:8:2304:12716:25268/2	79	79	1	smNRPS-CC	5875	4528	4606	98.734	4.51e-31
C65YPACXX150129:6:1311:8107:43397/1	80	1	80	smNRPS-CC	5875	4411	4490	98.75	1.25e-31
C65YPACXX150129:8:2103:15897:7543/1	101	100	1	smNRPS-CC	5875	3155	3254	95	4.48e-36
C65YPACXX150129:8:2103:15897:7543/2	101	1	100	smNRPS-CC	5875	3155	3254	95	4.48e-36
C65YPACXX150129:8:1303:11962:45129/2	101	1	101	smNRPS-CC	5875	3548	3648	95.05	1.24e-36
C65YPACXX150129:6:1215:18256:64882/1	101	1	96	smNRPS-CC	5875	1330	1425	96.875	3.46e-37
C65YPACXX150129:6:1215:18256:64882/2	101	96	1	smNRPS-CC	5875	1330	1425	96.875	3.46e-37
C65YPACXX150129:8:2312:10484:92634/1	101	101	1	smNRPS-CC	5875	4437	4537	96.04	2.67e-38
C65YPACXX150129:8:2312:10484:92634/2	101	1	101	smNRPS-CC	5875	4363	4463	96.04	2.67e-38
C65YPACXX150129:8:1316:18258:25696/1	101	101	1	smNRPS-CC	5875	3231	3331	96.04	2.67e-38
C65YPACXX150129:8:1316:18258:25696/2	101	1	101	smNRPS-CC	5875	3226	3326	96.04	2.67e-38
C65YPACXX150129:8:2213:8234:29418/1	101	3	101	smNRPS-CC	5875	1084	1182	96.97	7.44e-39
C65YPACXX150129:7:2308:17942:11173/1	101	1	101	smNRPS-CC	5875	653	753	97.03	5.75e-40
C65YPACXX150129:8:1305:10269:93741/1	101	1	101	smNRPS-CC	5875	2182	2282	97.03	5.75e-40
C65YPACXX150129:6:2302:7260:78415/2	101	101	1	smNRPS-CC	5875	4782	4882	97.03	5.75e-40
C65YPACXX150129:7:1101:17040:84764/2	101	101	1	smNRPS-CC	5875	1323	1423	97.03	5.75e-40
C65YPACXX150129:8:1103:16932:57710/2	101	101	2	smNRPS-CC	5875	3812	3911	98	4.44e-41
C65YPACXX150129:6:2216:6913:99675/2	101	100	1	smNRPS-CC	5875	3819	3918	98	4.44e-41
C65YPACXX150129:8:2304:12716:25268/1	101	1	100	smNRPS-CC	5875	4319	4419	98.02	4.44e-41
C65YPACXX150129:6:1207:3927:2837/1	101	1	101	smNRPS-CC	5875	2606	2706	98.02	1.24e-41
C65YPACXX150129:8:2202:12267:34509/1	101	101	1	smNRPS-CC	5875	5367	5467	98.02	1.24e-41
C65YPACXX150129:7:2101:6283:43251/2	101	101	1	smNRPS-CC	5875	4782	4882	98.02	1.24e-41
C65YPACXX150129:7:2308:8172:61870/2	101	1	101	smNRPS-CC	5875	103	203	98.02	1.24e-41
C65YPACXX150129:8:2307:10026:31807/2	101	101	1	smNRPS-CC	5875	4782	4882	98.02	1.24e-41
C65YPACXX150129:6:1216:19185:42263/1	101	101	1	smNRPS-CC	5875	5367	5467	98.02	1.24e-41
C65YPACXX150129:8:2111:7423:6855/2	101	101	1	smNRPS-CC	5875	4782	4882	98.02	1.24e-41
C65YPACXX150129:6:2304:16701:34461/1	101	101	1	smNRPS-CC	5875	3837	3937	98.02	1.24e-41
C65YPACXX150129:6:1208:1289:11457/1	101	1	101	smNRPS-CC	5875	2863	2963	98.02	1.24e-41
C65YPACXX150129:6:2314:3646:84235/1	100	2	100	smNRPS-CC	5875	3906	4004	98.99	3.44e-42
C65YPACXX150129:8:1203:3026:15720/1	101	1	97	smNRPS-CC	5875	4016	4112	100	9.55e-43
C65YPACXX150129:8:1203:3026:15720/2	101	97	1	smNRPS-CC	5875	4016	4112	100	9.55e-43
C65YPACXX150129:6:1207:3927:2837/2	101	101	1	smNRPS-CC	5875	2669	2769	99.01	2.66e-43
C65YPACXX150129:6:1311:12644:22713/1	101	1	101	smNRPS-CC	5875	4570	4670	99.01	2.66e-43
C65YPACXX150129:6:1311:12644:22713/2	101	101	1	smNRPS-CC	5875	4603	4703	99.01	2.66e-43
C65YPACXX150129:8:2202:12267:34509/2	101	1	101	smNRPS-CC	5875	5336	5436	99.01	2.66e-43
C65YPACXX150129:7:1113:1876:63356/1	101	101	1	smNRPS-CC	5875	3434	3534	99.01	2.66e-43
C65YPACXX150129:7:1113:1876:63356/2	101	1	101	smNRPS-CC	5875	3408	3508	99.01	2.66e-43
C65YPACXX150129:7:2101:6283:43251/1	101	1	101	smNRPS-CC	5875	4573	4673	99.01	2.66e-43
C65YPACXX150129:7:2308:8172:61870/1	101	101	1	smNRPS-CC	5875	112	212	99.01	2.66e-43
C65YPACXX150129:8:1113:16748:6140/2	101	1	101	smNRPS-CC	5875	1797	1897	99.01	2.66e-43
C65YPACXX150129:8:2307:10026:31807/1	101	1	101	smNRPS-CC	5875	4573	4673	99.01	2.66e-43
C65YPACXX150129:6:1216:19185:42263/2	101	1	101	smNRPS-CC	5875	5336	5436	99.01	2.66e-43
C65YPACXX150129:8:2111:7423:6855/1	101	1	101	smNRPS-CC	5875	4573	4673	99.01	2.66e-43
C65YPACXX150129:6:1107:11771:80171/1	101	1	101	smNRPS-CC	5875	2981	3081	99.01	2.66e-43
C65YPACXX150129:8:1103:16932:57710/1	101	1	101	smNRPS-CC	5875	3797	3897	99.01	2.66e-43
C65YPACXX150129:6:2302:7260:78415/1	101	1	101	smNRPS-CC	5875	4573	4673	99.01	2.66e-43
C65YPACXX150129:8:1106:11701:49891/1	101	1	101	smNRPS-CC	5875	101	201	99.01	2.66e-43
C65YPACXX150129:8:1106:11701:49891/2	101	101	1	smNRPS-CC	5875	164	264	99.01	2.66e-43
C65YPACXX150129:6:1205:12499:19433/1	101	1	101	smNRPS-CC	5875	4570	4670	99.01	2.66e-43
C65YPACXX150129:6:1205:12499:19433/2	101	101	1	smNRPS-CC	5875	4603	4703	99.01	2.66e-43
C65YPACXX150129:6:2216:6913:99675/1	101	1	101	smNRPS-CC	5875	3496	3596	99.01	2.66e-43
C65YPACXX150129:6:2304:16701:34461/2	101	1	101	smNRPS-CC	5875	3796	3896	99.01	2.66e-43
C65YPACXX150129:8:2115:6036:24272/2	98	1	98	smNRPS-CC	5875	1823	1920	100	2.66e-43
C65YPACXX150129:6:1208:1289:11457/2	101	101	1	smNRPS-CC	5875	2992	3092	99.01	2.66e-43
C65YPACXX150129:8:2301:2394:43533/2	100	100	1	smNRPS-CC	5875	1850	1949	100	2.05e-44
C65YPACXX150129:8:2301:2394:43533/1	101	1	101	smNRPS-CC	5875	1772	1872	100	5.71e-45
C65YPACXX150129:8:1307:6215:61254/1	101	101	1	smNRPS-CC	5875	1838	1938	100	5.71e-45
C65YPACXX150129:8:1307:6215:61254/2	101	1	101	smNRPS-CC	5875	1806	1906	100	5.71e-45
C65YPACXX150129:6:2314:3646:84235/2	101	101	1	smNRPS-CC	5875	3914	4014	100	5.71e-45
C65YPACXX150129:8:1113:16748:6140/1	101	101	1	smNRPS-CC	5875	1836	1936	100	5.71e-45
C65YPACXX150129:8:2109:1738:84765/1	101	1	101	smNRPS-CC	5875	3939	4039	100	5.71e-45
C65YPACXX150129:8:2109:1738:84765/2	101	101	1	smNRPS-CC	5875	3971	4071	100	5.71e-45
C65YPACXX150129:6:1116:10912:37367/1	101	1	101	smNRPS-CC	5875	4012	4112	100	5.71e-45
C65YPACXX150129:6:1116:10912:37367/2	101	101	1	smNRPS-CC	5875	4054	4154	100	5.71e-45
C65YPACXX150129:8:1213:7698:71101/1	101	101	1	smNRPS-CC	5875	3088	3188	100	5.71e-45
C65YPACXX150129:8:1213:7698:71101/2	101	1	101	smNRPS-CC	5875	3088	3188	100	5.71e-45
C65YPACXX150129:6:1107:11771:80171/2	101	101	1	smNRPS-CC	5875	3088	3188	100	5.71e-45
C65YPACXX150129:8:2115:6036:24272/1	101	101	1	smNRPS-CC	5875	1846	1946	100	5.71e-45
C65YPACXX150129:7:2301:14775:52024/1	101	1	101	smNRPS-CC	5875	1705	1805	100	5.71e-45
C65YPACXX150129:7:2301:14775:52024/2	101	101	1	smNRPS-CC	5875	1710	1810	100	5.71e-45
C65YPACXX150129:7:2311:20780:68757/1	101	101	1	smNRPS-CC	5875	258	358	100	5.71e-45
C65YPACXX150129:7:1303:11031:52575/2	101	1	101	smNRPS-CB	5945	4971	5071	97.03	5.82e-40
C65YPACXX150129:7:1303:11031:52575/1	101	101	1	smNRPS-CB	5945	5141	5241	98.02	1.25e-41
C65YPACXX150129:7:2213:14089:68710/2	101	1	101	smNRPS-CB	5945	3506	3606	99.01	2.6900000000000002e-43
C65YPACXX150129:8:1303:11962:45129/1	101	1	101	smNRPS-CB	5945	1953	2053	99.01	2.6900000000000002e-43
C65YPACXX150129:7:2213:14089:68710/1	101	101	1	smNRPS-CB	5945	3523	3623	100	5.78e-45
