C8G6HANXX160303:3:2113:14790:80707/1	78	5	76	smNRPS-CC	5875	1460	1531	95.833	9.84e-23
C8G6HANXX160303:8:2312:9966:38057/1	76	1	76	smNRPS-CC	5875	4065	4140	100	5.84e-30
C8G6HANXX160303:6:1106:13032:23249/1	99	1	96	smNRPS-CC	5875	2328	2423	97.917	9.64e-38
C8G6HANXX160303:8:1307:6433:53325/1	97	1	96	smNRPS-CC	5875	2328	2423	97.917	9.64e-38
C8G6HANXX160303:4:1107:12660:88203/1	100	1	100	smNRPS-CC	5875	4809	4908	97	2.68e-38
C8G6HANXX160303:7:1315:7329:17205/1	93	1	93	smNRPS-CC	5875	833	925	100	2.07e-39
C8G6HANXX160303:6:1106:13032:23249/2	100	100	1	smNRPS-CC	5875	2375	2474	98	5.76e-40
C8G6HANXX160303:4:1107:12660:88203/2	101	98	1	smNRPS-CC	5875	4900	4997	98.98	1.6e-40
C8G6HANXX160303:8:1307:6433:53325/2	101	101	1	smNRPS-CC	5875	2374	2474	98.02	1.6e-40
C8G6HANXX160303:7:1211:10109:73383/1	101	101	1	smNRPS-CC	5875	4668	4768	98.02	1.6e-40
C8G6HANXX160303:8:2312:9966:38057/2	100	100	1	smNRPS-CC	5875	4142	4241	99	1.24e-41
C8G6HANXX160303:8:2102:16379:39285/2	97	97	1	smNRPS-CC	5875	781	877	100	1.24e-41
C8G6HANXX160303:7:1315:7329:17205/2	101	101	1	smNRPS-CC	5875	899	999	99.01	3.44e-42
C8G6HANXX160303:6:2210:12577:72727/1	101	101	1	smNRPS-CC	5875	2270	2370	99.01	3.44e-42
C8G6HANXX160303:6:2210:12577:72727/2	101	1	101	smNRPS-CC	5875	2185	2285	99.01	3.44e-42
C8G6HANXX160303:8:1214:4527:47656/1	100	100	1	smNRPS-CC	5875	2047	2146	100	2.66e-43
C8G6HANXX160303:8:2102:16379:39285/1	100	1	100	smNRPS-CC	5875	492	591	100	2.66e-43
C8G6HANXX160303:8:1214:4527:47656/2	101	1	101	smNRPS-CC	5875	1938	2038	100	7.4e-44
C8G6HANXX160303:6:2107:15098:6607/1	101	101	1	smNRPS-CC	5875	1956	2056	100	7.4e-44
C8G6HANXX160303:8:2107:15902:28579/1	72	72	1	smNRPS-CB	5945	3073	3144	100	9.89e-28
C8G6HANXX160303:6:2316:10018:11312/2	75	1	75	smNRPS-CB	5945	5328	5402	100	2.13e-29
C8G6HANXX160303:6:2308:6750:79361/2	101	101	2	smNRPS-CB	5945	4918	5017	95	5.87e-35
C8G6HANXX160303:4:1307:4490:29029/1	96	1	90	smNRPS-CB	5945	1931	2020	98.889	4.54e-36
C8G6HANXX160303:4:1307:4490:29029/2	101	94	1	smNRPS-CB	5945	1928	2020	97.872	4.54e-36
C8G6HANXX160303:4:2114:19350:79049/2	93	87	1	smNRPS-CB	5945	2127	2213	100	4.54e-36
C8G6HANXX160303:8:2313:4868:92792/2	100	1	100	smNRPS-CB	5945	3534	3633	96	1.26e-36
C8G6HANXX160303:8:2313:4868:92792/1	100	100	1	smNRPS-CB	5945	3581	3680	97	2.71e-38
C8G6HANXX160303:5:1316:3444:48746/1	100	1	100	smNRPS-CB	5945	4551	4650	97	2.71e-38
C8G6HANXX160303:4:2205:9521:19583/1	101	101	1	smNRPS-CB	5945	1115	1215	97.03	7.54e-39
C8G6HANXX160303:7:2113:3518:63101/2	95	1	95	smNRPS-CB	5945	2864	2958	98.947	7.54e-39
C8G6HANXX160303:4:2202:8478:85582/2	101	1	101	smNRPS-CB	5945	1107	1207	97.03	7.54e-39
C8G6HANXX160303:4:1211:20264:84305/2	101	1	101	smNRPS-CB	5945	527	627	98.02	1.62e-40
C8G6HANXX160303:6:2311:16142:42351/2	101	101	1	smNRPS-CB	5945	4161	4261	98.02	1.62e-40
C8G6HANXX160303:5:2201:3927:9586/2	101	1	101	smNRPS-CB	5945	2483	2583	98.02	1.62e-40
C8G6HANXX160303:4:2305:5055:13421/1	101	101	1	smNRPS-CB	5945	1839	1939	98.02	1.62e-40
C8G6HANXX160303:4:2305:5055:13421/2	101	1	101	smNRPS-CB	5945	1837	1937	98.02	1.62e-40
C8G6HANXX160303:5:2308:4068:64743/1	101	1	101	smNRPS-CB	5945	2467	2567	98.02	1.62e-40
C8G6HANXX160303:3:2103:8139:79530/2	101	101	1	smNRPS-CB	5945	942	1042	98.02	1.62e-40
C8G6HANXX160303:3:1110:2350:88252/1	100	1	100	smNRPS-CB	5945	1402	1501	99	1.25e-41
C8G6HANXX160303:4:2202:8478:85582/1	100	100	1	smNRPS-CB	5945	1334	1433	99	1.25e-41
C8G6HANXX160303:4:2205:9521:19583/2	101	1	101	smNRPS-CB	5945	1007	1107	99.01	3.48e-42
C8G6HANXX160303:5:2201:3927:9586/1	101	101	1	smNRPS-CB	5945	2503	2603	99.01	3.48e-42
C8G6HANXX160303:3:2103:9786:8176/1	101	101	1	smNRPS-CB	5945	2203	2303	99.01	3.48e-42
C8G6HANXX160303:3:2103:9786:8176/2	101	1	101	smNRPS-CB	5945	2201	2301	99.01	3.48e-42
C8G6HANXX160303:7:2113:3518:63101/1	101	101	1	smNRPS-CB	5945	2982	3082	99.01	3.48e-42
C8G6HANXX160303:6:2308:6750:79361/1	101	1	101	smNRPS-CB	5945	4783	4883	99.01	3.48e-42
C8G6HANXX160303:8:2107:15902:28579/2	101	1	101	smNRPS-CB	5945	2992	3092	99.01	3.48e-42
C8G6HANXX160303:3:1110:2350:88252/2	101	101	1	smNRPS-CB	5945	1456	1556	99.01	3.48e-42
C8G6HANXX160303:6:2316:10018:11312/1	101	101	1	smNRPS-CB	5945	5354	5454	99.01	3.48e-42
C8G6HANXX160303:5:1309:13843:53569/2	101	1	98	smNRPS-CB	5945	5049	5146	100	3.48e-42
C8G6HANXX160303:4:2107:5061:81293/1	100	100	1	smNRPS-CB	5945	868	967	100	2.6900000000000002e-43
C8G6HANXX160303:3:1309:12943:3693/2	100	1	100	smNRPS-CB	5945	5751	5850	100	2.6900000000000002e-43
C8G6HANXX160303:4:1211:20264:84305/1	101	101	1	smNRPS-CB	5945	849	949	100	7.49e-44
C8G6HANXX160303:6:2311:16142:42351/1	101	1	101	smNRPS-CB	5945	3780	3880	100	7.49e-44
C8G6HANXX160303:4:2107:5061:81293/2	101	1	101	smNRPS-CB	5945	812	912	100	7.49e-44
