C662FACXX150129:6:1210:10066:15228/1	101	1	62	smNRPS-CC	5875	5814	5875	100	2.12e-22
C662FACXX150129:7:2213:17128:20357/1	73	1	73	smNRPS-CC	5875	4289	4361	98.63	7.58e-27
C662FACXX150129:4:1114:13615:90331/2	73	1	73	smNRPS-CC	5875	2305	2377	98.63	7.58e-27
C662FACXX150129:3:2202:6990:59548/1	81	1	81	smNRPS-CC	5875	1877	1957	98.765	2.71e-31
C662FACXX150129:7:2115:9877:52742/1	86	1	86	smNRPS-CC	5875	655	740	97.674	2.09e-32
C662FACXX150129:5:2111:9026:60142/1	95	4	95	smNRPS-CC	5875	1470	1561	95.652	2.09e-32
C662FACXX150129:7:1103:3443:59321/1	97	97	1	smNRPS-CC	5875	1522	1618	95.876	3.48e-35
C662FACXX150129:6:1309:4287:45801/1	93	1	93	smNRPS-CC	5875	421	513	97.849	2.69e-36
C662FACXX150129:5:2115:1352:90854/2	96	1	94	smNRPS-CC	5875	1254	1347	97.872	7.47e-37
C662FACXX150129:4:2203:7303:100144/1	101	1	101	smNRPS-CC	5875	1514	1614	96.04	2.08e-37
C662FACXX150129:3:1303:15449:43550/1	101	1	101	smNRPS-CC	5875	1525	1625	96.04	2.08e-37
C662FACXX150129:3:1305:4542:16950/1	100	1	100	smNRPS-CC	5875	4289	4388	97	1.61e-38
C662FACXX150129:6:2113:12690:47450/2	101	101	1	smNRPS-CC	5875	465	565	97.03	4.46e-39
C662FACXX150129:4:1108:20400:48495/1	101	101	9	smNRPS-CC	5875	5783	5875	100	1.24e-39
C662FACXX150129:5:1215:12906:15848/1	97	97	1	smNRPS-CC	5875	1196	1292	98.969	3.45e-40
C662FACXX150129:6:2113:12690:47450/1	101	1	101	smNRPS-CC	5875	453	553	98.02	9.59e-41
C662FACXX150129:4:2312:11834:23682/1	100	100	1	smNRPS-CC	5875	1232	1331	99	7.42e-42
C662FACXX150129:7:2102:11248:21944/2	101	1	101	smNRPS-CC	5875	457	557	99.01	2.06e-42
C662FACXX150129:2:2204:12393:93563/2	101	101	1	smNRPS-CC	5875	1228	1328	99.01	2.06e-42
C662FACXX150129:7:2101:7372:24133/1	101	1	101	smNRPS-CC	5875	1211	1311	100	4.43e-44
C662FACXX150129:6:1210:10066:15228/2	101	48	101	smNRPS-CB	5945	1	54	100	6.01e-18
C662FACXX150129:5:1215:12906:15848/2	69	69	1	smNRPS-CB	5945	5000	5068	95.652	2.78e-21
C662FACXX150129:4:1212:8861:34499/2	67	67	1	smNRPS-CB	5945	1645	1711	97.015	7.72e-22
C662FACXX150129:4:1206:17663:62770/2	65	65	1	smNRPS-CB	5945	5845	5909	98.462	2.15e-22
C662FACXX150129:2:1113:15774:45110/1	68	68	1	smNRPS-CB	5945	543	610	97.059	2.15e-22
C662FACXX150129:7:2303:11957:54380/1	70	1	70	smNRPS-CB	5945	2061	2130	97.143	1.66e-23
C662FACXX150129:3:2201:3591:19746/2	64	64	1	smNRPS-CB	5945	5705	5768	100	1.66e-23
C662FACXX150129:7:1109:14972:4693/1	74	1	74	smNRPS-CB	5945	2080	2153	97.297	9.92e-26
C662FACXX150129:6:2304:7524:98582/1	71	1	71	smNRPS-CB	5945	344	414	98.592	9.92e-26
C662FACXX150129:6:1316:17219:62915/1	74	71	1	smNRPS-CB	5945	5517	5587	98.592	9.92e-26
C662FACXX150129:4:1116:17768:78724/2	75	75	1	smNRPS-CB	5945	1156	1230	97.333	2.76e-26
C662FACXX150129:5:2302:2851:49704/1	83	1	83	smNRPS-CB	5945	5633	5715	95.181	2.13e-27
C662FACXX150129:6:2101:14597:68512/1	77	77	1	smNRPS-CB	5945	3317	3393	97.403	2.13e-27
C662FACXX150129:3:2307:3837:85258/2	82	82	1	smNRPS-CB	5945	3695	3776	96.341	1.65e-28
C662FACXX150129:3:2210:7714:59107/1	76	76	1	smNRPS-CB	5945	4935	5010	98.684	1.65e-28
C662FACXX150129:7:1115:11570:51804/1	82	82	1	smNRPS-CB	5945	4899	4980	96.341	1.65e-28
C662FACXX150129:4:1114:2368:61770/2	74	1	74	smNRPS-CB	5945	2929	3002	100	4.58e-29
C662FACXX150129:4:1102:5190:27647/1	74	74	1	smNRPS-CB	5945	152	225	100	4.58e-29
C662FACXX150129:5:1109:6597:65165/1	77	77	1	smNRPS-CB	5945	1139	1215	98.701	4.58e-29
C662FACXX150129:4:2305:6343:27481/1	75	75	1	smNRPS-CB	5945	276	350	100	1.27e-29
C662FACXX150129:2:1112:2264:58636/1	78	78	1	smNRPS-CB	5945	753	830	98.718	1.27e-29
C662FACXX150129:4:2110:4482:60400/2	78	78	1	smNRPS-CB	5945	3223	3300	98.718	1.27e-29
C662FACXX150129:7:2212:2668:92299/2	81	1	81	smNRPS-CB	5945	837	917	98.765	2.74e-31
C662FACXX150129:5:1114:1526:71037/2	88	1	88	smNRPS-CB	5945	4988	5075	96.591	7.61e-32
C662FACXX150129:5:1110:16973:48619/1	82	82	1	smNRPS-CB	5945	1626	1707	98.78	7.61e-32
C662FACXX150129:4:2105:20695:41293/1	91	1	91	smNRPS-CB	5945	4855	4945	95.604	7.61e-32
C662FACXX150129:3:1215:9942:8662/1	84	1	84	smNRPS-CB	5945	1634	1717	98.81	5.89e-33
C662FACXX150129:7:1204:3777:87873/2	87	87	1	smNRPS-CB	5945	2060	2146	97.701	5.89e-33
C662FACXX150129:4:2306:16320:11833/1	88	88	1	smNRPS-CB	5945	3743	3830	97.727	1.64e-33
C662FACXX150129:4:1301:18071:36344/2	85	1	85	smNRPS-CB	5945	3029	3113	98.824	1.64e-33
C662FACXX150129:7:2313:3932:69124/2	101	101	1	smNRPS-CB	5945	1812	1910	95.05	3.52e-35
C662FACXX150129:4:2201:3277:89004/2	94	94	1	smNRPS-CB	5945	4901	4994	96.809	3.52e-35
C662FACXX150129:4:1205:20073:89197/2	94	94	1	smNRPS-CB	5945	4698	4791	96.809	3.52e-35
C662FACXX150129:7:1214:17151:98576/2	85	85	1	smNRPS-CB	5945	2131	2215	100	3.52e-35
C662FACXX150129:7:1304:1701:87944/1	101	1	101	smNRPS-CB	5945	5605	5705	95.05	9.78e-36
C662FACXX150129:2:1102:11697:50189/2	101	1	101	smNRPS-CB	5945	4883	4983	95.05	9.78e-36
C662FACXX150129:4:1206:17663:62770/1	92	1	92	smNRPS-CB	5945	5647	5738	97.826	9.78e-36
C662FACXX150129:5:1102:10406:12939/1	101	101	1	smNRPS-CB	5945	3662	3762	95.05	9.78e-36
C662FACXX150129:7:1101:15047:28920/1	101	101	1	smNRPS-CB	5945	4918	5018	95.05	9.78e-36
C662FACXX150129:3:2101:9783:45544/2	101	1	101	smNRPS-CB	5945	3660	3760	95.05	9.78e-36
C662FACXX150129:6:1114:4315:97670/1	96	96	1	smNRPS-CB	5945	1484	1579	96.875	2.72e-36
C662FACXX150129:3:1303:15449:43550/2	96	1	96	smNRPS-CB	5945	3864	3959	96.875	2.72e-36
C662FACXX150129:4:1108:20400:48495/2	90	90	1	smNRPS-CB	5945	250	339	98.889	2.72e-36
C662FACXX150129:3:2216:6360:75955/1	94	94	1	smNRPS-CB	5945	1970	2063	97.872	7.56e-37
C662FACXX150129:7:2115:9877:52742/2	97	1	97	smNRPS-CB	5945	4519	4615	96.907	7.56e-37
C662FACXX150129:7:1313:20324:74269/2	97	1	97	smNRPS-CB	5945	1450	1546	96.907	7.56e-37
C662FACXX150129:4:2306:16320:11833/2	97	1	97	smNRPS-CB	5945	3693	3789	96.907	7.56e-37
C662FACXX150129:4:1102:5190:27647/2	100	1	91	smNRPS-CB	5945	136	226	98.901	7.56e-37
C662FACXX150129:4:2306:11790:40243/2	94	1	94	smNRPS-CB	5945	2488	2581	97.872	7.56e-37
C662FACXX150129:4:2201:3277:89004/1	101	1	101	smNRPS-CB	5945	4855	4955	96.04	2.1e-37
C662FACXX150129:2:1102:11697:50189/1	101	101	1	smNRPS-CB	5945	4910	5010	96.04	2.1e-37
C662FACXX150129:3:2210:7714:59107/2	101	1	101	smNRPS-CB	5945	4883	4983	96.04	2.1e-37
C662FACXX150129:3:1112:14474:4684/2	95	1	95	smNRPS-CB	5945	5486	5580	97.895	2.1e-37
C662FACXX150129:4:2312:11834:23682/2	101	101	1	smNRPS-CB	5945	4688	4788	96.04	2.1e-37
C662FACXX150129:4:1114:2368:61770/1	101	101	1	smNRPS-CB	5945	3448	3548	96.04	2.1e-37
C662FACXX150129:5:1207:18652:38343/2	101	101	1	smNRPS-CB	5945	5628	5728	96.04	2.1e-37
C662FACXX150129:3:1311:8734:76784/1	101	1	101	smNRPS-CB	5945	3660	3760	96.04	2.1e-37
C662FACXX150129:7:2215:12337:49057/2	96	96	1	smNRPS-CB	5945	40	135	97.917	5.84e-38
C662FACXX150129:4:1307:14261:28199/1	100	1	100	smNRPS-CB	5945	5001	5100	97	1.62e-38
C662FACXX150129:6:1213:14629:100062/2	101	2	101	smNRPS-CB	5945	1475	1574	97	1.62e-38
C662FACXX150129:3:1203:2743:96943/2	100	100	1	smNRPS-CB	5945	3856	3955	97	1.62e-38
C662FACXX150129:7:2313:3932:69124/1	101	1	101	smNRPS-CB	5945	1400	1500	97.03	4.52e-39
C662FACXX150129:5:2115:1352:90854/1	101	1	101	smNRPS-CB	5945	4540	4640	97.03	4.52e-39
C662FACXX150129:4:2309:18108:28718/1	101	101	1	smNRPS-CB	5945	1479	1579	97.03	4.52e-39
C662FACXX150129:7:1103:3443:59321/2	101	101	1	smNRPS-CB	5945	4557	4657	97.03	4.52e-39
C662FACXX150129:2:1212:19781:94755/2	101	1	101	smNRPS-CB	5945	5641	5741	97.03	4.52e-39
C662FACXX150129:7:1313:20324:74269/1	95	95	1	smNRPS-CB	5945	1613	1707	98.947	4.52e-39
C662FACXX150129:5:1102:10406:12939/2	101	1	101	smNRPS-CB	5945	3283	3383	97.03	4.52e-39
C662FACXX150129:7:1101:15047:28920/2	101	1	101	smNRPS-CB	5945	4888	4988	97.03	4.52e-39
C662FACXX150129:4:2212:14494:56974/1	101	101	1	smNRPS-CB	5945	4539	4639	97.03	4.52e-39
C662FACXX150129:2:2109:6688:9973/2	101	101	1	smNRPS-CB	5945	3123	3223	97.03	4.52e-39
C662FACXX150129:2:2110:4043:99905/1	101	1	101	smNRPS-CB	5945	616	716	97.03	4.52e-39
C662FACXX150129:7:2109:5979:43751/2	101	1	101	smNRPS-CB	5945	2703	2803	97.03	4.52e-39
C662FACXX150129:4:2112:20547:26380/2	92	1	92	smNRPS-CB	5945	5711	5802	100	4.52e-39
C662FACXX150129:2:2204:12393:93563/1	101	101	1	smNRPS-CB	5945	4701	4801	97.03	4.52e-39
C662FACXX150129:2:1309:17815:70676/1	101	1	101	smNRPS-CB	5945	1183	1283	97.03	4.52e-39
C662FACXX150129:5:1303:15337:44159/1	101	101	1	smNRPS-CB	5945	5129	5229	97.03	4.52e-39
C662FACXX150129:5:2314:2244:33228/2	101	98	1	smNRPS-CB	5945	1847	1944	97.959	4.52e-39
C662FACXX150129:7:1106:18288:42819/2	101	101	1	smNRPS-CB	5945	4693	4793	97.03	4.52e-39
C662FACXX150129:2:2315:19314:25655/1	101	1	101	smNRPS-CB	5945	1400	1500	97.03	4.52e-39
C662FACXX150129:7:1214:5976:14753/2	99	99	1	smNRPS-CB	5945	3653	3751	97.98	1.26e-39
C662FACXX150129:4:2306:11790:40243/1	99	99	1	smNRPS-CB	5945	2753	2851	97.98	1.26e-39
C662FACXX150129:3:2210:15766:56391/1	99	99	1	smNRPS-CB	5945	1856	1954	97.98	1.26e-39
C662FACXX150129:5:1211:8103:82961/2	99	1	99	smNRPS-CB	5945	1953	2051	97.98	1.26e-39
C662FACXX150129:4:1201:14822:62249/1	101	2	101	smNRPS-CB	5945	1493	1592	98	3.49e-40
C662FACXX150129:7:2213:17128:20357/2	100	1	100	smNRPS-CB	5945	1479	1578	98	3.49e-40
C662FACXX150129:3:2109:19751:39168/1	97	94	1	smNRPS-CB	5945	2834	2927	100	3.49e-40
C662FACXX150129:6:1211:19620:42929/2	100	100	1	smNRPS-CB	5945	2650	2749	98	3.49e-40
C662FACXX150129:3:2307:16127:24664/1	101	101	1	smNRPS-CB	5945	2764	2864	98.02	9.71e-41
C662FACXX150129:3:2307:16127:24664/2	101	1	101	smNRPS-CB	5945	2754	2854	98.02	9.71e-41
C662FACXX150129:7:2303:11957:54380/2	95	95	1	smNRPS-CB	5945	2194	2288	100	9.71e-41
C662FACXX150129:4:1107:18585:7628/1	101	1	101	smNRPS-CB	5945	2053	2153	98.02	9.71e-41
C662FACXX150129:4:1107:18585:7628/2	101	101	1	smNRPS-CB	5945	2183	2283	98.02	9.71e-41
C662FACXX150129:4:2109:12494:75349/2	101	1	101	smNRPS-CB	5945	3263	3363	98.02	9.71e-41
C662FACXX150129:3:2307:3837:85258/1	101	1	101	smNRPS-CB	5945	3632	3732	98.02	9.71e-41
C662FACXX150129:4:2309:18108:28718/2	101	1	101	smNRPS-CB	5945	1381	1481	98.02	9.71e-41
C662FACXX150129:2:2106:1415:53593/1	101	101	1	smNRPS-CB	5945	2580	2680	98.02	9.71e-41
C662FACXX150129:7:1214:5976:14753/1	101	1	101	smNRPS-CB	5945	3256	3356	98.02	9.71e-41
C662FACXX150129:7:1311:7689:100635/1	101	101	1	smNRPS-CB	5945	2662	2762	98.02	9.71e-41
C662FACXX150129:7:1311:7689:100635/2	101	1	101	smNRPS-CB	5945	2650	2750	98.02	9.71e-41
C662FACXX150129:4:1307:14261:28199/2	101	101	1	smNRPS-CB	5945	5181	5281	98.02	9.71e-41
C662FACXX150129:3:2109:19751:39168/2	101	1	101	smNRPS-CB	5945	2551	2651	98.02	9.71e-41
C662FACXX150129:5:2301:7517:51114/2	101	1	101	smNRPS-CB	5945	3950	4050	98.02	9.71e-41
C662FACXX150129:6:2108:10962:70611/1	101	101	1	smNRPS-CB	5945	3627	3727	98.02	9.71e-41
C662FACXX150129:3:1312:5436:95373/2	101	101	1	smNRPS-CB	5945	3235	3335	98.02	9.71e-41
C662FACXX150129:7:1315:6556:56604/2	101	1	101	smNRPS-CB	5945	2476	2576	98.02	9.71e-41
C662FACXX150129:6:1114:4315:97670/2	101	1	101	smNRPS-CB	5945	1381	1481	98.02	9.71e-41
C662FACXX150129:2:1208:4714:3256/2	101	101	1	smNRPS-CB	5945	5488	5588	98.02	9.71e-41
C662FACXX150129:2:1109:18534:34207/2	101	101	1	smNRPS-CB	5945	3235	3335	98.02	9.71e-41
C662FACXX150129:2:2115:10678:15060/1	101	101	1	smNRPS-CB	5945	1660	1760	98.02	9.71e-41
C662FACXX150129:5:2315:14555:64402/2	101	101	1	smNRPS-CB	5945	4523	4623	98.02	9.71e-41
C662FACXX150129:3:1210:7672:23927/1	101	101	1	smNRPS-CB	5945	1963	2063	98.02	9.71e-41
C662FACXX150129:6:1211:19620:42929/1	101	1	101	smNRPS-CB	5945	2554	2654	98.02	9.71e-41
C662FACXX150129:2:2109:6688:9973/1	101	1	101	smNRPS-CB	5945	2936	3036	98.02	9.71e-41
C662FACXX150129:4:1107:13497:4045/1	101	101	1	smNRPS-CB	5945	3518	3618	98.02	9.71e-41
C662FACXX150129:4:1107:13497:4045/2	101	1	101	smNRPS-CB	5945	3326	3426	98.02	9.71e-41
C662FACXX150129:2:2110:4043:99905/2	101	101	1	smNRPS-CB	5945	640	740	98.02	9.71e-41
C662FACXX150129:5:1114:1552:60387/1	101	1	101	smNRPS-CB	5945	908	1008	98.02	9.71e-41
C662FACXX150129:5:1114:1552:60387/2	101	101	1	smNRPS-CB	5945	915	1015	98.02	9.71e-41
C662FACXX150129:5:1207:18652:38343/1	101	1	101	smNRPS-CB	5945	5485	5585	98.02	9.71e-41
C662FACXX150129:6:2307:9175:34052/1	101	1	101	smNRPS-CB	5945	616	716	98.02	9.71e-41
C662FACXX150129:7:1109:10974:6103/1	101	101	1	smNRPS-CB	5945	1512	1612	98.02	9.71e-41
C662FACXX150129:2:1112:14479:64322/2	101	1	101	smNRPS-CB	5945	3139	3239	98.02	9.71e-41
C662FACXX150129:3:1305:4542:16950/2	101	1	101	smNRPS-CB	5945	1310	1410	98.02	9.71e-41
C662FACXX150129:3:1203:2743:96943/1	101	1	101	smNRPS-CB	5945	3653	3753	98.02	9.71e-41
C662FACXX150129:3:1303:6812:68902/1	101	1	101	smNRPS-CB	5945	2715	2815	98.02	9.71e-41
C662FACXX150129:7:2108:3034:22580/2	101	101	1	smNRPS-CB	5945	3123	3223	98.02	9.71e-41
C662FACXX150129:2:1309:17815:70676/2	101	101	1	smNRPS-CB	5945	1387	1487	98.02	9.71e-41
C662FACXX150129:2:1204:4984:45279/1	101	101	1	smNRPS-CB	5945	5031	5131	98.02	9.71e-41
C662FACXX150129:6:1302:20759:22924/1	101	101	1	smNRPS-CB	5945	3326	3426	98.02	9.71e-41
C662FACXX150129:7:1201:16755:37350/2	101	1	101	smNRPS-CB	5945	1943	2043	98.02	9.71e-41
C662FACXX150129:4:2109:12494:75349/1	101	101	3	smNRPS-CB	5945	3513	3611	98.99	2.7e-41
C662FACXX150129:2:1106:16787:8159/2	101	1	99	smNRPS-CB	5945	4823	4921	98.99	2.7e-41
C662FACXX150129:2:2316:16324:29808/1	100	1	100	smNRPS-CB	5945	2893	2992	99	7.51e-42
C662FACXX150129:4:1201:14822:62249/2	101	101	2	smNRPS-CB	5945	1866	1965	99	7.51e-42
C662FACXX150129:6:2201:15434:91570/1	97	1	97	smNRPS-CB	5945	5751	5847	100	7.51e-42
C662FACXX150129:2:2215:2122:93653/1	100	1	100	smNRPS-CB	5945	2306	2405	99	7.51e-42
C662FACXX150129:4:2208:11446:35687/2	100	100	1	smNRPS-CB	5945	4532	4631	99	7.51e-42
C662FACXX150129:2:1112:14479:64322/1	101	100	1	smNRPS-CB	5945	3333	3432	99	7.51e-42
C662FACXX150129:3:2302:3164:55346/1	101	1	101	smNRPS-CB	5945	1556	1656	99.01	2.09e-42
C662FACXX150129:3:2302:3164:55346/2	101	101	1	smNRPS-CB	5945	1636	1736	99.01	2.09e-42
C662FACXX150129:2:2316:16324:29808/2	101	101	1	smNRPS-CB	5945	2908	3008	99.01	2.09e-42
C662FACXX150129:7:1101:15287:70601/1	101	1	101	smNRPS-CB	5945	2926	3026	99.01	2.09e-42
C662FACXX150129:3:2216:6360:75955/2	98	1	98	smNRPS-CB	5945	1578	1675	100	2.09e-42
C662FACXX150129:6:2201:15434:91570/2	101	101	1	smNRPS-CB	5945	5759	5859	99.01	2.09e-42
C662FACXX150129:4:2203:7303:100144/2	101	1	101	smNRPS-CB	5945	4121	4221	99.01	2.09e-42
C662FACXX150129:7:2102:11248:21944/1	101	1	101	smNRPS-CB	5945	5034	5134	99.01	2.09e-42
C662FACXX150129:2:2215:2122:93653/2	101	101	1	smNRPS-CB	5945	2387	2487	99.01	2.09e-42
C662FACXX150129:6:2213:13517:90949/1	101	1	101	smNRPS-CB	5945	1108	1208	99.01	2.09e-42
C662FACXX150129:6:2213:13517:90949/2	101	101	1	smNRPS-CB	5945	1306	1406	99.01	2.09e-42
C662FACXX150129:2:2106:1415:53593/2	98	1	98	smNRPS-CB	5945	2257	2354	100	2.09e-42
C662FACXX150129:6:1113:5321:16434/1	101	101	1	smNRPS-CB	5945	679	779	99.01	2.09e-42
C662FACXX150129:6:1113:5321:16434/2	101	1	101	smNRPS-CB	5945	409	509	99.01	2.09e-42
C662FACXX150129:4:1204:18393:77927/2	101	1	101	smNRPS-CB	5945	5061	5161	99.01	2.09e-42
C662FACXX150129:2:1202:5142:28978/1	101	101	1	smNRPS-CB	5945	637	737	99.01	2.09e-42
C662FACXX150129:3:2214:14981:26840/1	101	101	1	smNRPS-CB	5945	700	800	99.01	2.09e-42
C662FACXX150129:3:2214:14981:26840/2	101	1	101	smNRPS-CB	5945	575	675	99.01	2.09e-42
C662FACXX150129:3:1215:9942:8662/2	101	101	1	smNRPS-CB	5945	1653	1753	99.01	2.09e-42
C662FACXX150129:6:2108:10962:70611/2	101	1	101	smNRPS-CB	5945	3340	3440	99.01	2.09e-42
C662FACXX150129:3:1304:7957:75303/2	101	101	1	smNRPS-CB	5945	1628	1728	99.01	2.09e-42
C662FACXX150129:7:2213:2442:77014/1	101	101	1	smNRPS-CB	5945	2350	2450	99.01	2.09e-42
C662FACXX150129:7:1315:6556:56604/1	101	101	1	smNRPS-CB	5945	2609	2709	99.01	2.09e-42
C662FACXX150129:4:2207:10143:34830/2	101	101	1	smNRPS-CB	5945	1100	1200	99.01	2.09e-42
C662FACXX150129:2:1208:4714:3256/1	101	1	101	smNRPS-CB	5945	5360	5460	99.01	2.09e-42
C662FACXX150129:2:2115:10678:15060/2	101	1	101	smNRPS-CB	5945	1603	1703	99.01	2.09e-42
C662FACXX150129:5:2110:12452:37537/1	101	1	101	smNRPS-CB	5945	2817	2917	99.01	2.09e-42
C662FACXX150129:3:1216:5978:31145/2	101	101	1	smNRPS-CB	5945	3796	3896	99.01	2.09e-42
C662FACXX150129:2:1307:20522:52361/1	101	1	101	smNRPS-CB	5945	704	804	99.01	2.09e-42
C662FACXX150129:5:1314:20487:5438/2	101	101	1	smNRPS-CB	5945	1669	1769	99.01	2.09e-42
C662FACXX150129:7:2109:5979:43751/1	101	101	1	smNRPS-CB	5945	2822	2922	99.01	2.09e-42
C662FACXX150129:6:2307:9175:34052/2	101	101	1	smNRPS-CB	5945	640	740	99.01	2.09e-42
C662FACXX150129:7:1109:10974:6103/2	101	1	101	smNRPS-CB	5945	1306	1406	99.01	2.09e-42
C662FACXX150129:3:1303:6812:68902/2	101	101	1	smNRPS-CB	5945	2770	2870	99.01	2.09e-42
C662FACXX150129:7:2108:3034:22580/1	101	1	101	smNRPS-CB	5945	2936	3036	99.01	2.09e-42
C662FACXX150129:5:1303:15337:44159/2	101	1	98	smNRPS-CB	5945	5049	5146	100	2.09e-42
C662FACXX150129:5:2314:2244:33228/1	101	1	101	smNRPS-CB	5945	1534	1634	99.01	2.09e-42
C662FACXX150129:2:2304:8268:65234/2	101	101	1	smNRPS-CB	5945	679	779	99.01	2.09e-42
C662FACXX150129:2:1109:18534:34207/1	99	1	99	smNRPS-CB	5945	3160	3258	100	5.8e-43
C662FACXX150129:4:2208:11446:35687/1	99	1	99	smNRPS-CB	5945	4042	4140	100	5.8e-43
C662FACXX150129:3:1312:5436:95373/1	100	1	100	smNRPS-CB	5945	3160	3259	100	1.61e-43
C662FACXX150129:3:1216:5978:31145/1	100	1	100	smNRPS-CB	5945	3780	3879	100	1.61e-43
C662FACXX150129:2:1307:20522:52361/2	100	100	1	smNRPS-CB	5945	747	846	100	1.61e-43
C662FACXX150129:6:1309:4287:45801/2	101	1	101	smNRPS-CB	5945	5283	5383	100	4.49e-44
C662FACXX150129:7:1304:1701:87944/2	101	101	1	smNRPS-CB	5945	5723	5823	100	4.49e-44
C662FACXX150129:7:1101:15287:70601/2	101	101	1	smNRPS-CB	5945	3200	3300	100	4.49e-44
C662FACXX150129:4:1204:18393:77927/1	101	101	1	smNRPS-CB	5945	5263	5363	100	4.49e-44
C662FACXX150129:2:1202:5142:28978/2	101	1	101	smNRPS-CB	5945	598	698	100	4.49e-44
C662FACXX150129:3:1304:7957:75303/1	101	1	101	smNRPS-CB	5945	1578	1678	100	4.49e-44
C662FACXX150129:7:2213:2442:77014/2	101	1	101	smNRPS-CB	5945	2201	2301	100	4.49e-44
C662FACXX150129:2:1212:19781:94755/1	101	101	1	smNRPS-CB	5945	5717	5817	100	4.49e-44
C662FACXX150129:6:1211:9527:4214/1	101	101	1	smNRPS-CB	5945	3325	3425	100	4.49e-44
C662FACXX150129:6:1211:9527:4214/2	101	1	101	smNRPS-CB	5945	3258	3358	100	4.49e-44
C662FACXX150129:4:2207:10143:34830/1	101	1	101	smNRPS-CB	5945	822	922	100	4.49e-44
C662FACXX150129:6:1213:14629:100062/1	101	101	1	smNRPS-CB	5945	1561	1661	100	4.49e-44
C662FACXX150129:6:1214:11297:88032/1	101	101	1	smNRPS-CB	5945	2254	2354	100	4.49e-44
C662FACXX150129:6:1214:11297:88032/2	101	1	101	smNRPS-CB	5945	2227	2327	100	4.49e-44
C662FACXX150129:5:2110:12452:37537/2	101	101	1	smNRPS-CB	5945	2839	2939	100	4.49e-44
C662FACXX150129:3:1210:7672:23927/2	101	1	101	smNRPS-CB	5945	1578	1678	100	4.49e-44
C662FACXX150129:5:1314:20487:5438/1	101	1	101	smNRPS-CB	5945	1571	1671	100	4.49e-44
C662FACXX150129:7:2214:8198:49902/1	101	101	1	smNRPS-CB	5945	2103	2203	100	4.49e-44
C662FACXX150129:5:2213:14329:16348/1	101	1	101	smNRPS-CB	5945	4027	4127	100	4.49e-44
C662FACXX150129:3:1108:13581:72980/1	101	1	101	smNRPS-CB	5945	822	922	100	4.49e-44
C662FACXX150129:2:1203:5006:23022/2	101	101	1	smNRPS-CB	5945	3200	3300	100	4.49e-44
