C90P4ANXX160330:4:1311:4339:4350/1	65	1	63	smNRPS-CC	5875	2596	2658	98.413	9.59e-22
C90P4ANXX160330:4:2201:9607:12415/2	77	1	77	smNRPS-CC	5875	2525	2601	96.104	3.42e-26
C90P4ANXX160330:1:2302:4840:93818/1	73	73	1	smNRPS-CC	5875	206	278	98.63	2.65e-27
C90P4ANXX160330:3:2104:9323:85399/1	84	1	84	smNRPS-CC	5875	5071	5154	98.81	2.03e-33
C90P4ANXX160330:2:2116:7599:40728/2	95	12	95	smNRPS-CC	5875	1	84	100	4.37e-35
C90P4ANXX160330:1:2111:15390:50291/2	101	1	101	smNRPS-CC	5875	4936	5036	95.05	3.38e-36
C90P4ANXX160330:1:2314:6463:49397/2	97	97	1	smNRPS-CC	5875	687	782	96.907	9.39e-37
C90P4ANXX160330:1:1113:8492:34594/2	100	1	100	smNRPS-CC	5875	4635	4734	97	5.61e-39
C90P4ANXX160330:4:1215:14203:23225/2	101	1	101	smNRPS-CC	5875	2868	2968	97.03	1.56e-39
C90P4ANXX160330:2:2116:7599:40728/1	99	99	1	smNRPS-CC	5875	95	193	97.98	4.34e-40
C90P4ANXX160330:1:1113:8492:34594/1	100	100	1	smNRPS-CC	5875	4653	4752	98	1.21e-40
C90P4ANXX160330:4:1311:4339:4350/2	98	98	1	smNRPS-CC	5875	2772	2869	98.98	3.35e-41
C90P4ANXX160330:1:2302:16681:15455/2	101	1	101	smNRPS-CC	5875	4314	4415	98.039	3.35e-41
C90P4ANXX160330:1:2206:6063:26102/2	101	101	1	smNRPS-CC	5875	153	253	98.02	3.35e-41
C90P4ANXX160330:2:1112:8817:11530/2	99	99	1	smNRPS-CC	5875	3160	3258	98.99	9.32e-42
C90P4ANXX160330:1:2302:16681:15455/1	99	99	1	smNRPS-CC	5875	4375	4473	98.99	9.32e-42
C90P4ANXX160330:2:1109:10938:8279/1	100	100	1	smNRPS-CC	5875	1650	1749	99	2.59e-42
C90P4ANXX160330:2:1109:10938:8279/2	101	2	101	smNRPS-CC	5875	1650	1749	99	2.59e-42
C90P4ANXX160330:4:1115:9845:10743/1	100	100	1	smNRPS-CC	5875	2547	2646	99	2.59e-42
C90P4ANXX160330:2:1112:8817:11530/1	100	1	98	smNRPS-CC	5875	3148	3245	100	7.21e-43
C90P4ANXX160330:4:1115:9845:10743/2	101	1	101	smNRPS-CC	5875	2522	2622	99.01	7.21e-43
C90P4ANXX160330:2:2216:3231:8124/2	101	101	1	smNRPS-CC	5875	1791	1891	99.01	7.21e-43
C90P4ANXX160330:1:2206:6063:26102/1	100	1	100	smNRPS-CC	5875	30	129	99	7.21e-43
C90P4ANXX160330:4:1108:14906:84430/1	100	100	1	smNRPS-CC	5875	2009	2108	100	5.57e-44
C90P4ANXX160330:2:2216:3231:8124/1	101	1	101	smNRPS-CC	5875	1782	1882	100	1.55e-44
C90P4ANXX160330:4:1108:14906:84430/2	101	1	101	smNRPS-CC	5875	2006	2106	100	1.55e-44
C90P4ANXX160330:4:1106:4067:21729/1	101	1	101	smNRPS-CC	5875	1814	1914	100	1.55e-44
C90P4ANXX160330:4:1106:4067:21729/2	101	101	1	smNRPS-CC	5875	1848	1948	100	1.55e-44
