C8G6HANXX160303:5:2304:21145:57274/2	66	1	66	smNRPS-CC	5875	1227	1292	100	1.41e-24
C8G6HANXX160303:6:1301:2481:34379/1	100	1	67	smNRPS-CC	5875	5809	5875	100	3.92e-25
C8G6HANXX160303:7:1206:17541:85924/1	101	1	68	smNRPS-CC	5875	5808	5875	100	1.09e-25
C8G6HANXX160303:5:1213:19785:50488/1	83	1	83	smNRPS-CC	5875	2329	2411	95.181	2.34e-27
C8G6HANXX160303:4:2215:8746:91023/1	73	73	1	smNRPS-CC	5875	5583	5655	100	1.81e-28
C8G6HANXX160303:7:1315:19022:55612/1	78	78	1	smNRPS-CC	5875	4242	4319	98.718	1.4e-29
C8G6HANXX160303:5:1207:1270:62859/2	101	1	78	smNRPS-CC	5875	5797	5874	100	3.01e-31
C8G6HANXX160303:8:1305:17566:4222/2	101	1	79	smNRPS-CC	5875	5797	5875	100	8.36e-32
C8G6HANXX160303:3:2108:18856:42106/2	101	1	79	smNRPS-CC	5875	5797	5875	100	8.36e-32
C8G6HANXX160303:7:2101:8985:37348/2	101	1	81	smNRPS-CC	5875	5795	5875	100	6.46e-33
C8G6HANXX160303:3:2213:6124:5150/1	99	8	99	smNRPS-CC	5875	1161	1252	96.739	5e-34
C8G6HANXX160303:3:2208:13718:27905/1	97	1	93	smNRPS-CC	5875	1169	1261	96.774	1.39e-34
C8G6HANXX160303:8:1203:16341:59156/1	100	100	1	smNRPS-CC	5875	1475	1574	95	3.86e-35
C8G6HANXX160303:8:2205:13517:37494/1	101	1	101	smNRPS-CC	5875	1517	1617	95.05	1.07e-35
C8G6HANXX160303:6:2203:13684:48751/2	101	101	1	smNRPS-CC	5875	1514	1614	95.05	1.07e-35
C8G6HANXX160303:6:1312:3533:99156/1	95	1	95	smNRPS-CC	5875	1263	1357	96.842	1.07e-35
C8G6HANXX160303:4:1103:20659:5153/1	101	1	94	smNRPS-CC	5875	1205	1297	97.872	2.99e-36
C8G6HANXX160303:4:2213:10167:24734/2	101	5	101	smNRPS-CC	5875	1161	1257	96.907	8.3e-37
C8G6HANXX160303:6:1102:10524:53089/1	100	1	94	smNRPS-CC	5875	1254	1347	97.872	8.3e-37
C8G6HANXX160303:3:2307:13410:73850/2	98	2	98	smNRPS-CC	5875	1536	1632	96.907	8.3e-37
C8G6HANXX160303:5:1203:12336:80885/1	101	1	101	smNRPS-CC	5875	1270	1370	96.04	2.31e-37
C8G6HANXX160303:6:1102:10524:53089/2	101	96	2	smNRPS-CC	5875	1253	1347	97.895	2.31e-37
C8G6HANXX160303:8:1204:4963:13640/2	101	101	9	smNRPS-CC	5875	1555	1647	98.925	6.42e-38
C8G6HANXX160303:4:1204:14441:74454/2	101	101	9	smNRPS-CC	5875	1555	1647	98.925	6.42e-38
C8G6HANXX160303:6:2201:12710:24603/1	91	1	91	smNRPS-CC	5875	2013	2103	100	1.78e-38
C8G6HANXX160303:6:2106:6975:88563/1	98	98	2	smNRPS-CC	5875	5301	5397	97.938	1.78e-38
C8G6HANXX160303:6:2209:16076:52760/2	101	1	91	smNRPS-CC	5875	5785	5875	100	1.78e-38
C8G6HANXX160303:3:1111:14340:53056/1	97	1	95	smNRPS-CC	5875	5453	5547	98.947	4.96e-39
C8G6HANXX160303:5:1202:14469:46656/1	101	101	1	smNRPS-CC	5875	1536	1636	97.03	4.96e-39
C8G6HANXX160303:3:1206:6429:82120/2	92	92	1	smNRPS-CC	5875	2024	2115	100	4.96e-39
C8G6HANXX160303:3:1209:17413:94622/1	101	1	98	smNRPS-CC	5875	1189	1286	97.959	4.96e-39
C8G6HANXX160303:3:1209:17413:94622/2	100	98	1	smNRPS-CC	5875	1189	1286	97.959	4.96e-39
C8G6HANXX160303:4:1103:20480:57544/1	101	101	1	smNRPS-CC	5875	1171	1271	97.03	4.96e-39
C8G6HANXX160303:8:2202:16289:78857/2	101	101	1	smNRPS-CC	5875	1259	1359	97.03	4.96e-39
C8G6HANXX160303:3:2107:20508:42002/1	101	1	101	smNRPS-CC	5875	1167	1267	97.03	4.96e-39
C8G6HANXX160303:5:1212:5392:9778/1	101	1	96	smNRPS-CC	5875	5780	5875	98.958	1.38e-39
C8G6HANXX160303:7:2112:20473:52773/2	101	101	9	smNRPS-CC	5875	5783	5875	100	1.38e-39
C8G6HANXX160303:7:2302:4336:62737/1	100	100	1	smNRPS-CC	5875	1183	1282	98	3.84e-40
C8G6HANXX160303:4:2209:10508:81830/2	101	100	1	smNRPS-CC	5875	4289	4388	98	3.84e-40
C8G6HANXX160303:5:2216:18023:28682/2	101	101	4	smNRPS-CC	5875	5778	5875	98.98	1.07e-40
C8G6HANXX160303:8:1216:15908:74253/2	101	101	1	smNRPS-CC	5875	4287	4387	98.02	1.07e-40
C8G6HANXX160303:5:2110:15388:33693/2	101	1	101	smNRPS-CC	5875	4289	4389	98.02	1.07e-40
C8G6HANXX160303:5:1312:9114:29963/2	101	101	1	smNRPS-CC	5875	1193	1293	98.02	1.07e-40
C8G6HANXX160303:3:1206:6429:82120/1	97	1	97	smNRPS-CC	5875	2014	2110	100	8.24e-42
C8G6HANXX160303:4:2304:10570:5269/2	101	1	100	smNRPS-CC	5875	459	558	99	8.24e-42
C8G6HANXX160303:3:1111:14340:53056/2	101	101	1	smNRPS-CC	5875	5460	5560	99.01	2.29e-42
C8G6HANXX160303:6:2201:12710:24603/2	98	98	1	smNRPS-CC	5875	2018	2115	100	2.29e-42
C8G6HANXX160303:7:2112:3539:82817/2	101	101	1	smNRPS-CC	5875	1178	1278	99.01	2.29e-42
C8G6HANXX160303:3:1111:14023:54261/1	101	1	101	smNRPS-CC	5875	638	738	99.01	2.29e-42
C8G6HANXX160303:3:1111:14023:54261/2	101	101	1	smNRPS-CC	5875	640	740	99.01	2.29e-42
C8G6HANXX160303:8:1107:6403:8557/1	101	1	101	smNRPS-CC	5875	5775	5875	99.01	2.29e-42
C8G6HANXX160303:3:2305:20359:23982/1	101	1	101	smNRPS-CC	5875	640	740	99.01	2.29e-42
C8G6HANXX160303:5:2211:15373:86409/2	101	1	101	smNRPS-CC	5875	640	740	99.01	2.29e-42
C8G6HANXX160303:5:2208:1681:12285/2	101	1	101	smNRPS-CC	5875	1228	1328	99.01	2.29e-42
C8G6HANXX160303:8:2215:8094:85804/2	101	1	101	smNRPS-CC	5875	438	538	99.01	2.29e-42
C8G6HANXX160303:6:2115:20023:47178/1	101	1	101	smNRPS-CC	5875	1226	1326	99.01	2.29e-42
C8G6HANXX160303:6:2213:16809:98434/1	101	1	101	smNRPS-CC	5875	5453	5553	99.01	2.29e-42
C8G6HANXX160303:6:2213:16809:98434/2	101	101	1	smNRPS-CC	5875	5460	5560	99.01	2.29e-42
C8G6HANXX160303:4:2313:11872:7793/1	100	100	1	smNRPS-CC	5875	734	833	100	1.77e-43
C8G6HANXX160303:3:1105:16056:90364/1	100	100	1	smNRPS-CC	5875	233	332	100	1.77e-43
C8G6HANXX160303:3:2104:15368:48839/1	100	1	100	smNRPS-CC	5875	2363	2462	100	1.77e-43
C8G6HANXX160303:8:2106:17028:32816/1	101	101	1	smNRPS-CC	5875	233	333	100	4.93e-44
C8G6HANXX160303:8:2106:17028:32816/2	101	1	101	smNRPS-CC	5875	214	314	100	4.93e-44
C8G6HANXX160303:4:2313:11872:7793/2	101	1	101	smNRPS-CC	5875	696	796	100	4.93e-44
C8G6HANXX160303:3:1105:16056:90364/2	101	1	101	smNRPS-CC	5875	214	314	100	4.93e-44
C8G6HANXX160303:7:1201:13893:16801/2	101	1	101	smNRPS-CC	5875	991	1091	100	4.93e-44
C8G6HANXX160303:8:1309:19986:26612/1	101	1	101	smNRPS-CC	5875	620	720	100	4.93e-44
C8G6HANXX160303:5:2314:2166:9950/2	57	57	1	smNRPS-CB	5945	2055	2111	96.491	3.11e-16
C8G6HANXX160303:3:2108:18856:42106/1	100	48	100	smNRPS-CB	5945	1	53	100	2.4e-17
C8G6HANXX160303:7:1206:17541:85924/2	101	48	101	smNRPS-CB	5945	1	54	100	6.68e-18
C8G6HANXX160303:7:1105:15486:90699/2	101	48	101	smNRPS-CB	5945	1	54	100	6.68e-18
C8G6HANXX160303:6:2309:2008:21981/1	101	45	101	smNRPS-CB	5945	1	57	100	1.44e-19
C8G6HANXX160303:6:1304:3987:19844/1	101	1	64	smNRPS-CB	5945	5882	5945	96.875	3.99e-20
C8G6HANXX160303:8:2301:11607:91701/2	69	66	3	smNRPS-CB	5945	3556	3619	96.875	3.99e-20
C8G6HANXX160303:6:2314:18663:7691/1	67	1	64	smNRPS-CB	5945	3653	3716	98.438	8.58e-22
C8G6HANXX160303:6:1107:5048:29211/1	66	66	1	smNRPS-CB	5945	3406	3471	98.485	6.63e-23
C8G6HANXX160303:3:1307:7022:73303/2	101	33	98	smNRPS-CB	5945	1	66	100	1.43e-24
C8G6HANXX160303:5:1212:5392:9778/2	101	33	98	smNRPS-CB	5945	1	66	100	1.43e-24
C8G6HANXX160303:6:1211:13507:99316/1	73	1	73	smNRPS-CB	5945	1305	1377	97.26	3.96e-25
C8G6HANXX160303:8:2301:3668:77467/2	73	73	1	smNRPS-CB	5945	1988	2060	97.26	3.96e-25
C8G6HANXX160303:8:2212:8441:35371/1	67	67	1	smNRPS-CB	5945	4063	4129	100	3.96e-25
C8G6HANXX160303:6:1115:2480:21479/2	69	67	1	smNRPS-CB	5945	729	795	100	3.96e-25
C8G6HANXX160303:7:2213:15449:67449/2	86	82	3	smNRPS-CB	5945	4396	4475	95	1.1e-25
C8G6HANXX160303:3:1314:4487:83952/1	101	1	74	smNRPS-CB	5945	5872	5945	97.297	1.1e-25
C8G6HANXX160303:5:1107:14121:60691/1	70	70	1	smNRPS-CB	5945	3385	3454	100	8.52e-27
C8G6HANXX160303:7:1315:19022:55612/2	73	73	1	smNRPS-CB	5945	1635	1707	98.63	8.52e-27
C8G6HANXX160303:3:1212:20410:5036/1	82	82	1	smNRPS-CB	5945	3679	3760	95.122	8.52e-27
C8G6HANXX160303:4:2213:10663:38558/2	73	1	73	smNRPS-CB	5945	425	497	98.63	8.52e-27
C8G6HANXX160303:8:2205:7984:6836/1	73	73	1	smNRPS-CB	5945	2827	2899	98.63	8.52e-27
C8G6HANXX160303:8:1210:3876:17298/1	83	1	83	smNRPS-CB	5945	5602	5684	95.181	2.37e-27
C8G6HANXX160303:3:1316:10353:44068/2	77	1	77	smNRPS-CB	5945	1960	2036	97.403	2.37e-27
C8G6HANXX160303:5:1213:3906:54115/2	75	75	1	smNRPS-CB	5945	1334	1408	98.667	6.59e-28
C8G6HANXX160303:5:2112:17600:38330/1	72	1	72	smNRPS-CB	5945	2265	2336	100	6.59e-28
C8G6HANXX160303:8:1206:20732:47722/2	85	1	85	smNRPS-CB	5945	4565	4649	95.294	1.83e-28
C8G6HANXX160303:4:2202:3862:8132/1	82	1	82	smNRPS-CB	5945	4972	5053	96.341	1.83e-28
C8G6HANXX160303:5:1211:8994:10687/1	76	76	1	smNRPS-CB	5945	1465	1540	98.684	1.83e-28
C8G6HANXX160303:6:2213:12446:54440/2	76	1	76	smNRPS-CB	5945	1847	1922	98.684	1.83e-28
C8G6HANXX160303:8:2111:17202:30229/1	76	76	1	smNRPS-CB	5945	3975	4050	98.684	1.83e-28
C8G6HANXX160303:8:2310:17891:35776/2	76	1	76	smNRPS-CB	5945	4937	5012	98.684	1.83e-28
C8G6HANXX160303:6:2208:21326:97064/1	74	74	1	smNRPS-CB	5945	1368	1441	100	5.09e-29
C8G6HANXX160303:8:1314:16956:91286/2	77	1	77	smNRPS-CB	5945	1848	1924	98.701	5.09e-29
C8G6HANXX160303:6:1313:3285:100385/1	93	1	86	smNRPS-CB	5945	5599	5684	95.349	5.09e-29
C8G6HANXX160303:6:1107:20312:77427/1	74	1	74	smNRPS-CB	5945	789	862	100	5.09e-29
C8G6HANXX160303:4:1216:18186:90077/2	79	1	79	smNRPS-CB	5945	2308	2386	98.734	3.94e-30
C8G6HANXX160303:6:2316:3468:26807/2	80	80	1	smNRPS-CB	5945	435	514	98.75	1.09e-30
C8G6HANXX160303:4:2209:10508:81830/1	80	80	1	smNRPS-CB	5945	1508	1587	98.75	1.09e-30
C8G6HANXX160303:6:1311:1583:9184/2	84	84	1	smNRPS-CB	5945	1967	2050	97.619	3.04e-31
C8G6HANXX160303:7:1113:11390:18181/1	81	1	81	smNRPS-CB	5945	342	422	98.765	3.04e-31
C8G6HANXX160303:6:2207:20870:16306/1	82	82	1	smNRPS-CB	5945	3898	3979	98.78	8.46e-32
C8G6HANXX160303:4:2101:6059:84127/1	100	1	91	smNRPS-CB	5945	3425	3515	95.604	8.46e-32
C8G6HANXX160303:8:2113:18147:17266/1	101	91	1	smNRPS-CB	5945	5554	5644	95.604	8.46e-32
C8G6HANXX160303:8:1107:6403:8557/2	101	20	101	smNRPS-CB	5945	1	82	98.78	8.46e-32
C8G6HANXX160303:4:2116:12307:29684/1	79	79	1	smNRPS-CB	5945	2132	2210	100	8.46e-32
C8G6HANXX160303:8:2311:3350:5999/1	88	82	1	smNRPS-CB	5945	1038	1119	98.78	8.46e-32
C8G6HANXX160303:8:2113:18147:17266/2	101	1	92	smNRPS-CB	5945	5554	5645	95.652	2.35e-32
C8G6HANXX160303:7:1205:5079:84849/2	86	1	86	smNRPS-CB	5945	4548	4633	97.674	2.35e-32
C8G6HANXX160303:5:2211:15373:86409/1	86	1	86	smNRPS-CB	5945	5176	5261	97.674	2.35e-32
C8G6HANXX160303:6:1216:5821:50391/2	93	91	3	smNRPS-CB	5945	3466	3554	96.629	2.35e-32
C8G6HANXX160303:5:1101:13158:7300/1	101	1	93	smNRPS-CB	5945	4916	5008	95.699	6.54e-33
C8G6HANXX160303:6:1104:5164:54532/2	88	1	88	smNRPS-CB	5945	3258	3345	97.727	1.82e-33
C8G6HANXX160303:8:2306:16989:17302/1	98	94	1	smNRPS-CB	5945	4565	4658	95.745	1.82e-33
C8G6HANXX160303:6:1207:15323:87948/1	100	91	1	smNRPS-CB	5945	3871	3961	96.703	1.82e-33
C8G6HANXX160303:6:2113:17548:44325/2	101	1	91	smNRPS-CB	5945	1655	1746	96.739	1.82e-33
C8G6HANXX160303:8:1108:15785:15840/1	88	88	1	smNRPS-CB	5945	3050	3137	97.727	1.82e-33
C8G6HANXX160303:7:2106:8336:23496/2	82	82	1	smNRPS-CB	5945	3789	3870	100	1.82e-33
C8G6HANXX160303:4:2101:6059:84127/2	101	95	1	smNRPS-CB	5945	3421	3515	95.789	5.06e-34
C8G6HANXX160303:8:1206:20732:47722/1	96	92	1	smNRPS-CB	5945	4565	4656	96.739	5.06e-34
C8G6HANXX160303:3:1110:10928:80710/1	98	93	1	smNRPS-CB	5945	2020	2111	96.774	5.06e-34
C8G6HANXX160303:8:2113:12312:47714/2	101	1	98	smNRPS-CB	5945	1730	1823	95.918	1.41e-34
C8G6HANXX160303:7:2316:17967:55416/1	101	101	4	smNRPS-CB	5945	1730	1823	95.918	1.41e-34
C8G6HANXX160303:6:1207:15323:87948/2	101	1	93	smNRPS-CB	5945	3871	3963	96.774	1.41e-34
C8G6HANXX160303:3:2113:19976:97858/2	93	1	93	smNRPS-CB	5945	3874	3966	96.774	1.41e-34
C8G6HANXX160303:3:2304:11226:22325/1	88	87	1	smNRPS-CB	5945	3037	3123	98.851	1.41e-34
C8G6HANXX160303:8:2207:18593:53184/1	101	14	101	smNRPS-CB	5945	1	88	98.864	3.91e-35
C8G6HANXX160303:6:1306:20619:83636/1	100	1	100	smNRPS-CB	5945	5581	5680	95	3.91e-35
C8G6HANXX160303:8:2205:13517:37494/2	88	1	88	smNRPS-CB	5945	4105	4192	98.864	3.91e-35
C8G6HANXX160303:4:1305:7471:93792/2	88	88	1	smNRPS-CB	5945	2847	2934	98.864	3.91e-35
C8G6HANXX160303:8:2306:16989:17302/2	101	1	97	smNRPS-CB	5945	4565	4661	95.876	3.91e-35
C8G6HANXX160303:8:1213:13118:44954/1	101	101	1	smNRPS-CB	5945	1797	1895	95.05	3.91e-35
C8G6HANXX160303:4:1208:10159:8660/2	97	1	97	smNRPS-CB	5945	3473	3569	95.876	3.91e-35
C8G6HANXX160303:5:1106:12128:89180/2	101	91	1	smNRPS-CB	5945	3957	4047	97.802	3.91e-35
C8G6HANXX160303:5:1105:8855:69339/2	85	85	1	smNRPS-CB	5945	780	864	100	3.91e-35
C8G6HANXX160303:4:2105:12532:25240/1	95	1	95	smNRPS-CB	5945	4973	5067	96.842	1.09e-35
C8G6HANXX160303:4:2307:8083:34730/2	98	98	1	smNRPS-CB	5945	3879	3976	95.918	1.09e-35
C8G6HANXX160303:6:1107:5048:29211/2	92	1	92	smNRPS-CB	5945	3265	3356	97.826	1.09e-35
C8G6HANXX160303:6:2208:16950:85849/2	101	1	101	smNRPS-CB	5945	4711	4811	95.05	1.09e-35
C8G6HANXX160303:4:2106:2552:71269/2	101	1	101	smNRPS-CB	5945	5613	5713	95.05	1.09e-35
C8G6HANXX160303:5:1311:5271:13469/1	98	98	1	smNRPS-CB	5945	4854	4951	95.918	1.09e-35
C8G6HANXX160303:8:2202:15217:78216/1	101	101	1	smNRPS-CB	5945	5602	5702	95.05	1.09e-35
C8G6HANXX160303:8:1203:16753:55728/1	101	101	1	smNRPS-CB	5945	5612	5712	95.05	1.09e-35
C8G6HANXX160303:8:1203:16753:55728/2	101	1	101	smNRPS-CB	5945	5553	5653	95.05	1.09e-35
C8G6HANXX160303:3:1101:15572:92230/1	98	98	1	smNRPS-CB	5945	4873	4970	95.918	1.09e-35
C8G6HANXX160303:6:2213:12446:54440/1	87	86	1	smNRPS-CB	5945	1861	1946	100	1.09e-35
C8G6HANXX160303:4:1105:13776:75591/1	99	96	1	smNRPS-CB	5945	2020	2114	96.875	1.09e-35
C8G6HANXX160303:6:1209:10675:77469/2	90	1	90	smNRPS-CB	5945	2864	2953	98.889	3.02e-36
C8G6HANXX160303:6:2106:3535:56211/2	96	1	96	smNRPS-CB	5945	4563	4658	96.875	3.02e-36
C8G6HANXX160303:4:1214:10221:60566/2	99	99	1	smNRPS-CB	5945	4856	4954	95.96	3.02e-36
C8G6HANXX160303:4:2212:11618:80481/2	96	96	1	smNRPS-CB	5945	506	601	96.875	3.02e-36
C8G6HANXX160303:4:1105:13776:75591/2	101	3	95	smNRPS-CB	5945	2024	2116	97.849	3.02e-36
C8G6HANXX160303:8:2202:16289:78857/1	99	99	1	smNRPS-CB	5945	4856	4954	95.96	3.02e-36
C8G6HANXX160303:6:1306:3035:15094/1	99	1	99	smNRPS-CB	5945	3932	4030	95.96	3.02e-36
C8G6HANXX160303:6:2104:3461:99665/1	87	87	1	smNRPS-CB	5945	2111	2197	100	3.02e-36
C8G6HANXX160303:6:2212:14432:12450/2	93	1	93	smNRPS-CB	5945	2024	2116	97.849	3.02e-36
C8G6HANXX160303:7:1304:19169:66011/1	100	100	1	smNRPS-CB	5945	3550	3649	96	8.4e-37
C8G6HANXX160303:4:2105:12532:25240/2	101	100	1	smNRPS-CB	5945	4967	5067	96.04	8.4e-37
C8G6HANXX160303:7:2112:3539:82817/1	100	100	1	smNRPS-CB	5945	4701	4800	96	8.4e-37
C8G6HANXX160303:4:1214:10221:60566/1	101	1	100	smNRPS-CB	5945	4855	4954	96	8.4e-37
C8G6HANXX160303:3:2310:4740:86072/1	100	1	91	smNRPS-CB	5945	5726	5816	98.901	8.4e-37
C8G6HANXX160303:4:1108:14207:52311/1	100	100	1	smNRPS-CB	5945	3672	3771	96	8.4e-37
C8G6HANXX160303:4:1312:13937:84327/2	100	1	100	smNRPS-CB	5945	3493	3592	96	8.4e-37
C8G6HANXX160303:3:2107:16088:6971/1	100	1	91	smNRPS-CB	5945	1522	1612	98.901	8.4e-37
C8G6HANXX160303:3:2107:16088:6971/2	101	91	1	smNRPS-CB	5945	1521	1611	98.901	8.4e-37
C8G6HANXX160303:4:2202:3862:8132/2	97	97	1	smNRPS-CB	5945	4973	5069	96.907	8.4e-37
C8G6HANXX160303:6:2109:10143:75850/2	99	1	91	smNRPS-CB	5945	3179	3269	98.901	8.4e-37
C8G6HANXX160303:4:1115:7687:8656/1	101	1	91	smNRPS-CB	5945	704	794	98.901	8.4e-37
C8G6HANXX160303:4:1115:7687:8656/2	101	91	1	smNRPS-CB	5945	704	794	98.901	8.4e-37
C8G6HANXX160303:7:1304:19169:66011/2	101	1	101	smNRPS-CB	5945	3494	3594	96.04	2.34e-37
C8G6HANXX160303:6:2306:17118:68505/2	101	1	98	smNRPS-CB	5945	1997	2094	96.939	2.34e-37
C8G6HANXX160303:6:2306:8212:87067/2	101	1	101	smNRPS-CB	5945	1273	1373	96.04	2.34e-37
C8G6HANXX160303:7:1202:14649:79949/1	98	98	1	smNRPS-CB	5945	3873	3970	96.939	2.34e-37
C8G6HANXX160303:7:1210:18280:91209/2	101	1	101	smNRPS-CB	5945	4550	4650	96.04	2.34e-37
C8G6HANXX160303:4:1316:14687:97300/2	101	1	101	smNRPS-CB	5945	4870	4970	96.04	2.34e-37
C8G6HANXX160303:4:2307:8083:34730/1	101	1	101	smNRPS-CB	5945	3877	3977	96.04	2.34e-37
C8G6HANXX160303:3:2310:4740:86072/2	101	92	1	smNRPS-CB	5945	5724	5815	98.913	2.34e-37
C8G6HANXX160303:7:2314:13375:69534/1	101	1	101	smNRPS-CB	5945	3453	3553	96.04	2.34e-37
C8G6HANXX160303:7:1314:16158:42920/1	98	1	98	smNRPS-CB	5945	3808	3905	96.939	2.34e-37
C8G6HANXX160303:3:1212:20410:5036/2	95	1	95	smNRPS-CB	5945	3374	3468	97.895	2.34e-37
C8G6HANXX160303:7:1105:1849:23404/1	101	1	92	smNRPS-CB	5945	4041	4133	98.925	2.34e-37
C8G6HANXX160303:5:2205:14871:17205/2	101	1	101	smNRPS-CB	5945	3443	3543	96.04	2.34e-37
C8G6HANXX160303:7:2302:4336:62737/2	101	101	1	smNRPS-CB	5945	4842	4942	96.04	2.34e-37
C8G6HANXX160303:8:1214:5181:87036/2	101	1	101	smNRPS-CB	5945	3443	3543	96.04	2.34e-37
C8G6HANXX160303:8:1210:3876:17298/2	95	95	1	smNRPS-CB	5945	5654	5748	97.895	2.34e-37
C8G6HANXX160303:3:2113:1611:18833/1	101	1	101	smNRPS-CB	5945	4878	4978	96.04	2.34e-37
C8G6HANXX160303:8:2212:8441:35371/2	101	1	93	smNRPS-CB	5945	4042	4133	98.925	2.34e-37
C8G6HANXX160303:7:2303:4303:34059/2	101	1	101	smNRPS-CB	5945	2001	2101	96.04	2.34e-37
C8G6HANXX160303:5:2206:13680:20044/1	101	1	101	smNRPS-CB	5945	5632	5732	96.04	2.34e-37
C8G6HANXX160303:5:1216:12009:82645/2	101	1	95	smNRPS-CB	5945	5851	5945	97.895	2.34e-37
C8G6HANXX160303:7:1209:20297:53441/1	101	101	1	smNRPS-CB	5945	3414	3514	96.04	2.34e-37
C8G6HANXX160303:3:2308:2846:14275/1	101	98	1	smNRPS-CB	5945	4887	4984	96.939	2.34e-37
C8G6HANXX160303:6:2113:4771:29780/1	93	92	1	smNRPS-CB	5945	2878	2969	98.913	2.34e-37
C8G6HANXX160303:6:1314:2084:43853/1	96	1	95	smNRPS-CB	5945	1843	1937	97.895	2.34e-37
C8G6HANXX160303:3:2316:7651:59472/1	101	1	101	smNRPS-CB	5945	3494	3594	96.04	2.34e-37
C8G6HANXX160303:3:2207:3475:32397/1	95	1	95	smNRPS-CB	5945	1197	1291	97.895	2.34e-37
C8G6HANXX160303:3:2216:9786:79689/1	101	1	101	smNRPS-CB	5945	1831	1931	96.04	2.34e-37
C8G6HANXX160303:3:2108:5969:74737/2	101	1	101	smNRPS-CB	5945	3480	3580	96.04	2.34e-37
C8G6HANXX160303:3:2213:6124:5150/2	99	1	99	smNRPS-CB	5945	4560	4658	96.97	6.5e-38
C8G6HANXX160303:8:1111:14039:15547/2	101	99	1	smNRPS-CB	5945	2006	2104	96.97	6.5e-38
C8G6HANXX160303:6:1309:20941:73980/2	101	97	1	smNRPS-CB	5945	341	436	97.938	6.5e-38
C8G6HANXX160303:6:2207:20870:16306/2	99	1	99	smNRPS-CB	5945	3718	3817	97	6.5e-38
C8G6HANXX160303:6:2310:9224:47022/1	99	1	99	smNRPS-CB	5945	3301	3399	96.97	6.5e-38
C8G6HANXX160303:8:2103:11365:25041/2	99	99	1	smNRPS-CB	5945	3299	3397	96.97	6.5e-38
C8G6HANXX160303:8:2202:15217:78216/2	96	1	96	smNRPS-CB	5945	5483	5578	97.917	6.5e-38
C8G6HANXX160303:6:1203:3124:39853/2	101	97	1	smNRPS-CB	5945	341	436	97.938	6.5e-38
C8G6HANXX160303:4:1304:14029:75675/1	101	99	1	smNRPS-CB	5945	2006	2104	96.97	6.5e-38
C8G6HANXX160303:3:2113:19976:97858/1	101	99	1	smNRPS-CB	5945	3866	3964	96.97	6.5e-38
C8G6HANXX160303:5:2104:15047:63620/1	101	93	1	smNRPS-CB	5945	134	226	98.925	6.5e-38
C8G6HANXX160303:4:1102:3302:89934/1	99	1	99	smNRPS-CB	5945	3831	3929	96.97	6.5e-38
C8G6HANXX160303:6:1114:10322:24126/1	96	1	96	smNRPS-CB	5945	2057	2152	97.917	6.5e-38
C8G6HANXX160303:3:1112:10066:85587/1	93	1	93	smNRPS-CB	5945	2360	2452	98.925	6.5e-38
C8G6HANXX160303:8:2101:12453:67503/1	99	99	1	smNRPS-CB	5945	1277	1375	96.97	6.5e-38
C8G6HANXX160303:3:2315:1709:32000/2	99	1	99	smNRPS-CB	5945	3607	3705	96.97	6.5e-38
C8G6HANXX160303:6:1314:14932:19065/1	100	1	100	smNRPS-CB	5945	4995	5094	97	1.81e-38
C8G6HANXX160303:6:2301:14070:98709/1	100	1	100	smNRPS-CB	5945	4946	5045	97	1.81e-38
C8G6HANXX160303:3:2104:12183:3899/1	101	94	1	smNRPS-CB	5945	4751	4844	98.936	1.81e-38
C8G6HANXX160303:3:2111:8000:79231/2	100	97	1	smNRPS-CB	5945	4171	4267	97.938	1.81e-38
C8G6HANXX160303:7:1210:18280:91209/1	100	100	1	smNRPS-CB	5945	4567	4666	97	1.81e-38
C8G6HANXX160303:7:1108:3404:55324/1	100	100	1	smNRPS-CB	5945	5136	5235	97	1.81e-38
C8G6HANXX160303:5:1206:15948:19285/2	98	1	97	smNRPS-CB	5945	1992	2088	97.938	1.81e-38
C8G6HANXX160303:4:2308:12779:38409/1	97	97	1	smNRPS-CB	5945	4157	4253	97.938	1.81e-38
C8G6HANXX160303:3:2306:7401:76906/1	97	1	97	smNRPS-CB	5945	1939	2035	97.938	1.81e-38
C8G6HANXX160303:6:1314:3733:23923/1	97	1	97	smNRPS-CB	5945	2468	2564	97.938	1.81e-38
C8G6HANXX160303:6:2207:6972:2118/1	100	100	1	smNRPS-CB	5945	1257	1356	97	1.81e-38
C8G6HANXX160303:4:1305:7471:93792/1	94	1	94	smNRPS-CB	5945	2775	2868	98.936	1.81e-38
C8G6HANXX160303:7:1104:9876:12306/2	100	100	1	smNRPS-CB	5945	4563	4662	97	1.81e-38
C8G6HANXX160303:5:1104:18566:92297/2	100	1	100	smNRPS-CB	5945	3866	3965	97	1.81e-38
C8G6HANXX160303:4:2209:8146:48643/1	100	100	1	smNRPS-CB	5945	3274	3373	97	1.81e-38
C8G6HANXX160303:6:2302:15263:68876/2	91	91	1	smNRPS-CB	5945	2963	3053	100	1.81e-38
C8G6HANXX160303:5:1103:13255:36312/2	100	100	1	smNRPS-CB	5945	1098	1197	97	1.81e-38
C8G6HANXX160303:6:2110:13853:48477/2	100	100	1	smNRPS-CB	5945	3283	3382	97	1.81e-38
C8G6HANXX160303:5:2212:18353:75842/1	94	94	1	smNRPS-CB	5945	3004	3097	98.936	1.81e-38
C8G6HANXX160303:7:1306:8925:75679/1	100	1	100	smNRPS-CB	5945	3582	3681	97	1.81e-38
C8G6HANXX160303:4:2110:19729:98951/1	100	1	100	smNRPS-CB	5945	3864	3963	97	1.81e-38
C8G6HANXX160303:5:1213:18782:39243/1	100	1	100	smNRPS-CB	5945	4855	4954	97	1.81e-38
C8G6HANXX160303:3:1103:10846:28203/1	101	101	1	smNRPS-CB	5945	3300	3400	97.03	5.02e-39
C8G6HANXX160303:3:2315:16953:43057/1	101	98	1	smNRPS-CB	5945	1933	2030	97.959	5.02e-39
C8G6HANXX160303:6:2205:13361:71351/2	101	1	101	smNRPS-CB	5945	4560	4660	97.03	5.02e-39
C8G6HANXX160303:3:2214:18377:7406/1	101	1	101	smNRPS-CB	5945	3862	3962	97.03	5.02e-39
C8G6HANXX160303:5:1304:14884:52944/2	101	1	101	smNRPS-CB	5945	1280	1380	97.03	5.02e-39
C8G6HANXX160303:8:1104:13442:21200/1	101	1	101	smNRPS-CB	5945	3058	3158	97.03	5.02e-39
C8G6HANXX160303:8:1212:12079:95170/2	101	101	1	smNRPS-CB	5945	4566	4666	97.03	5.02e-39
C8G6HANXX160303:6:1309:20941:73980/1	101	1	95	smNRPS-CB	5945	344	438	98.947	5.02e-39
C8G6HANXX160303:6:2309:2008:21981/2	101	101	1	smNRPS-CB	5945	42	142	97.03	5.02e-39
C8G6HANXX160303:3:1116:8168:24017/1	101	1	101	smNRPS-CB	5945	1103	1203	97.03	5.02e-39
C8G6HANXX160303:3:1116:8168:24017/2	101	101	1	smNRPS-CB	5945	1113	1213	97.03	5.02e-39
C8G6HANXX160303:6:2306:8212:87067/1	101	101	1	smNRPS-CB	5945	1277	1377	97.03	5.02e-39
C8G6HANXX160303:6:1203:1675:7751/2	101	101	1	smNRPS-CB	5945	4198	4298	97.03	5.02e-39
C8G6HANXX160303:7:2103:18521:57376/1	101	101	1	smNRPS-CB	5945	3274	3374	97.03	5.02e-39
C8G6HANXX160303:7:1108:3404:55324/2	101	1	101	smNRPS-CB	5945	4986	5086	97.03	5.02e-39
C8G6HANXX160303:7:1107:4910:4376/1	101	101	1	smNRPS-CB	5945	4562	4662	97.03	5.02e-39
C8G6HANXX160303:4:2314:9850:38492/2	101	101	1	smNRPS-CB	5945	3062	3162	97.03	5.02e-39
C8G6HANXX160303:7:1306:10829:38704/2	101	1	101	smNRPS-CB	5945	1207	1307	97.03	5.02e-39
C8G6HANXX160303:8:2306:2371:43046/1	101	1	101	smNRPS-CB	5945	3862	3962	97.03	5.02e-39
C8G6HANXX160303:4:1213:16332:47306/1	101	95	1	smNRPS-CB	5945	1034	1128	98.947	5.02e-39
C8G6HANXX160303:4:1213:16332:47306/2	101	1	95	smNRPS-CB	5945	1034	1128	98.947	5.02e-39
C8G6HANXX160303:8:1110:17826:86578/2	101	101	1	smNRPS-CB	5945	2011	2111	97.03	5.02e-39
C8G6HANXX160303:7:1205:5079:84849/1	101	101	1	smNRPS-CB	5945	4561	4661	97.03	5.02e-39
C8G6HANXX160303:5:1211:9587:3342/2	101	101	1	smNRPS-CB	5945	4562	4662	97.03	5.02e-39
C8G6HANXX160303:8:2110:3824:82121/1	101	1	101	smNRPS-CB	5945	3827	3927	97.03	5.02e-39
C8G6HANXX160303:7:1109:18523:93258/2	101	1	101	smNRPS-CB	5945	3868	3968	97.03	5.02e-39
C8G6HANXX160303:4:2115:18982:43177/2	101	1	98	smNRPS-CB	5945	5123	5220	97.959	5.02e-39
C8G6HANXX160303:6:1216:5821:50391/1	101	1	101	smNRPS-CB	5945	3281	3381	97.03	5.02e-39
C8G6HANXX160303:5:2205:14871:17205/1	101	101	1	smNRPS-CB	5945	3514	3614	97.03	5.02e-39
C8G6HANXX160303:5:1213:16179:31574/2	95	95	1	smNRPS-CB	5945	3050	3144	98.947	5.02e-39
C8G6HANXX160303:6:1311:1583:9184/1	98	1	98	smNRPS-CB	5945	1937	2034	97.959	5.02e-39
C8G6HANXX160303:5:2315:2072:77551/1	101	1	101	smNRPS-CB	5945	511	611	97.03	5.02e-39
C8G6HANXX160303:8:2103:11365:25041/1	101	1	101	smNRPS-CB	5945	3056	3156	97.03	5.02e-39
C8G6HANXX160303:5:1302:11239:44640/2	92	1	92	smNRPS-CB	5945	1900	1991	100	5.02e-39
C8G6HANXX160303:3:1206:5594:89412/2	101	1	101	smNRPS-CB	5945	3058	3158	97.03	5.02e-39
C8G6HANXX160303:5:1213:3906:54115/1	100	1	98	smNRPS-CB	5945	1311	1408	97.959	5.02e-39
C8G6HANXX160303:8:2311:10425:51575/1	101	101	1	smNRPS-CB	5945	495	595	97.03	5.02e-39
C8G6HANXX160303:8:2311:10425:51575/2	101	1	101	smNRPS-CB	5945	359	459	97.03	5.02e-39
C8G6HANXX160303:6:1308:15296:16518/1	101	101	1	smNRPS-CB	5945	1277	1377	97.03	5.02e-39
C8G6HANXX160303:6:1308:15296:16518/2	101	1	101	smNRPS-CB	5945	1249	1349	97.03	5.02e-39
C8G6HANXX160303:4:1108:14207:52311/2	101	1	101	smNRPS-CB	5945	3603	3703	97.03	5.02e-39
C8G6HANXX160303:5:1311:5271:13469/2	98	1	98	smNRPS-CB	5945	4732	4829	97.959	5.02e-39
C8G6HANXX160303:7:1311:16846:36688/1	101	1	101	smNRPS-CB	5945	1188	1288	97.03	5.02e-39
C8G6HANXX160303:8:2205:7984:6836/2	95	1	95	smNRPS-CB	5945	2422	2516	98.947	5.02e-39
C8G6HANXX160303:6:2211:3433:82975/1	101	1	101	smNRPS-CB	5945	1064	1164	97.03	5.02e-39
C8G6HANXX160303:6:2211:3433:82975/2	101	101	1	smNRPS-CB	5945	1192	1292	97.03	5.02e-39
C8G6HANXX160303:8:2114:6322:64103/1	101	1	98	smNRPS-CB	5945	5123	5220	97.959	5.02e-39
C8G6HANXX160303:5:1104:18566:92297/1	98	98	1	smNRPS-CB	5945	3962	4059	97.959	5.02e-39
C8G6HANXX160303:6:2115:20023:47178/2	101	1	101	smNRPS-CB	5945	4548	4648	97.03	5.02e-39
C8G6HANXX160303:5:1209:8587:47428/1	101	1	101	smNRPS-CB	5945	4946	5046	97.03	5.02e-39
C8G6HANXX160303:5:1116:20790:2703/2	101	101	1	smNRPS-CB	5945	4211	4311	97.03	5.02e-39
C8G6HANXX160303:6:1203:3124:39853/1	101	1	95	smNRPS-CB	5945	344	438	98.947	5.02e-39
C8G6HANXX160303:8:2310:12736:72463/2	101	101	1	smNRPS-CB	5945	4197	4297	97.03	5.02e-39
C8G6HANXX160303:5:2215:11763:41486/1	101	1	101	smNRPS-CB	5945	3862	3962	97.03	5.02e-39
C8G6HANXX160303:6:2208:21326:97064/2	101	1	101	smNRPS-CB	5945	1218	1318	97.03	5.02e-39
C8G6HANXX160303:8:1107:13141:87158/2	101	101	1	smNRPS-CB	5945	496	596	97.03	5.02e-39
C8G6HANXX160303:3:2113:1611:18833/2	98	95	1	smNRPS-CB	5945	5014	5108	98.947	5.02e-39
C8G6HANXX160303:3:1210:3225:9179/2	101	1	101	smNRPS-CB	5945	5527	5627	97.03	5.02e-39
C8G6HANXX160303:3:1113:1758:9410/1	98	98	1	smNRPS-CB	5945	2827	2924	97.959	5.02e-39
C8G6HANXX160303:7:2303:4303:34059/1	98	98	1	smNRPS-CB	5945	2053	2150	97.959	5.02e-39
C8G6HANXX160303:8:2310:6593:41985/1	101	101	4	smNRPS-CB	5945	3402	3499	97.959	5.02e-39
C8G6HANXX160303:8:1203:7163:56615/1	101	101	1	smNRPS-CB	5945	1216	1316	97.03	5.02e-39
C8G6HANXX160303:8:1203:7163:56615/2	101	1	101	smNRPS-CB	5945	1188	1288	97.03	5.02e-39
C8G6HANXX160303:6:2203:13684:48751/1	101	101	1	smNRPS-CB	5945	4560	4660	97.03	5.02e-39
C8G6HANXX160303:6:1309:9612:91517/1	101	101	1	smNRPS-CB	5945	3292	3392	97.03	5.02e-39
C8G6HANXX160303:7:2211:11700:73382/2	101	101	1	smNRPS-CB	5945	3713	3813	97.03	5.02e-39
C8G6HANXX160303:7:1107:7594:39221/1	101	101	1	smNRPS-CB	5945	4577	4677	97.03	5.02e-39
C8G6HANXX160303:6:1213:7886:57009/1	101	101	1	smNRPS-CB	5945	3071	3171	97.03	5.02e-39
C8G6HANXX160303:5:1214:18845:32171/2	101	1	98	smNRPS-CB	5945	530	627	97.959	5.02e-39
C8G6HANXX160303:5:1302:3119:46084/1	96	96	1	smNRPS-CB	5945	548	643	98.958	1.4e-39
C8G6HANXX160303:5:1213:8933:17380/2	99	99	1	smNRPS-CB	5945	5182	5280	97.98	1.4e-39
C8G6HANXX160303:3:2315:16953:43057/2	101	1	99	smNRPS-CB	5945	1933	2031	97.98	1.4e-39
C8G6HANXX160303:8:1212:12079:95170/1	101	3	101	smNRPS-CB	5945	4489	4587	97.98	1.4e-39
C8G6HANXX160303:3:2104:12183:3899/2	101	1	96	smNRPS-CB	5945	4751	4846	98.958	1.4e-39
C8G6HANXX160303:5:1315:14307:88825/1	101	96	1	smNRPS-CB	5945	2329	2424	98.958	1.4e-39
C8G6HANXX160303:5:1315:12165:89239/1	101	96	1	smNRPS-CB	5945	2329	2424	98.958	1.4e-39
C8G6HANXX160303:3:1216:9388:11621/1	99	99	1	smNRPS-CB	5945	5169	5267	97.98	1.4e-39
C8G6HANXX160303:3:1216:9388:11621/2	99	1	99	smNRPS-CB	5945	5121	5219	97.98	1.4e-39
C8G6HANXX160303:4:2109:5497:57373/1	101	1	99	smNRPS-CB	5945	1310	1408	97.98	1.4e-39
C8G6HANXX160303:4:1111:4431:96755/1	93	93	1	smNRPS-CB	5945	2974	3066	100	1.4e-39
C8G6HANXX160303:5:2104:15047:63620/2	101	1	93	smNRPS-CB	5945	134	226	100	1.4e-39
C8G6HANXX160303:5:1315:9670:19673/1	99	99	1	smNRPS-CB	5945	3029	3127	97.98	1.4e-39
C8G6HANXX160303:8:2113:19991:97856/1	93	1	93	smNRPS-CB	5945	5023	5115	100	1.4e-39
C8G6HANXX160303:3:2310:5004:36697/1	99	1	99	smNRPS-CB	5945	3932	4030	97.98	1.4e-39
C8G6HANXX160303:3:2113:8024:11902/1	99	99	1	smNRPS-CB	5945	3080	3178	97.98	1.4e-39
C8G6HANXX160303:4:2309:15393:72128/1	101	93	1	smNRPS-CB	5945	134	226	100	1.4e-39
C8G6HANXX160303:7:2109:14614:11837/2	96	1	96	smNRPS-CB	5945	1848	1943	98.958	1.4e-39
C8G6HANXX160303:6:2311:14006:90451/2	101	2	101	smNRPS-CB	5945	5148	5247	98	3.88e-40
C8G6HANXX160303:8:1209:1468:61554/1	101	100	1	smNRPS-CB	5945	3069	3168	98	3.88e-40
C8G6HANXX160303:3:1103:10846:28203/2	100	1	100	smNRPS-CB	5945	3263	3362	98	3.88e-40
C8G6HANXX160303:8:2102:7414:58646/2	100	1	100	smNRPS-CB	5945	2052	2151	98	3.88e-40
C8G6HANXX160303:8:1308:12699:31300/1	100	100	1	smNRPS-CB	5945	3616	3715	98	3.88e-40
C8G6HANXX160303:6:2301:14070:98709/2	100	100	1	smNRPS-CB	5945	5010	5109	98	3.88e-40
C8G6HANXX160303:3:1110:14340:63818/1	100	1	100	smNRPS-CB	5945	3105	3204	98	3.88e-40
C8G6HANXX160303:5:2114:19036:100166/1	100	100	1	smNRPS-CB	5945	3123	3222	98	3.88e-40
C8G6HANXX160303:5:1206:15948:19285/1	100	100	1	smNRPS-CB	5945	2040	2139	98	3.88e-40
C8G6HANXX160303:6:2310:9224:47022/2	101	97	1	smNRPS-CB	5945	3336	3432	98.969	3.88e-40
C8G6HANXX160303:8:2303:19200:48378/1	100	1	100	smNRPS-CB	5945	2512	2611	98	3.88e-40
C8G6HANXX160303:4:1203:2010:7230/2	101	1	97	smNRPS-CB	5945	3051	3147	98.969	3.88e-40
C8G6HANXX160303:6:2102:14551:65643/1	99	97	1	smNRPS-CB	5945	5741	5837	98.969	3.88e-40
C8G6HANXX160303:6:1211:13507:99316/2	100	100	1	smNRPS-CB	5945	1309	1408	98	3.88e-40
C8G6HANXX160303:7:2212:3963:96974/2	100	100	1	smNRPS-CB	5945	1463	1562	98	3.88e-40
C8G6HANXX160303:8:1309:20506:76832/2	100	1	100	smNRPS-CB	5945	1474	1573	98	3.88e-40
C8G6HANXX160303:3:1313:2339:28356/2	100	100	1	smNRPS-CB	5945	3512	3611	98	3.88e-40
C8G6HANXX160303:6:2211:19815:65650/2	97	97	1	smNRPS-CB	5945	1004	1100	98.969	3.88e-40
C8G6HANXX160303:3:1206:5594:89412/1	100	100	1	smNRPS-CB	5945	3109	3208	98	3.88e-40
C8G6HANXX160303:4:1204:20618:21561/1	100	1	100	smNRPS-CB	5945	5186	5285	98	3.88e-40
C8G6HANXX160303:5:1303:17227:65223/1	100	100	1	smNRPS-CB	5945	653	752	98	3.88e-40
C8G6HANXX160303:3:1101:11140:36998/1	101	2	101	smNRPS-CB	5945	5006	5105	98	3.88e-40
C8G6HANXX160303:7:2108:8956:87318/2	100	97	1	smNRPS-CB	5945	346	442	98.969	3.88e-40
C8G6HANXX160303:8:2108:5631:14270/1	101	2	101	smNRPS-CB	5945	5517	5616	98	3.88e-40
C8G6HANXX160303:4:2209:8146:48643/2	100	1	100	smNRPS-CB	5945	3237	3336	98	3.88e-40
C8G6HANXX160303:6:2302:15263:68876/1	101	1	94	smNRPS-CB	5945	2961	3054	100	3.88e-40
C8G6HANXX160303:7:1109:10693:8578/2	100	100	1	smNRPS-CB	5945	3260	3359	98	3.88e-40
C8G6HANXX160303:3:1210:3225:9179/1	101	101	2	smNRPS-CB	5945	5650	5749	98	3.88e-40
C8G6HANXX160303:6:2316:3468:26807/1	100	1	100	smNRPS-CB	5945	359	458	98	3.88e-40
C8G6HANXX160303:3:1115:9979:18270/2	100	100	1	smNRPS-CB	5945	1306	1405	98	3.88e-40
C8G6HANXX160303:5:2308:11554:5395/2	101	2	101	smNRPS-CB	5945	3069	3168	98	3.88e-40
C8G6HANXX160303:6:1309:18951:97500/1	100	100	1	smNRPS-CB	5945	626	726	98.02	3.88e-40
C8G6HANXX160303:5:1110:8167:81891/1	100	100	1	smNRPS-CB	5945	3509	3608	98	3.88e-40
C8G6HANXX160303:5:1110:8167:81891/2	97	1	97	smNRPS-CB	5945	3345	3441	98.969	3.88e-40
C8G6HANXX160303:7:2211:11700:73382/1	100	1	100	smNRPS-CB	5945	3615	3714	98	3.88e-40
C8G6HANXX160303:4:1202:12692:37570/1	100	1	100	smNRPS-CB	5945	2567	2666	98	3.88e-40
C8G6HANXX160303:6:1209:11476:39907/1	100	100	1	smNRPS-CB	5945	1167	1266	98	3.88e-40
C8G6HANXX160303:6:1309:2217:50601/1	101	101	2	smNRPS-CB	5945	447	546	98	3.88e-40
C8G6HANXX160303:8:1206:4756:40875/1	101	1	101	smNRPS-CB	5945	1400	1499	98.02	3.88e-40
C8G6HANXX160303:4:2205:9207:93056/1	100	1	100	smNRPS-CB	5945	5163	5262	98	3.88e-40
C8G6HANXX160303:3:1306:7842:11532/1	94	1	94	smNRPS-CB	5945	1567	1660	100	3.88e-40
C8G6HANXX160303:7:2114:6208:65472/1	100	100	1	smNRPS-CB	5945	5489	5588	98	3.88e-40
C8G6HANXX160303:8:2211:13702:16834/1	100	1	100	smNRPS-CB	5945	360	459	98	3.88e-40
C8G6HANXX160303:7:1203:6711:53256/2	100	1	100	smNRPS-CB	5945	4154	4253	98	3.88e-40
C8G6HANXX160303:4:2114:7760:84087/2	101	2	101	smNRPS-CB	5945	3502	3601	98	3.88e-40
C8G6HANXX160303:7:1107:2587:33413/1	101	1	101	smNRPS-CB	5945	2057	2157	98.02	1.08e-40
C8G6HANXX160303:4:2304:19229:48240/1	101	1	101	smNRPS-CB	5945	430	530	98.02	1.08e-40
C8G6HANXX160303:4:2304:19229:48240/2	101	101	1	smNRPS-CB	5945	430	530	98.02	1.08e-40
C8G6HANXX160303:5:2109:14211:12984/1	101	1	101	smNRPS-CB	5945	1837	1937	98.02	1.08e-40
C8G6HANXX160303:8:1107:7480:91810/1	101	1	101	smNRPS-CB	5945	3089	3189	98.02	1.08e-40
C8G6HANXX160303:7:1107:14239:39576/1	101	1	101	smNRPS-CB	5945	1484	1584	98.02	1.08e-40
C8G6HANXX160303:4:2209:17228:4821/1	101	1	101	smNRPS-CB	5945	359	459	98.02	1.08e-40
C8G6HANXX160303:5:1213:8933:17380/1	101	1	101	smNRPS-CB	5945	5104	5204	98.02	1.08e-40
C8G6HANXX160303:3:2109:17048:91767/1	101	1	101	smNRPS-CB	5945	3889	3989	98.02	1.08e-40
C8G6HANXX160303:4:2306:14590:73770/2	101	1	101	smNRPS-CB	5945	1173	1273	98.02	1.08e-40
C8G6HANXX160303:6:2305:8436:37346/2	101	1	101	smNRPS-CB	5945	544	644	98.02	1.08e-40
C8G6HANXX160303:8:2306:7981:94838/2	101	101	1	smNRPS-CB	5945	32	132	98.02	1.08e-40
C8G6HANXX160303:8:1308:12699:31300/2	101	1	101	smNRPS-CB	5945	3613	3713	98.02	1.08e-40
C8G6HANXX160303:8:1111:14039:15547/1	101	1	101	smNRPS-CB	5945	1938	2038	98.02	1.08e-40
C8G6HANXX160303:6:2306:17118:68505/1	101	101	1	smNRPS-CB	5945	2043	2143	98.02	1.08e-40
C8G6HANXX160303:3:1110:14340:63818/2	101	101	1	smNRPS-CB	5945	3122	3222	98.02	1.08e-40
C8G6HANXX160303:3:2105:12885:89554/2	101	98	1	smNRPS-CB	5945	2654	2751	98.98	1.08e-40
C8G6HANXX160303:4:1215:9906:46831/2	101	1	101	smNRPS-CB	5945	5104	5204	98.02	1.08e-40
C8G6HANXX160303:3:2109:11761:55815/2	101	1	101	smNRPS-CB	5945	3948	4048	98.02	1.08e-40
C8G6HANXX160303:3:1211:9553:34486/2	101	1	101	smNRPS-CB	5945	2565	2665	98.02	1.08e-40
C8G6HANXX160303:7:1202:14649:79949/2	101	1	101	smNRPS-CB	5945	3790	3890	98.02	1.08e-40
C8G6HANXX160303:5:2113:7731:6716/2	101	1	101	smNRPS-CB	5945	4179	4279	98.02	1.08e-40
C8G6HANXX160303:7:2103:18521:57376/2	101	1	101	smNRPS-CB	5945	3237	3337	98.02	1.08e-40
C8G6HANXX160303:5:2313:18394:64670/2	101	101	1	smNRPS-CB	5945	2668	2768	98.02	1.08e-40
C8G6HANXX160303:4:1107:8240:30236/1	98	98	1	smNRPS-CB	5945	2335	2432	98.98	1.08e-40
C8G6HANXX160303:5:2114:19036:100166/2	101	1	101	smNRPS-CB	5945	3115	3215	98.02	1.08e-40
C8G6HANXX160303:7:1107:4910:4376/2	101	1	101	smNRPS-CB	5945	4525	4625	98.02	1.08e-40
C8G6HANXX160303:8:2313:10452:4009/2	101	1	101	smNRPS-CB	5945	654	754	98.02	1.08e-40
C8G6HANXX160303:8:2303:19200:48378/2	101	101	1	smNRPS-CB	5945	2576	2676	98.02	1.08e-40
C8G6HANXX160303:5:2214:14054:66707/1	101	1	101	smNRPS-CB	5945	3264	3364	98.02	1.08e-40
C8G6HANXX160303:6:2108:2740:11929/1	101	101	1	smNRPS-CB	5945	2540	2640	98.02	1.08e-40
C8G6HANXX160303:6:2102:14551:65643/2	101	1	98	smNRPS-CB	5945	5742	5839	98.98	1.08e-40
C8G6HANXX160303:8:1110:17826:86578/1	101	1	101	smNRPS-CB	5945	1936	2036	98.02	1.08e-40
C8G6HANXX160303:3:1211:18394:87527/2	101	1	101	smNRPS-CB	5945	5106	5206	98.02	1.08e-40
C8G6HANXX160303:3:2203:19487:94252/2	101	1	101	smNRPS-CB	5945	2595	2695	98.02	1.08e-40
C8G6HANXX160303:6:2204:11511:75226/1	101	101	1	smNRPS-CB	5945	3096	3196	98.02	1.08e-40
C8G6HANXX160303:6:2204:11511:75226/2	101	1	101	smNRPS-CB	5945	3075	3175	98.02	1.08e-40
C8G6HANXX160303:4:1107:15708:83326/2	101	1	101	smNRPS-CB	5945	2562	2662	98.02	1.08e-40
C8G6HANXX160303:3:2209:20482:28322/1	101	1	101	smNRPS-CB	5945	1835	1935	98.02	1.08e-40
C8G6HANXX160303:6:1104:4301:20115/1	98	1	98	smNRPS-CB	5945	317	414	98.98	1.08e-40
C8G6HANXX160303:8:2207:12508:78425/2	101	101	1	smNRPS-CB	5945	1462	1562	98.02	1.08e-40
C8G6HANXX160303:6:1309:13256:93547/1	101	1	101	smNRPS-CB	5945	3956	4056	98.02	1.08e-40
C8G6HANXX160303:7:1210:5886:72612/1	101	101	1	smNRPS-CB	5945	2540	2640	98.02	1.08e-40
C8G6HANXX160303:4:2203:11354:62886/1	101	1	101	smNRPS-CB	5945	2056	2156	98.02	1.08e-40
C8G6HANXX160303:7:2314:13375:69534/2	101	101	1	smNRPS-CB	5945	3511	3611	98.02	1.08e-40
C8G6HANXX160303:5:2109:11058:90029/1	101	1	101	smNRPS-CB	5945	2412	2512	98.02	1.08e-40
C8G6HANXX160303:5:2109:11058:90029/2	101	101	1	smNRPS-CB	5945	2460	2560	98.02	1.08e-40
C8G6HANXX160303:3:2305:20359:23982/2	101	1	101	smNRPS-CB	5945	5170	5270	98.02	1.08e-40
C8G6HANXX160303:8:2110:3824:82121/2	101	101	1	smNRPS-CB	5945	3888	3988	98.02	1.08e-40
C8G6HANXX160303:4:2115:18982:43177/1	101	101	1	smNRPS-CB	5945	5183	5283	98.02	1.08e-40
C8G6HANXX160303:4:1201:14751:78824/1	98	1	98	smNRPS-CB	5945	5082	5179	98.98	1.08e-40
C8G6HANXX160303:3:1304:14902:74640/2	101	101	1	smNRPS-CB	5945	2596	2696	98.02	1.08e-40
C8G6HANXX160303:7:2205:14319:89155/1	101	1	101	smNRPS-CB	5945	1955	2055	98.02	1.08e-40
C8G6HANXX160303:8:1112:10160:62338/1	101	1	101	smNRPS-CB	5945	1943	2043	98.02	1.08e-40
C8G6HANXX160303:8:1112:10160:62338/2	101	101	1	smNRPS-CB	5945	1959	2059	98.02	1.08e-40
C8G6HANXX160303:8:2107:21037:69581/1	98	98	1	smNRPS-CB	5945	3195	3292	98.98	1.08e-40
C8G6HANXX160303:6:2308:9716:49025/2	101	101	1	smNRPS-CB	5945	4151	4251	98.02	1.08e-40
C8G6HANXX160303:8:1309:20506:76832/1	101	101	1	smNRPS-CB	5945	1544	1644	98.02	1.08e-40
C8G6HANXX160303:7:2112:20473:52773/1	101	101	1	smNRPS-CB	5945	64	164	98.02	1.08e-40
C8G6HANXX160303:4:2109:5497:57373/2	101	101	1	smNRPS-CB	5945	1308	1408	98.02	1.08e-40
C8G6HANXX160303:6:2207:6972:2118/2	101	1	101	smNRPS-CB	5945	1145	1245	98.02	1.08e-40
C8G6HANXX160303:8:1214:5181:87036/1	101	101	1	smNRPS-CB	5945	3511	3611	98.02	1.08e-40
C8G6HANXX160303:8:2305:14512:81785/2	101	101	1	smNRPS-CB	5945	4151	4251	98.02	1.08e-40
C8G6HANXX160303:3:2109:12939:23691/2	101	1	101	smNRPS-CB	5945	5162	5262	98.02	1.08e-40
C8G6HANXX160303:5:1302:11239:44640/1	101	101	1	smNRPS-CB	5945	1957	2057	98.02	1.08e-40
C8G6HANXX160303:7:2213:15449:67449/1	101	1	101	smNRPS-CB	5945	4168	4268	98.02	1.08e-40
C8G6HANXX160303:6:2116:6648:90854/2	98	98	1	smNRPS-CB	5945	2995	3092	98.98	1.08e-40
C8G6HANXX160303:6:2205:10154:46708/2	101	1	101	smNRPS-CB	5945	2450	2550	98.02	1.08e-40
C8G6HANXX160303:8:2103:20074:11349/1	101	101	1	smNRPS-CB	5945	1544	1644	98.02	1.08e-40
C8G6HANXX160303:8:2103:20074:11349/2	101	1	101	smNRPS-CB	5945	1474	1574	98.02	1.08e-40
C8G6HANXX160303:5:2314:2166:9950/1	101	1	101	smNRPS-CB	5945	1936	2036	98.02	1.08e-40
C8G6HANXX160303:7:2107:6487:6872/1	98	1	98	smNRPS-CB	5945	951	1048	98.98	1.08e-40
C8G6HANXX160303:7:2107:6487:6872/2	101	101	1	smNRPS-CB	5945	1305	1405	98.02	1.08e-40
C8G6HANXX160303:6:2308:19279:85596/2	98	98	1	smNRPS-CB	5945	2388	2485	98.98	1.08e-40
C8G6HANXX160303:5:2103:13237:35383/1	101	1	101	smNRPS-CB	5945	3085	3185	98.02	1.08e-40
C8G6HANXX160303:4:1216:18186:90077/1	101	101	1	smNRPS-CB	5945	2540	2640	98.02	1.08e-40
C8G6HANXX160303:4:2310:17172:65930/1	101	101	1	smNRPS-CB	5945	4824	4924	98.02	1.08e-40
C8G6HANXX160303:6:2307:8377:30672/1	101	1	101	smNRPS-CB	5945	2525	2625	98.02	1.08e-40
C8G6HANXX160303:7:2216:13988:25166/2	101	101	1	smNRPS-CB	5945	2591	2691	98.02	1.08e-40
C8G6HANXX160303:3:1305:6010:87387/1	101	1	101	smNRPS-CB	5945	1317	1417	98.02	1.08e-40
C8G6HANXX160303:5:1306:4005:6498/2	101	1	101	smNRPS-CB	5945	3942	4042	98.02	1.08e-40
C8G6HANXX160303:5:1210:4406:20153/1	101	101	1	smNRPS-CB	5945	1464	1564	98.02	1.08e-40
C8G6HANXX160303:5:1210:4406:20153/2	101	1	101	smNRPS-CB	5945	1464	1564	98.02	1.08e-40
C8G6HANXX160303:4:1312:13937:84327/1	101	101	1	smNRPS-CB	5945	3626	3726	98.02	1.08e-40
C8G6HANXX160303:7:2108:8956:87318/1	100	1	98	smNRPS-CB	5945	346	443	98.98	1.08e-40
C8G6HANXX160303:8:2101:9032:81709/2	101	101	1	smNRPS-CB	5945	2482	2582	98.02	1.08e-40
C8G6HANXX160303:6:1305:21164:44634/1	101	1	101	smNRPS-CB	5945	2578	2678	98.02	1.08e-40
C8G6HANXX160303:4:2201:12643:74576/1	101	101	1	smNRPS-CB	5945	2542	2642	98.02	1.08e-40
C8G6HANXX160303:4:2201:12643:74576/2	101	1	101	smNRPS-CB	5945	2523	2623	98.02	1.08e-40
C8G6HANXX160303:8:2114:6322:64103/2	101	101	1	smNRPS-CB	5945	5181	5281	98.02	1.08e-40
C8G6HANXX160303:5:1216:16701:65080/1	101	101	1	smNRPS-CB	5945	3267	3367	98.02	1.08e-40
C8G6HANXX160303:5:1216:16701:65080/2	101	1	101	smNRPS-CB	5945	3243	3343	98.02	1.08e-40
C8G6HANXX160303:5:1210:18402:60664/2	101	1	101	smNRPS-CB	5945	3329	3429	98.02	1.08e-40
C8G6HANXX160303:5:1209:8587:47428/2	101	101	1	smNRPS-CB	5945	5084	5184	98.02	1.08e-40
C8G6HANXX160303:7:1115:3813:8333/1	101	1	101	smNRPS-CB	5945	2564	2664	98.02	1.08e-40
C8G6HANXX160303:5:1116:20790:2703/1	101	1	101	smNRPS-CB	5945	4186	4286	98.02	1.08e-40
C8G6HANXX160303:8:2310:12736:72463/1	98	1	98	smNRPS-CB	5945	4093	4190	98.98	1.08e-40
C8G6HANXX160303:6:2312:6387:4104/1	101	1	101	smNRPS-CB	5945	2029	2129	98.02	1.08e-40
C8G6HANXX160303:6:2312:6387:4104/2	101	101	1	smNRPS-CB	5945	2035	2135	98.02	1.08e-40
C8G6HANXX160303:5:2215:11763:41486/2	101	101	1	smNRPS-CB	5945	3950	4050	98.02	1.08e-40
C8G6HANXX160303:7:1109:10693:8578/1	101	1	101	smNRPS-CB	5945	3075	3175	98.02	1.08e-40
C8G6HANXX160303:5:1211:18514:21315/2	101	1	101	smNRPS-CB	5945	3258	3358	98.02	1.08e-40
C8G6HANXX160303:6:1202:19628:9894/2	101	1	101	smNRPS-CB	5945	1479	1579	98.02	1.08e-40
C8G6HANXX160303:3:2103:16594:44128/2	101	101	1	smNRPS-CB	5945	4161	4261	98.02	1.08e-40
C8G6HANXX160303:8:1214:11342:100046/1	101	1	101	smNRPS-CB	5945	376	476	98.02	1.08e-40
C8G6HANXX160303:8:1214:11342:100046/2	101	101	1	smNRPS-CB	5945	430	530	98.02	1.08e-40
C8G6HANXX160303:3:1113:1758:9410/2	98	1	98	smNRPS-CB	5945	2760	2857	98.98	1.08e-40
C8G6HANXX160303:7:1104:1819:43284/1	101	101	1	smNRPS-CB	5945	3327	3427	98.02	1.08e-40
C8G6HANXX160303:4:1208:10159:8660/1	101	101	1	smNRPS-CB	5945	3511	3611	98.02	1.08e-40
C8G6HANXX160303:8:1309:10028:2962/1	101	1	101	smNRPS-CB	5945	1842	1942	98.02	1.08e-40
C8G6HANXX160303:4:1111:3917:23213/2	98	1	98	smNRPS-CB	5945	2758	2855	98.98	1.08e-40
C8G6HANXX160303:3:1115:9979:18270/1	101	1	101	smNRPS-CB	5945	950	1050	98.02	1.08e-40
C8G6HANXX160303:5:1204:9302:92044/2	101	1	101	smNRPS-CB	5945	2602	2702	98.02	1.08e-40
C8G6HANXX160303:6:2110:13853:48477/1	101	1	101	smNRPS-CB	5945	3079	3179	98.02	1.08e-40
C8G6HANXX160303:8:2305:13353:13259/2	101	1	101	smNRPS-CB	5945	2558	2658	98.02	1.08e-40
C8G6HANXX160303:5:2308:11554:5395/1	101	101	1	smNRPS-CB	5945	3071	3171	98.02	1.08e-40
C8G6HANXX160303:7:1306:8925:75679/2	101	101	1	smNRPS-CB	5945	3740	3840	98.02	1.08e-40
C8G6HANXX160303:5:2305:2298:27746/1	101	101	1	smNRPS-CB	5945	3248	3348	98.02	1.08e-40
C8G6HANXX160303:5:2305:2298:27746/2	101	1	101	smNRPS-CB	5945	3243	3343	98.02	1.08e-40
C8G6HANXX160303:5:2303:8179:87384/2	101	101	1	smNRPS-CB	5945	4151	4251	98.02	1.08e-40
C8G6HANXX160303:4:1310:15639:82598/1	101	1	101	smNRPS-CB	5945	42	142	98.02	1.08e-40
C8G6HANXX160303:4:1310:15639:82598/2	101	101	1	smNRPS-CB	5945	42	142	98.02	1.08e-40
C8G6HANXX160303:6:1309:9612:91517/2	101	1	101	smNRPS-CB	5945	3075	3175	98.02	1.08e-40
C8G6HANXX160303:7:1209:20297:53441/2	101	1	101	smNRPS-CB	5945	3390	3490	98.02	1.08e-40
C8G6HANXX160303:5:2103:10142:28828/1	101	1	101	smNRPS-CB	5945	1318	1418	98.02	1.08e-40
C8G6HANXX160303:6:1204:16427:95707/2	101	1	101	smNRPS-CB	5945	3104	3204	98.02	1.08e-40
C8G6HANXX160303:3:1203:10172:2500/2	101	101	1	smNRPS-CB	5945	1947	2047	98.02	1.08e-40
C8G6HANXX160303:5:2107:11080:95155/2	101	101	1	smNRPS-CB	5945	2431	2531	98.02	1.08e-40
C8G6HANXX160303:5:2212:8097:45882/1	101	101	1	smNRPS-CB	5945	5488	5588	98.02	1.08e-40
C8G6HANXX160303:8:1107:6022:67850/1	101	1	101	smNRPS-CB	5945	4505	4605	98.02	1.08e-40
C8G6HANXX160303:4:1102:9249:47538/1	101	1	101	smNRPS-CB	5945	1938	2038	98.02	1.08e-40
C8G6HANXX160303:6:2207:5298:49038/1	101	1	101	smNRPS-CB	5945	456	556	98.02	1.08e-40
C8G6HANXX160303:5:2303:15976:14464/2	101	1	101	smNRPS-CB	5945	5104	5204	98.02	1.08e-40
C8G6HANXX160303:4:2211:9202:55955/2	101	1	101	smNRPS-CB	5945	2061	2161	98.02	1.08e-40
C8G6HANXX160303:4:1113:19083:98982/2	101	1	101	smNRPS-CB	5945	3126	3226	98.02	1.08e-40
C8G6HANXX160303:3:2209:20482:28322/2	99	99	1	smNRPS-CB	5945	1857	1955	98.99	3e-41
C8G6HANXX160303:5:1315:14307:88825/2	101	1	99	smNRPS-CB	5945	2329	2427	98.99	3e-41
C8G6HANXX160303:6:1302:5889:57262/1	99	1	99	smNRPS-CB	5945	2612	2710	98.99	3e-41
C8G6HANXX160303:5:1315:12165:89239/2	101	1	99	smNRPS-CB	5945	2329	2427	98.99	3e-41
C8G6HANXX160303:6:2208:16950:85849/1	99	99	1	smNRPS-CB	5945	4800	4898	98.99	3e-41
C8G6HANXX160303:6:1314:3733:23923/2	101	99	1	smNRPS-CB	5945	2498	2596	98.99	3e-41
C8G6HANXX160303:5:1305:5407:21394/1	99	99	1	smNRPS-CB	5945	2648	2746	98.99	3e-41
C8G6HANXX160303:3:1305:8181:40038/1	99	1	99	smNRPS-CB	5945	5081	5179	98.99	3e-41
C8G6HANXX160303:3:1101:11140:36998/2	99	99	1	smNRPS-CB	5945	5197	5295	98.99	3e-41
C8G6HANXX160303:8:2108:5631:14270/2	101	99	1	smNRPS-CB	5945	5694	5792	98.99	3e-41
C8G6HANXX160303:4:1304:14029:75675/2	101	1	99	smNRPS-CB	5945	1924	2022	98.99	3e-41
C8G6HANXX160303:4:2310:12958:39076/1	99	99	1	smNRPS-CB	5945	1653	1751	98.99	3e-41
C8G6HANXX160303:6:2208:18894:71795/1	99	1	99	smNRPS-CB	5945	667	765	98.99	3e-41
C8G6HANXX160303:8:1307:8978:18800/1	99	99	1	smNRPS-CB	5945	5297	5395	98.99	3e-41
C8G6HANXX160303:5:2212:18353:75842/2	99	1	99	smNRPS-CB	5945	2979	3077	98.99	3e-41
C8G6HANXX160303:7:1106:15903:24723/2	96	1	96	smNRPS-CB	5945	5242	5337	100	3e-41
C8G6HANXX160303:7:2108:18198:24758/1	99	1	99	smNRPS-CB	5945	4807	4905	98.99	3e-41
C8G6HANXX160303:7:2114:18889:29582/2	96	1	96	smNRPS-CB	5945	4044	4139	100	3e-41
C8G6HANXX160303:6:1209:10675:77469/1	100	100	1	smNRPS-CB	5945	3012	3111	99	8.34e-42
C8G6HANXX160303:5:2109:14211:12984/2	100	100	1	smNRPS-CB	5945	1920	2019	99	8.34e-42
C8G6HANXX160303:5:1107:14121:60691/2	98	2	98	smNRPS-CB	5945	3150	3246	100	8.34e-42
C8G6HANXX160303:6:1314:14932:19065/2	100	100	1	smNRPS-CB	5945	5066	5165	99	8.34e-42
C8G6HANXX160303:6:2201:15966:25438/1	100	1	100	smNRPS-CB	5945	5705	5804	99	8.34e-42
C8G6HANXX160303:4:2211:12030:14238/1	101	97	1	smNRPS-CB	5945	3150	3246	100	8.34e-42
C8G6HANXX160303:4:2211:12030:14238/2	100	1	100	smNRPS-CB	5945	2995	3094	99	8.34e-42
C8G6HANXX160303:3:2105:12885:89554/1	100	1	100	smNRPS-CB	5945	2654	2753	99	8.34e-42
C8G6HANXX160303:5:1312:14038:2207/2	101	2	101	smNRPS-CB	5945	548	647	99	8.34e-42
C8G6HANXX160303:5:2101:10939:22294/2	101	100	1	smNRPS-CB	5945	3370	3469	99	8.34e-42
C8G6HANXX160303:3:2111:8000:79231/1	100	1	100	smNRPS-CB	5945	3916	4015	99	8.34e-42
C8G6HANXX160303:8:1104:6015:77764/2	100	100	1	smNRPS-CB	5945	952	1051	99	8.34e-42
C8G6HANXX160303:8:2113:12312:47714/1	101	100	1	smNRPS-CB	5945	1847	1946	99	8.34e-42
C8G6HANXX160303:3:1106:4381:44998/1	100	1	100	smNRPS-CB	5945	290	389	99	8.34e-42
C8G6HANXX160303:6:2106:20543:54509/1	100	100	1	smNRPS-CB	5945	4126	4225	99	8.34e-42
C8G6HANXX160303:5:2214:14054:66707/2	101	100	1	smNRPS-CB	5945	3333	3432	99	8.34e-42
C8G6HANXX160303:4:2308:12779:38409/2	100	1	100	smNRPS-CB	5945	4129	4228	99	8.34e-42
C8G6HANXX160303:6:1104:5164:54532/1	100	100	1	smNRPS-CB	5945	3374	3473	99	8.34e-42
C8G6HANXX160303:3:1206:4754:42097/2	100	100	1	smNRPS-CB	5945	3045	3144	99	8.34e-42
C8G6HANXX160303:4:1107:15708:83326/1	100	100	1	smNRPS-CB	5945	2652	2751	99	8.34e-42
C8G6HANXX160303:7:2201:10555:7632/1	100	1	100	smNRPS-CB	5945	2784	2883	99	8.34e-42
C8G6HANXX160303:7:2212:3963:96974/1	100	1	100	smNRPS-CB	5945	1457	1556	99	8.34e-42
C8G6HANXX160303:4:1201:14751:78824/2	97	97	1	smNRPS-CB	5945	5260	5356	100	8.34e-42
C8G6HANXX160303:4:2209:11204:94717/1	101	1	100	smNRPS-CB	5945	1039	1138	99	8.34e-42
C8G6HANXX160303:4:2209:11204:94717/2	101	100	1	smNRPS-CB	5945	1039	1138	99	8.34e-42
C8G6HANXX160303:4:2106:5261:57644/1	100	100	1	smNRPS-CB	5945	5350	5449	99	8.34e-42
C8G6HANXX160303:4:2106:5261:57644/2	100	1	100	smNRPS-CB	5945	5350	5449	99	8.34e-42
C8G6HANXX160303:6:2308:9716:49025/1	100	1	100	smNRPS-CB	5945	4127	4226	99	8.34e-42
C8G6HANXX160303:5:1305:10793:47851/1	100	100	1	smNRPS-CB	5945	4126	4225	99	8.34e-42
C8G6HANXX160303:4:2304:10570:5269/1	100	1	100	smNRPS-CB	5945	5355	5454	99	8.34e-42
C8G6HANXX160303:7:2309:5503:54432/1	100	1	100	smNRPS-CB	5945	2702	2801	99	8.34e-42
C8G6HANXX160303:7:2309:5503:54432/2	100	100	1	smNRPS-CB	5945	2704	2803	99	8.34e-42
C8G6HANXX160303:7:1303:4035:24587/1	101	1	100	smNRPS-CB	5945	634	733	99	8.34e-42
C8G6HANXX160303:7:1303:4035:24587/2	101	100	1	smNRPS-CB	5945	634	733	99	8.34e-42
C8G6HANXX160303:4:1215:15086:6800/1	100	100	1	smNRPS-CB	5945	3000	3099	99	8.34e-42
C8G6HANXX160303:3:1113:16190:42830/1	100	100	1	smNRPS-CB	5945	3012	3111	99	8.34e-42
C8G6HANXX160303:7:2316:17967:55416/2	100	1	100	smNRPS-CB	5945	1552	1651	99	8.34e-42
C8G6HANXX160303:5:2301:16906:4759/2	101	100	1	smNRPS-CB	5945	3370	3469	99	8.34e-42
C8G6HANXX160303:7:2202:2301:38711/1	97	97	1	smNRPS-CB	5945	804	900	100	8.34e-42
C8G6HANXX160303:5:2110:15388:33693/1	100	1	100	smNRPS-CB	5945	1417	1516	99	8.34e-42
C8G6HANXX160303:8:1210:11485:78285/2	100	1	100	smNRPS-CB	5945	338	437	99	8.34e-42
C8G6HANXX160303:7:2116:3488:15747/1	100	1	100	smNRPS-CB	5945	4008	4107	99	8.34e-42
C8G6HANXX160303:7:2116:3488:15747/2	101	101	2	smNRPS-CB	5945	4149	4248	99	8.34e-42
C8G6HANXX160303:7:2315:3453:70474/2	100	1	100	smNRPS-CB	5945	2764	2863	99	8.34e-42
C8G6HANXX160303:5:2305:13733:65650/2	100	1	100	smNRPS-CB	5945	679	778	99	8.34e-42
C8G6HANXX160303:4:1301:13243:5103/1	100	100	1	smNRPS-CB	5945	5079	5178	99	8.34e-42
C8G6HANXX160303:5:2314:6182:42281/1	100	100	1	smNRPS-CB	5945	627	726	99	8.34e-42
C8G6HANXX160303:4:2310:12958:39076/2	100	1	100	smNRPS-CB	5945	1508	1607	99	8.34e-42
C8G6HANXX160303:7:1311:6404:50724/2	101	97	1	smNRPS-CB	5945	3150	3246	100	8.34e-42
C8G6HANXX160303:3:2110:17470:56841/1	100	1	100	smNRPS-CB	5945	576	675	99	8.34e-42
C8G6HANXX160303:5:2305:14674:36245/1	100	100	1	smNRPS-CB	5945	2671	2770	99	8.34e-42
C8G6HANXX160303:5:2303:8179:87384/1	100	1	100	smNRPS-CB	5945	4129	4228	99	8.34e-42
C8G6HANXX160303:6:1308:14816:33954/1	100	1	100	smNRPS-CB	5945	694	793	99	8.34e-42
C8G6HANXX160303:5:2103:10142:28828/2	101	100	1	smNRPS-CB	5945	1493	1592	99	8.34e-42
C8G6HANXX160303:7:1105:15486:90699/1	100	100	1	smNRPS-CB	5945	93	192	99	8.34e-42
C8G6HANXX160303:6:1112:7270:47375/1	100	1	100	smNRPS-CB	5945	2920	3019	99	8.34e-42
C8G6HANXX160303:5:1213:18088:99161/1	100	1	100	smNRPS-CB	5945	5356	5455	99	8.34e-42
C8G6HANXX160303:6:1214:1295:25273/1	97	1	97	smNRPS-CB	5945	822	918	100	8.34e-42
C8G6HANXX160303:6:1115:3497:79210/1	101	101	1	smNRPS-CB	5945	2789	2889	99.01	2.32e-42
C8G6HANXX160303:6:1115:3497:79210/2	101	1	101	smNRPS-CB	5945	2715	2815	99.01	2.32e-42
C8G6HANXX160303:5:1302:3119:46084/2	101	1	101	smNRPS-CB	5945	310	410	99.01	2.32e-42
C8G6HANXX160303:6:1214:16432:45617/1	101	1	101	smNRPS-CB	5945	704	804	99.01	2.32e-42
C8G6HANXX160303:7:1107:14239:39576/2	101	101	1	smNRPS-CB	5945	1675	1775	99.01	2.32e-42
C8G6HANXX160303:4:2209:17228:4821/2	101	101	1	smNRPS-CB	5945	414	514	99.01	2.32e-42
C8G6HANXX160303:3:2109:17048:91767/2	101	101	1	smNRPS-CB	5945	4148	4248	99.01	2.32e-42
C8G6HANXX160303:4:2306:14590:73770/1	101	101	1	smNRPS-CB	5945	1338	1438	99.01	2.32e-42
C8G6HANXX160303:6:2305:8436:37346/1	101	101	1	smNRPS-CB	5945	650	750	99.01	2.32e-42
C8G6HANXX160303:4:1201:16122:67085/2	101	101	1	smNRPS-CB	5945	795	895	99.01	2.32e-42
C8G6HANXX160303:4:2113:4113:42963/2	101	101	1	smNRPS-CB	5945	3010	3110	99.01	2.32e-42
C8G6HANXX160303:6:2205:13361:71351/1	101	101	1	smNRPS-CB	5945	4789	4889	99.01	2.32e-42
C8G6HANXX160303:5:2206:3966:25031/1	101	1	101	smNRPS-CB	5945	2881	2981	99.01	2.32e-42
C8G6HANXX160303:3:2214:18377:7406/2	101	101	1	smNRPS-CB	5945	3895	3995	99.01	2.32e-42
C8G6HANXX160303:5:1304:14884:52944/1	101	101	1	smNRPS-CB	5945	1506	1606	99.01	2.32e-42
C8G6HANXX160303:8:1104:13442:21200/2	101	101	1	smNRPS-CB	5945	3229	3329	99.01	2.32e-42
C8G6HANXX160303:5:2216:18023:28682/1	101	101	1	smNRPS-CB	5945	20	120	99.01	2.32e-42
C8G6HANXX160303:5:1105:20691:7084/1	101	101	1	smNRPS-CB	5945	2765	2865	99.01	2.32e-42
C8G6HANXX160303:5:1105:20691:7084/2	101	1	101	smNRPS-CB	5945	2631	2731	99.01	2.32e-42
C8G6HANXX160303:6:2214:15203:71826/1	101	1	101	smNRPS-CB	5945	2759	2859	99.01	2.32e-42
C8G6HANXX160303:6:2214:15203:71826/2	101	101	1	smNRPS-CB	5945	2761	2861	99.01	2.32e-42
C8G6HANXX160303:5:2206:4093:26136/1	101	1	101	smNRPS-CB	5945	822	922	99.01	2.32e-42
C8G6HANXX160303:5:2206:4093:26136/2	101	101	1	smNRPS-CB	5945	951	1051	99.01	2.32e-42
C8G6HANXX160303:6:2106:3535:56211/1	101	101	1	smNRPS-CB	5945	4789	4889	99.01	2.32e-42
C8G6HANXX160303:5:1312:14038:2207/1	101	101	1	smNRPS-CB	5945	560	660	99.01	2.32e-42
C8G6HANXX160303:8:2306:6145:99986/1	101	101	1	smNRPS-CB	5945	2394	2494	99.01	2.32e-42
C8G6HANXX160303:3:1211:9553:34486/1	101	101	1	smNRPS-CB	5945	2837	2937	99.01	2.32e-42
C8G6HANXX160303:6:1301:10446:89136/1	101	1	101	smNRPS-CB	5945	2794	2894	99.01	2.32e-42
C8G6HANXX160303:6:1203:1675:7751/1	101	1	101	smNRPS-CB	5945	4117	4217	99.01	2.32e-42
C8G6HANXX160303:5:2101:10939:22294/1	101	1	101	smNRPS-CB	5945	3343	3443	99.01	2.32e-42
C8G6HANXX160303:5:2313:16515:14498/2	101	1	101	smNRPS-CB	5945	5716	5816	99.01	2.32e-42
C8G6HANXX160303:3:2114:5211:84887/1	101	1	101	smNRPS-CB	5945	2767	2867	99.01	2.32e-42
C8G6HANXX160303:3:2114:5211:84887/2	101	101	1	smNRPS-CB	5945	2787	2887	99.01	2.32e-42
C8G6HANXX160303:8:1105:7961:34782/1	101	101	1	smNRPS-CB	5945	3259	3359	99.01	2.32e-42
C8G6HANXX160303:4:1107:8240:30236/2	101	1	101	smNRPS-CB	5945	2330	2430	99.01	2.32e-42
C8G6HANXX160303:4:2105:13349:38243/2	101	1	101	smNRPS-CB	5945	5733	5833	99.01	2.32e-42
C8G6HANXX160303:7:2111:3775:11082/1	101	1	101	smNRPS-CB	5945	2758	2858	99.01	2.32e-42
C8G6HANXX160303:7:2111:3775:11082/2	101	101	1	smNRPS-CB	5945	3044	3144	99.01	2.32e-42
C8G6HANXX160303:3:1307:7022:73303/1	101	101	1	smNRPS-CB	5945	242	342	99.01	2.32e-42
C8G6HANXX160303:5:2108:15005:15290/2	101	101	1	smNRPS-CB	5945	2385	2485	99.01	2.32e-42
C8G6HANXX160303:8:2302:7091:33889/2	101	1	101	smNRPS-CB	5945	5072	5172	99.01	2.32e-42
C8G6HANXX160303:3:1106:4381:44998/2	101	101	1	smNRPS-CB	5945	342	442	99.01	2.32e-42
C8G6HANXX160303:7:1306:10829:38704/1	101	101	1	smNRPS-CB	5945	1343	1443	99.01	2.32e-42
C8G6HANXX160303:8:1304:2157:22061/2	101	1	101	smNRPS-CB	5945	4131	4231	99.01	2.32e-42
C8G6HANXX160303:8:2306:2371:43046/2	101	101	1	smNRPS-CB	5945	3895	3995	99.01	2.32e-42
C8G6HANXX160303:6:2106:20543:54509/2	101	1	101	smNRPS-CB	5945	4098	4198	99.01	2.32e-42
C8G6HANXX160303:8:2207:18593:53184/2	101	101	1	smNRPS-CB	5945	93	193	99.01	2.32e-42
C8G6HANXX160303:6:2108:2740:11929/2	101	1	101	smNRPS-CB	5945	2346	2446	99.01	2.32e-42
C8G6HANXX160303:3:1211:18394:87527/1	101	101	1	smNRPS-CB	5945	5198	5298	99.01	2.32e-42
C8G6HANXX160303:3:2203:19487:94252/1	101	101	1	smNRPS-CB	5945	2667	2767	99.01	2.32e-42
C8G6HANXX160303:8:2308:13458:71882/1	101	1	101	smNRPS-CB	5945	4173	4273	99.01	2.32e-42
C8G6HANXX160303:6:1306:20619:83636/2	101	101	1	smNRPS-CB	5945	5706	5806	99.01	2.32e-42
C8G6HANXX160303:6:1310:13504:15950/1	101	1	101	smNRPS-CB	5945	1524	1624	99.01	2.32e-42
C8G6HANXX160303:6:1310:13504:15950/2	101	101	1	smNRPS-CB	5945	1547	1647	99.01	2.32e-42
C8G6HANXX160303:3:2310:12827:33697/1	101	1	101	smNRPS-CB	5945	2857	2957	99.01	2.32e-42
C8G6HANXX160303:7:2201:10555:7632/2	101	101	1	smNRPS-CB	5945	2999	3099	99.01	2.32e-42
C8G6HANXX160303:8:2207:12508:78425/1	101	1	101	smNRPS-CB	5945	1457	1557	99.01	2.32e-42
C8G6HANXX160303:6:1309:13256:93547/2	101	101	1	smNRPS-CB	5945	3996	4096	99.01	2.32e-42
C8G6HANXX160303:8:1209:3891:47507/2	101	101	1	smNRPS-CB	5945	1031	1131	99.01	2.32e-42
C8G6HANXX160303:7:1210:5886:72612/2	98	1	98	smNRPS-CB	5945	2311	2408	100	2.32e-42
C8G6HANXX160303:6:1302:5889:57262/2	101	101	1	smNRPS-CB	5945	2623	2723	99.01	2.32e-42
C8G6HANXX160303:7:1308:8763:30318/1	101	1	101	smNRPS-CB	5945	5803	5903	99.01	2.32e-42
C8G6HANXX160303:3:1304:14902:74640/1	101	1	101	smNRPS-CB	5945	2537	2637	99.01	2.32e-42
C8G6HANXX160303:5:1311:16858:63731/1	101	101	1	smNRPS-CB	5945	2394	2494	99.01	2.32e-42
C8G6HANXX160303:7:1314:16158:42920/2	101	101	1	smNRPS-CB	5945	3895	3995	99.01	2.32e-42
C8G6HANXX160303:8:2215:8094:85804/1	101	1	101	smNRPS-CB	5945	5355	5455	99.01	2.32e-42
C8G6HANXX160303:5:1213:16179:31574/1	101	1	101	smNRPS-CB	5945	2841	2941	99.01	2.32e-42
C8G6HANXX160303:3:1313:2339:28356/1	101	1	101	smNRPS-CB	5945	3359	3459	99.01	2.32e-42
C8G6HANXX160303:8:2116:17743:50328/1	101	1	101	smNRPS-CB	5945	562	662	99.01	2.32e-42
C8G6HANXX160303:8:2116:17743:50328/2	101	101	1	smNRPS-CB	5945	700	800	99.01	2.32e-42
C8G6HANXX160303:8:2305:14512:81785/1	101	1	101	smNRPS-CB	5945	4146	4246	99.01	2.32e-42
C8G6HANXX160303:3:2310:14252:89038/1	101	1	101	smNRPS-CB	5945	2632	2732	99.01	2.32e-42
C8G6HANXX160303:3:2310:14252:89038/2	101	101	1	smNRPS-CB	5945	2703	2803	99.01	2.32e-42
C8G6HANXX160303:6:2106:2840:40073/2	101	1	101	smNRPS-CB	5945	93	193	99.01	2.32e-42
C8G6HANXX160303:6:2211:19815:65650/1	101	1	101	smNRPS-CB	5945	963	1063	99.01	2.32e-42
C8G6HANXX160303:6:2304:12520:85558/2	101	101	1	smNRPS-CB	5945	694	794	99.01	2.32e-42
C8G6HANXX160303:8:2111:12585:21508/1	101	101	1	smNRPS-CB	5945	3027	3127	99.01	2.32e-42
C8G6HANXX160303:4:1215:15086:6800/2	101	1	101	smNRPS-CB	5945	2979	3079	99.01	2.32e-42
C8G6HANXX160303:3:1113:16190:42830/2	101	1	101	smNRPS-CB	5945	2973	3073	99.01	2.32e-42
C8G6HANXX160303:7:2101:3016:85158/1	101	101	1	smNRPS-CB	5945	2358	2458	99.01	2.32e-42
C8G6HANXX160303:7:1306:5487:89703/1	101	101	1	smNRPS-CB	5945	98	198	99.01	2.32e-42
C8G6HANXX160303:8:1313:12251:58227/1	101	101	1	smNRPS-CB	5945	2503	2603	99.01	2.32e-42
C8G6HANXX160303:8:1313:12251:58227/2	101	1	101	smNRPS-CB	5945	2373	2473	99.01	2.32e-42
C8G6HANXX160303:6:2205:10154:46708/1	101	101	1	smNRPS-CB	5945	2531	2631	99.01	2.32e-42
C8G6HANXX160303:6:2101:2953:56491/1	101	101	1	smNRPS-CB	5945	679	779	99.01	2.32e-42
C8G6HANXX160303:6:2101:2953:56491/2	101	1	101	smNRPS-CB	5945	679	779	99.01	2.32e-42
C8G6HANXX160303:4:2212:11618:80481/1	101	1	101	smNRPS-CB	5945	317	417	99.01	2.32e-42
C8G6HANXX160303:5:1305:5407:21394/2	101	1	101	smNRPS-CB	5945	2534	2634	99.01	2.32e-42
C8G6HANXX160303:5:2301:16906:4759/1	101	1	101	smNRPS-CB	5945	3359	3459	99.01	2.32e-42
C8G6HANXX160303:6:2308:19279:85596/1	101	1	101	smNRPS-CB	5945	2346	2446	99.01	2.32e-42
C8G6HANXX160303:5:2103:13237:35383/2	101	101	1	smNRPS-CB	5945	3382	3482	99.01	2.32e-42
C8G6HANXX160303:8:1210:11485:78285/1	101	101	1	smNRPS-CB	5945	648	748	99.01	2.32e-42
C8G6HANXX160303:4:2310:17172:65930/2	101	1	101	smNRPS-CB	5945	4748	4848	99.01	2.32e-42
C8G6HANXX160303:6:2307:8377:30672/2	101	101	1	smNRPS-CB	5945	2665	2765	99.01	2.32e-42
C8G6HANXX160303:7:2216:13988:25166/1	101	1	101	smNRPS-CB	5945	2537	2637	99.01	2.32e-42
C8G6HANXX160303:3:2113:5862:55375/1	101	1	101	smNRPS-CB	5945	1524	1624	99.01	2.32e-42
C8G6HANXX160303:3:2113:5862:55375/2	101	101	1	smNRPS-CB	5945	1547	1647	99.01	2.32e-42
C8G6HANXX160303:3:1305:6010:87387/2	101	101	1	smNRPS-CB	5945	1609	1709	99.01	2.32e-42
C8G6HANXX160303:5:1306:4005:6498/1	101	101	1	smNRPS-CB	5945	4091	4191	99.01	2.32e-42
C8G6HANXX160303:7:2315:3453:70474/1	101	101	1	smNRPS-CB	5945	2769	2869	99.01	2.32e-42
C8G6HANXX160303:6:2211:1955:10816/1	101	1	101	smNRPS-CB	5945	899	999	99.01	2.32e-42
C8G6HANXX160303:6:2211:1955:10816/2	101	101	1	smNRPS-CB	5945	1010	1110	99.01	2.32e-42
C8G6HANXX160303:5:2103:5872:89735/1	101	1	101	smNRPS-CB	5945	2872	2972	99.01	2.32e-42
C8G6HANXX160303:8:2101:9032:81709/1	101	1	101	smNRPS-CB	5945	2422	2522	99.01	2.32e-42
C8G6HANXX160303:6:1305:21164:44634/2	101	101	1	smNRPS-CB	5945	2781	2881	99.01	2.32e-42
C8G6HANXX160303:4:2209:21050:20713/1	101	101	1	smNRPS-CB	5945	281	381	99.01	2.32e-42
C8G6HANXX160303:4:2209:21050:20713/2	101	1	101	smNRPS-CB	5945	223	323	99.01	2.32e-42
C8G6HANXX160303:4:2107:7592:13342/1	101	1	101	smNRPS-CB	5945	4090	4190	99.01	2.32e-42
C8G6HANXX160303:4:2107:7592:13342/2	101	101	1	smNRPS-CB	5945	4125	4225	99.01	2.32e-42
C8G6HANXX160303:5:1210:18402:60664/1	101	101	1	smNRPS-CB	5945	3374	3474	99.01	2.32e-42
C8G6HANXX160303:7:1115:3813:8333/2	101	101	1	smNRPS-CB	5945	2657	2757	99.01	2.32e-42
C8G6HANXX160303:5:2305:13733:65650/1	101	101	1	smNRPS-CB	5945	679	779	99.01	2.32e-42
C8G6HANXX160303:6:2115:11144:83424/2	101	1	101	smNRPS-CB	5945	2896	2996	99.01	2.32e-42
C8G6HANXX160303:5:1103:13255:36312/1	101	1	101	smNRPS-CB	5945	1034	1134	99.01	2.32e-42
C8G6HANXX160303:8:2112:5389:91695/2	101	1	101	smNRPS-CB	5945	705	805	99.01	2.32e-42
C8G6HANXX160303:8:1107:13141:87158/1	101	1	101	smNRPS-CB	5945	338	438	99.01	2.32e-42
C8G6HANXX160303:7:2301:1511:96324/1	101	101	1	smNRPS-CB	5945	3380	3480	99.01	2.32e-42
C8G6HANXX160303:7:2301:1511:96324/2	101	1	101	smNRPS-CB	5945	3351	3451	99.01	2.32e-42
C8G6HANXX160303:3:1101:15572:92230/2	101	1	101	smNRPS-CB	5945	4784	4884	99.01	2.32e-42
C8G6HANXX160303:5:2314:6182:42281/2	101	1	101	smNRPS-CB	5945	291	391	99.01	2.32e-42
C8G6HANXX160303:5:1211:18514:21315/1	101	101	1	smNRPS-CB	5945	3337	3437	99.01	2.32e-42
C8G6HANXX160303:8:2208:19577:57242/1	101	1	101	smNRPS-CB	5945	2325	2425	99.01	2.32e-42
C8G6HANXX160303:8:2208:19577:57242/2	101	101	1	smNRPS-CB	5945	2347	2447	99.01	2.32e-42
C8G6HANXX160303:6:1202:19628:9894/1	101	101	1	smNRPS-CB	5945	1502	1602	99.01	2.32e-42
C8G6HANXX160303:3:2103:16594:44128/1	101	1	101	smNRPS-CB	5945	4007	4107	99.01	2.32e-42
C8G6HANXX160303:5:2103:14641:67609/1	101	101	1	smNRPS-CB	5945	1451	1551	99.01	2.32e-42
C8G6HANXX160303:6:2214:16753:13338/1	101	1	101	smNRPS-CB	5945	2872	2972	99.01	2.32e-42
C8G6HANXX160303:8:2310:6593:41985/2	101	1	101	smNRPS-CB	5945	3363	3463	99.01	2.32e-42
C8G6HANXX160303:7:1311:6404:50724/1	101	1	101	smNRPS-CB	5945	2992	3092	99.01	2.32e-42
C8G6HANXX160303:8:2306:14105:79747/1	101	1	101	smNRPS-CB	5945	2784	2884	99.01	2.32e-42
C8G6HANXX160303:8:2306:14105:79747/2	101	101	1	smNRPS-CB	5945	2837	2937	99.01	2.32e-42
C8G6HANXX160303:4:1103:20480:57544/2	101	101	1	smNRPS-CB	5945	4797	4897	99.01	2.32e-42
C8G6HANXX160303:4:1111:3917:23213/1	101	101	1	smNRPS-CB	5945	2761	2861	99.01	2.32e-42
C8G6HANXX160303:6:2109:20537:99856/2	101	101	1	smNRPS-CB	5945	972	1072	99.01	2.32e-42
C8G6HANXX160303:8:1307:8978:18800/2	101	1	101	smNRPS-CB	5945	5256	5356	99.01	2.32e-42
C8G6HANXX160303:5:1204:9302:92044/1	101	101	1	smNRPS-CB	5945	2665	2765	99.01	2.32e-42
C8G6HANXX160303:3:2110:17470:56841/2	101	101	1	smNRPS-CB	5945	694	794	99.01	2.32e-42
C8G6HANXX160303:8:2305:13353:13259/1	101	101	1	smNRPS-CB	5945	2672	2772	99.01	2.32e-42
C8G6HANXX160303:7:2116:4026:24767/2	101	1	101	smNRPS-CB	5945	4007	4107	99.01	2.32e-42
C8G6HANXX160303:5:2105:12757:79286/1	101	1	101	smNRPS-CB	5945	103	203	99.01	2.32e-42
C8G6HANXX160303:5:2105:12757:79286/2	101	101	1	smNRPS-CB	5945	260	360	99.01	2.32e-42
C8G6HANXX160303:5:2206:13680:20044/2	101	101	1	smNRPS-CB	5945	5723	5823	99.01	2.32e-42
C8G6HANXX160303:6:1309:18951:97500/2	101	1	101	smNRPS-CB	5945	291	391	99.01	2.32e-42
C8G6HANXX160303:8:1215:17442:15828/1	101	1	101	smNRPS-CB	5945	2767	2867	99.01	2.32e-42
C8G6HANXX160303:8:1215:17442:15828/2	101	101	1	smNRPS-CB	5945	2787	2887	99.01	2.32e-42
C8G6HANXX160303:5:2305:14674:36245/2	101	1	101	smNRPS-CB	5945	2530	2630	99.01	2.32e-42
C8G6HANXX160303:5:2208:17978:35303/2	101	101	1	smNRPS-CB	5945	684	784	99.01	2.32e-42
C8G6HANXX160303:3:2109:4555:48779/2	101	4	101	smNRPS-CB	5945	3757	3854	100	2.32e-42
C8G6HANXX160303:8:1314:16956:91286/1	98	98	1	smNRPS-CB	5945	1867	1964	100	2.32e-42
C8G6HANXX160303:6:2116:2753:97543/1	101	1	101	smNRPS-CB	5945	119	219	99.01	2.32e-42
C8G6HANXX160303:6:2116:2753:97543/2	101	101	1	smNRPS-CB	5945	284	384	99.01	2.32e-42
C8G6HANXX160303:6:1308:14816:33954/2	101	101	1	smNRPS-CB	5945	695	795	99.01	2.32e-42
C8G6HANXX160303:3:1203:10172:2500/1	101	1	98	smNRPS-CB	5945	1907	2004	100	2.32e-42
C8G6HANXX160303:4:2110:19729:98951/2	101	101	1	smNRPS-CB	5945	4006	4106	99.01	2.32e-42
C8G6HANXX160303:5:1104:3976:64235/1	101	101	1	smNRPS-CB	5945	2999	3099	99.01	2.32e-42
C8G6HANXX160303:5:1104:3976:64235/2	101	1	101	smNRPS-CB	5945	2979	3079	99.01	2.32e-42
C8G6HANXX160303:7:2311:7815:11929/1	101	1	101	smNRPS-CB	5945	2762	2862	99.01	2.32e-42
C8G6HANXX160303:7:2311:7815:11929/2	101	101	1	smNRPS-CB	5945	3012	3112	99.01	2.32e-42
C8G6HANXX160303:7:1307:5785:36667/1	101	1	101	smNRPS-CB	5945	2895	2995	99.01	2.32e-42
C8G6HANXX160303:6:1309:18301:68751/1	101	101	1	smNRPS-CB	5945	242	342	99.01	2.32e-42
C8G6HANXX160303:6:1212:10923:43604/1	101	1	101	smNRPS-CB	5945	3214	3314	99.01	2.32e-42
C8G6HANXX160303:8:1302:18956:33192/1	101	101	1	smNRPS-CB	5945	1638	1738	99.01	2.32e-42
C8G6HANXX160303:6:2302:9282:15822/2	101	1	101	smNRPS-CB	5945	3471	3571	99.01	2.32e-42
C8G6HANXX160303:3:2101:7760:44634/2	101	101	1	smNRPS-CB	5945	4819	4919	99.01	2.32e-42
C8G6HANXX160303:5:2116:12586:11020/2	101	1	101	smNRPS-CB	5945	1369	1469	99.01	2.32e-42
C8G6HANXX160303:3:2209:14674:67730/2	101	101	1	smNRPS-CB	5945	3361	3461	99.01	2.32e-42
C8G6HANXX160303:8:1308:14367:59825/2	101	101	1	smNRPS-CB	5945	2531	2631	99.01	2.32e-42
C8G6HANXX160303:8:1105:7961:34782/2	101	3	101	smNRPS-CB	5945	3150	3248	100	6.45e-43
C8G6HANXX160303:8:2313:10452:4009/1	99	99	1	smNRPS-CB	5945	806	904	100	6.45e-43
C8G6HANXX160303:3:2310:12827:33697/2	99	99	1	smNRPS-CB	5945	2968	3066	100	6.45e-43
C8G6HANXX160303:6:1104:4301:20115/2	101	101	3	smNRPS-CB	5945	612	710	100	6.45e-43
C8G6HANXX160303:3:2306:7401:76906/2	99	99	1	smNRPS-CB	5945	2103	2201	100	6.45e-43
C8G6HANXX160303:3:2308:2846:14275/2	101	3	101	smNRPS-CB	5945	4787	4885	100	6.45e-43
C8G6HANXX160303:6:2114:19257:74371/1	99	99	1	smNRPS-CB	5945	2103	2201	100	6.45e-43
C8G6HANXX160303:6:2311:14006:90451/1	100	100	1	smNRPS-CB	5945	5259	5358	100	1.79e-43
C8G6HANXX160303:4:1201:16122:67085/1	100	1	100	smNRPS-CB	5945	787	886	100	1.79e-43
C8G6HANXX160303:5:2206:3966:25031/2	101	101	2	smNRPS-CB	5945	2968	3067	100	1.79e-43
C8G6HANXX160303:8:2306:6145:99986/2	100	1	100	smNRPS-CB	5945	2236	2335	100	1.79e-43
C8G6HANXX160303:4:2105:13349:38243/1	100	100	1	smNRPS-CB	5945	5807	5906	100	1.79e-43
C8G6HANXX160303:5:2108:15005:15290/1	100	1	100	smNRPS-CB	5945	2179	2278	100	1.79e-43
C8G6HANXX160303:6:2106:6975:88563/2	100	100	1	smNRPS-CB	5945	733	832	100	1.79e-43
C8G6HANXX160303:4:1111:4431:96755/2	100	1	100	smNRPS-CB	5945	2962	3061	100	1.79e-43
C8G6HANXX160303:3:1106:17428:40888/1	100	100	1	smNRPS-CB	5945	1365	1464	100	1.79e-43
C8G6HANXX160303:6:2208:18894:71795/2	100	100	1	smNRPS-CB	5945	733	832	100	1.79e-43
C8G6HANXX160303:3:2109:4555:48779/1	100	100	1	smNRPS-CB	5945	3759	3858	100	1.79e-43
C8G6HANXX160303:4:1115:18450:34200/1	100	1	100	smNRPS-CB	5945	3760	3859	100	1.79e-43
C8G6HANXX160303:7:1109:12649:75592/1	100	1	100	smNRPS-CB	5945	4062	4161	100	1.79e-43
C8G6HANXX160303:5:2211:18726:53199/1	100	100	1	smNRPS-CB	5945	5753	5852	100	1.79e-43
C8G6HANXX160303:7:1307:2016:97727/2	100	100	1	smNRPS-CB	5945	2291	2390	100	1.79e-43
C8G6HANXX160303:5:2306:8479:71280/2	101	2	101	smNRPS-CB	5945	3150	3249	100	1.79e-43
C8G6HANXX160303:8:1209:1468:61554/2	101	1	101	smNRPS-CB	5945	2966	3066	100	4.99e-44
C8G6HANXX160303:7:1107:2587:33413/2	101	101	1	smNRPS-CB	5945	2188	2288	100	4.99e-44
C8G6HANXX160303:8:1107:7480:91810/2	101	101	1	smNRPS-CB	5945	3151	3251	100	4.99e-44
C8G6HANXX160303:6:1214:16432:45617/2	101	101	1	smNRPS-CB	5945	720	820	100	4.99e-44
C8G6HANXX160303:5:2115:14697:45033/1	101	101	1	smNRPS-CB	5945	2110	2210	100	4.99e-44
C8G6HANXX160303:5:2115:14697:45033/2	101	1	101	smNRPS-CB	5945	2101	2201	100	4.99e-44
C8G6HANXX160303:8:2102:7414:58646/1	101	101	1	smNRPS-CB	5945	2305	2405	100	4.99e-44
C8G6HANXX160303:4:2113:4113:42963/1	101	1	101	smNRPS-CB	5945	2929	3029	100	4.99e-44
C8G6HANXX160303:4:2209:9112:11805/2	101	1	101	smNRPS-CB	5945	1578	1678	100	4.99e-44
C8G6HANXX160303:6:1306:6120:71625/1	101	1	101	smNRPS-CB	5945	1891	1991	100	4.99e-44
C8G6HANXX160303:6:1306:6120:71625/2	101	101	1	smNRPS-CB	5945	2149	2249	100	4.99e-44
C8G6HANXX160303:4:2310:17031:54147/1	101	101	1	smNRPS-CB	5945	1895	1995	100	4.99e-44
C8G6HANXX160303:4:2310:17031:54147/2	101	1	101	smNRPS-CB	5945	1871	1971	100	4.99e-44
C8G6HANXX160303:4:1215:9906:46831/1	101	101	1	smNRPS-CB	5945	5263	5363	100	4.99e-44
C8G6HANXX160303:8:2302:3895:3388/1	101	1	101	smNRPS-CB	5945	715	815	100	4.99e-44
C8G6HANXX160303:8:2302:3895:3388/2	101	101	1	smNRPS-CB	5945	807	907	100	4.99e-44
C8G6HANXX160303:3:2109:11761:55815/1	101	101	1	smNRPS-CB	5945	4043	4143	100	4.99e-44
C8G6HANXX160303:6:1301:10446:89136/2	101	101	1	smNRPS-CB	5945	2930	3030	100	4.99e-44
C8G6HANXX160303:8:1104:6015:77764/1	101	1	101	smNRPS-CB	5945	822	922	100	4.99e-44
C8G6HANXX160303:5:2313:18394:64670/1	101	1	101	smNRPS-CB	5945	2178	2278	100	4.99e-44
C8G6HANXX160303:8:1216:15908:74253/1	101	101	1	smNRPS-CB	5945	1562	1662	100	4.99e-44
C8G6HANXX160303:8:2302:7091:33889/1	101	101	1	smNRPS-CB	5945	5258	5358	100	4.99e-44
C8G6HANXX160303:4:2314:9850:38492/1	101	1	101	smNRPS-CB	5945	2964	3064	100	4.99e-44
C8G6HANXX160303:6:2305:20342:21628/1	101	101	1	smNRPS-CB	5945	730	830	100	4.99e-44
C8G6HANXX160303:6:2305:20342:21628/2	101	1	101	smNRPS-CB	5945	721	821	100	4.99e-44
C8G6HANXX160303:4:1204:17643:33901/1	101	101	1	smNRPS-CB	5945	2207	2307	100	4.99e-44
C8G6HANXX160303:4:1204:17643:33901/2	101	1	101	smNRPS-CB	5945	2195	2295	100	4.99e-44
C8G6HANXX160303:4:1316:14687:97300/1	101	101	1	smNRPS-CB	5945	5031	5131	100	4.99e-44
C8G6HANXX160303:3:1206:4754:42097/1	101	1	101	smNRPS-CB	5945	2956	3056	100	4.99e-44
C8G6HANXX160303:4:1203:2010:7230/1	101	101	1	smNRPS-CB	5945	3165	3265	100	4.99e-44
C8G6HANXX160303:5:2314:19356:67411/1	101	101	1	smNRPS-CB	5945	730	830	100	4.99e-44
C8G6HANXX160303:5:2314:19356:67411/2	101	1	101	smNRPS-CB	5945	721	821	100	4.99e-44
C8G6HANXX160303:8:1209:3891:47507/1	101	1	101	smNRPS-CB	5945	822	922	100	4.99e-44
C8G6HANXX160303:4:2203:11354:62886/2	101	101	1	smNRPS-CB	5945	2247	2347	100	4.99e-44
C8G6HANXX160303:7:1116:20425:66662/1	101	1	101	smNRPS-CB	5945	827	927	100	4.99e-44
C8G6HANXX160303:7:1116:20425:66662/2	101	101	1	smNRPS-CB	5945	830	930	100	4.99e-44
C8G6HANXX160303:7:1109:18523:93258/1	101	101	1	smNRPS-CB	5945	4065	4165	100	4.99e-44
C8G6HANXX160303:5:1311:16858:63731/2	101	1	101	smNRPS-CB	5945	2235	2335	100	4.99e-44
C8G6HANXX160303:7:2205:14319:89155/2	101	101	1	smNRPS-CB	5945	2115	2215	100	4.99e-44
C8G6HANXX160303:8:2107:21037:69581/2	101	1	101	smNRPS-CB	5945	2929	3029	100	4.99e-44
C8G6HANXX160303:4:1104:15883:33012/1	101	1	101	smNRPS-CB	5945	5300	5400	100	4.99e-44
C8G6HANXX160303:4:1104:15883:33012/2	101	101	1	smNRPS-CB	5945	5302	5402	100	4.99e-44
C8G6HANXX160303:5:1305:10793:47851/2	101	1	101	smNRPS-CB	5945	4027	4127	100	4.99e-44
C8G6HANXX160303:5:2315:2072:77551/2	101	101	1	smNRPS-CB	5945	587	687	100	4.99e-44
C8G6HANXX160303:4:2108:4110:90414/1	101	101	1	smNRPS-CB	5945	2103	2203	100	4.99e-44
C8G6HANXX160303:4:2108:4110:90414/2	101	1	101	smNRPS-CB	5945	2096	2196	100	4.99e-44
C8G6HANXX160303:4:1316:3603:79942/1	101	101	1	smNRPS-CB	5945	5043	5143	100	4.99e-44
C8G6HANXX160303:6:2106:2840:40073/1	101	101	1	smNRPS-CB	5945	131	231	100	4.99e-44
C8G6HANXX160303:6:2303:17632:56147/1	101	101	1	smNRPS-CB	5945	5817	5917	100	4.99e-44
C8G6HANXX160303:6:2303:17632:56147/2	101	1	101	smNRPS-CB	5945	5765	5865	100	4.99e-44
C8G6HANXX160303:3:2109:12939:23691/1	101	101	1	smNRPS-CB	5945	5261	5361	100	4.99e-44
C8G6HANXX160303:4:1204:20618:21561/2	101	101	1	smNRPS-CB	5945	5251	5351	100	4.99e-44
C8G6HANXX160303:6:2304:12520:85558/1	101	1	101	smNRPS-CB	5945	588	688	100	4.99e-44
C8G6HANXX160303:8:2111:12585:21508/2	101	1	101	smNRPS-CB	5945	2929	3029	100	4.99e-44
C8G6HANXX160303:6:2105:8226:89803/1	101	101	1	smNRPS-CB	5945	866	966	100	4.99e-44
C8G6HANXX160303:6:2105:8226:89803/2	101	1	101	smNRPS-CB	5945	838	938	100	4.99e-44
C8G6HANXX160303:7:2101:3016:85158/2	101	1	101	smNRPS-CB	5945	2207	2307	100	4.99e-44
C8G6HANXX160303:6:2116:6648:90854/1	101	1	101	smNRPS-CB	5945	2961	3061	100	4.99e-44
C8G6HANXX160303:7:2202:2301:38711/2	101	1	101	smNRPS-CB	5945	715	815	100	4.99e-44
C8G6HANXX160303:6:1309:16288:98718/1	101	1	101	smNRPS-CB	5945	5283	5383	100	4.99e-44
C8G6HANXX160303:6:1309:16288:98718/2	101	101	1	smNRPS-CB	5945	5297	5397	100	4.99e-44
C8G6HANXX160303:5:1303:17227:65223/2	101	1	101	smNRPS-CB	5945	597	697	100	4.99e-44
C8G6HANXX160303:7:1206:20382:97290/1	101	1	101	smNRPS-CB	5945	2188	2288	100	4.99e-44
C8G6HANXX160303:7:1206:20382:97290/2	101	101	1	smNRPS-CB	5945	2207	2307	100	4.99e-44
C8G6HANXX160303:8:1201:19619:33487/1	101	1	101	smNRPS-CB	5945	2309	2409	100	4.99e-44
C8G6HANXX160303:8:1201:19619:33487/2	101	101	1	smNRPS-CB	5945	2318	2418	100	4.99e-44
C8G6HANXX160303:3:1305:8181:40038/2	101	101	1	smNRPS-CB	5945	5256	5356	100	4.99e-44
C8G6HANXX160303:4:2112:6310:80037/1	101	1	101	smNRPS-CB	5945	2113	2213	100	4.99e-44
C8G6HANXX160303:4:2112:6310:80037/2	101	101	1	smNRPS-CB	5945	2207	2307	100	4.99e-44
C8G6HANXX160303:5:2103:5872:89735/2	101	101	1	smNRPS-CB	5945	2959	3059	100	4.99e-44
C8G6HANXX160303:5:2110:13351:74085/1	101	1	101	smNRPS-CB	5945	2264	2364	100	4.99e-44
C8G6HANXX160303:5:2110:13351:74085/2	101	101	1	smNRPS-CB	5945	2315	2415	100	4.99e-44
C8G6HANXX160303:7:1311:16846:36688/2	101	101	1	smNRPS-CB	5945	1385	1485	100	4.99e-44
C8G6HANXX160303:3:1106:17428:40888/2	101	1	101	smNRPS-CB	5945	1328	1428	100	4.99e-44
C8G6HANXX160303:6:2309:8000:24612/1	101	101	1	smNRPS-CB	5945	5817	5917	100	4.99e-44
C8G6HANXX160303:6:2309:8000:24612/2	101	1	101	smNRPS-CB	5945	5809	5909	100	4.99e-44
C8G6HANXX160303:6:2115:11144:83424/1	101	101	1	smNRPS-CB	5945	2967	3067	100	4.99e-44
C8G6HANXX160303:8:2112:5389:91695/1	101	101	1	smNRPS-CB	5945	736	836	100	4.99e-44
C8G6HANXX160303:6:2105:16154:7659/1	101	1	101	smNRPS-CB	5945	5273	5373	100	4.99e-44
C8G6HANXX160303:6:2105:16154:7659/2	101	101	1	smNRPS-CB	5945	5286	5386	100	4.99e-44
C8G6HANXX160303:5:2103:14641:67609/2	101	1	101	smNRPS-CB	5945	1385	1485	100	4.99e-44
C8G6HANXX160303:6:2214:16753:13338/2	101	101	1	smNRPS-CB	5945	2959	3059	100	4.99e-44
C8G6HANXX160303:7:1104:1819:43284/2	101	1	101	smNRPS-CB	5945	2919	3019	100	4.99e-44
C8G6HANXX160303:4:2107:5900:84896/1	101	1	101	smNRPS-CB	5945	786	886	100	4.99e-44
C8G6HANXX160303:4:2107:5900:84896/2	101	101	1	smNRPS-CB	5945	846	946	100	4.99e-44
C8G6HANXX160303:8:1309:10028:2962/2	101	101	1	smNRPS-CB	5945	1872	1972	100	4.99e-44
C8G6HANXX160303:6:1115:17984:7786/1	101	101	1	smNRPS-CB	5945	5802	5902	100	4.99e-44
C8G6HANXX160303:6:1115:17984:7786/2	101	1	101	smNRPS-CB	5945	5770	5870	100	4.99e-44
C8G6HANXX160303:6:2109:20537:99856/1	101	1	101	smNRPS-CB	5945	880	980	100	4.99e-44
C8G6HANXX160303:7:2116:4026:24767/1	101	101	1	smNRPS-CB	5945	4061	4161	100	4.99e-44
C8G6HANXX160303:5:2208:17978:35303/1	101	1	101	smNRPS-CB	5945	597	697	100	4.99e-44
C8G6HANXX160303:7:1106:15903:24723/1	101	101	1	smNRPS-CB	5945	5275	5375	100	4.99e-44
C8G6HANXX160303:6:1204:16427:95707/1	101	101	1	smNRPS-CB	5945	3190	3290	100	4.99e-44
C8G6HANXX160303:8:2112:11191:64513/1	101	101	1	smNRPS-CB	5945	854	954	100	4.99e-44
C8G6HANXX160303:8:2112:11191:64513/2	101	1	101	smNRPS-CB	5945	842	942	100	4.99e-44
C8G6HANXX160303:5:2107:11080:95155/1	101	1	101	smNRPS-CB	5945	2207	2307	100	4.99e-44
C8G6HANXX160303:5:1313:17068:67376/1	101	101	1	smNRPS-CB	5945	803	903	100	4.99e-44
C8G6HANXX160303:6:2309:9408:54202/1	101	101	1	smNRPS-CB	5945	2207	2307	100	4.99e-44
C8G6HANXX160303:4:2214:14940:75856/1	101	101	1	smNRPS-CB	5945	3166	3266	100	4.99e-44
C8G6HANXX160303:4:2103:12338:56881/1	101	1	101	smNRPS-CB	5945	786	886	100	4.99e-44
