C8G6HANXX160303:5:1106:12978:68566/2	101	101	1	smNRPS-CC	5875	3664	3764	97.03	4.01e-39
C8G6HANXX160303:3:1306:15765:44311/1	101	101	1	smNRPS-CC	5875	3421	3521	99.01	1.85e-42
C8G6HANXX160303:3:1306:15765:44311/2	101	1	101	smNRPS-CC	5875	3190	3290	99.01	1.85e-42
C8G6HANXX160303:5:1106:12978:68566/1	101	1	101	smNRPS-CC	5875	3514	3614	99.01	1.85e-42
C8G6HANXX160303:5:2111:9695:32743/2	83	78	1	smNRPS-CB	5945	2232	2309	98.718	1.15e-29
C8G6HANXX160303:4:2215:6458:90377/1	96	1	96	smNRPS-CB	5945	3157	3252	98.958	1.13e-39
C8G6HANXX160303:4:2215:6458:90377/2	101	95	1	smNRPS-CB	5945	3154	3248	100	8.73e-41
C8G6HANXX160303:5:1108:4623:96597/1	101	101	3	smNRPS-CB	5945	3618	3716	98.99	2.43e-41
C8G6HANXX160303:5:1108:4623:96597/2	101	1	101	smNRPS-CB	5945	3508	3608	99.01	1.88e-42
C8G6HANXX160303:3:2314:8238:93886/1	100	1	100	smNRPS-CB	5945	2	101	100	1.45e-43
