C8G6HANXX160303:5:1212:11416:90318/1	101	44	101	smNRPS-CB	5945	1	58	100	2.49e-20
C8G6HANXX160303:4:1110:10803:15706/1	66	66	1	smNRPS-CB	5945	1306	1371	98.485	4.14e-23
C8G6HANXX160303:8:2307:15076:26011/2	101	33	101	smNRPS-CB	5945	1	69	100	1.91e-26
C8G6HANXX160303:4:2214:16969:33270/1	79	1	79	smNRPS-CB	5945	3811	3889	100	5.28e-32
C8G6HANXX160303:6:2211:14840:42025/2	84	84	1	smNRPS-CB	5945	2249	2332	98.81	4.08e-33
C8G6HANXX160303:8:1214:9457:73861/1	97	1	97	smNRPS-CB	5945	3825	3921	96.907	5.24e-37
C8G6HANXX160303:6:2213:5604:14775/1	98	98	1	smNRPS-CB	5945	5503	5600	96.939	1.46e-37
C8G6HANXX160303:6:2112:4658:57385/1	98	95	1	smNRPS-CB	5945	2061	2155	97.895	1.46e-37
C8G6HANXX160303:3:2305:4650:30738/1	100	1	100	smNRPS-CB	5945	3823	3922	97	1.13e-38
C8G6HANXX160303:6:2112:4658:57385/2	101	1	98	smNRPS-CB	5945	2061	2158	97.959	3.13e-39
C8G6HANXX160303:3:2305:4650:30738/2	101	101	1	smNRPS-CB	5945	3835	3935	97.03	3.13e-39
C8G6HANXX160303:7:2116:3041:79835/2	99	1	99	smNRPS-CB	5945	2479	2577	97.98	8.71e-40
C8G6HANXX160303:6:2211:14840:42025/1	99	1	99	smNRPS-CB	5945	2080	2178	97.98	8.71e-40
C8G6HANXX160303:3:1316:18958:18802/1	101	101	1	smNRPS-CB	5945	2446	2546	98.02	6.73e-41
C8G6HANXX160303:5:1212:11416:90318/2	101	101	1	smNRPS-CB	5945	42	142	98.02	6.73e-41
C8G6HANXX160303:6:2213:5604:14775/2	101	1	101	smNRPS-CB	5945	5481	5581	98.02	6.73e-41
C8G6HANXX160303:7:2208:17739:31936/2	101	1	101	smNRPS-CB	5945	2721	2821	98.02	6.73e-41
C8G6HANXX160303:5:1209:7143:77465/2	101	1	101	smNRPS-CB	5945	5481	5581	98.02	6.73e-41
C8G6HANXX160303:5:2209:13998:59192/1	99	99	1	smNRPS-CB	5945	2751	2849	98.99	1.87e-41
C8G6HANXX160303:7:2208:17739:31936/1	99	99	1	smNRPS-CB	5945	2793	2891	98.99	1.87e-41
C8G6HANXX160303:7:2206:6039:54135/1	100	1	100	smNRPS-CB	5945	3980	4079	99	5.2e-42
C8G6HANXX160303:8:2307:15076:26011/1	100	100	1	smNRPS-CB	5945	93	192	99	5.2e-42
C8G6HANXX160303:7:2116:3041:79835/1	100	100	1	smNRPS-CB	5945	2542	2641	99	5.2e-42
C8G6HANXX160303:5:1205:11459:12503/1	100	1	100	smNRPS-CB	5945	107	206	99	5.2e-42
C8G6HANXX160303:4:2110:2462:75472/2	101	101	1	smNRPS-CB	5945	902	1002	99.01	1.45e-42
C8G6HANXX160303:3:2304:4328:55069/1	98	1	98	smNRPS-CB	5945	839	936	100	1.45e-42
C8G6HANXX160303:3:2304:4328:55069/2	101	101	1	smNRPS-CB	5945	942	1042	99.01	1.45e-42
C8G6HANXX160303:5:2209:13998:59192/2	101	1	101	smNRPS-CB	5945	2741	2841	99.01	1.45e-42
C8G6HANXX160303:5:1109:19387:68783/1	98	98	1	smNRPS-CB	5945	2369	2466	100	1.45e-42
C8G6HANXX160303:5:1109:19387:68783/2	98	1	98	smNRPS-CB	5945	2338	2435	100	1.45e-42
C8G6HANXX160303:4:2110:2462:75472/1	99	1	99	smNRPS-CB	5945	873	971	100	4.02e-43
C8G6HANXX160303:3:1316:18958:18802/2	101	1	101	smNRPS-CB	5945	2290	2390	100	3.11e-44
C8G6HANXX160303:7:2206:6039:54135/2	101	101	1	smNRPS-CB	5945	4044	4144	100	3.11e-44
C8G6HANXX160303:5:1205:11459:12503/2	101	101	1	smNRPS-CB	5945	141	241	100	3.11e-44
