C65YPACXX150129:8:1115:12590:54350/2	77	1	40	smNRPS-CC	5875	5808	5847	100	1.89e-10
C65YPACXX150129:6:2216:7099:86366/1	101	39	101	smNRPS-CC	5875	1	63	100	3.09e-23
C65YPACXX150129:8:1302:16006:72841/1	69	69	1	smNRPS-CC	5875	3881	3949	97.101	3.09e-23
C65YPACXX150129:8:2215:10692:58111/2	72	1	72	smNRPS-CC	5875	4798	4869	97.222	6.65e-25
C65YPACXX150129:7:2313:5714:4494/2	101	34	101	smNRPS-CC	5875	1	68	100	5.14e-26
C65YPACXX150129:7:2114:21008:11103/1	71	71	1	smNRPS-CC	5875	3662	3732	98.592	5.14e-26
C65YPACXX150129:8:2313:8590:45039/1	69	1	69	smNRPS-CC	5875	2180	2248	100	1.43e-26
C65YPACXX150129:6:2302:14783:20075/2	73	1	73	smNRPS-CC	5875	3190	3262	98.63	3.97e-27
C65YPACXX150129:8:2313:2735:59292/1	71	1	71	smNRPS-CC	5875	5450	5520	100	1.1e-27
C65YPACXX150129:7:1104:11902:49792/1	71	71	1	smNRPS-CC	5875	4976	5046	100	1.1e-27
C65YPACXX150129:8:1314:19620:49530/1	78	1	78	smNRPS-CC	5875	4319	4397	97.468	3.07e-28
C65YPACXX150129:6:1107:5907:2625/2	73	1	73	smNRPS-CC	5875	2432	2504	100	8.54e-29
C65YPACXX150129:7:1209:14704:60363/1	74	1	74	smNRPS-CC	5875	1935	2008	100	2.37e-29
C65YPACXX150129:6:1106:10470:56005/1	81	1	81	smNRPS-CC	5875	1856	1936	98.765	1.42e-31
C65YPACXX150129:8:2302:4431:13309/2	82	82	1	smNRPS-CC	5875	3000	3081	98.78	3.94e-32
C65YPACXX150129:7:1105:14178:94907/2	85	85	1	smNRPS-CC	5875	2751	2835	97.647	3.94e-32
C65YPACXX150129:6:2201:15237:19415/2	79	1	79	smNRPS-CC	5875	619	697	100	3.94e-32
C65YPACXX150129:6:1203:12906:22984/2	84	84	1	smNRPS-CC	5875	5565	5648	98.81	3.05e-33
C65YPACXX150129:7:2107:18092:16322/2	81	81	1	smNRPS-CC	5875	3920	4000	100	3.05e-33
C65YPACXX150129:8:1315:7190:10229/2	85	1	85	smNRPS-CC	5875	2415	2499	98.824	8.48e-34
C65YPACXX150129:8:2308:14742:24509/1	90	1	90	smNRPS-CC	5875	4319	4409	97.802	6.55e-35
C65YPACXX150129:6:2106:19785:79882/2	88	1	88	smNRPS-CC	5875	2701	2788	98.864	1.82e-35
C65YPACXX150129:8:2313:2735:59292/2	88	88	1	smNRPS-CC	5875	5506	5593	98.864	1.82e-35
C65YPACXX150129:6:1303:14871:94923/1	101	92	1	smNRPS-CC	5875	150	241	97.826	5.07e-36
C65YPACXX150129:6:1303:14871:94923/2	101	1	92	smNRPS-CC	5875	150	241	97.826	5.07e-36
C65YPACXX150129:6:2201:12123:63857/1	101	101	1	smNRPS-CC	5875	2532	2632	95.05	5.07e-36
C65YPACXX150129:7:2110:8577:66797/1	101	93	1	smNRPS-CC	5875	3937	4030	97.872	1.41e-36
C65YPACXX150129:6:1315:6296:52588/2	87	1	87	smNRPS-CC	5875	4550	4636	100	1.41e-36
C65YPACXX150129:8:1316:3115:70406/2	93	1	90	smNRPS-CC	5875	5191	5280	98.889	1.41e-36
C65YPACXX150129:6:1105:12995:24599/2	94	1	94	smNRPS-CC	5875	2360	2453	97.872	3.92e-37
C65YPACXX150129:7:2209:4904:86850/2	94	1	94	smNRPS-CC	5875	1177	1270	97.872	3.92e-37
C65YPACXX150129:6:1304:18680:100109/1	101	1	91	smNRPS-CC	5875	926	1016	98.901	3.92e-37
C65YPACXX150129:7:2110:8577:66797/2	101	1	91	smNRPS-CC	5875	3941	4031	98.901	3.92e-37
C65YPACXX150129:6:2102:1944:98894/1	101	1	91	smNRPS-CC	5875	926	1016	98.901	3.92e-37
C65YPACXX150129:6:2102:1944:98894/2	101	91	1	smNRPS-CC	5875	926	1016	98.901	3.92e-37
C65YPACXX150129:6:2210:6395:91734/1	92	1	92	smNRPS-CC	5875	3489	3580	98.913	1.09e-37
C65YPACXX150129:7:2313:5714:4494/1	101	101	1	smNRPS-CC	5875	571	673	96.117	3.03e-38
C65YPACXX150129:7:2201:12587:73192/2	97	1	97	smNRPS-CC	5875	2624	2720	97.938	8.42e-39
C65YPACXX150129:8:1314:19620:49530/2	94	94	1	smNRPS-CC	5875	4615	4708	98.936	8.42e-39
C65YPACXX150129:8:2112:7816:94158/1	101	1	101	smNRPS-CC	5875	726	825	97.03	8.42e-39
C65YPACXX150129:7:2214:17219:10976/1	101	1	101	smNRPS-CC	5875	732	831	97.03	8.42e-39
C65YPACXX150129:6:2304:20445:45996/1	101	94	1	smNRPS-CC	5875	4936	5029	98.936	8.42e-39
C65YPACXX150129:6:2304:20445:45996/2	100	1	94	smNRPS-CC	5875	4936	5029	98.936	8.42e-39
C65YPACXX150129:6:2212:10594:45811/2	100	1	100	smNRPS-CC	5875	4290	4389	97	8.42e-39
C65YPACXX150129:6:1315:6296:52588/1	94	94	1	smNRPS-CC	5875	4591	4684	98.936	8.42e-39
C65YPACXX150129:7:1113:3894:57469/1	101	1	101	smNRPS-CC	5875	726	825	97.03	8.42e-39
C65YPACXX150129:8:1209:5452:14874/1	100	1	100	smNRPS-CC	5875	1171	1270	97	8.42e-39
C65YPACXX150129:6:1209:13647:62862/1	101	1	101	smNRPS-CC	5875	3749	3849	97.03	2.34e-39
C65YPACXX150129:6:2213:15169:9088/2	101	1	92	smNRPS-CC	5875	4110	4201	100	2.34e-39
C65YPACXX150129:8:1306:4881:9648/1	101	92	1	smNRPS-CC	5875	2236	2327	100	2.34e-39
C65YPACXX150129:8:1306:4881:9648/2	101	1	92	smNRPS-CC	5875	2236	2327	100	2.34e-39
C65YPACXX150129:6:2201:12123:63857/2	101	1	101	smNRPS-CC	5875	2510	2610	97.03	2.34e-39
C65YPACXX150129:7:2214:17219:10976/2	101	98	1	smNRPS-CC	5875	744	841	97.959	2.34e-39
C65YPACXX150129:6:1306:19266:81057/1	101	95	1	smNRPS-CC	5875	3094	3188	98.947	2.34e-39
C65YPACXX150129:8:1312:10154:10322/1	101	101	1	smNRPS-CC	5875	4674	4774	97.03	2.34e-39
C65YPACXX150129:6:1203:12906:22984/1	101	1	95	smNRPS-CC	5875	5554	5648	98.947	2.34e-39
C65YPACXX150129:7:1212:15967:17115/2	101	101	1	smNRPS-CC	5875	1161	1261	97.03	2.34e-39
C65YPACXX150129:8:1313:7786:42726/1	101	1	101	smNRPS-CC	5875	3656	3756	97.03	2.34e-39
C65YPACXX150129:8:2308:14742:24509/2	101	101	1	smNRPS-CC	5875	4742	4842	97.03	2.34e-39
C65YPACXX150129:7:1113:1542:94938/1	101	1	101	smNRPS-CC	5875	1171	1271	97.03	2.34e-39
C65YPACXX150129:6:1113:12439:46172/2	101	101	1	smNRPS-CC	5875	559	661	97.087	6.51e-40
C65YPACXX150129:6:2213:15169:9088/1	101	96	1	smNRPS-CC	5875	4106	4201	98.958	6.51e-40
C65YPACXX150129:8:2307:17151:48604/2	96	96	1	smNRPS-CC	5875	2635	2730	98.958	6.51e-40
C65YPACXX150129:6:2112:18369:9279/1	101	1	100	smNRPS-CC	5875	960	1059	98	1.81e-40
C65YPACXX150129:6:2316:4304:37837/1	101	1	100	smNRPS-CC	5875	4319	4419	98.02	1.81e-40
C65YPACXX150129:8:1302:20088:91352/1	100	1	100	smNRPS-CC	5875	2676	2775	98	1.81e-40
C65YPACXX150129:6:1107:5907:2625/1	97	97	1	smNRPS-CC	5875	2844	2940	98.969	1.81e-40
C65YPACXX150129:8:2105:3508:25389/2	97	1	97	smNRPS-CC	5875	4619	4715	98.969	1.81e-40
C65YPACXX150129:6:2307:17112:64602/2	100	100	1	smNRPS-CC	5875	4777	4876	98	1.81e-40
C65YPACXX150129:7:1215:9589:64064/1	101	1	100	smNRPS-CC	5875	3635	3734	98	1.81e-40
C65YPACXX150129:6:1209:13647:62862/2	101	101	1	smNRPS-CC	5875	3772	3872	98.02	5.03e-41
C65YPACXX150129:7:2205:18051:67329/1	101	1	101	smNRPS-CC	5875	2861	2961	98.02	5.03e-41
C65YPACXX150129:7:2205:18051:67329/2	98	98	1	smNRPS-CC	5875	3033	3130	98.98	5.03e-41
C65YPACXX150129:8:1206:6930:38167/1	95	1	95	smNRPS-CC	5875	3122	3216	100	5.03e-41
C65YPACXX150129:8:1206:6930:38167/2	101	101	1	smNRPS-CC	5875	3159	3259	98.02	5.03e-41
C65YPACXX150129:8:1211:17740:62290/1	101	101	1	smNRPS-CC	5875	2719	2819	98.02	5.03e-41
C65YPACXX150129:7:1304:7473:25661/2	101	1	101	smNRPS-CC	5875	5530	5630	98.02	5.03e-41
C65YPACXX150129:7:2209:4904:86850/1	101	101	1	smNRPS-CC	5875	1177	1277	98.02	5.03e-41
C65YPACXX150129:8:1315:7190:10229/1	101	101	1	smNRPS-CC	5875	2608	2708	98.02	5.03e-41
C65YPACXX150129:6:1113:6178:37599/1	101	101	1	smNRPS-CC	5875	4858	4958	98.02	5.03e-41
C65YPACXX150129:6:1113:6178:37599/2	101	1	101	smNRPS-CC	5875	4705	4805	98.02	5.03e-41
C65YPACXX150129:7:2201:12587:73192/1	101	101	1	smNRPS-CC	5875	2878	2978	98.02	5.03e-41
C65YPACXX150129:7:1304:12527:17275/2	101	1	101	smNRPS-CC	5875	5234	5334	98.02	5.03e-41
C65YPACXX150129:7:2306:9278:43167/2	101	1	101	smNRPS-CC	5875	3664	3764	98.02	5.03e-41
C65YPACXX150129:7:2103:3288:70178/2	101	1	101	smNRPS-CC	5875	152	252	98.02	5.03e-41
C65YPACXX150129:6:1205:7886:22063/2	101	1	101	smNRPS-CC	5875	3746	3846	98.02	5.03e-41
C65YPACXX150129:8:1110:17735:67374/2	101	101	1	smNRPS-CC	5875	2410	2510	98.02	5.03e-41
C65YPACXX150129:8:1110:7407:10529/1	101	101	1	smNRPS-CC	5875	4698	4798	98.02	5.03e-41
C65YPACXX150129:8:1110:7407:10529/2	101	1	101	smNRPS-CC	5875	4690	4790	98.02	5.03e-41
C65YPACXX150129:6:1104:11720:70019/1	101	101	1	smNRPS-CC	5875	4701	4801	98.02	5.03e-41
C65YPACXX150129:7:1305:3638:22309/1	101	1	101	smNRPS-CC	5875	3597	3697	98.02	5.03e-41
C65YPACXX150129:7:1305:3638:22309/2	101	101	1	smNRPS-CC	5875	3717	3817	98.02	5.03e-41
C65YPACXX150129:6:1114:3640:80446/2	101	1	101	smNRPS-CC	5875	5708	5808	98.02	5.03e-41
C65YPACXX150129:8:1214:14863:51373/2	101	101	1	smNRPS-CC	5875	3746	3846	98.02	5.03e-41
C65YPACXX150129:7:2316:5069:76478/2	101	1	101	smNRPS-CC	5875	5311	5411	98.02	5.03e-41
C65YPACXX150129:7:2106:17151:14287/1	101	1	101	smNRPS-CC	5875	5191	5291	98.02	5.03e-41
C65YPACXX150129:7:2106:17151:14287/2	101	101	1	smNRPS-CC	5875	5231	5331	98.02	5.03e-41
C65YPACXX150129:6:2302:14783:20075/1	101	101	1	smNRPS-CC	5875	3671	3771	98.02	5.03e-41
C65YPACXX150129:6:2105:19509:16432/2	101	1	101	smNRPS-CC	5875	4784	4884	98.02	5.03e-41
C65YPACXX150129:6:1102:7595:47198/1	101	1	101	smNRPS-CC	5875	4232	4332	98.02	5.03e-41
C65YPACXX150129:6:1102:7595:47198/2	101	101	1	smNRPS-CC	5875	4672	4772	98.02	5.03e-41
C65YPACXX150129:6:1208:1396:49874/1	101	1	101	smNRPS-CC	5875	3887	3987	98.02	5.03e-41
C65YPACXX150129:8:1312:10154:10322/2	101	1	101	smNRPS-CC	5875	4671	4771	98.02	5.03e-41
C65YPACXX150129:8:2214:5409:24939/1	98	98	1	smNRPS-CC	5875	75	172	98.98	5.03e-41
C65YPACXX150129:8:1302:20088:91352/2	101	101	1	smNRPS-CC	5875	2719	2819	98.02	5.03e-41
C65YPACXX150129:6:2112:18749:14242/2	101	1	101	smNRPS-CC	5875	5191	5291	98.02	5.03e-41
C65YPACXX150129:8:1313:7786:42726/2	101	101	1	smNRPS-CC	5875	3702	3802	98.02	5.03e-41
C65YPACXX150129:8:1301:14370:39167/2	101	101	1	smNRPS-CC	5875	2735	2835	98.02	5.03e-41
C65YPACXX150129:6:2305:15216:3078/1	98	98	1	smNRPS-CC	5875	3792	3889	98.98	5.03e-41
C65YPACXX150129:8:2105:3508:25389/1	101	101	1	smNRPS-CC	5875	4776	4876	98.02	5.03e-41
C65YPACXX150129:7:1215:9589:64064/2	101	101	1	smNRPS-CC	5875	3702	3802	98.02	5.03e-41
C65YPACXX150129:8:1105:18765:49487/1	101	1	101	smNRPS-CC	5875	4251	4351	98.02	5.03e-41
C65YPACXX150129:8:1115:1163:50890/1	101	1	101	smNRPS-CC	5875	1661	1761	98.02	5.03e-41
C65YPACXX150129:7:2311:9632:75044/1	101	101	1	smNRPS-CC	5875	3633	3733	98.02	5.03e-41
C65YPACXX150129:8:1116:2921:31989/2	99	99	1	smNRPS-CC	5875	3161	3259	98.99	1.4e-41
C65YPACXX150129:6:2112:18369:9279/2	101	99	1	smNRPS-CC	5875	960	1058	98.99	1.4e-41
C65YPACXX150129:6:2215:16220:76705/1	96	1	96	smNRPS-CC	5875	1216	1311	100	1.4e-41
C65YPACXX150129:6:1306:19266:81057/2	101	1	96	smNRPS-CC	5875	3094	3189	100	1.4e-41
C65YPACXX150129:8:2112:15894:43687/2	101	101	3	smNRPS-CC	5875	4057	4155	98.99	1.4e-41
C65YPACXX150129:7:1207:19227:18479/2	101	101	3	smNRPS-CC	5875	4224	4322	98.99	1.4e-41
C65YPACXX150129:7:2308:2170:76256/2	100	1	100	smNRPS-CC	5875	5552	5651	99	3.89e-42
C65YPACXX150129:6:2210:2307:75865/1	100	1	100	smNRPS-CC	5875	814	913	99	3.89e-42
C65YPACXX150129:6:2116:8104:38601/1	101	100	1	smNRPS-CC	5875	298	397	99	3.89e-42
C65YPACXX150129:6:2116:8104:38601/2	101	1	100	smNRPS-CC	5875	298	397	99	3.89e-42
C65YPACXX150129:6:2308:20345:92873/2	97	97	1	smNRPS-CC	5875	5352	5448	100	3.89e-42
C65YPACXX150129:7:2201:6568:35715/2	100	1	100	smNRPS-CC	5875	5552	5651	99	3.89e-42
C65YPACXX150129:6:1101:20686:39630/2	100	1	100	smNRPS-CC	5875	934	1033	99	3.89e-42
C65YPACXX150129:7:1101:10388:46781/2	100	1	100	smNRPS-CC	5875	5319	5418	99	3.89e-42
C65YPACXX150129:6:1216:15102:16685/1	100	100	1	smNRPS-CC	5875	1167	1266	99	3.89e-42
C65YPACXX150129:8:1114:16449:12006/2	101	1	101	smNRPS-CC	5875	2082	2182	99.01	1.08e-42
C65YPACXX150129:6:1112:4175:46291/1	101	101	1	smNRPS-CC	5875	5464	5564	99.01	1.08e-42
C65YPACXX150129:6:1112:4175:46291/2	101	1	101	smNRPS-CC	5875	5329	5429	99.01	1.08e-42
C65YPACXX150129:6:1105:12995:24599/1	101	101	1	smNRPS-CC	5875	2794	2894	99.01	1.08e-42
C65YPACXX150129:8:1111:20260:23853/1	101	101	1	smNRPS-CC	5875	5498	5598	99.01	1.08e-42
C65YPACXX150129:7:2308:2170:76256/1	101	101	1	smNRPS-CC	5875	5563	5663	99.01	1.08e-42
C65YPACXX150129:8:2111:7116:33399/2	101	1	101	smNRPS-CC	5875	3934	4034	99.01	1.08e-42
C65YPACXX150129:7:2306:9278:43167/1	101	101	1	smNRPS-CC	5875	3930	4030	99.01	1.08e-42
C65YPACXX150129:7:2103:3288:70178/1	101	101	1	smNRPS-CC	5875	176	276	99.01	1.08e-42
C65YPACXX150129:8:2302:4431:13309/1	101	1	101	smNRPS-CC	5875	2775	2875	99.01	1.08e-42
C65YPACXX150129:7:1213:16731:73404/1	101	1	101	smNRPS-CC	5875	1142	1242	99.01	1.08e-42
C65YPACXX150129:7:1213:16731:73404/2	101	101	1	smNRPS-CC	5875	1171	1271	99.01	1.08e-42
C65YPACXX150129:6:1205:7886:22063/1	101	101	1	smNRPS-CC	5875	3930	4030	99.01	1.08e-42
C65YPACXX150129:6:2212:4591:29830/2	101	1	101	smNRPS-CC	5875	2082	2182	99.01	1.08e-42
C65YPACXX150129:6:1106:12582:53557/2	101	101	1	smNRPS-CC	5875	2083	2183	99.01	1.08e-42
C65YPACXX150129:8:1110:17735:67374/1	101	1	101	smNRPS-CC	5875	2267	2367	99.01	1.08e-42
C65YPACXX150129:6:1104:11720:70019/2	101	1	101	smNRPS-CC	5875	4616	4716	99.01	1.08e-42
C65YPACXX150129:8:2112:7816:94158/2	101	101	1	smNRPS-CC	5875	952	1052	99.01	1.08e-42
C65YPACXX150129:8:1214:14863:51373/1	101	1	101	smNRPS-CC	5875	3573	3673	99.01	1.08e-42
C65YPACXX150129:7:2207:17522:60121/1	101	1	101	smNRPS-CC	5875	5725	5825	99.01	1.08e-42
C65YPACXX150129:8:2207:4955:12216/1	101	101	1	smNRPS-CC	5875	2083	2183	99.01	1.08e-42
C65YPACXX150129:7:1105:14178:94907/1	101	1	101	smNRPS-CC	5875	2704	2804	99.01	1.08e-42
C65YPACXX150129:8:2107:14626:52384/1	101	101	1	smNRPS-CC	5875	2267	2367	99.01	1.08e-42
C65YPACXX150129:8:2107:14626:52384/2	101	1	101	smNRPS-CC	5875	2257	2357	99.01	1.08e-42
C65YPACXX150129:8:2213:5132:80046/1	101	1	101	smNRPS-CC	5875	233	333	99.01	1.08e-42
C65YPACXX150129:6:2316:4304:37837/2	101	101	1	smNRPS-CC	5875	4613	4713	99.01	1.08e-42
C65YPACXX150129:8:1308:5650:97118/2	101	1	101	smNRPS-CC	5875	5734	5834	99.01	1.08e-42
C65YPACXX150129:8:2112:15894:43687/1	101	1	101	smNRPS-CC	5875	4008	4108	99.01	1.08e-42
C65YPACXX150129:6:1105:7256:38592/1	101	101	1	smNRPS-CC	5875	633	734	99.02	1.08e-42
C65YPACXX150129:8:1210:17411:71492/2	101	101	1	smNRPS-CC	5875	948	1048	99.01	1.08e-42
C65YPACXX150129:6:1205:18057:42266/1	101	101	1	smNRPS-CC	5875	4379	4479	99.01	1.08e-42
C65YPACXX150129:7:1209:14704:60363/2	101	101	1	smNRPS-CC	5875	2109	2209	99.01	1.08e-42
C65YPACXX150129:6:2308:20345:92873/1	101	1	101	smNRPS-CC	5875	5321	5421	99.01	1.08e-42
C65YPACXX150129:6:1205:12274:51081/1	101	101	1	smNRPS-CC	5875	634	735	99.02	1.08e-42
C65YPACXX150129:6:1213:19821:80420/1	101	101	1	smNRPS-CC	5875	5169	5269	99.01	1.08e-42
C65YPACXX150129:6:1213:19821:80420/2	101	1	101	smNRPS-CC	5875	4967	5067	99.01	1.08e-42
C65YPACXX150129:7:1209:1165:77385/2	101	1	101	smNRPS-CC	5875	4834	4934	99.01	1.08e-42
C65YPACXX150129:6:1310:11626:7748/1	101	101	1	smNRPS-CC	5875	4569	4669	99.01	1.08e-42
C65YPACXX150129:8:1301:14370:39167/1	101	1	101	smNRPS-CC	5875	2704	2804	99.01	1.08e-42
C65YPACXX150129:8:1304:5509:43160/1	101	1	101	smNRPS-CC	5875	5556	5656	99.01	1.08e-42
C65YPACXX150129:8:1304:5509:43160/2	101	101	1	smNRPS-CC	5875	5566	5666	99.01	1.08e-42
C65YPACXX150129:7:1107:14012:96757/2	101	1	101	smNRPS-CC	5875	5073	5173	99.01	1.08e-42
C65YPACXX150129:6:2305:15216:3078/2	101	1	101	smNRPS-CC	5875	3046	3146	99.01	1.08e-42
C65YPACXX150129:7:1102:17357:83049/1	101	1	101	smNRPS-CC	5875	2985	3085	99.01	1.08e-42
C65YPACXX150129:7:1102:17357:83049/2	101	101	1	smNRPS-CC	5875	3011	3111	99.01	1.08e-42
C65YPACXX150129:7:2206:8791:52012/2	101	101	1	smNRPS-CC	5875	884	984	99.01	1.08e-42
C65YPACXX150129:7:1114:12398:38486/2	101	101	1	smNRPS-CC	5875	5299	5399	99.01	1.08e-42
C65YPACXX150129:7:1113:3894:57469/2	101	101	1	smNRPS-CC	5875	952	1052	99.01	1.08e-42
C65YPACXX150129:8:1201:3852:59059/1	101	1	101	smNRPS-CC	5875	5450	5551	99.02	1.08e-42
C65YPACXX150129:8:1201:3852:59059/2	101	101	1	smNRPS-CC	5875	5493	5593	99.01	1.08e-42
C65YPACXX150129:7:2201:6568:35715/1	101	101	1	smNRPS-CC	5875	5563	5663	99.01	1.08e-42
C65YPACXX150129:6:1101:20686:39630/1	101	101	1	smNRPS-CC	5875	942	1042	99.01	1.08e-42
C65YPACXX150129:7:1101:10388:46781/1	101	101	1	smNRPS-CC	5875	5553	5653	99.01	1.08e-42
C65YPACXX150129:6:1308:15712:24107/1	101	101	1	smNRPS-CC	5875	3548	3648	99.01	1.08e-42
C65YPACXX150129:7:1111:5781:81672/1	101	1	101	smNRPS-CC	5875	1149	1249	99.01	1.08e-42
C65YPACXX150129:7:2314:11606:16943/1	101	101	1	smNRPS-CC	5875	2840	2940	99.01	1.08e-42
C65YPACXX150129:7:2101:9256:93347/1	101	101	1	smNRPS-CC	5875	2114	2214	99.01	1.08e-42
C65YPACXX150129:8:2307:14079:29749/1	101	1	101	smNRPS-CC	5875	4567	4667	99.01	1.08e-42
C65YPACXX150129:8:1108:19554:66883/1	101	101	1	smNRPS-CC	5875	2095	2195	99.01	1.08e-42
C65YPACXX150129:7:2316:12387:30409/1	101	101	1	smNRPS-CC	5875	2246	2346	99.01	1.08e-42
C65YPACXX150129:8:1113:17945:5923/2	101	101	1	smNRPS-CC	5875	2114	2214	99.01	1.08e-42
C65YPACXX150129:6:1205:18057:42266/2	99	1	99	smNRPS-CC	5875	4169	4267	100	3.01e-43
C65YPACXX150129:8:1211:17740:62290/2	100	1	100	smNRPS-CC	5875	2450	2549	100	8.36e-44
C65YPACXX150129:6:1208:1396:49874/2	101	100	1	smNRPS-CC	5875	3913	4012	100	8.36e-44
C65YPACXX150129:6:1113:12439:46172/1	101	1	101	smNRPS-CC	5875	457	557	100	2.32e-44
C65YPACXX150129:7:2304:11693:100310/1	101	101	1	smNRPS-CC	5875	873	973	100	2.32e-44
C65YPACXX150129:7:2304:11693:100310/2	101	1	101	smNRPS-CC	5875	816	916	100	2.32e-44
C65YPACXX150129:6:1211:15215:9773/1	101	101	1	smNRPS-CC	5875	1913	2013	100	2.32e-44
C65YPACXX150129:6:1211:15215:9773/2	101	1	101	smNRPS-CC	5875	1689	1789	100	2.32e-44
C65YPACXX150129:8:1114:16449:12006/1	101	101	1	smNRPS-CC	5875	2213	2313	100	2.32e-44
C65YPACXX150129:8:1116:2921:31989/1	101	1	101	smNRPS-CC	5875	3122	3222	100	2.32e-44
C65YPACXX150129:6:2106:19785:79882/1	101	101	1	smNRPS-CC	5875	3129	3229	100	2.32e-44
C65YPACXX150129:8:1111:20260:23853/2	101	1	101	smNRPS-CC	5875	5390	5490	100	2.32e-44
C65YPACXX150129:8:2111:7116:33399/1	101	101	1	smNRPS-CC	5875	4052	4152	100	2.32e-44
C65YPACXX150129:7:1304:12527:17275/1	101	101	1	smNRPS-CC	5875	5652	5752	100	2.32e-44
C65YPACXX150129:7:1113:10160:93236/1	101	101	1	smNRPS-CC	5875	496	596	100	2.32e-44
C65YPACXX150129:7:1113:10160:93236/2	101	1	101	smNRPS-CC	5875	445	545	100	2.32e-44
C65YPACXX150129:6:2202:3927:16731/1	101	101	1	smNRPS-CC	5875	834	934	100	2.32e-44
C65YPACXX150129:6:2202:3927:16731/2	101	1	101	smNRPS-CC	5875	833	933	100	2.32e-44
C65YPACXX150129:6:2212:4591:29830/1	101	101	1	smNRPS-CC	5875	2213	2313	100	2.32e-44
C65YPACXX150129:6:1113:2356:85499/2	101	101	1	smNRPS-CC	5875	9	109	100	2.32e-44
C65YPACXX150129:6:1106:12582:53557/1	101	1	101	smNRPS-CC	5875	1877	1977	100	2.32e-44
C65YPACXX150129:7:2304:1545:37660/1	101	1	101	smNRPS-CC	5875	4086	4186	100	2.32e-44
C65YPACXX150129:7:2304:1545:37660/2	101	101	1	smNRPS-CC	5875	4160	4260	100	2.32e-44
C65YPACXX150129:8:1108:4555:39866/1	101	101	1	smNRPS-CC	5875	3114	3214	100	2.32e-44
C65YPACXX150129:8:1108:4555:39866/2	101	1	101	smNRPS-CC	5875	3103	3203	100	2.32e-44
C65YPACXX150129:8:2207:4955:12216/2	101	1	101	smNRPS-CC	5875	1725	1825	100	2.32e-44
C65YPACXX150129:6:2308:7508:35953/1	101	1	101	smNRPS-CC	5875	5082	5182	100	2.32e-44
C65YPACXX150129:6:2308:7508:35953/2	101	101	1	smNRPS-CC	5875	5083	5183	100	2.32e-44
C65YPACXX150129:6:1306:12497:6646/1	101	101	1	smNRPS-CC	5875	11	111	100	2.32e-44
C65YPACXX150129:8:2213:5132:80046/2	101	101	1	smNRPS-CC	5875	250	350	100	2.32e-44
C65YPACXX150129:7:1304:3873:11091/1	101	101	1	smNRPS-CC	5875	2180	2280	100	2.32e-44
C65YPACXX150129:7:1304:3873:11091/2	101	1	101	smNRPS-CC	5875	1787	1887	100	2.32e-44
C65YPACXX150129:6:2105:19509:16432/1	101	101	1	smNRPS-CC	5875	4940	5040	100	2.32e-44
C65YPACXX150129:8:2215:10692:58111/1	101	101	1	smNRPS-CC	5875	5438	5538	100	2.32e-44
C65YPACXX150129:6:1111:10810:40001/1	101	1	101	smNRPS-CC	5875	1717	1817	100	2.32e-44
C65YPACXX150129:6:1111:10810:40001/2	101	101	1	smNRPS-CC	5875	1821	1921	100	2.32e-44
C65YPACXX150129:6:2210:2307:75865/2	101	101	1	smNRPS-CC	5875	1001	1101	100	2.32e-44
C65YPACXX150129:7:2203:20072:83454/1	101	101	1	smNRPS-CC	5875	1315	1415	100	2.32e-44
C65YPACXX150129:7:2203:20072:83454/2	101	1	101	smNRPS-CC	5875	1228	1328	100	2.32e-44
C65YPACXX150129:6:2216:7099:86366/2	101	101	1	smNRPS-CC	5875	243	343	100	2.32e-44
C65YPACXX150129:6:1105:7256:38592/2	101	1	101	smNRPS-CC	5875	485	585	100	2.32e-44
C65YPACXX150129:8:1210:17411:71492/1	101	1	101	smNRPS-CC	5875	856	956	100	2.32e-44
C65YPACXX150129:6:1308:2156:92268/1	101	1	101	smNRPS-CC	5875	1895	1995	100	2.32e-44
C65YPACXX150129:6:1308:2156:92268/2	101	101	1	smNRPS-CC	5875	1956	2056	100	2.32e-44
C65YPACXX150129:6:2112:18749:14242/1	101	101	1	smNRPS-CC	5875	5358	5458	100	2.32e-44
C65YPACXX150129:7:1209:1165:77385/1	101	101	1	smNRPS-CC	5875	4952	5052	100	2.32e-44
C65YPACXX150129:6:1310:11626:7748/2	101	1	101	smNRPS-CC	5875	4115	4215	100	2.32e-44
C65YPACXX150129:7:1107:14012:96757/1	101	101	1	smNRPS-CC	5875	5145	5245	100	2.32e-44
C65YPACXX150129:7:2206:8791:52012/1	101	1	101	smNRPS-CC	5875	789	889	100	2.32e-44
C65YPACXX150129:7:1207:19227:18479/1	101	1	101	smNRPS-CC	5875	4110	4210	100	2.32e-44
C65YPACXX150129:7:1114:12398:38486/1	101	1	101	smNRPS-CC	5875	5008	5108	100	2.32e-44
C65YPACXX150129:8:2312:16975:46804/1	101	101	1	smNRPS-CC	5875	868	968	100	2.32e-44
C65YPACXX150129:8:2312:16975:46804/2	101	1	101	smNRPS-CC	5875	866	966	100	2.32e-44
C65YPACXX150129:6:2307:17112:64602/1	101	1	101	smNRPS-CC	5875	4433	4533	100	2.32e-44
C65YPACXX150129:7:2209:5735:22412/1	101	101	1	smNRPS-CC	5875	1754	1854	100	2.32e-44
C65YPACXX150129:8:1316:3115:70406/1	101	101	1	smNRPS-CC	5875	5358	5458	100	2.32e-44
C65YPACXX150129:8:2113:4016:82853/1	101	101	1	smNRPS-CC	5875	785	885	100	2.32e-44
C65YPACXX150129:7:2215:3053:82470/1	101	1	101	smNRPS-CC	5875	1960	2060	100	2.32e-44
C65YPACXX150129:8:1306:20513:80721/1	101	101	1	smNRPS-CC	5875	833	933	100	2.32e-44
C65YPACXX150129:7:2201:11710:85611/1	101	101	1	smNRPS-CC	5875	1092	1192	100	2.32e-44
C65YPACXX150129:6:1114:3640:80446/1	101	37	101	smNRPS-CB	5945	1	65	100	2.42e-24
C65YPACXX150129:7:1116:6652:21396/1	74	1	74	smNRPS-CB	5945	2806	2879	98.649	1.12e-27
C65YPACXX150129:6:2109:19584:69509/1	84	1	82	smNRPS-CB	5945	551	632	97.561	1.86e-30
C65YPACXX150129:7:1304:7473:25661/1	101	17	101	smNRPS-CB	5945	1	85	97.647	3.99e-32
C65YPACXX150129:6:1309:7880:49607/2	83	83	1	smNRPS-CB	5945	415	497	98.795	1.11e-32
C65YPACXX150129:7:1305:13350:76309/2	85	1	85	smNRPS-CB	5945	969	1053	98.824	8.58e-34
C65YPACXX150129:7:2104:6398:10952/1	101	101	1	smNRPS-CB	5945	4515	4615	95.05	5.13e-36
C65YPACXX150129:7:2116:7851:6087/2	101	1	101	smNRPS-CB	5945	2097	2197	95.05	5.13e-36
C65YPACXX150129:7:2207:13361:87028/1	101	101	1	smNRPS-CB	5945	5602	5702	95.05	5.13e-36
C65YPACXX150129:7:2207:13361:87028/2	101	1	101	smNRPS-CB	5945	5580	5680	95.05	5.13e-36
C65YPACXX150129:7:1308:10814:67271/1	101	1	101	smNRPS-CB	5945	5607	5707	95.05	5.13e-36
C65YPACXX150129:7:2116:7851:6087/1	101	99	1	smNRPS-CB	5945	2111	2209	95.96	1.43e-36
C65YPACXX150129:7:1212:15967:17115/1	100	100	1	smNRPS-CB	5945	4881	4980	96	3.96e-37
C65YPACXX150129:6:1116:13037:68851/2	101	1	101	smNRPS-CB	5945	1058	1158	96.04	1.1e-37
C65YPACXX150129:6:2313:4183:36947/1	101	98	1	smNRPS-CB	5945	4210	4307	96.939	1.1e-37
C65YPACXX150129:8:2113:5956:35961/1	101	101	1	smNRPS-CB	5945	4864	4964	96.04	1.1e-37
C65YPACXX150129:6:1305:14807:28389/1	101	101	1	smNRPS-CB	5945	4698	4798	96.04	1.1e-37
C65YPACXX150129:7:2306:4019:89731/2	101	1	101	smNRPS-CB	5945	3673	3773	96.04	1.1e-37
C65YPACXX150129:7:2110:8596:95864/1	101	98	1	smNRPS-CB	5945	4210	4307	96.939	1.1e-37
C65YPACXX150129:7:1108:17796:96796/2	101	1	97	smNRPS-CB	5945	1045	1141	97.938	8.52e-39
C65YPACXX150129:8:2112:16313:69583/1	101	1	101	smNRPS-CB	5945	2595	2695	97.03	2.37e-39
C65YPACXX150129:6:1309:7880:49607/1	101	1	101	smNRPS-CB	5945	354	454	97.03	2.37e-39
C65YPACXX150129:6:2313:4183:36947/2	101	1	101	smNRPS-CB	5945	4188	4288	97.03	2.37e-39
C65YPACXX150129:7:1302:5031:30099/1	101	101	1	smNRPS-CB	5945	3550	3650	97.03	2.37e-39
C65YPACXX150129:7:2115:10583:43424/1	101	101	1	smNRPS-CB	5945	1255	1355	97.03	2.37e-39
C65YPACXX150129:8:2207:2737:12117/1	101	101	1	smNRPS-CB	5945	3700	3800	97.03	2.37e-39
C65YPACXX150129:6:2101:2121:32488/1	101	101	1	smNRPS-CB	5945	1994	2094	97.03	2.37e-39
C65YPACXX150129:6:2311:5245:98454/1	101	101	1	smNRPS-CB	5945	1236	1336	97.03	2.37e-39
C65YPACXX150129:8:2112:16313:69583/2	99	99	1	smNRPS-CB	5945	2763	2861	97.98	6.59e-40
C65YPACXX150129:6:2316:18676:14771/2	99	1	99	smNRPS-CB	5945	316	414	97.98	6.59e-40
C65YPACXX150129:7:2110:16356:32345/1	101	101	1	smNRPS-CB	5945	1957	2057	98.02	5.09e-41
C65YPACXX150129:7:2110:16356:32345/2	101	1	101	smNRPS-CB	5945	1943	2043	98.02	5.09e-41
C65YPACXX150129:8:1303:17890:17341/1	101	1	101	smNRPS-CB	5945	1516	1616	98.02	5.09e-41
C65YPACXX150129:7:2316:5069:76478/1	101	1	101	smNRPS-CB	5945	336	436	98.02	5.09e-41
C65YPACXX150129:8:1215:4461:94914/1	101	1	101	smNRPS-CB	5945	2031	2131	98.02	5.09e-41
C65YPACXX150129:6:1312:15563:63551/2	101	101	1	smNRPS-CB	5945	4148	4248	98.02	5.09e-41
C65YPACXX150129:6:2212:15814:35902/1	101	101	1	smNRPS-CB	5945	3935	4035	98.02	5.09e-41
C65YPACXX150129:6:2212:15814:35902/2	101	1	101	smNRPS-CB	5945	3917	4017	98.02	5.09e-41
C65YPACXX150129:7:2306:4019:89731/1	101	101	1	smNRPS-CB	5945	3977	4077	98.02	5.09e-41
C65YPACXX150129:7:1302:5031:30099/2	101	1	101	smNRPS-CB	5945	3471	3571	98.02	5.09e-41
C65YPACXX150129:6:1104:15068:32943/1	101	101	1	smNRPS-CB	5945	4006	4106	98.02	5.09e-41
C65YPACXX150129:6:1104:15068:32943/2	101	1	101	smNRPS-CB	5945	3942	4042	98.02	5.09e-41
C65YPACXX150129:6:1113:2739:24463/2	101	101	1	smNRPS-CB	5945	684	784	98.02	5.09e-41
C65YPACXX150129:6:1205:12274:51081/2	101	101	1	smNRPS-CB	5945	5242	5344	98.058	1.42e-41
C65YPACXX150129:6:2101:8416:8506/1	101	1	100	smNRPS-CB	5945	423	522	99	3.94e-42
C65YPACXX150129:6:1113:2739:24463/1	100	1	100	smNRPS-CB	5945	382	481	99	3.94e-42
C65YPACXX150129:7:1107:20419:20225/2	97	97	1	smNRPS-CB	5945	160	256	100	3.94e-42
C65YPACXX150129:6:1309:18546:60815/1	97	1	97	smNRPS-CB	5945	2301	2397	100	3.94e-42
C65YPACXX150129:7:2211:20220:5174/2	101	101	1	smNRPS-CB	5945	3251	3351	99.01	1.09e-42
C65YPACXX150129:6:1312:15563:63551/1	101	1	101	smNRPS-CB	5945	4067	4167	99.01	1.09e-42
C65YPACXX150129:6:2316:18676:14771/1	101	101	1	smNRPS-CB	5945	623	723	99.01	1.09e-42
C65YPACXX150129:7:2110:8596:95864/2	101	1	101	smNRPS-CB	5945	4090	4190	99.01	1.09e-42
C65YPACXX150129:6:2212:10594:45811/1	101	1	101	smNRPS-CB	5945	1347	1447	99.01	1.09e-42
C65YPACXX150129:7:1108:17796:96796/1	101	101	1	smNRPS-CB	5945	1372	1472	99.01	1.09e-42
C65YPACXX150129:7:1107:20419:20225/1	101	1	101	smNRPS-CB	5945	83	183	99.01	1.09e-42
C65YPACXX150129:7:1209:18169:14219/1	101	99	1	smNRPS-CB	5945	3204	3302	100	3.04e-43
C65YPACXX150129:7:1209:18169:14219/2	101	1	99	smNRPS-CB	5945	3204	3302	100	3.04e-43
C65YPACXX150129:6:2101:8416:8506/2	100	100	1	smNRPS-CB	5945	837	936	100	8.46e-44
C65YPACXX150129:8:2207:2737:12117/2	101	1	100	smNRPS-CB	5945	3455	3554	100	8.46e-44
C65YPACXX150129:7:2211:20220:5174/1	101	1	101	smNRPS-CB	5945	3154	3254	100	2.35e-44
C65YPACXX150129:8:1215:4461:94914/2	101	101	1	smNRPS-CB	5945	2281	2381	100	2.35e-44
C65YPACXX150129:8:2111:3843:44544/1	101	1	101	smNRPS-CB	5945	2129	2229	100	2.35e-44
C65YPACXX150129:8:2111:3843:44544/2	101	101	1	smNRPS-CB	5945	2183	2283	100	2.35e-44
C65YPACXX150129:6:2201:15237:19415/1	101	1	101	smNRPS-CB	5945	5035	5135	100	2.35e-44
C65YPACXX150129:7:2115:10583:43424/2	101	1	101	smNRPS-CB	5945	786	886	100	2.35e-44
