C662FACXX150129:3:1104:20186:64824/2	87	1	87	smNRPS-CB	5945	1961	2047	97.701	4.31e-33
C662FACXX150129:3:1104:20186:64824/1	91	91	1	smNRPS-CB	5945	2368	2458	97.802	2.58e-35
C662FACXX150129:4:2104:7551:39419/2	97	97	1	smNRPS-CB	5945	3547	3643	95.876	2.58e-35
C662FACXX150129:6:2210:8946:29906/1	101	1	92	smNRPS-CB	5945	771	862	98.913	1.54e-37
C662FACXX150129:6:2210:8946:29906/2	98	93	1	smNRPS-CB	5945	768	859	98.925	1.54e-37
C662FACXX150129:4:2104:7551:39419/1	101	1	101	smNRPS-CB	5945	3479	3579	96.04	1.54e-37
C662FACXX150129:5:2112:16662:26323/1	101	1	92	smNRPS-CB	5945	771	862	100	3.31e-39
C662FACXX150129:5:2112:16662:26323/2	101	96	1	smNRPS-CB	5945	768	862	98.958	3.31e-39
C662FACXX150129:6:2308:15483:40297/1	101	1	92	smNRPS-CB	5945	771	862	100	3.31e-39
C662FACXX150129:6:2308:15483:40297/2	101	96	1	smNRPS-CB	5945	768	862	98.958	3.31e-39
C662FACXX150129:2:2109:18085:95948/1	98	98	1	smNRPS-CB	5945	2502	2599	97.959	3.31e-39
C662FACXX150129:7:2110:10164:25358/1	101	101	1	smNRPS-CB	5945	1462	1562	98.02	7.11e-41
C662FACXX150129:7:2110:10164:25358/2	101	1	101	smNRPS-CB	5945	1313	1413	98.02	7.11e-41
C662FACXX150129:5:2104:14535:77927/2	101	95	1	smNRPS-CB	5945	2223	2317	100	7.11e-41
C662FACXX150129:6:2110:17751:59839/2	101	1	101	smNRPS-CB	5945	5176	5276	98.02	7.11e-41
C662FACXX150129:4:1309:10356:37730/1	99	99	1	smNRPS-CB	5945	2685	2783	98.99	1.98e-41
C662FACXX150129:7:2113:3405:14019/2	97	1	97	smNRPS-CB	5945	3163	3259	100	5.5e-42
C662FACXX150129:7:2113:3405:14019/1	101	101	1	smNRPS-CB	5945	3361	3461	99.01	1.53e-42
C662FACXX150129:4:1309:10356:37730/2	98	1	98	smNRPS-CB	5945	2308	2405	100	1.53e-42
C662FACXX150129:5:2104:14535:77927/1	101	1	98	smNRPS-CB	5945	2223	2320	100	1.53e-42
C662FACXX150129:7:1102:8440:3528/1	101	101	1	smNRPS-CB	5945	2340	2440	99.01	1.53e-42
C662FACXX150129:2:1114:14304:25556/2	101	1	101	smNRPS-CB	5945	2979	3079	99.01	1.53e-42
C662FACXX150129:3:2210:2155:22406/1	100	100	1	smNRPS-CB	5945	769	868	100	1.18e-43
C662FACXX150129:6:2110:17751:59839/1	101	101	1	smNRPS-CB	5945	5244	5344	100	3.29e-44
C662FACXX150129:7:1102:8440:3528/2	101	1	101	smNRPS-CB	5945	2169	2269	100	3.29e-44
