C90P4ANXX160330:6:1311:8438:20372/1	100	1	100	smNRPS-CC	5875	4317	4416	95	2.51e-35
C90P4ANXX160330:6:1212:6426:87811/1	99	1	96	smNRPS-CC	5875	4381	4476	96.875	1.94e-36
C90P4ANXX160330:6:1212:6426:87811/2	101	100	1	smNRPS-CC	5875	4377	4476	97	1.16e-38
C90P4ANXX160330:4:1108:10787:70539/1	99	93	1	smNRPS-CB	5945	502	594	96.774	9.14e-35
C90P4ANXX160330:4:1108:10787:70539/2	100	1	94	smNRPS-CB	5945	503	596	96.809	2.54e-35
C90P4ANXX160330:1:2310:17579:37780/1	96	1	96	smNRPS-CB	5945	3732	3827	97.917	4.22e-38
C90P4ANXX160330:1:2310:10967:79155/1	97	97	1	smNRPS-CB	5945	1157	1253	97.938	1.17e-38
C90P4ANXX160330:5:2212:8685:50307/1	100	1	100	smNRPS-CB	5945	5635	5734	97	1.17e-38
C90P4ANXX160330:1:2310:17579:37780/2	101	101	1	smNRPS-CB	5945	3822	3922	97.03	3.26e-39
C90P4ANXX160330:1:2310:10967:79155/2	96	1	96	smNRPS-CB	5945	1039	1134	98.958	9.07e-40
C90P4ANXX160330:1:2309:13353:97132/1	100	1	100	smNRPS-CB	5945	5105	5204	98	2.52e-40
C90P4ANXX160330:1:2314:16693:55937/1	101	1	101	smNRPS-CB	5945	937	1037	98.02	7.01e-41
C90P4ANXX160330:1:2314:16693:55937/2	101	101	1	smNRPS-CB	5945	942	1042	98.02	7.01e-41
C90P4ANXX160330:2:1102:19578:64940/1	98	98	1	smNRPS-CB	5945	1059	1156	98.98	7.01e-41
C90P4ANXX160330:2:1102:19578:64940/2	100	1	100	smNRPS-CB	5945	1036	1135	99	5.42e-42
C90P4ANXX160330:4:1212:4254:68098/1	101	101	1	smNRPS-CB	5945	1059	1159	99.01	1.51e-42
C90P4ANXX160330:4:1212:4254:68098/2	101	1	101	smNRPS-CB	5945	1036	1136	99.01	1.51e-42
C90P4ANXX160330:1:2309:13353:97132/2	101	101	1	smNRPS-CB	5945	5196	5296	100	3.24e-44
C90P4ANXX160330:4:2309:17690:92183/2	101	101	1	smNRPS-CB	5945	5705	5805	100	3.24e-44
