C90P4ANXX160330:4:2108:19062:5386/2	75	74	1	smNRPS-CC	5875	4904	4977	98.649	1.49e-27
C90P4ANXX160330:4:2108:19062:5386/1	100	1	90	smNRPS-CC	5875	4893	4983	96.703	4.1e-33
C90P4ANXX160330:1:1105:13016:97780/2	101	101	1	smNRPS-CC	5875	4808	4908	96.04	1.47e-37
C90P4ANXX160330:1:1105:13016:97780/1	97	1	97	smNRPS-CC	5875	4692	4788	97.938	1.13e-38
C90P4ANXX160330:3:2108:9223:90617/1	100	1	100	smNRPS-CC	5875	4893	4992	98	2.44e-40
C90P4ANXX160330:5:2212:8628:4473/1	96	96	3	smNRPS-CC	5875	4208	4301	100	2.44e-40
C90P4ANXX160330:5:2305:2865:65210/1	100	100	1	smNRPS-CC	5875	3209	3308	99	5.23e-42
C90P4ANXX160330:5:2305:2865:65210/2	101	1	101	smNRPS-CC	5875	3094	3194	100	3.13e-44
C90P4ANXX160330:3:2108:9223:90617/2	101	101	1	smNRPS-CC	5875	4954	5054	100	3.13e-44
C90P4ANXX160330:5:2212:8628:4473/2	101	1	101	smNRPS-CC	5875	4107	4207	100	3.13e-44
C90P4ANXX160330:1:2208:13842:46059/2	66	1	66	smNRPS-CB	5945	1034	1099	98.485	4.21e-23
C90P4ANXX160330:1:1104:11988:89889/2	101	101	1	smNRPS-CB	5945	3462	3562	95.05	6.9e-36
C90P4ANXX160330:1:2208:13842:46059/1	100	92	1	smNRPS-CB	5945	1028	1119	97.826	1.92e-36
C90P4ANXX160330:4:2107:6541:6964/1	100	1	100	smNRPS-CB	5945	4946	5045	97	1.15e-38
C90P4ANXX160330:4:1311:8529:20914/2	101	95	1	smNRPS-CB	5945	634	728	98.947	3.19e-39
C90P4ANXX160330:4:1311:8529:20914/1	100	1	96	smNRPS-CB	5945	634	729	98.958	8.86e-40
C90P4ANXX160330:6:1202:15795:97285/2	99	1	99	smNRPS-CB	5945	3104	3202	97.98	8.86e-40
C90P4ANXX160330:6:2310:18883:78370/2	101	101	1	smNRPS-CB	5945	2479	2579	98.02	6.85e-41
C90P4ANXX160330:4:2107:6541:6964/2	101	101	1	smNRPS-CB	5945	5106	5206	98.02	6.85e-41
C90P4ANXX160330:6:2310:18883:78370/1	101	1	101	smNRPS-CB	5945	2330	2430	99.01	1.47e-42
C90P4ANXX160330:1:1104:11988:89889/1	101	1	101	smNRPS-CB	5945	3341	3441	99.01	1.47e-42
C90P4ANXX160330:5:2114:15812:71093/1	101	1	98	smNRPS-CB	5945	5705	5802	100	1.47e-42
C90P4ANXX160330:5:2114:15812:71093/2	101	98	1	smNRPS-CB	5945	5705	5802	100	1.47e-42
C90P4ANXX160330:6:1202:15795:97285/1	100	100	1	smNRPS-CB	5945	3189	3288	100	1.14e-43
