C662FACXX150129:3:2104:15990:100171/1	101	1	101	smNRPS-CC	5875	643	743	99.01	3.09e-42
C662FACXX150129:3:1315:4422:55109/1	87	87	1	smNRPS-CB	5945	232	318	98.851	1.89e-34
C662FACXX150129:3:2104:15990:100171/2	100	1	100	smNRPS-CB	5945	4837	4936	96	1.13e-36
C662FACXX150129:3:1309:13482:48626/1	92	1	92	smNRPS-CB	5945	4088	4179	98.913	3.15e-37
C662FACXX150129:2:1314:18231:95353/2	100	100	1	smNRPS-CB	5945	1631	1730	97	2.43e-38
C662FACXX150129:7:2207:11877:99960/1	101	101	1	smNRPS-CB	5945	4490	4590	97.03	6.76e-39
C662FACXX150129:4:1203:12083:7056/1	101	101	1	smNRPS-CB	5945	4490	4590	97.03	6.76e-39
C662FACXX150129:6:2206:2210:94667/1	101	1	101	smNRPS-CB	5945	4892	4992	98.02	1.45e-40
C662FACXX150129:2:1103:6957:97501/2	101	101	1	smNRPS-CB	5945	2471	2571	98.02	1.45e-40
C662FACXX150129:4:2203:3009:67280/2	99	99	1	smNRPS-CB	5945	1609	1707	98.99	4.04e-41
C662FACXX150129:2:1201:20723:93863/1	96	96	1	smNRPS-CB	5945	2257	2352	100	4.04e-41
C662FACXX150129:6:2206:2210:94667/2	100	100	1	smNRPS-CB	5945	4969	5068	99	1.12e-41
C662FACXX150129:4:2203:3009:67280/1	101	1	101	smNRPS-CB	5945	1529	1629	99.01	3.12e-42
C662FACXX150129:2:1314:18231:95353/1	101	1	101	smNRPS-CB	5945	1539	1639	99.01	3.12e-42
C662FACXX150129:3:1315:4422:55109/2	101	1	101	smNRPS-CB	5945	129	229	99.01	3.12e-42
C662FACXX150129:7:1316:7191:68870/1	101	101	1	smNRPS-CB	5945	2252	2352	100	6.72e-44
C662FACXX150129:7:1316:7191:68870/2	101	1	101	smNRPS-CB	5945	2195	2295	100	6.72e-44
