C90P4ANXX160330:6:2313:12042:53381/2	70	1	70	smNRPS-CB	5945	3606	3675	98.571	6.86e-26
C90P4ANXX160330:6:2313:12042:53381/1	79	75	1	smNRPS-CB	5945	3605	3679	98.667	1.14e-28
C90P4ANXX160330:5:2216:3383:51143/2	88	1	86	smNRPS-CB	5945	4207	4292	95.349	8.82e-30
C90P4ANXX160330:4:2202:17177:71095/1	87	87	1	smNRPS-CB	5945	1095	1181	96.552	5.27e-32
C90P4ANXX160330:5:1108:6222:89631/1	98	1	90	smNRPS-CB	5945	1999	2088	97.778	2.43e-35
C90P4ANXX160330:5:1108:6222:89631/2	100	93	1	smNRPS-CB	5945	1996	2088	96.774	2.43e-35
C90P4ANXX160330:2:2305:1454:34518/1	96	1	96	smNRPS-CB	5945	2454	2549	97.917	1.12e-38
C90P4ANXX160330:4:1113:3751:2444/1	96	96	1	smNRPS-CB	5945	3725	3820	97.917	1.12e-38
C90P4ANXX160330:2:2305:1454:34518/2	96	96	1	smNRPS-CB	5945	2509	2604	98.958	2.42e-40
C90P4ANXX160330:6:2309:9203:86694/1	100	1	100	smNRPS-CB	5945	3993	4092	99	1.44e-42
C90P4ANXX160330:6:2309:9203:86694/2	101	101	1	smNRPS-CB	5945	4034	4134	100	8.63e-45
