C662FACXX150129:7:2305:1878:23949/1	71	1	71	smNRPS-CC	5875	1533	1603	95.775	2.13e-22
C662FACXX150129:5:2213:20472:10634/2	85	1	85	smNRPS-CC	5875	5097	5181	97.647	7.56e-32
C662FACXX150129:6:2116:10889:6205/1	98	98	9	smNRPS-CC	5875	666	754	97.778	4.52e-34
C662FACXX150129:4:1116:1839:66286/2	92	1	92	smNRPS-CC	5875	3230	3321	97.826	9.71e-36
C662FACXX150129:5:2208:2128:81657/2	97	1	97	smNRPS-CC	5875	5612	5708	100	7.45e-42
C662FACXX150129:7:1212:15707:43382/1	101	1	101	smNRPS-CC	5875	615	715	100	4.45e-44
C662FACXX150129:4:1116:1839:66286/1	101	101	1	smNRPS-CC	5875	3272	3372	100	4.45e-44
C662FACXX150129:5:1310:15933:70884/1	101	1	101	smNRPS-CC	5875	3112	3212	100	4.45e-44
C662FACXX150129:5:1310:15933:70884/2	101	101	1	smNRPS-CC	5875	3139	3239	100	4.45e-44
C662FACXX150129:7:2316:19203:17175/1	101	101	1	smNRPS-CC	5875	4079	4179	100	4.45e-44
C662FACXX150129:3:1207:7041:66716/1	64	1	57	smNRPS-CB	5945	5889	5945	96.491	2.81e-16
C662FACXX150129:2:1303:2050:6132/1	68	68	1	smNRPS-CB	5945	3668	3735	97.059	2.16e-22
C662FACXX150129:3:2113:7145:47996/2	70	1	70	smNRPS-CB	5945	3673	3742	97.143	1.67e-23
C662FACXX150129:3:2111:7037:88969/1	75	1	75	smNRPS-CB	5945	3727	3801	97.333	2.77e-26
C662FACXX150129:4:2316:2708:79554/2	76	73	1	smNRPS-CB	5945	1196	1268	98.63	7.7e-27
C662FACXX150129:2:2208:14802:63104/1	74	1	74	smNRPS-CB	5945	3348	3421	98.649	2.14e-27
C662FACXX150129:5:1101:7945:75529/2	72	72	2	smNRPS-CB	5945	2997	3067	100	2.14e-27
C662FACXX150129:4:1115:3921:52066/1	79	1	79	smNRPS-CB	5945	3084	3162	97.468	1.66e-28
C662FACXX150129:3:2306:2591:60597/2	91	2	91	smNRPS-CB	5945	1145	1234	95.556	2.75e-31
C662FACXX150129:3:2215:16343:79191/2	101	101	10	smNRPS-CB	5945	1736	1823	95.652	2.75e-31
C662FACXX150129:4:1114:18291:64429/2	89	89	1	smNRPS-CB	5945	3078	3166	97.753	4.57e-34
C662FACXX150129:5:2205:20249:97976/2	87	87	3	smNRPS-CB	5945	626	710	100	3.53e-35
C662FACXX150129:3:2301:14804:22127/1	101	95	1	smNRPS-CB	5945	511	605	96.842	9.82e-36
C662FACXX150129:3:2301:14804:22127/2	101	1	95	smNRPS-CB	5945	511	605	96.842	9.82e-36
C662FACXX150129:2:1311:6616:86940/1	87	1	87	smNRPS-CB	5945	145	231	100	2.73e-36
C662FACXX150129:4:1115:3921:52066/2	94	94	1	smNRPS-CB	5945	3115	3208	97.872	7.59e-37
C662FACXX150129:4:1214:19259:47355/1	101	1	100	smNRPS-CB	5945	1053	1152	96	7.59e-37
C662FACXX150129:5:2114:13643:30816/2	101	101	1	smNRPS-CB	5945	5134	5234	96.04	2.11e-37
C662FACXX150129:4:1314:13113:52890/1	101	101	1	smNRPS-CB	5945	4693	4793	96.04	2.11e-37
C662FACXX150129:5:1302:10316:80678/1	101	1	101	smNRPS-CB	5945	5631	5731	96.04	2.11e-37
C662FACXX150129:2:1109:16621:52086/1	97	3	97	smNRPS-CB	5945	1154	1248	97.895	2.11e-37
C662FACXX150129:6:2203:8524:17816/1	101	99	1	smNRPS-CB	5945	2006	2104	96.97	5.87e-38
C662FACXX150129:2:2103:17078:52346/1	99	1	99	smNRPS-CB	5945	3060	3158	96.97	5.87e-38
C662FACXX150129:2:1108:3665:95886/1	101	96	1	smNRPS-CB	5945	4158	4253	97.917	5.87e-38
C662FACXX150129:2:1108:3665:95886/2	101	1	96	smNRPS-CB	5945	4158	4253	97.917	5.87e-38
C662FACXX150129:6:1205:8007:80048/2	93	1	93	smNRPS-CB	5945	567	659	98.925	5.87e-38
C662FACXX150129:2:2111:13290:37690/1	96	1	96	smNRPS-CB	5945	3115	3210	97.917	5.87e-38
C662FACXX150129:3:1202:6632:24846/2	100	100	1	smNRPS-CB	5945	4505	4604	97	1.63e-38
C662FACXX150129:6:1213:10095:8126/1	97	1	97	smNRPS-CB	5945	3504	3600	97.938	1.63e-38
C662FACXX150129:4:2316:2708:79554/1	101	1	100	smNRPS-CB	5945	1053	1152	97	1.63e-38
C662FACXX150129:7:1110:16764:4882/1	101	100	1	smNRPS-CB	5945	1964	2063	97	1.63e-38
C662FACXX150129:7:1110:16764:4882/2	101	1	100	smNRPS-CB	5945	1964	2063	97	1.63e-38
C662FACXX150129:5:2205:20249:97976/1	101	1	101	smNRPS-CB	5945	517	617	97.03	4.54e-39
C662FACXX150129:7:1212:15707:43382/2	101	1	101	smNRPS-CB	5945	5099	5199	97.03	4.54e-39
C662FACXX150129:3:2306:2391:65720/1	101	101	1	smNRPS-CB	5945	3802	3902	97.03	4.54e-39
C662FACXX150129:4:1314:13113:52890/2	101	1	101	smNRPS-CB	5945	4207	4307	97.03	4.54e-39
C662FACXX150129:5:2213:20784:97214/1	101	101	1	smNRPS-CB	5945	4202	4302	97.03	4.54e-39
C662FACXX150129:3:2202:1420:56182/2	98	1	98	smNRPS-CB	5945	2450	2547	97.959	4.54e-39
C662FACXX150129:4:2210:1428:94969/2	94	94	1	smNRPS-CB	5945	2973	3066	100	3.51e-40
C662FACXX150129:6:1308:14120:55385/1	101	101	2	smNRPS-CB	5945	1989	2088	98	3.51e-40
C662FACXX150129:6:1205:8007:80048/1	94	94	1	smNRPS-CB	5945	610	703	100	3.51e-40
C662FACXX150129:5:2114:13643:30816/1	101	1	101	smNRPS-CB	5945	5061	5161	98.02	9.75e-41
C662FACXX150129:6:1302:11470:66841/1	101	1	101	smNRPS-CB	5945	5176	5276	98.02	9.75e-41
C662FACXX150129:6:2316:19434:55251/2	101	101	1	smNRPS-CB	5945	1005	1105	98.02	9.75e-41
C662FACXX150129:3:2306:2391:65720/2	101	1	101	smNRPS-CB	5945	3790	3890	98.02	9.75e-41
C662FACXX150129:2:2212:8650:32147/1	101	1	101	smNRPS-CB	5945	3084	3184	98.02	9.75e-41
C662FACXX150129:2:2212:8650:32147/2	101	101	1	smNRPS-CB	5945	3112	3212	98.02	9.75e-41
C662FACXX150129:5:1209:14454:12247/1	101	101	1	smNRPS-CB	5945	3635	3735	98.02	9.75e-41
C662FACXX150129:6:1213:10095:8126/2	101	101	1	smNRPS-CB	5945	3596	3696	98.02	9.75e-41
C662FACXX150129:4:1209:8616:42634/1	101	1	101	smNRPS-CB	5945	3089	3189	98.02	9.75e-41
C662FACXX150129:7:1214:12652:20890/2	101	1	101	smNRPS-CB	5945	567	667	98.02	9.75e-41
C662FACXX150129:5:2213:12906:63126/1	96	2	96	smNRPS-CB	5945	3150	3244	100	9.75e-41
C662FACXX150129:6:1203:18499:67729/2	101	101	1	smNRPS-CB	5945	3596	3696	98.02	9.75e-41
C662FACXX150129:4:1214:19259:47355/2	101	101	1	smNRPS-CB	5945	1168	1268	98.02	9.75e-41
C662FACXX150129:7:1314:14972:82809/1	101	101	1	smNRPS-CB	5945	3109	3209	98.02	9.75e-41
C662FACXX150129:6:1308:14120:55385/2	101	1	101	smNRPS-CB	5945	1835	1935	98.02	9.75e-41
C662FACXX150129:6:1211:4681:43390/2	101	1	101	smNRPS-CB	5945	2051	2151	98.02	9.75e-41
C662FACXX150129:3:2215:16343:79191/1	101	1	101	smNRPS-CB	5945	1479	1579	98.02	9.75e-41
C662FACXX150129:3:2113:7145:47996/1	101	101	1	smNRPS-CB	5945	3895	3995	98.02	9.75e-41
C662FACXX150129:3:2204:5713:41542/1	101	1	101	smNRPS-CB	5945	3727	3827	98.02	9.75e-41
C662FACXX150129:6:2316:19434:55251/1	101	1	99	smNRPS-CB	5945	993	1091	98.99	2.71e-41
C662FACXX150129:5:1209:14454:12247/2	101	3	101	smNRPS-CB	5945	3556	3654	98.99	2.71e-41
C662FACXX150129:3:2306:2591:60597/1	101	100	1	smNRPS-CB	5945	1493	1592	99	7.54e-42
C662FACXX150129:4:1114:18291:64429/1	100	1	100	smNRPS-CB	5945	2257	2356	99	7.54e-42
C662FACXX150129:6:1211:4681:43390/1	97	97	1	smNRPS-CB	5945	2107	2203	100	7.54e-42
C662FACXX150129:5:1311:15982:33012/1	98	98	2	smNRPS-CB	5945	4789	4885	100	7.54e-42
C662FACXX150129:5:1104:8542:41106/2	100	1	100	smNRPS-CB	5945	2848	2947	99	7.54e-42
C662FACXX150129:2:2103:17078:52346/2	101	101	1	smNRPS-CB	5945	3251	3351	99.01	2.1e-42
C662FACXX150129:4:2210:1428:94969/1	101	1	101	smNRPS-CB	5945	2841	2941	99.01	2.1e-42
C662FACXX150129:4:1209:8616:42634/2	101	101	1	smNRPS-CB	5945	3332	3432	99.01	2.1e-42
C662FACXX150129:5:2316:2595:55050/1	101	101	1	smNRPS-CB	5945	2352	2452	99.01	2.1e-42
C662FACXX150129:5:2316:2595:55050/2	101	1	101	smNRPS-CB	5945	2330	2430	99.01	2.1e-42
C662FACXX150129:6:1203:18499:67729/1	101	1	101	smNRPS-CB	5945	3504	3604	99.01	2.1e-42
C662FACXX150129:7:2108:1682:44297/2	101	1	101	smNRPS-CB	5945	4005	4105	99.01	2.1e-42
C662FACXX150129:3:1302:10999:76563/1	101	101	1	smNRPS-CB	5945	4763	4863	99.01	2.1e-42
C662FACXX150129:6:1105:17822:23527/1	101	1	101	smNRPS-CB	5945	3011	3111	99.01	2.1e-42
C662FACXX150129:6:2206:10793:48689/1	101	1	101	smNRPS-CB	5945	1029	1129	99.01	2.1e-42
C662FACXX150129:6:1201:1187:48873/2	101	101	1	smNRPS-CB	5945	694	794	99.01	2.1e-42
C662FACXX150129:6:2203:8524:17816/2	101	2	101	smNRPS-CB	5945	1861	1960	100	1.62e-43
C662FACXX150129:5:2213:12906:63126/2	100	100	1	smNRPS-CB	5945	3203	3302	100	1.62e-43
C662FACXX150129:6:1302:11470:66841/2	101	101	1	smNRPS-CB	5945	5263	5363	100	4.51e-44
C662FACXX150129:2:2208:14802:63104/2	101	101	1	smNRPS-CB	5945	3396	3496	100	4.51e-44
C662FACXX150129:5:1101:7945:75529/1	101	1	101	smNRPS-CB	5945	2961	3061	100	4.51e-44
C662FACXX150129:7:1214:12652:20890/1	101	101	1	smNRPS-CB	5945	603	703	100	4.51e-44
C662FACXX150129:2:1311:6616:86940/2	101	101	1	smNRPS-CB	5945	155	255	100	4.51e-44
C662FACXX150129:7:2108:1682:44297/1	101	101	1	smNRPS-CB	5945	4062	4162	100	4.51e-44
C662FACXX150129:7:1314:14972:82809/2	101	1	101	smNRPS-CB	5945	2939	3039	100	4.51e-44
C662FACXX150129:2:1110:11869:57146/1	101	1	101	smNRPS-CB	5945	2249	2349	100	4.51e-44
