C90P4ANXX160330:4:2316:4589:12227/2	81	1	81	smNRPS-CB	5945	3632	3712	98.765	1.21e-31
C90P4ANXX160330:5:2109:20890:82570/1	101	101	1	smNRPS-CB	5945	362	462	97.03	5.56e-40
C90P4ANXX160330:4:2316:4589:12227/1	100	100	1	smNRPS-CB	5945	3641	3740	98	1.55e-40
C90P4ANXX160330:2:2311:13893:85362/2	101	1	101	smNRPS-CB	5945	2565	2665	98.02	4.3e-41
C90P4ANXX160330:5:2109:20890:82570/2	101	1	101	smNRPS-CB	5945	238	338	98.02	4.3e-41
C90P4ANXX160330:6:1104:16483:24884/2	100	1	100	smNRPS-CB	5945	2979	3078	99	3.32e-42
C90P4ANXX160330:6:1104:16483:24884/1	101	101	1	smNRPS-CB	5945	3012	3112	99.01	9.24e-43
C90P4ANXX160330:2:2311:13893:85362/1	101	101	1	smNRPS-CB	5945	2770	2870	99.01	9.24e-43
C90P4ANXX160330:4:2206:14317:34500/1	101	101	1	smNRPS-CB	5945	1019	1119	99.01	9.24e-43
C90P4ANXX160330:4:2206:14317:34500/2	101	1	101	smNRPS-CB	5945	1007	1107	99.01	9.24e-43
