C90P4ANXX160330:6:1212:21132:46302/2	88	1	88	smNRPS-CC	5875	1213	1300	100	3.06e-37
C90P4ANXX160330:6:2206:10499:78158/1	101	101	1	smNRPS-CC	5875	1171	1271	98.02	3.93e-41
C90P4ANXX160330:3:2314:7355:69137/2	60	1	60	smNRPS-CB	5945	4899	4958	96.667	2.46e-18
C90P4ANXX160330:4:2112:13793:11339/2	69	1	69	smNRPS-CB	5945	3847	3915	98.551	5.25e-25
C90P4ANXX160330:4:2112:13793:11339/1	70	70	1	smNRPS-CB	5945	3980	4049	98.571	1.46e-25
C90P4ANXX160330:4:2114:10303:34918/1	93	1	93	smNRPS-CB	5945	5600	5692	95.699	2.41e-33
C90P4ANXX160330:6:1212:21132:46302/1	98	1	98	smNRPS-CB	5945	4553	4650	95.918	4e-36
C90P4ANXX160330:5:1114:9568:87574/2	97	1	97	smNRPS-CB	5945	207	303	96.907	3.09e-37
C90P4ANXX160330:2:1205:5211:90828/1	94	94	2	smNRPS-CB	5945	4077	4169	98.925	2.39e-38
C90P4ANXX160330:5:1114:9568:87574/1	100	100	1	smNRPS-CB	5945	229	328	97	6.65e-39
C90P4ANXX160330:6:2206:10499:78158/2	101	101	1	smNRPS-CB	5945	4859	4959	97.03	1.85e-39
C90P4ANXX160330:4:2201:7529:17467/2	98	98	1	smNRPS-CB	5945	5268	5365	97.959	1.85e-39
C90P4ANXX160330:3:1112:20161:18288/2	95	95	1	smNRPS-CB	5945	3272	3366	98.947	1.85e-39
C90P4ANXX160330:3:1202:7839:97521/1	99	1	93	smNRPS-CB	5945	4027	4119	100	5.14e-40
C90P4ANXX160330:6:1106:16126:46224/2	98	98	1	smNRPS-CB	5945	4461	4558	98.98	3.97e-41
C90P4ANXX160330:6:2103:8623:60735/1	101	101	1	smNRPS-CB	5945	2652	2752	98.02	3.97e-41
C90P4ANXX160330:6:2103:8623:60735/2	101	1	101	smNRPS-CB	5945	2601	2701	98.02	3.97e-41
C90P4ANXX160330:1:1109:8065:9702/1	98	98	1	smNRPS-CB	5945	2652	2749	98.98	3.97e-41
C90P4ANXX160330:1:1109:8065:9702/2	101	1	101	smNRPS-CB	5945	2601	2701	98.02	3.97e-41
C90P4ANXX160330:4:2201:7529:17467/1	101	1	101	smNRPS-CB	5945	5106	5206	98.02	3.97e-41
C90P4ANXX160330:1:2107:19784:14758/2	101	101	1	smNRPS-CB	5945	1937	2037	98.02	3.97e-41
C90P4ANXX160330:4:1214:7643:5287/2	100	99	1	smNRPS-CB	5945	4024	4122	98.99	1.1e-41
C90P4ANXX160330:1:1102:13798:67079/1	99	99	1	smNRPS-CB	5945	4560	4658	98.99	1.1e-41
C90P4ANXX160330:4:2205:15363:81748/1	99	99	1	smNRPS-CB	5945	5484	5582	98.99	1.1e-41
C90P4ANXX160330:4:1214:7643:5287/1	100	1	97	smNRPS-CB	5945	4026	4122	100	3.07e-42
C90P4ANXX160330:1:2205:6451:99198/1	99	99	1	smNRPS-CB	5945	3034	3132	98.99	3.07e-42
C90P4ANXX160330:6:1106:16126:46224/1	101	1	101	smNRPS-CB	5945	4452	4552	99.01	8.54e-43
C90P4ANXX160330:1:1102:13798:67079/2	101	1	101	smNRPS-CB	5945	4525	4625	99.01	8.54e-43
C90P4ANXX160330:1:2107:19784:14758/1	101	1	101	smNRPS-CB	5945	1920	2020	99.01	8.54e-43
C90P4ANXX160330:4:2205:15363:81748/2	101	1	101	smNRPS-CB	5945	5451	5551	99.01	8.54e-43
C90P4ANXX160330:6:2104:7600:25072/1	99	1	99	smNRPS-CB	5945	2058	2156	100	2.37e-43
C90P4ANXX160330:2:2312:10867:65469/1	100	100	1	smNRPS-CB	5945	1866	1965	100	6.6e-44
C90P4ANXX160330:4:1101:21186:64451/2	100	100	1	smNRPS-CB	5945	487	586	100	6.6e-44
C90P4ANXX160330:3:1212:14849:84705/1	101	1	101	smNRPS-CB	5945	406	506	100	1.84e-44
C90P4ANXX160330:3:1212:14849:84705/2	101	101	1	smNRPS-CB	5945	486	586	100	1.84e-44
C90P4ANXX160330:6:2104:7600:25072/2	101	101	1	smNRPS-CB	5945	2071	2171	100	1.84e-44
C90P4ANXX160330:2:2312:10867:65469/2	101	1	101	smNRPS-CB	5945	1862	1962	100	1.84e-44
C90P4ANXX160330:1:2205:6451:99198/2	101	1	101	smNRPS-CB	5945	2843	2943	100	1.84e-44
C90P4ANXX160330:2:2114:6263:42077/1	101	101	1	smNRPS-CB	5945	3293	3393	100	1.84e-44
C90P4ANXX160330:2:2114:6263:42077/2	101	1	101	smNRPS-CB	5945	3257	3357	100	1.84e-44
C90P4ANXX160330:2:2209:14150:70513/2	101	1	101	smNRPS-CB	5945	1964	2064	100	1.84e-44
