C8G6HANXX160303:4:1309:6003:42210/1	57	57	1	smNRPS-CC	5875	4890	4946	100	1.28e-19
C8G6HANXX160303:3:2201:13873:30991/2	101	1	68	smNRPS-CC	5875	5808	5875	100	9.86e-26
C8G6HANXX160303:4:2314:9814:11895/2	79	1	76	smNRPS-CC	5875	650	725	100	3.52e-30
C8G6HANXX160303:6:1114:9748:44210/2	76	1	76	smNRPS-CC	5875	1235	1310	100	3.52e-30
C8G6HANXX160303:5:1206:18285:25105/2	80	80	1	smNRPS-CC	5875	651	730	98.75	9.79e-31
C8G6HANXX160303:6:1313:4327:3009/1	101	1	81	smNRPS-CC	5875	5795	5875	100	5.85e-33
C8G6HANXX160303:4:2314:6327:19866/1	101	1	101	smNRPS-CC	5875	1509	1609	95.05	9.72e-36
C8G6HANXX160303:7:1201:1919:53683/2	87	87	1	smNRPS-CC	5875	3341	3427	100	2.7e-36
C8G6HANXX160303:5:1211:16275:82038/2	101	1	87	smNRPS-CC	5875	5789	5875	100	2.7e-36
C8G6HANXX160303:7:2111:15491:92655/1	101	1	87	smNRPS-CC	5875	5789	5875	100	2.7e-36
C8G6HANXX160303:3:1116:11178:49205/1	93	93	1	smNRPS-CC	5875	415	507	97.849	2.7e-36
C8G6HANXX160303:8:2109:16045:98424/1	101	101	10	smNRPS-CC	5875	1556	1647	98.913	2.09e-37
C8G6HANXX160303:4:2314:6327:19866/2	101	101	10	smNRPS-CC	5875	1556	1647	98.913	2.09e-37
C8G6HANXX160303:3:2112:15519:63505/2	91	91	1	smNRPS-CC	5875	5600	5690	100	1.62e-38
C8G6HANXX160303:4:1109:5804:33677/1	92	92	1	smNRPS-CC	5875	1364	1455	100	4.49e-39
C8G6HANXX160303:6:1207:20382:6172/2	101	101	1	smNRPS-CC	5875	1541	1641	97.03	4.49e-39
C8G6HANXX160303:8:1211:1963:92489/1	101	101	1	smNRPS-CC	5875	1541	1641	97.03	4.49e-39
C8G6HANXX160303:8:1311:4561:21042/2	101	1	92	smNRPS-CC	5875	5784	5875	100	4.49e-39
C8G6HANXX160303:4:2211:17046:4997/2	99	99	1	smNRPS-CC	5875	1238	1336	97.98	1.25e-39
C8G6HANXX160303:3:1111:4801:82655/1	100	1	100	smNRPS-CC	5875	470	569	98	3.47e-40
C8G6HANXX160303:7:1201:1919:53683/1	94	1	94	smNRPS-CC	5875	3227	3320	100	3.47e-40
C8G6HANXX160303:7:1306:11740:76443/1	101	1	101	smNRPS-CC	5875	409	509	98.02	9.66e-41
C8G6HANXX160303:7:2201:6380:40182/1	101	1	101	smNRPS-CC	5875	5306	5406	98.02	9.66e-41
C8G6HANXX160303:8:2313:9712:13435/2	101	1	101	smNRPS-CC	5875	5775	5875	98.02	9.66e-41
C8G6HANXX160303:5:1211:20077:95350/2	101	101	1	smNRPS-CC	5875	1196	1296	98.02	9.66e-41
C8G6HANXX160303:4:2113:6834:75920/2	101	101	1	smNRPS-CC	5875	5301	5401	98.02	9.66e-41
C8G6HANXX160303:5:1309:7294:80977/1	101	1	101	smNRPS-CC	5875	5306	5406	98.02	9.66e-41
C8G6HANXX160303:6:1102:13156:12215/1	99	1	99	smNRPS-CC	5875	1177	1275	98.99	2.68e-41
C8G6HANXX160303:8:1303:4828:53092/1	99	1	99	smNRPS-CC	5875	1183	1281	98.99	2.68e-41
C8G6HANXX160303:6:2112:18000:27038/2	97	97	1	smNRPS-CC	5875	456	552	100	7.46e-42
C8G6HANXX160303:5:1204:11291:12998/2	101	1	101	smNRPS-CC	5875	5767	5867	99.01	2.08e-42
C8G6HANXX160303:3:2212:15297:31636/2	101	1	101	smNRPS-CC	5875	457	557	99.01	2.08e-42
C8G6HANXX160303:6:1102:13156:12215/2	101	101	1	smNRPS-CC	5875	1188	1288	99.01	2.08e-42
C8G6HANXX160303:8:2203:14274:62660/2	101	1	101	smNRPS-CC	5875	1233	1333	99.01	2.08e-42
C8G6HANXX160303:4:2205:14703:54203/1	98	98	1	smNRPS-CC	5875	2643	2740	100	2.08e-42
C8G6HANXX160303:6:1206:19807:16588/2	99	1	99	smNRPS-CC	5875	5682	5780	100	5.77e-43
C8G6HANXX160303:8:1111:19950:65473/1	99	1	99	smNRPS-CC	5875	5341	5439	100	5.77e-43
C8G6HANXX160303:8:1111:19950:65473/2	99	99	1	smNRPS-CC	5875	5592	5690	100	5.77e-43
C8G6HANXX160303:4:2113:20656:43467/1	100	1	100	smNRPS-CC	5875	3207	3306	100	1.6e-43
C8G6HANXX160303:5:1107:7019:64519/1	100	100	1	smNRPS-CC	5875	3847	3946	100	1.6e-43
C8G6HANXX160303:3:2112:15519:63505/1	100	1	100	smNRPS-CC	5875	5340	5439	100	1.6e-43
C8G6HANXX160303:4:2113:20656:43467/2	101	101	1	smNRPS-CC	5875	3356	3456	100	4.46e-44
C8G6HANXX160303:7:1306:11740:76443/2	101	101	1	smNRPS-CC	5875	615	715	100	4.46e-44
C8G6HANXX160303:4:1109:5804:33677/2	101	1	101	smNRPS-CC	5875	1284	1384	100	4.46e-44
C8G6HANXX160303:3:2315:7985:94871/1	101	1	101	smNRPS-CC	5875	499	599	100	4.46e-44
C8G6HANXX160303:3:2315:7985:94871/2	101	101	1	smNRPS-CC	5875	630	730	100	4.46e-44
C8G6HANXX160303:3:2211:2903:11552/1	101	101	1	smNRPS-CC	5875	1295	1395	100	4.46e-44
C8G6HANXX160303:3:2211:2903:11552/2	101	1	101	smNRPS-CC	5875	1235	1335	100	4.46e-44
C8G6HANXX160303:3:1208:18481:52665/1	101	101	1	smNRPS-CC	5875	3153	3253	100	4.46e-44
C8G6HANXX160303:3:1208:18481:52665/2	101	1	101	smNRPS-CC	5875	3107	3207	100	4.46e-44
C8G6HANXX160303:6:1206:19807:16588/1	101	101	1	smNRPS-CC	5875	5726	5826	100	4.46e-44
C8G6HANXX160303:5:1107:7019:64519/2	101	1	101	smNRPS-CC	5875	3796	3896	100	4.46e-44
C8G6HANXX160303:5:1209:20863:33742/1	101	101	1	smNRPS-CC	5875	3098	3198	100	4.46e-44
C8G6HANXX160303:3:1205:12480:93320/1	53	1	53	smNRPS-CB	5945	1699	1751	100	2.18e-17
C8G6HANXX160303:4:2307:9887:24339/2	78	1	59	smNRPS-CB	5945	5887	5945	96.61	2.18e-17
C8G6HANXX160303:3:2201:13873:30991/1	101	48	101	smNRPS-CB	5945	1	54	100	6.05e-18
C8G6HANXX160303:8:1307:14819:72318/1	68	66	1	smNRPS-CB	5945	3556	3621	98.485	6.01e-23
C8G6HANXX160303:5:1112:10604:15194/1	70	1	70	smNRPS-CB	5945	2601	2670	97.143	1.67e-23
C8G6HANXX160303:6:2112:2398:3214/2	70	1	70	smNRPS-CB	5945	4567	4636	97.143	1.67e-23
C8G6HANXX160303:7:2108:3670:41721/1	72	72	1	smNRPS-CB	5945	531	602	97.222	1.29e-24
C8G6HANXX160303:7:1101:16058:75700/2	73	1	73	smNRPS-CB	5945	5496	5568	97.26	3.59e-25
C8G6HANXX160303:4:1212:3999:56116/1	82	1	82	smNRPS-CB	5945	802	883	96.341	1.66e-28
C8G6HANXX160303:5:2103:17836:53739/2	73	73	1	smNRPS-CB	5945	3392	3464	100	1.66e-28
C8G6HANXX160303:7:1212:21249:40857/1	76	76	1	smNRPS-CB	5945	3322	3397	98.684	1.66e-28
C8G6HANXX160303:4:2102:2363:44368/2	86	1	86	smNRPS-CB	5945	3864	3949	95.349	4.61e-29
C8G6HANXX160303:5:2104:19139:75462/1	75	1	75	smNRPS-CB	5945	2993	3067	100	1.28e-29
C8G6HANXX160303:8:2101:6490:90256/1	85	1	85	smNRPS-CB	5945	787	871	96.471	3.56e-30
C8G6HANXX160303:4:1212:3999:56116/2	79	79	1	smNRPS-CB	5945	838	916	98.734	3.56e-30
C8G6HANXX160303:3:2112:20112:91892/1	85	1	85	smNRPS-CB	5945	1075	1159	96.471	3.56e-30
C8G6HANXX160303:5:1207:18218:50601/2	80	80	1	smNRPS-CB	5945	418	497	98.75	9.91e-31
C8G6HANXX160303:3:2102:13313:98311/2	101	22	101	smNRPS-CB	5945	1	80	98.75	9.91e-31
C8G6HANXX160303:4:1304:3885:65368/1	80	80	1	smNRPS-CB	5945	4166	4245	98.75	9.91e-31
C8G6HANXX160303:4:2314:9814:11895/1	84	1	84	smNRPS-CB	5945	5193	5276	97.619	2.76e-31
C8G6HANXX160303:6:2312:2048:82435/1	84	1	84	smNRPS-CB	5945	4513	4596	97.619	2.76e-31
C8G6HANXX160303:3:1115:13754:61586/2	82	82	1	smNRPS-CB	5945	1633	1714	98.78	7.66e-32
C8G6HANXX160303:4:1103:16637:37529/1	83	1	82	smNRPS-CB	5945	3287	3368	98.78	7.66e-32
C8G6HANXX160303:5:1112:10604:15194/2	86	86	1	smNRPS-CB	5945	2751	2836	97.674	2.13e-32
C8G6HANXX160303:8:2316:9640:92349/2	90	1	90	smNRPS-CB	5945	4986	5075	96.667	5.92e-33
C8G6HANXX160303:5:2204:13283:99606/1	101	92	1	smNRPS-CB	5945	2075	2165	96.739	1.65e-33
C8G6HANXX160303:4:1111:10098:21117/1	100	16	100	smNRPS-CB	5945	1	85	98.824	1.65e-33
C8G6HANXX160303:7:2312:16801:30359/1	100	1	92	smNRPS-CB	5945	1944	2036	96.774	4.58e-34
C8G6HANXX160303:8:2316:20386:48015/1	89	89	1	smNRPS-CB	5945	1312	1400	97.753	4.58e-34
C8G6HANXX160303:6:1103:12991:86444/1	100	1	92	smNRPS-CB	5945	1944	2036	96.774	4.58e-34
C8G6HANXX160303:3:1315:1363:85661/2	101	1	101	smNRPS-CB	5945	1726	1823	95.05	1.27e-34
C8G6HANXX160303:5:2111:3962:100746/1	100	100	5	smNRPS-CB	5945	4836	4931	95.833	1.27e-34
C8G6HANXX160303:4:1212:6403:29874/1	87	87	1	smNRPS-CB	5945	434	520	98.851	1.27e-34
C8G6HANXX160303:6:1109:19537:17413/2	90	1	90	smNRPS-CB	5945	5153	5242	97.778	1.27e-34
C8G6HANXX160303:7:2312:16801:30359/2	101	91	1	smNRPS-CB	5945	1942	2032	97.802	3.54e-35
C8G6HANXX160303:6:1103:12991:86444/2	101	91	1	smNRPS-CB	5945	1942	2032	97.802	3.54e-35
C8G6HANXX160303:7:1110:2892:24853/2	97	94	1	smNRPS-CB	5945	3886	3979	96.809	3.54e-35
C8G6HANXX160303:6:2311:3844:69600/2	100	1	98	smNRPS-CB	5945	1553	1649	95.918	3.54e-35
C8G6HANXX160303:8:2104:6118:11770/2	100	100	1	smNRPS-CB	5945	5612	5711	95	3.54e-35
C8G6HANXX160303:7:1212:12438:34624/1	91	91	1	smNRPS-CB	5945	34	124	97.802	3.54e-35
C8G6HANXX160303:8:2209:6995:26888/2	101	101	1	smNRPS-CB	5945	4926	5026	95.05	9.84e-36
C8G6HANXX160303:4:1305:3404:80512/2	101	1	95	smNRPS-CB	5945	1318	1413	96.875	9.84e-36
C8G6HANXX160303:4:1306:12891:86091/2	101	1	101	smNRPS-CB	5945	5613	5713	95.05	9.84e-36
C8G6HANXX160303:3:1314:17304:97379/2	101	101	1	smNRPS-CB	5945	4883	4983	95.05	9.84e-36
C8G6HANXX160303:8:1101:2556:10917/2	101	1	95	smNRPS-CB	5945	3916	4011	96.875	9.84e-36
C8G6HANXX160303:6:1308:14014:18897/1	94	1	92	smNRPS-CB	5945	2474	2565	97.826	9.84e-36
C8G6HANXX160303:6:1101:7610:13149/2	101	101	1	smNRPS-CB	5945	5611	5711	95.05	9.84e-36
C8G6HANXX160303:6:2112:2398:3214/1	99	95	1	smNRPS-CB	5945	4565	4659	96.842	9.84e-36
C8G6HANXX160303:6:2311:3844:69600/1	100	95	1	smNRPS-CB	5945	1548	1642	96.842	9.84e-36
C8G6HANXX160303:5:2210:12092:62606/2	101	101	1	smNRPS-CB	5945	4926	5026	95.05	9.84e-36
C8G6HANXX160303:8:1101:2556:10917/1	101	93	1	smNRPS-CB	5945	3915	4007	97.849	2.74e-36
C8G6HANXX160303:3:1104:5453:8116/1	99	1	99	smNRPS-CB	5945	3833	3931	95.96	2.74e-36
C8G6HANXX160303:7:2311:15733:100358/2	101	96	1	smNRPS-CB	5945	4890	4985	96.875	2.74e-36
C8G6HANXX160303:7:1107:11862:82590/1	99	99	1	smNRPS-CB	5945	4219	4317	95.96	2.74e-36
C8G6HANXX160303:8:2114:17159:67493/1	100	1	90	smNRPS-CB	5945	4159	4248	98.889	2.74e-36
C8G6HANXX160303:3:1211:12792:36244/1	93	1	93	smNRPS-CB	5945	1554	1646	97.849	2.74e-36
C8G6HANXX160303:8:1106:1618:83358/2	94	1	94	smNRPS-CB	5945	2031	2124	97.872	7.61e-37
C8G6HANXX160303:6:2211:8692:15316/1	100	97	1	smNRPS-CB	5945	3685	3781	96.907	7.61e-37
C8G6HANXX160303:6:2216:3057:23606/2	100	1	100	smNRPS-CB	5945	3864	3963	96	7.61e-37
C8G6HANXX160303:8:1303:17943:22247/1	100	1	100	smNRPS-CB	5945	3866	3965	96	7.61e-37
C8G6HANXX160303:6:2316:19615:63848/2	97	1	97	smNRPS-CB	5945	517	613	96.907	7.61e-37
C8G6HANXX160303:3:2212:16154:59283/2	94	94	1	smNRPS-CB	5945	1017	1110	97.872	7.61e-37
C8G6HANXX160303:8:2114:17159:67493/2	101	94	1	smNRPS-CB	5945	4158	4251	97.872	7.61e-37
C8G6HANXX160303:4:2308:9368:46425/1	100	1	100	smNRPS-CB	5945	3831	3930	96	7.61e-37
C8G6HANXX160303:5:1315:12287:15725/1	101	1	101	smNRPS-CB	5945	729	830	96.078	2.12e-37
C8G6HANXX160303:5:1113:16292:95153/1	101	101	1	smNRPS-CB	5945	5640	5740	96.04	2.12e-37
C8G6HANXX160303:5:1213:12963:74602/2	95	1	95	smNRPS-CB	5945	1043	1137	97.895	2.12e-37
C8G6HANXX160303:6:2216:3057:23606/1	95	95	1	smNRPS-CB	5945	3940	4034	97.895	2.12e-37
C8G6HANXX160303:4:1213:20505:7873/2	101	4	101	smNRPS-CB	5945	1826	1923	96.939	2.12e-37
C8G6HANXX160303:4:2112:10991:73333/2	92	1	92	smNRPS-CB	5945	2969	3060	98.913	2.12e-37
C8G6HANXX160303:6:2111:13993:90206/1	101	1	101	smNRPS-CB	5945	3830	3930	96.04	2.12e-37
C8G6HANXX160303:5:2306:15580:12272/2	101	101	1	smNRPS-CB	5945	3824	3924	96.04	2.12e-37
C8G6HANXX160303:6:2311:6701:45370/1	98	98	1	smNRPS-CB	5945	4903	5000	96.939	2.12e-37
C8G6HANXX160303:5:1202:5133:93627/1	100	1	92	smNRPS-CB	5945	2186	2277	98.913	2.12e-37
C8G6HANXX160303:8:2212:10825:98376/1	95	1	95	smNRPS-CB	5945	3523	3617	97.895	2.12e-37
C8G6HANXX160303:5:1116:5385:5577/1	98	98	1	smNRPS-CB	5945	5640	5737	96.939	2.12e-37
C8G6HANXX160303:4:2214:10880:78412/1	89	1	89	smNRPS-CB	5945	3434	3522	100	2.12e-37
C8G6HANXX160303:6:1115:2241:67139/1	95	1	92	smNRPS-CB	5945	3056	3147	98.913	2.12e-37
C8G6HANXX160303:6:2210:20200:75950/2	101	1	101	smNRPS-CB	5945	3868	3968	96.04	2.12e-37
C8G6HANXX160303:8:1212:17950:37310/1	99	99	1	smNRPS-CB	5945	2016	2114	96.97	5.88e-38
C8G6HANXX160303:6:2303:17220:74677/2	101	1	96	smNRPS-CB	5945	1464	1559	97.917	5.88e-38
C8G6HANXX160303:4:1210:11242:66716/2	101	99	1	smNRPS-CB	5945	2006	2104	96.97	5.88e-38
C8G6HANXX160303:6:2206:2620:88157/1	99	1	99	smNRPS-CB	5945	788	886	96.97	5.88e-38
C8G6HANXX160303:5:2104:19139:75462/2	99	99	1	smNRPS-CB	5945	3057	3155	96.97	5.88e-38
C8G6HANXX160303:5:2105:15238:81064/1	99	99	1	smNRPS-CB	5945	4197	4295	96.97	5.88e-38
C8G6HANXX160303:3:1304:13875:47883/1	99	1	99	smNRPS-CB	5945	5183	5281	96.97	5.88e-38
C8G6HANXX160303:8:1113:16683:8721/2	101	99	1	smNRPS-CB	5945	2006	2104	96.97	5.88e-38
C8G6HANXX160303:6:1109:7963:53797/1	100	93	1	smNRPS-CB	5945	101	193	98.925	5.88e-38
C8G6HANXX160303:8:1203:13898:33033/2	101	3	101	smNRPS-CB	5945	3685	3783	96.97	5.88e-38
C8G6HANXX160303:5:2101:19243:79433/2	101	1	96	smNRPS-CB	5945	1464	1559	97.917	5.88e-38
C8G6HANXX160303:7:2116:12306:25835/1	100	1	93	smNRPS-CB	5945	4099	4191	98.925	5.88e-38
C8G6HANXX160303:3:2203:8585:62100/2	93	93	1	smNRPS-CB	5945	3267	3359	98.925	5.88e-38
C8G6HANXX160303:8:1306:13072:34636/1	96	96	1	smNRPS-CB	5945	2056	2151	97.917	5.88e-38
C8G6HANXX160303:7:1212:21249:40857/2	93	1	93	smNRPS-CB	5945	3273	3365	98.925	5.88e-38
C8G6HANXX160303:7:1212:12438:34624/2	101	1	96	smNRPS-CB	5945	34	129	97.917	5.88e-38
C8G6HANXX160303:5:1202:5133:93627/2	101	93	1	smNRPS-CB	5945	2185	2277	98.925	5.88e-38
C8G6HANXX160303:3:2215:5573:27316/1	100	93	1	smNRPS-CB	5945	101	193	98.925	5.88e-38
C8G6HANXX160303:8:1211:5362:28787/1	96	96	1	smNRPS-CB	5945	1171	1266	97.917	5.88e-38
C8G6HANXX160303:7:2210:17043:41525/1	93	1	93	smNRPS-CB	5945	4043	4135	98.925	5.88e-38
C8G6HANXX160303:8:2213:21062:25791/1	99	1	99	smNRPS-CB	5945	3738	3836	96.97	5.88e-38
C8G6HANXX160303:6:2303:17220:74677/1	99	97	1	smNRPS-CB	5945	1462	1558	97.938	1.64e-38
C8G6HANXX160303:5:1213:12963:74602/1	100	100	1	smNRPS-CB	5945	1199	1298	97	1.64e-38
C8G6HANXX160303:7:1102:6895:25110/1	94	94	1	smNRPS-CB	5945	3362	3455	98.936	1.64e-38
C8G6HANXX160303:6:1315:13656:77402/2	100	100	1	smNRPS-CB	5945	1463	1562	97	1.64e-38
C8G6HANXX160303:4:1306:12891:86091/1	100	100	1	smNRPS-CB	5945	5641	5740	97	1.64e-38
C8G6HANXX160303:5:1305:3323:91787/2	100	100	1	smNRPS-CB	5945	5495	5594	97	1.64e-38
C8G6HANXX160303:3:2306:10600:15468/1	101	2	101	smNRPS-CB	5945	4795	4894	97	1.64e-38
C8G6HANXX160303:8:1308:19963:46115/2	100	100	1	smNRPS-CB	5945	4702	4801	97	1.64e-38
C8G6HANXX160303:6:1101:7610:13149/1	100	1	100	smNRPS-CB	5945	5531	5630	97	1.64e-38
C8G6HANXX160303:6:1109:7963:53797/2	100	1	94	smNRPS-CB	5945	101	194	98.936	1.64e-38
C8G6HANXX160303:8:2203:9898:38277/2	101	100	1	smNRPS-CB	5945	3685	3784	97	1.64e-38
C8G6HANXX160303:7:2116:12306:25835/2	100	94	1	smNRPS-CB	5945	4098	4191	98.936	1.64e-38
C8G6HANXX160303:5:2306:15580:12272/1	100	1	100	smNRPS-CB	5945	3813	3912	97	1.64e-38
C8G6HANXX160303:8:2104:6118:11770/1	100	1	100	smNRPS-CB	5945	5531	5630	97	1.64e-38
C8G6HANXX160303:3:1315:9268:77201/1	101	1	100	smNRPS-CB	5945	5504	5603	97	1.64e-38
C8G6HANXX160303:8:2216:4642:42432/1	100	94	1	smNRPS-CB	5945	1681	1774	98.936	1.64e-38
C8G6HANXX160303:7:1213:11218:64258/1	100	97	1	smNRPS-CB	5945	1847	1943	97.938	1.64e-38
C8G6HANXX160303:7:1213:11218:64258/2	101	1	100	smNRPS-CB	5945	1848	1948	97.03	1.64e-38
C8G6HANXX160303:5:2306:6772:47702/1	97	97	1	smNRPS-CB	5945	3544	3640	97.938	1.64e-38
C8G6HANXX160303:6:1109:3128:12224/2	101	1	101	smNRPS-CB	5945	792	892	97.03	4.55e-39
C8G6HANXX160303:7:2315:17068:38194/2	95	1	95	smNRPS-CB	5945	918	1012	98.947	4.55e-39
C8G6HANXX160303:4:2114:8100:94403/1	97	95	1	smNRPS-CB	5945	1861	1955	98.947	4.55e-39
C8G6HANXX160303:6:2301:12587:57504/2	101	1	101	smNRPS-CB	5945	4994	5094	97.03	4.55e-39
C8G6HANXX160303:8:2103:10510:24633/2	92	92	1	smNRPS-CB	5945	3168	3259	100	4.55e-39
C8G6HANXX160303:6:2312:2048:82435/2	101	101	1	smNRPS-CB	5945	4567	4667	97.03	4.55e-39
C8G6HANXX160303:5:1205:6494:20532/2	101	101	1	smNRPS-CB	5945	1064	1164	97.03	4.55e-39
C8G6HANXX160303:5:2214:2046:35364/2	101	101	1	smNRPS-CB	5945	4559	4659	97.03	4.55e-39
C8G6HANXX160303:7:1210:9961:19316/1	101	101	1	smNRPS-CB	5945	1479	1579	97.03	4.55e-39
C8G6HANXX160303:7:1210:9961:19316/2	101	1	98	smNRPS-CB	5945	1462	1559	97.959	4.55e-39
C8G6HANXX160303:6:1203:2730:81579/1	101	101	1	smNRPS-CB	5945	3713	3813	97.03	4.55e-39
C8G6HANXX160303:8:1308:19963:46115/1	101	1	101	smNRPS-CB	5945	4519	4619	97.03	4.55e-39
C8G6HANXX160303:8:1303:17943:22247/2	95	95	1	smNRPS-CB	5945	4133	4227	98.947	4.55e-39
C8G6HANXX160303:7:1312:9890:59401/2	101	101	1	smNRPS-CB	5945	3688	3788	97.03	4.55e-39
C8G6HANXX160303:5:1314:20866:38012/2	95	95	1	smNRPS-CB	5945	2509	2603	98.947	4.55e-39
C8G6HANXX160303:5:1207:18218:50601/1	101	1	101	smNRPS-CB	5945	266	366	97.03	4.55e-39
C8G6HANXX160303:5:2105:15238:81064/2	98	1	98	smNRPS-CB	5945	4184	4281	97.959	4.55e-39
C8G6HANXX160303:6:2209:9407:74873/1	101	101	1	smNRPS-CB	5945	744	844	97.03	4.55e-39
C8G6HANXX160303:7:1110:2892:24853/1	101	1	101	smNRPS-CB	5945	3708	3808	97.03	4.55e-39
C8G6HANXX160303:4:2114:4209:13711/1	101	1	101	smNRPS-CB	5945	3713	3813	97.03	4.55e-39
C8G6HANXX160303:5:1211:20077:95350/1	101	101	1	smNRPS-CB	5945	4693	4793	97.03	4.55e-39
C8G6HANXX160303:3:1304:13875:47883/2	95	95	1	smNRPS-CB	5945	5322	5416	98.947	4.55e-39
C8G6HANXX160303:6:1111:2144:76528/1	98	1	98	smNRPS-CB	5945	1313	1410	97.959	4.55e-39
C8G6HANXX160303:8:1303:4828:53092/2	101	1	101	smNRPS-CB	5945	4550	4650	97.03	4.55e-39
C8G6HANXX160303:7:1210:19459:44028/1	101	1	101	smNRPS-CB	5945	4519	4619	97.03	4.55e-39
C8G6HANXX160303:7:1210:19459:44028/2	101	101	1	smNRPS-CB	5945	4561	4661	97.03	4.55e-39
C8G6HANXX160303:4:2106:10781:14172/2	101	1	101	smNRPS-CB	5945	1481	1581	97.03	4.55e-39
C8G6HANXX160303:7:1310:6677:80038/2	101	1	101	smNRPS-CB	5945	5639	5739	97.03	4.55e-39
C8G6HANXX160303:4:1216:4367:57875/2	101	101	1	smNRPS-CB	5945	3688	3788	97.03	4.55e-39
C8G6HANXX160303:5:2101:19243:79433/1	99	98	1	smNRPS-CB	5945	1462	1559	97.959	4.55e-39
C8G6HANXX160303:7:2207:21093:58026/1	97	92	1	smNRPS-CB	5945	3757	3848	100	4.55e-39
C8G6HANXX160303:7:1312:1714:85956/2	101	1	101	smNRPS-CB	5945	4903	5003	97.03	4.55e-39
C8G6HANXX160303:3:1313:12588:35852/2	101	1	101	smNRPS-CB	5945	501	601	97.03	4.55e-39
C8G6HANXX160303:7:1104:10503:28690/1	99	92	1	smNRPS-CB	5945	3190	3281	100	4.55e-39
C8G6HANXX160303:3:1315:9268:77201/2	101	101	1	smNRPS-CB	5945	5503	5603	97.03	4.55e-39
C8G6HANXX160303:4:1112:19620:70992/1	101	1	101	smNRPS-CB	5945	786	886	97.03	4.55e-39
C8G6HANXX160303:7:2305:6936:85108/2	98	98	1	smNRPS-CB	5945	1168	1265	97.959	4.55e-39
C8G6HANXX160303:4:2113:6834:75920/1	101	101	1	smNRPS-CB	5945	491	591	97.03	4.55e-39
C8G6HANXX160303:8:2104:9969:24819/1	101	1	101	smNRPS-CB	5945	1088	1188	97.03	4.55e-39
C8G6HANXX160303:8:2104:9969:24819/2	100	100	3	smNRPS-CB	5945	1197	1294	97.959	4.55e-39
C8G6HANXX160303:8:1208:2879:96430/1	101	1	101	smNRPS-CB	5945	786	886	97.03	4.55e-39
C8G6HANXX160303:6:1216:12827:62368/2	101	1	101	smNRPS-CB	5945	1206	1306	97.03	4.55e-39
C8G6HANXX160303:8:1211:5638:78463/2	101	1	101	smNRPS-CB	5945	4994	5094	97.03	4.55e-39
C8G6HANXX160303:3:2114:11342:99116/1	101	1	101	smNRPS-CB	5945	250	350	97.03	4.55e-39
C8G6HANXX160303:7:1212:17352:51423/1	101	1	101	smNRPS-CB	5945	250	350	97.03	4.55e-39
C8G6HANXX160303:7:2104:4581:32774/2	101	101	1	smNRPS-CB	5945	4968	5068	97.03	4.55e-39
C8G6HANXX160303:7:1311:12863:36614/2	101	101	1	smNRPS-CB	5945	3523	3623	97.03	4.55e-39
C8G6HANXX160303:4:1104:7383:86312/2	101	1	99	smNRPS-CB	5945	1043	1141	97.98	1.26e-39
C8G6HANXX160303:7:1102:6895:25110/2	96	1	96	smNRPS-CB	5945	3346	3441	98.958	1.26e-39
C8G6HANXX160303:7:1305:17117:88842/1	99	1	99	smNRPS-CB	5945	3106	3204	97.98	1.26e-39
C8G6HANXX160303:6:1308:14014:18897/2	101	99	1	smNRPS-CB	5945	2467	2565	97.98	1.26e-39
C8G6HANXX160303:7:2104:8319:5839/1	99	1	99	smNRPS-CB	5945	2590	2688	97.98	1.26e-39
C8G6HANXX160303:8:2316:20386:48015/2	99	1	99	smNRPS-CB	5945	1173	1271	97.98	1.26e-39
C8G6HANXX160303:8:2203:14274:62660/1	99	1	99	smNRPS-CB	5945	4537	4635	97.98	1.26e-39
C8G6HANXX160303:8:1112:14207:53725/2	101	3	101	smNRPS-CB	5945	1432	1530	97.98	1.26e-39
C8G6HANXX160303:6:1206:11893:54887/1	99	1	99	smNRPS-CB	5945	1959	2057	97.98	1.26e-39
C8G6HANXX160303:4:1209:20325:24352/1	100	100	1	smNRPS-CB	5945	1704	1802	98	1.26e-39
C8G6HANXX160303:3:1305:2496:68181/1	99	1	99	smNRPS-CB	5945	2483	2581	97.98	1.26e-39
C8G6HANXX160303:7:2311:9007:90268/1	99	99	1	smNRPS-CB	5945	4161	4259	97.98	1.26e-39
C8G6HANXX160303:6:1204:10732:92001/1	100	93	1	smNRPS-CB	5945	5283	5375	100	1.26e-39
C8G6HANXX160303:4:2207:13632:72953/1	100	100	2	smNRPS-CB	5945	481	579	97.98	1.26e-39
C8G6HANXX160303:8:1109:15976:34452/1	96	1	96	smNRPS-CB	5945	2237	2332	98.958	1.26e-39
C8G6HANXX160303:4:2106:14365:2738/1	100	93	1	smNRPS-CB	5945	5283	5375	100	1.26e-39
C8G6HANXX160303:8:2216:4642:42432/2	101	1	96	smNRPS-CB	5945	1681	1776	98.958	1.26e-39
C8G6HANXX160303:8:1101:12533:43384/1	100	100	2	smNRPS-CB	5945	481	579	97.98	1.26e-39
C8G6HANXX160303:6:1311:17832:89017/1	99	96	1	smNRPS-CB	5945	4171	4266	98.958	1.26e-39
C8G6HANXX160303:6:1206:18014:98486/1	93	93	1	smNRPS-CB	5945	2915	3007	100	1.26e-39
C8G6HANXX160303:7:1102:5687:32747/1	101	101	3	smNRPS-CB	5945	481	579	97.98	1.26e-39
C8G6HANXX160303:8:1106:1618:83358/1	97	97	1	smNRPS-CB	5945	2205	2301	98.969	3.51e-40
C8G6HANXX160303:4:1302:7349:56874/1	100	100	1	smNRPS-CB	5945	3720	3819	98	3.51e-40
C8G6HANXX160303:4:2113:17927:55165/2	101	94	1	smNRPS-CB	5945	162	255	100	3.51e-40
C8G6HANXX160303:5:1205:6494:20532/1	100	1	100	smNRPS-CB	5945	1008	1107	98	3.51e-40
C8G6HANXX160303:4:1304:16474:66422/1	100	1	100	smNRPS-CB	5945	3518	3617	98	3.51e-40
C8G6HANXX160303:4:2109:16695:16802/1	100	1	100	smNRPS-CB	5945	2056	2155	98	3.51e-40
C8G6HANXX160303:7:1206:17902:44048/1	97	97	1	smNRPS-CB	5945	681	777	98.969	3.51e-40
C8G6HANXX160303:3:2307:9609:30679/1	100	100	1	smNRPS-CB	5945	37	136	98	3.51e-40
C8G6HANXX160303:7:2116:2416:20655/1	100	1	100	smNRPS-CB	5945	3916	4015	98	3.51e-40
C8G6HANXX160303:5:1115:12567:10712/1	100	1	100	smNRPS-CB	5945	2763	2862	98	3.51e-40
C8G6HANXX160303:7:1312:9890:59401/1	100	1	100	smNRPS-CB	5945	3606	3705	98	3.51e-40
C8G6HANXX160303:4:1210:11242:66716/1	100	1	100	smNRPS-CB	5945	1949	2048	98	3.51e-40
C8G6HANXX160303:7:1214:20934:24346/1	100	1	100	smNRPS-CB	5945	1958	2057	98	3.51e-40
C8G6HANXX160303:7:2310:5563:74542/1	100	100	1	smNRPS-CB	5945	3720	3819	98	3.51e-40
C8G6HANXX160303:5:1308:11891:25797/1	100	1	100	smNRPS-CB	5945	239	338	98	3.51e-40
C8G6HANXX160303:8:1113:11873:12057/1	100	100	1	smNRPS-CB	5945	3720	3819	98	3.51e-40
C8G6HANXX160303:8:1112:14207:53725/1	100	100	1	smNRPS-CB	5945	1528	1627	98	3.51e-40
C8G6HANXX160303:7:2309:6807:10278/1	100	1	100	smNRPS-CB	5945	1348	1447	98	3.51e-40
C8G6HANXX160303:5:1203:18819:3099/2	100	100	1	smNRPS-CB	5945	54	153	98	3.51e-40
C8G6HANXX160303:6:1214:2221:97994/2	100	100	1	smNRPS-CB	5945	1006	1105	98	3.51e-40
C8G6HANXX160303:6:2212:11981:59762/1	100	1	100	smNRPS-CB	5945	332	431	98	3.51e-40
C8G6HANXX160303:6:2101:8485:62429/1	99	97	1	smNRPS-CB	5945	68	164	98.969	3.51e-40
C8G6HANXX160303:6:1204:10732:92001/2	100	1	94	smNRPS-CB	5945	5283	5376	100	3.51e-40
C8G6HANXX160303:8:2203:9898:38277/1	100	1	100	smNRPS-CB	5945	3638	3737	98	3.51e-40
C8G6HANXX160303:4:1216:4367:57875/1	100	1	100	smNRPS-CB	5945	3606	3705	98	3.51e-40
C8G6HANXX160303:5:1304:11113:34880/1	100	1	100	smNRPS-CB	5945	360	459	98	3.51e-40
C8G6HANXX160303:7:2105:13429:61827/1	100	1	100	smNRPS-CB	5945	2030	2129	98	3.51e-40
C8G6HANXX160303:7:2207:21093:58026/2	101	1	100	smNRPS-CB	5945	3749	3848	98	3.51e-40
C8G6HANXX160303:8:1206:2056:9815/1	100	100	1	smNRPS-CB	5945	3927	4026	98	3.51e-40
C8G6HANXX160303:4:2106:14365:2738/2	101	1	94	smNRPS-CB	5945	5283	5376	100	3.51e-40
C8G6HANXX160303:7:1104:10503:28690/2	101	1	94	smNRPS-CB	5945	3190	3283	100	3.51e-40
C8G6HANXX160303:6:2115:10668:88356/1	100	100	1	smNRPS-CB	5945	1956	2055	98	3.51e-40
C8G6HANXX160303:4:1112:19620:70992/2	100	100	1	smNRPS-CB	5945	1014	1113	98	3.51e-40
C8G6HANXX160303:6:1311:17832:89017/2	100	1	97	smNRPS-CB	5945	4152	4248	98.969	3.51e-40
C8G6HANXX160303:4:1305:19038:94285/1	94	1	94	smNRPS-CB	5945	2246	2339	100	3.51e-40
C8G6HANXX160303:7:1114:18724:39572/1	97	97	1	smNRPS-CB	5945	4094	4190	98.969	3.51e-40
C8G6HANXX160303:8:1208:15720:87763/1	98	1	97	smNRPS-CB	5945	3051	3147	98.969	3.51e-40
C8G6HANXX160303:5:1312:4180:45934/1	100	100	1	smNRPS-CB	5945	198	297	98	3.51e-40
C8G6HANXX160303:7:1207:13097:21041/2	101	2	101	smNRPS-CB	5945	2740	2839	98	3.51e-40
C8G6HANXX160303:8:1212:17950:37310/2	101	1	101	smNRPS-CB	5945	1853	1953	98.02	9.77e-41
C8G6HANXX160303:4:1104:7383:86312/1	101	101	1	smNRPS-CB	5945	1113	1213	98.02	9.77e-41
C8G6HANXX160303:4:1304:16474:66422/2	101	101	1	smNRPS-CB	5945	3591	3691	98.02	9.77e-41
C8G6HANXX160303:4:2109:16695:16802/2	101	101	1	smNRPS-CB	5945	2068	2168	98.02	9.77e-41
C8G6HANXX160303:8:1103:5718:37586/1	101	101	1	smNRPS-CB	5945	2482	2582	98.02	9.77e-41
C8G6HANXX160303:4:1111:10098:21117/2	101	101	1	smNRPS-CB	5945	37	137	98.02	9.77e-41
C8G6HANXX160303:7:2116:2416:20655/2	101	101	1	smNRPS-CB	5945	3915	4015	98.02	9.77e-41
C8G6HANXX160303:6:1204:9211:29664/2	101	101	1	smNRPS-CB	5945	2586	2686	98.02	9.77e-41
C8G6HANXX160303:5:1115:12567:10712/2	101	101	1	smNRPS-CB	5945	2829	2929	98.02	9.77e-41
C8G6HANXX160303:5:1305:3323:91787/1	101	1	101	smNRPS-CB	5945	5479	5579	98.02	9.77e-41
C8G6HANXX160303:5:1314:20866:38012/1	101	1	101	smNRPS-CB	5945	2466	2566	98.02	9.77e-41
C8G6HANXX160303:7:1103:10562:42005/2	101	1	101	smNRPS-CB	5945	2405	2505	98.02	9.77e-41
C8G6HANXX160303:7:1214:20934:24346/2	101	101	1	smNRPS-CB	5945	1969	2069	98.02	9.77e-41
C8G6HANXX160303:7:2310:5563:74542/2	101	1	101	smNRPS-CB	5945	3718	3818	98.02	9.77e-41
C8G6HANXX160303:5:1308:11891:25797/2	101	101	1	smNRPS-CB	5945	437	537	98.02	9.77e-41
C8G6HANXX160303:7:2201:6380:40182/2	101	1	101	smNRPS-CB	5945	440	540	98.02	9.77e-41
C8G6HANXX160303:8:1113:11873:12057/2	101	1	101	smNRPS-CB	5945	3718	3818	98.02	9.77e-41
C8G6HANXX160303:5:2110:20835:11669/1	100	3	100	smNRPS-CB	5945	3922	4019	98.98	9.77e-41
C8G6HANXX160303:4:1301:1553:16582/1	101	101	1	smNRPS-CB	5945	220	320	98.02	9.77e-41
C8G6HANXX160303:7:1101:17957:72633/1	101	1	101	smNRPS-CB	5945	1457	1557	98.02	9.77e-41
C8G6HANXX160303:7:1101:17957:72633/2	101	101	1	smNRPS-CB	5945	1542	1642	98.02	9.77e-41
C8G6HANXX160303:6:1206:11893:54887/2	101	101	1	smNRPS-CB	5945	1969	2069	98.02	9.77e-41
C8G6HANXX160303:8:2303:12403:34005/2	95	95	1	smNRPS-CB	5945	2287	2381	100	9.77e-41
C8G6HANXX160303:6:2209:9407:74873/2	101	1	101	smNRPS-CB	5945	310	410	98.02	9.77e-41
C8G6HANXX160303:4:1216:9323:41739/2	101	1	101	smNRPS-CB	5945	1007	1107	98.02	9.77e-41
C8G6HANXX160303:8:2206:10886:41114/1	101	1	101	smNRPS-CB	5945	1554	1654	98.02	9.77e-41
C8G6HANXX160303:6:2316:19615:63848/1	98	98	1	smNRPS-CB	5945	563	660	98.98	9.77e-41
C8G6HANXX160303:7:1303:5268:79651/1	101	1	101	smNRPS-CB	5945	3517	3617	98.02	9.77e-41
C8G6HANXX160303:7:1303:5268:79651/2	101	101	1	smNRPS-CB	5945	3535	3635	98.02	9.77e-41
C8G6HANXX160303:3:1315:15069:8263/1	101	101	1	smNRPS-CB	5945	220	320	98.02	9.77e-41
C8G6HANXX160303:7:2309:6807:10278/2	101	101	1	smNRPS-CB	5945	1396	1496	98.02	9.77e-41
C8G6HANXX160303:4:2207:9626:54355/2	101	1	101	smNRPS-CB	5945	2037	2137	98.02	9.77e-41
C8G6HANXX160303:4:1104:13292:95327/2	101	101	1	smNRPS-CB	5945	1965	2065	98.02	9.77e-41
C8G6HANXX160303:3:1108:3323:90404/1	101	1	101	smNRPS-CB	5945	3282	3382	98.02	9.77e-41
C8G6HANXX160303:6:2205:10352:11683/1	101	1	101	smNRPS-CB	5945	3523	3623	98.02	9.77e-41
C8G6HANXX160303:6:2212:11981:59762/2	101	101	1	smNRPS-CB	5945	333	433	98.02	9.77e-41
C8G6HANXX160303:6:2212:19617:27492/1	101	1	101	smNRPS-CB	5945	50	150	98.02	9.77e-41
C8G6HANXX160303:6:2212:19617:27492/2	101	101	1	smNRPS-CB	5945	478	578	98.02	9.77e-41
C8G6HANXX160303:6:2101:8485:62429/2	101	1	101	smNRPS-CB	5945	40	140	98.02	9.77e-41
C8G6HANXX160303:8:1113:16683:8721/1	101	1	101	smNRPS-CB	5945	1959	2059	98.02	9.77e-41
C8G6HANXX160303:7:1310:6677:80038/1	101	101	1	smNRPS-CB	5945	5660	5760	98.02	9.77e-41
C8G6HANXX160303:4:2207:13632:72953/2	101	1	101	smNRPS-CB	5945	430	530	98.02	9.77e-41
C8G6HANXX160303:6:2101:15204:34550/2	101	101	1	smNRPS-CB	5945	315	415	98.02	9.77e-41
C8G6HANXX160303:6:2111:13993:90206/2	101	101	1	smNRPS-CB	5945	3924	4024	98.02	9.77e-41
C8G6HANXX160303:5:1304:11113:34880/2	101	101	1	smNRPS-CB	5945	542	642	98.02	9.77e-41
C8G6HANXX160303:7:2105:13429:61827/2	101	101	1	smNRPS-CB	5945	2045	2145	98.02	9.77e-41
C8G6HANXX160303:4:2115:8232:43358/1	101	101	1	smNRPS-CB	5945	4164	4264	98.02	9.77e-41
C8G6HANXX160303:4:2115:8232:43358/2	101	1	101	smNRPS-CB	5945	3942	4042	98.02	9.77e-41
C8G6HANXX160303:8:2211:12323:42783/2	101	101	1	smNRPS-CB	5945	375	475	98.02	9.77e-41
C8G6HANXX160303:6:2309:3494:34731/2	101	1	101	smNRPS-CB	5945	3102	3202	98.02	9.77e-41
C8G6HANXX160303:7:1214:16214:30178/1	101	1	101	smNRPS-CB	5945	3283	3383	98.02	9.77e-41
C8G6HANXX160303:8:1206:2056:9815/2	101	1	101	smNRPS-CB	5945	3919	4019	98.02	9.77e-41
C8G6HANXX160303:7:1111:8476:43958/1	101	1	101	smNRPS-CB	5945	2461	2561	98.02	9.77e-41
C8G6HANXX160303:6:1104:18296:83284/2	101	101	1	smNRPS-CB	5945	2586	2686	98.02	9.77e-41
C8G6HANXX160303:8:1101:12533:43384/2	101	1	101	smNRPS-CB	5945	430	530	98.02	9.77e-41
C8G6HANXX160303:7:2305:6936:85108/1	101	1	101	smNRPS-CB	5945	1038	1138	98.02	9.77e-41
C8G6HANXX160303:4:1304:8568:53015/2	101	101	1	smNRPS-CB	5945	220	320	98.02	9.77e-41
C8G6HANXX160303:6:1216:12827:62368/1	101	101	1	smNRPS-CB	5945	1308	1408	98.02	9.77e-41
C8G6HANXX160303:5:2308:6358:48029/1	101	101	1	smNRPS-CB	5945	5183	5283	98.02	9.77e-41
C8G6HANXX160303:8:2101:6679:31861/1	99	2	99	smNRPS-CB	5945	815	912	98.98	9.77e-41
C8G6HANXX160303:3:1111:6312:7838/1	101	101	1	smNRPS-CB	5945	1113	1213	98.02	9.77e-41
C8G6HANXX160303:6:1114:2231:53981/1	99	98	1	smNRPS-CB	5945	3800	3897	98.98	9.77e-41
C8G6HANXX160303:3:1109:13236:98013/1	101	1	101	smNRPS-CB	5945	3962	4062	98.02	9.77e-41
C8G6HANXX160303:8:2116:7887:58615/1	101	1	101	smNRPS-CB	5945	359	459	98.02	9.77e-41
C8G6HANXX160303:7:1301:6454:21004/2	101	101	1	smNRPS-CB	5945	2829	2929	98.02	9.77e-41
C8G6HANXX160303:3:2113:6562:29435/2	101	101	1	smNRPS-CB	5945	375	475	98.02	9.77e-41
C8G6HANXX160303:4:2113:17927:55165/1	101	1	96	smNRPS-CB	5945	162	257	100	2.72e-41
C8G6HANXX160303:5:2201:16704:54464/1	99	1	99	smNRPS-CB	5945	3496	3594	98.99	2.72e-41
C8G6HANXX160303:8:2303:12403:34005/1	99	1	99	smNRPS-CB	5945	2152	2250	98.99	2.72e-41
C8G6HANXX160303:4:1216:9323:41739/1	99	99	1	smNRPS-CB	5945	1389	1487	98.99	2.72e-41
C8G6HANXX160303:4:2202:6481:86668/1	99	1	99	smNRPS-CB	5945	2152	2250	98.99	2.72e-41
C8G6HANXX160303:3:2207:15461:82853/1	99	99	1	smNRPS-CB	5945	2988	3086	98.99	2.72e-41
C8G6HANXX160303:5:1215:8850:18099/1	99	99	1	smNRPS-CB	5945	2223	2321	98.99	2.72e-41
C8G6HANXX160303:6:2305:4862:22233/2	101	1	99	smNRPS-CB	5945	4766	4865	99	2.72e-41
C8G6HANXX160303:4:2314:15469:78883/1	99	99	1	smNRPS-CB	5945	942	1040	98.99	2.72e-41
C8G6HANXX160303:3:2102:13313:98311/1	99	99	1	smNRPS-CB	5945	96	194	98.99	2.72e-41
C8G6HANXX160303:5:2103:17836:53739/1	99	1	99	smNRPS-CB	5945	3039	3137	98.99	2.72e-41
C8G6HANXX160303:8:2211:12323:42783/1	99	1	99	smNRPS-CB	5945	352	450	98.99	2.72e-41
C8G6HANXX160303:3:1313:12588:35852/1	101	101	3	smNRPS-CB	5945	700	798	98.99	2.72e-41
C8G6HANXX160303:5:2307:5575:68799/1	99	1	99	smNRPS-CB	5945	3557	3655	98.99	2.72e-41
C8G6HANXX160303:6:2109:2109:95932/1	100	100	1	smNRPS-CB	5945	3558	3657	99	7.55e-42
C8G6HANXX160303:6:2109:2109:95932/2	100	1	100	smNRPS-CB	5945	3501	3600	99	7.55e-42
C8G6HANXX160303:8:2103:10510:24633/1	97	1	97	smNRPS-CB	5945	2928	3024	100	7.55e-42
C8G6HANXX160303:5:2107:4073:67467/1	100	1	100	smNRPS-CB	5945	1597	1696	99	7.55e-42
C8G6HANXX160303:7:1305:17117:88842/2	101	97	1	smNRPS-CB	5945	3150	3246	100	7.55e-42
C8G6HANXX160303:3:2304:17647:14163/1	100	1	100	smNRPS-CB	5945	2844	2943	99	7.55e-42
C8G6HANXX160303:5:1113:10656:68375/2	99	99	3	smNRPS-CB	5945	2306	2402	100	7.55e-42
C8G6HANXX160303:5:2110:20835:11669/2	100	100	1	smNRPS-CB	5945	4133	4232	99	7.55e-42
C8G6HANXX160303:4:1302:17543:76650/1	100	1	100	smNRPS-CB	5945	2908	3007	99	7.55e-42
C8G6HANXX160303:6:1215:3215:84860/2	100	100	1	smNRPS-CB	5945	4110	4209	99	7.55e-42
C8G6HANXX160303:4:2207:9626:54355/1	100	100	1	smNRPS-CB	5945	2375	2474	99	7.55e-42
C8G6HANXX160303:4:2114:4209:13711/2	100	100	1	smNRPS-CB	5945	3996	4095	99	7.55e-42
C8G6HANXX160303:4:1309:3193:86119/1	100	100	1	smNRPS-CB	5945	3259	3358	99	7.55e-42
C8G6HANXX160303:6:1301:8121:39699/1	100	100	1	smNRPS-CB	5945	3558	3657	99	7.55e-42
C8G6HANXX160303:5:2309:20854:64795/1	100	1	100	smNRPS-CB	5945	5064	5163	99	7.55e-42
C8G6HANXX160303:5:2309:20854:64795/2	100	100	1	smNRPS-CB	5945	5197	5296	99	7.55e-42
C8G6HANXX160303:4:2112:10991:73333/1	100	100	1	smNRPS-CB	5945	2994	3093	99	7.55e-42
C8G6HANXX160303:4:2106:10781:14172/1	100	100	1	smNRPS-CB	5945	1630	1729	99	7.55e-42
C8G6HANXX160303:7:1312:1714:85956/1	100	100	1	smNRPS-CB	5945	5066	5165	99	7.55e-42
C8G6HANXX160303:6:2309:3494:34731/1	97	97	1	smNRPS-CB	5945	3185	3281	100	7.55e-42
C8G6HANXX160303:6:2305:19932:65518/1	97	1	97	smNRPS-CB	5945	2926	3022	100	7.55e-42
C8G6HANXX160303:6:2205:7497:54660/1	100	100	1	smNRPS-CB	5945	2994	3093	99	7.55e-42
C8G6HANXX160303:6:2207:20852:46419/1	100	1	100	smNRPS-CB	5945	5064	5163	99	7.55e-42
C8G6HANXX160303:5:1209:7628:27903/1	100	1	100	smNRPS-CB	5945	5060	5159	99	7.55e-42
C8G6HANXX160303:5:2208:9956:31372/2	100	1	100	smNRPS-CB	5945	1584	1683	99	7.55e-42
C8G6HANXX160303:6:1109:3128:12224/1	101	101	1	smNRPS-CB	5945	905	1005	99.01	2.1e-42
C8G6HANXX160303:7:2315:17068:38194/1	101	101	1	smNRPS-CB	5945	942	1042	99.01	2.1e-42
C8G6HANXX160303:8:2109:19930:81894/2	101	101	1	smNRPS-CB	5945	3509	3609	99.01	2.1e-42
C8G6HANXX160303:4:2114:8100:94403/2	101	1	101	smNRPS-CB	5945	1649	1749	99.01	2.1e-42
C8G6HANXX160303:6:2301:12587:57504/1	101	101	1	smNRPS-CB	5945	5071	5171	99.01	2.1e-42
C8G6HANXX160303:5:2107:4073:67467/2	101	101	1	smNRPS-CB	5945	1630	1730	99.01	2.1e-42
C8G6HANXX160303:4:1302:7349:56874/2	101	1	101	smNRPS-CB	5945	3366	3466	99.01	2.1e-42
C8G6HANXX160303:8:2101:6490:90256/2	100	100	3	smNRPS-CB	5945	994	1091	100	2.1e-42
C8G6HANXX160303:6:2211:8692:15316/2	101	1	101	smNRPS-CB	5945	3581	3681	99.01	2.1e-42
C8G6HANXX160303:5:2201:16704:54464/2	101	101	1	smNRPS-CB	5945	3558	3658	99.01	2.1e-42
C8G6HANXX160303:8:1210:9860:72732/1	101	1	101	smNRPS-CB	5945	1597	1697	99.01	2.1e-42
C8G6HANXX160303:8:1210:9860:72732/2	101	101	1	smNRPS-CB	5945	1638	1738	99.01	2.1e-42
C8G6HANXX160303:8:1103:5718:37586/2	101	1	101	smNRPS-CB	5945	2392	2492	99.01	2.1e-42
C8G6HANXX160303:7:1206:17902:44048/2	101	1	101	smNRPS-CB	5945	659	759	99.01	2.1e-42
C8G6HANXX160303:4:1308:13087:4193/2	101	101	1	smNRPS-CB	5945	2347	2447	99.01	2.1e-42
C8G6HANXX160303:6:1315:13656:77402/1	101	1	101	smNRPS-CB	5945	1359	1459	99.01	2.1e-42
C8G6HANXX160303:6:1203:2730:81579/2	101	1	101	smNRPS-CB	5945	3494	3594	99.01	2.1e-42
C8G6HANXX160303:3:1115:13754:61586/1	101	1	101	smNRPS-CB	5945	1603	1703	99.01	2.1e-42
C8G6HANXX160303:7:2306:8606:5369/1	101	1	101	smNRPS-CB	5945	1640	1740	99.01	2.1e-42
C8G6HANXX160303:7:2306:8606:5369/2	101	101	1	smNRPS-CB	5945	1670	1770	99.01	2.1e-42
C8G6HANXX160303:7:1103:10562:42005/1	101	101	1	smNRPS-CB	5945	2424	2524	99.01	2.1e-42
C8G6HANXX160303:7:2104:8319:5839/2	101	101	1	smNRPS-CB	5945	2785	2885	99.01	2.1e-42
C8G6HANXX160303:5:1303:4522:60048/2	101	101	1	smNRPS-CB	5945	942	1042	99.01	2.1e-42
C8G6HANXX160303:3:2212:15297:31636/1	101	1	101	smNRPS-CB	5945	5336	5436	99.01	2.1e-42
C8G6HANXX160303:6:2206:2620:88157/2	101	101	1	smNRPS-CB	5945	821	921	99.01	2.1e-42
C8G6HANXX160303:3:2116:12153:19774/1	101	101	1	smNRPS-CB	5945	1885	1985	99.01	2.1e-42
C8G6HANXX160303:6:1204:19462:16034/1	98	98	1	smNRPS-CB	5945	5141	5238	100	2.1e-42
C8G6HANXX160303:7:1115:4460:53501/1	101	101	1	smNRPS-CB	5945	3249	3349	99.01	2.1e-42
C8G6HANXX160303:7:1115:4460:53501/2	101	1	101	smNRPS-CB	5945	2997	3097	99.01	2.1e-42
C8G6HANXX160303:8:2206:10886:41114/2	101	101	1	smNRPS-CB	5945	1644	1744	99.01	2.1e-42
C8G6HANXX160303:4:1213:20505:7873/1	101	101	1	smNRPS-CB	5945	1861	1961	99.01	2.1e-42
C8G6HANXX160303:4:1209:20325:24352/2	101	1	101	smNRPS-CB	5945	1604	1704	99.01	2.1e-42
C8G6HANXX160303:3:1108:3323:90404/2	101	101	1	smNRPS-CB	5945	3332	3432	99.01	2.1e-42
C8G6HANXX160303:6:2205:10352:11683/2	101	101	1	smNRPS-CB	5945	3581	3681	99.01	2.1e-42
C8G6HANXX160303:5:1102:3412:8127/2	101	1	101	smNRPS-CB	5945	1639	1739	99.01	2.1e-42
C8G6HANXX160303:5:1215:8850:18099/2	101	1	101	smNRPS-CB	5945	2195	2295	99.01	2.1e-42
C8G6HANXX160303:6:1111:2144:76528/2	101	101	1	smNRPS-CB	5945	1365	1465	99.01	2.1e-42
C8G6HANXX160303:6:1306:15610:58510/2	101	101	1	smNRPS-CB	5945	635	735	99.01	2.1e-42
C8G6HANXX160303:6:1301:8121:39699/2	101	1	101	smNRPS-CB	5945	3501	3601	99.01	2.1e-42
C8G6HANXX160303:6:2305:4862:22233/1	100	98	1	smNRPS-CB	5945	4763	4860	100	2.1e-42
C8G6HANXX160303:3:1305:2496:68181/2	101	101	1	smNRPS-CB	5945	2666	2766	99.01	2.1e-42
C8G6HANXX160303:7:2311:9007:90268/2	101	1	101	smNRPS-CB	5945	4007	4107	99.01	2.1e-42
C8G6HANXX160303:3:2212:16154:59283/1	101	1	101	smNRPS-CB	5945	906	1006	99.01	2.1e-42
C8G6HANXX160303:6:1202:16442:47102/1	99	98	1	smNRPS-CB	5945	5744	5841	100	2.1e-42
C8G6HANXX160303:8:1203:16830:73690/1	101	1	101	smNRPS-CB	5945	929	1029	99.01	2.1e-42
C8G6HANXX160303:8:1203:16830:73690/2	101	101	1	smNRPS-CB	5945	942	1042	99.01	2.1e-42
C8G6HANXX160303:4:2314:15469:78883/2	101	1	101	smNRPS-CB	5945	918	1018	99.01	2.1e-42
C8G6HANXX160303:5:2309:16655:11177/1	101	101	1	smNRPS-CB	5945	942	1042	99.01	2.1e-42
C8G6HANXX160303:6:1112:8710:86852/2	101	101	1	smNRPS-CB	5945	5359	5459	99.01	2.1e-42
C8G6HANXX160303:8:2306:1706:95753/1	98	98	1	smNRPS-CB	5945	845	942	100	2.1e-42
C8G6HANXX160303:7:2307:2487:83723/2	101	101	1	smNRPS-CB	5945	614	714	99.01	2.1e-42
C8G6HANXX160303:5:1106:8392:76058/1	101	101	1	smNRPS-CB	5945	949	1049	99.01	2.1e-42
C8G6HANXX160303:7:1214:16214:30178/2	101	101	1	smNRPS-CB	5945	3337	3437	99.01	2.1e-42
C8G6HANXX160303:7:2211:9471:42335/1	101	101	1	smNRPS-CB	5945	2172	2272	99.01	2.1e-42
C8G6HANXX160303:7:1111:8476:43958/2	101	101	1	smNRPS-CB	5945	2666	2766	99.01	2.1e-42
C8G6HANXX160303:4:2111:21011:68296/2	101	101	1	smNRPS-CB	5945	2199	2299	99.01	2.1e-42
C8G6HANXX160303:6:2115:10668:88356/2	101	1	101	smNRPS-CB	5945	1868	1968	99.01	2.1e-42
C8G6HANXX160303:5:2208:19514:18120/2	101	1	101	smNRPS-CB	5945	3258	3358	99.01	2.1e-42
C8G6HANXX160303:8:1208:2879:96430/2	101	101	1	smNRPS-CB	5945	821	921	99.01	2.1e-42
C8G6HANXX160303:8:1211:5638:78463/1	101	101	1	smNRPS-CB	5945	5071	5171	99.01	2.1e-42
C8G6HANXX160303:8:2101:6679:31861/2	101	101	1	smNRPS-CB	5945	972	1072	99.01	2.1e-42
C8G6HANXX160303:6:2106:12824:36929/1	101	1	101	smNRPS-CB	5945	3002	3102	99.01	2.1e-42
C8G6HANXX160303:6:2106:12824:36929/2	101	101	1	smNRPS-CB	5945	3031	3131	99.01	2.1e-42
C8G6HANXX160303:3:1302:11568:5129/2	101	1	101	smNRPS-CB	5945	4007	4107	99.01	2.1e-42
C8G6HANXX160303:4:2312:11219:93129/1	99	99	1	smNRPS-CB	5945	5744	5842	100	5.84e-43
C8G6HANXX160303:6:1202:16442:47102/2	99	1	99	smNRPS-CB	5945	5744	5842	100	5.84e-43
C8G6HANXX160303:8:1203:13898:33033/1	99	99	1	smNRPS-CB	5945	3779	3877	100	5.84e-43
C8G6HANXX160303:8:2202:17008:69625/1	100	100	2	smNRPS-CB	5945	3513	3611	100	5.84e-43
C8G6HANXX160303:7:2311:15733:100358/1	99	1	99	smNRPS-CB	5945	4762	4860	100	5.84e-43
C8G6HANXX160303:3:1315:4740:13822/1	99	99	1	smNRPS-CB	5945	3513	3611	100	5.84e-43
C8G6HANXX160303:4:2108:18075:74723/1	100	1	100	smNRPS-CB	5945	888	987	100	1.62e-43
C8G6HANXX160303:4:2108:18075:74723/2	101	101	2	smNRPS-CB	5945	992	1091	100	1.62e-43
C8G6HANXX160303:5:1303:4522:60048/1	100	1	100	smNRPS-CB	5945	853	952	100	1.62e-43
C8G6HANXX160303:6:1204:19462:16034/2	100	1	100	smNRPS-CB	5945	5023	5122	100	1.62e-43
C8G6HANXX160303:3:2205:16053:59462/1	100	1	100	smNRPS-CB	5945	2242	2341	100	1.62e-43
C8G6HANXX160303:4:2113:14807:16994/1	100	100	1	smNRPS-CB	5945	5783	5882	100	1.62e-43
C8G6HANXX160303:7:2313:6186:58370/2	100	1	100	smNRPS-CB	5945	3391	3490	100	1.62e-43
C8G6HANXX160303:5:2301:19400:31657/1	100	100	1	smNRPS-CB	5945	5783	5882	100	1.62e-43
C8G6HANXX160303:6:1306:15610:58510/1	100	1	100	smNRPS-CB	5945	608	707	100	1.62e-43
C8G6HANXX160303:4:2312:11219:93129/2	100	1	100	smNRPS-CB	5945	5744	5843	100	1.62e-43
C8G6HANXX160303:4:2203:12732:15260/1	100	1	100	smNRPS-CB	5945	2937	3036	100	1.62e-43
C8G6HANXX160303:4:2203:12732:15260/2	101	101	2	smNRPS-CB	5945	2968	3067	100	1.62e-43
C8G6HANXX160303:8:2306:1706:95753/2	101	2	101	smNRPS-CB	5945	827	926	100	1.62e-43
C8G6HANXX160303:6:2111:9412:18813/1	100	100	1	smNRPS-CB	5945	5141	5240	100	1.62e-43
C8G6HANXX160303:8:1109:15976:34452/2	100	100	1	smNRPS-CB	5945	2255	2354	100	1.62e-43
C8G6HANXX160303:3:2203:8585:62100/1	101	2	101	smNRPS-CB	5945	3150	3249	100	1.62e-43
C8G6HANXX160303:4:1304:8568:53015/1	100	1	100	smNRPS-CB	5945	144	243	100	1.62e-43
C8G6HANXX160303:4:2113:14030:52077/2	100	1	100	smNRPS-CB	5945	3390	3489	100	1.62e-43
C8G6HANXX160303:8:2109:19930:81894/1	101	1	101	smNRPS-CB	5945	3443	3543	100	4.51e-44
C8G6HANXX160303:5:1315:12287:15725/2	101	101	1	smNRPS-CB	5945	846	946	100	4.51e-44
C8G6HANXX160303:4:1308:13087:4193/1	101	1	101	smNRPS-CB	5945	2306	2406	100	4.51e-44
C8G6HANXX160303:3:2304:17647:14163/2	101	101	1	smNRPS-CB	5945	2921	3021	100	4.51e-44
C8G6HANXX160303:6:1204:9211:29664/1	101	1	101	smNRPS-CB	5945	2299	2399	100	4.51e-44
C8G6HANXX160303:3:2306:10600:15468/2	101	101	1	smNRPS-CB	5945	5031	5131	100	4.51e-44
C8G6HANXX160303:5:1113:10656:68375/1	101	1	101	smNRPS-CB	5945	2096	2196	100	4.51e-44
C8G6HANXX160303:5:2310:9174:18174/1	101	101	1	smNRPS-CB	5945	2300	2400	100	4.51e-44
C8G6HANXX160303:5:2310:9174:18174/2	101	1	101	smNRPS-CB	5945	2096	2196	100	4.51e-44
C8G6HANXX160303:6:2116:19362:97888/1	101	101	1	smNRPS-CB	5945	5031	5131	100	4.51e-44
C8G6HANXX160303:6:2116:19362:97888/2	101	1	101	smNRPS-CB	5945	5023	5123	100	4.51e-44
C8G6HANXX160303:4:1301:1553:16582/2	101	1	101	smNRPS-CB	5945	144	244	100	4.51e-44
C8G6HANXX160303:3:1111:4801:82655/2	101	1	101	smNRPS-CB	5945	5295	5395	100	4.51e-44
C8G6HANXX160303:3:2205:16053:59462/2	101	101	1	smNRPS-CB	5945	2254	2354	100	4.51e-44
C8G6HANXX160303:4:2113:14807:16994/2	101	1	101	smNRPS-CB	5945	5740	5840	100	4.51e-44
C8G6HANXX160303:7:2313:6186:58370/1	101	101	1	smNRPS-CB	5945	3391	3491	100	4.51e-44
C8G6HANXX160303:4:1302:17543:76650/2	101	101	1	smNRPS-CB	5945	2930	3030	100	4.51e-44
C8G6HANXX160303:4:2202:6481:86668/2	101	101	1	smNRPS-CB	5945	2282	2382	100	4.51e-44
C8G6HANXX160303:3:1315:15069:8263/2	101	1	101	smNRPS-CB	5945	134	234	100	4.51e-44
C8G6HANXX160303:6:1215:3215:84860/1	101	1	101	smNRPS-CB	5945	4042	4142	100	4.51e-44
C8G6HANXX160303:3:2207:15461:82853/2	101	1	101	smNRPS-CB	5945	2919	3019	100	4.51e-44
C8G6HANXX160303:4:1104:13292:95327/1	101	1	101	smNRPS-CB	5945	1900	2000	100	4.51e-44
C8G6HANXX160303:4:1309:3193:86119/2	101	1	101	smNRPS-CB	5945	3190	3290	100	4.51e-44
C8G6HANXX160303:6:1214:2221:97994/1	101	1	101	smNRPS-CB	5945	887	987	100	4.51e-44
C8G6HANXX160303:5:2301:19400:31657/2	101	1	101	smNRPS-CB	5945	5740	5840	100	4.51e-44
C8G6HANXX160303:4:2216:20272:96554/1	101	1	101	smNRPS-CB	5945	5770	5870	100	4.51e-44
C8G6HANXX160303:8:1314:2488:81212/2	101	1	101	smNRPS-CB	5945	5802	5902	100	4.51e-44
C8G6HANXX160303:5:2309:16655:11177/2	101	1	101	smNRPS-CB	5945	848	948	100	4.51e-44
C8G6HANXX160303:5:2111:3962:100746/2	101	1	101	smNRPS-CB	5945	4748	4848	100	4.51e-44
C8G6HANXX160303:6:1115:19984:6823/1	101	101	1	smNRPS-CB	5945	5276	5376	100	4.51e-44
C8G6HANXX160303:6:1115:19984:6823/2	101	1	101	smNRPS-CB	5945	5023	5123	100	4.51e-44
C8G6HANXX160303:6:1112:8710:86852/1	101	1	101	smNRPS-CB	5945	5241	5341	100	4.51e-44
C8G6HANXX160303:6:2111:9412:18813/2	101	1	101	smNRPS-CB	5945	5023	5123	100	4.51e-44
C8G6HANXX160303:8:1101:16587:16718/1	101	1	101	smNRPS-CB	5945	5694	5794	100	4.51e-44
C8G6HANXX160303:7:2307:2487:83723/1	101	1	101	smNRPS-CB	5945	598	698	100	4.51e-44
C8G6HANXX160303:5:1106:8392:76058/2	101	1	101	smNRPS-CB	5945	597	697	100	4.51e-44
C8G6HANXX160303:5:1204:3560:56583/1	101	1	101	smNRPS-CB	5945	4726	4826	100	4.51e-44
C8G6HANXX160303:5:1204:3560:56583/2	101	101	1	smNRPS-CB	5945	4913	5013	100	4.51e-44
C8G6HANXX160303:8:2202:17008:69625/2	101	1	101	smNRPS-CB	5945	3270	3370	100	4.51e-44
C8G6HANXX160303:7:2211:9471:42335/2	101	1	101	smNRPS-CB	5945	2096	2196	100	4.51e-44
C8G6HANXX160303:7:1107:11862:82590/2	101	1	101	smNRPS-CB	5945	3778	3878	100	4.51e-44
C8G6HANXX160303:6:1104:18296:83284/1	101	1	101	smNRPS-CB	5945	2299	2399	100	4.51e-44
C8G6HANXX160303:8:1306:13072:34636/2	101	1	101	smNRPS-CB	5945	1902	2002	100	4.51e-44
C8G6HANXX160303:4:2111:21011:68296/1	101	1	101	smNRPS-CB	5945	2112	2212	100	4.51e-44
C8G6HANXX160303:6:2305:19932:65518/2	101	101	1	smNRPS-CB	5945	3159	3259	100	4.51e-44
C8G6HANXX160303:5:2208:19514:18120/1	101	101	1	smNRPS-CB	5945	3396	3496	100	4.51e-44
C8G6HANXX160303:4:2113:14030:52077/1	101	101	1	smNRPS-CB	5945	3402	3502	100	4.51e-44
C8G6HANXX160303:5:2308:6358:48029/2	101	1	101	smNRPS-CB	5945	5038	5138	100	4.51e-44
