C662FACXX150129:2:1209:18427:22326/1	83	3	83	smNRPS-CC	5875	431	511	98.765	3.63e-31
C662FACXX150129:2:1209:18427:22326/2	101	101	1	smNRPS-CC	5875	630	730	99.01	2.77e-42
C662FACXX150129:4:2204:1641:34058/2	65	1	65	smNRPS-CB	5945	2096	2160	100	6.2e-24
C662FACXX150129:5:1104:11692:89509/2	73	1	73	smNRPS-CB	5945	1048	1120	98.63	1.03e-26
C662FACXX150129:7:1214:3959:35519/2	73	73	1	smNRPS-CB	5945	2233	2305	100	2.21e-28
C662FACXX150129:6:2102:16088:46993/2	76	76	1	smNRPS-CB	5945	3008	3083	100	4.76e-30
C662FACXX150129:7:1214:3959:35519/1	83	1	83	smNRPS-CB	5945	1923	2005	100	6.11e-34
C662FACXX150129:5:1208:20434:12073/2	83	1	83	smNRPS-CB	5945	2297	2379	100	6.11e-34
C662FACXX150129:4:1113:2518:82785/1	86	86	1	smNRPS-CB	5945	4089	4174	98.837	6.11e-34
C662FACXX150129:3:1315:4864:93727/2	93	1	93	smNRPS-CB	5945	3076	3168	97.849	3.65e-36
C662FACXX150129:4:1105:1677:93097/1	87	87	1	smNRPS-CB	5945	1108	1194	100	3.65e-36
C662FACXX150129:5:1104:11692:89509/1	101	101	1	smNRPS-CB	5945	1216	1316	97.03	6.07e-39
C662FACXX150129:4:2105:6249:46049/1	101	1	101	smNRPS-CB	5945	4795	4895	98.02	1.3e-40
C662FACXX150129:5:1309:19136:74374/2	101	1	101	smNRPS-CB	5945	3076	3176	98.02	1.3e-40
C662FACXX150129:2:1207:17906:58885/2	96	96	1	smNRPS-CB	5945	5519	5614	100	3.62e-41
C662FACXX150129:4:2105:6249:46049/2	101	99	1	smNRPS-CB	5945	5014	5112	98.99	3.62e-41
C662FACXX150129:4:1209:8088:9185/1	96	96	1	smNRPS-CB	5945	1099	1194	100	3.62e-41
C662FACXX150129:6:2102:16088:46993/1	97	1	97	smNRPS-CB	5945	2280	2376	100	1.01e-41
C662FACXX150129:4:1209:8088:9185/2	97	1	97	smNRPS-CB	5945	819	915	100	1.01e-41
C662FACXX150129:5:1208:20434:12073/1	98	98	1	smNRPS-CB	5945	2463	2560	100	2.8e-42
C662FACXX150129:2:1207:17906:58885/1	101	1	101	smNRPS-CB	5945	5135	5235	99.01	2.8e-42
C662FACXX150129:4:1105:1677:93097/2	99	1	99	smNRPS-CB	5945	821	919	100	7.79e-43
C662FACXX150129:3:1315:4864:93727/1	101	101	1	smNRPS-CB	5945	3343	3443	100	6.02e-44
C662FACXX150129:5:1309:19136:74374/1	101	101	1	smNRPS-CB	5945	3343	3443	100	6.02e-44
