C65YPACXX150129:8:1115:10584:30055/2	96	1	96	smNRPS-CC	5875	4411	4506	97.917	4.69e-38
C65YPACXX150129:7:2207:19228:56735/1	101	1	101	smNRPS-CC	5875	3968	4068	97.03	3.63e-39
C65YPACXX150129:7:1214:16039:29001/1	101	100	1	smNRPS-CC	5875	4248	4347	98	2.8e-40
C65YPACXX150129:7:1214:16039:29001/2	101	1	100	smNRPS-CC	5875	4248	4347	98	2.8e-40
C65YPACXX150129:7:2109:5992:88508/1	101	101	1	smNRPS-CC	5875	4309	4410	98.039	7.79e-41
C65YPACXX150129:8:2210:12756:94874/1	101	101	1	smNRPS-CC	5875	3822	3922	98.02	7.79e-41
C65YPACXX150129:7:2207:19228:56735/2	101	101	1	smNRPS-CC	5875	4198	4298	98.02	7.79e-41
C65YPACXX150129:7:1315:3514:6159/1	98	1	98	smNRPS-CC	5875	4727	4824	98.98	7.79e-41
C65YPACXX150129:7:2109:5992:88508/2	100	2	100	smNRPS-CC	5875	3913	4011	98.99	2.17e-41
C65YPACXX150129:8:2210:12756:94874/2	101	3	101	smNRPS-CC	5875	3570	3668	98.99	2.17e-41
C65YPACXX150129:8:1313:5661:12305/2	101	1	101	smNRPS-CC	5875	5725	5825	99.01	1.67e-42
C65YPACXX150129:7:1202:9088:27785/2	101	1	101	smNRPS-CC	5875	4411	4511	99.01	1.67e-42
C65YPACXX150129:8:2111:6084:61820/2	101	101	1	smNRPS-CC	5875	288	388	99.01	1.67e-42
C65YPACXX150129:6:1112:17996:5969/1	101	1	101	smNRPS-CC	5875	4219	4319	99.01	1.67e-42
C65YPACXX150129:8:1115:10584:30055/1	99	99	1	smNRPS-CC	5875	4436	4534	100	4.66e-43
C65YPACXX150129:8:2116:5772:4638/1	101	1	101	smNRPS-CC	5875	855	955	100	3.6e-44
C65YPACXX150129:8:2116:5772:4638/2	101	101	1	smNRPS-CC	5875	1052	1152	100	3.6e-44
C65YPACXX150129:7:2206:1457:65631/1	101	101	1	smNRPS-CC	5875	2253	2353	100	3.6e-44
C65YPACXX150129:7:2206:1457:65631/2	101	1	101	smNRPS-CC	5875	2238	2338	100	3.6e-44
C65YPACXX150129:7:1202:9088:27785/1	101	101	1	smNRPS-CC	5875	4434	4534	100	3.6e-44
C65YPACXX150129:6:1112:17996:5969/2	101	101	1	smNRPS-CC	5875	4478	4578	100	3.6e-44
C65YPACXX150129:6:2108:20413:51467/1	101	101	1	smNRPS-CB	5945	3710	3810	96.04	1.71e-37
C65YPACXX150129:6:2108:20413:51467/2	101	1	101	smNRPS-CB	5945	3660	3760	96.04	1.71e-37
C65YPACXX150129:6:2211:6406:39627/2	100	100	1	smNRPS-CB	5945	4164	4263	97	1.32e-38
C65YPACXX150129:6:1208:5584:29881/1	101	1	101	smNRPS-CB	5945	3098	3198	98.02	7.89e-41
C65YPACXX150129:6:1208:5584:29881/2	101	101	1	smNRPS-CB	5945	3123	3223	98.02	7.89e-41
C65YPACXX150129:6:1201:7590:98123/1	101	101	1	smNRPS-CB	5945	5831	5931	99.01	1.69e-42
C65YPACXX150129:6:2211:6406:39627/1	101	1	101	smNRPS-CB	5945	4065	4165	99.01	1.69e-42
C65YPACXX150129:6:1201:7590:98123/2	99	1	99	smNRPS-CB	5945	5817	5915	100	4.71e-43
