C8G6HANXX160303:5:2302:10114:50125/2	101	1	101	smNRPS-CC	5875	1169	1269	97.03	4.29e-39
C8G6HANXX160303:5:2302:10114:50125/1	100	100	1	smNRPS-CC	5875	1196	1295	98	3.32e-40
C8G6HANXX160303:8:2210:9015:44110/1	100	1	100	smNRPS-CC	5875	5459	5558	99	7.13e-42
C8G6HANXX160303:3:2214:13454:63658/1	99	1	99	smNRPS-CC	5875	3046	3144	100	5.51e-43
C8G6HANXX160303:5:1201:13663:76922/1	100	100	1	smNRPS-CC	5875	2438	2537	100	1.53e-43
C8G6HANXX160303:3:2306:6434:92812/1	100	1	100	smNRPS-CC	5875	2808	2907	100	1.53e-43
C8G6HANXX160303:3:2214:13454:63658/2	101	101	1	smNRPS-CC	5875	3295	3395	100	4.26e-44
C8G6HANXX160303:8:2210:9015:44110/2	101	101	1	smNRPS-CC	5875	5683	5783	100	4.26e-44
C8G6HANXX160303:5:1201:13663:76922/2	101	1	101	smNRPS-CC	5875	1978	2078	100	4.26e-44
C8G6HANXX160303:3:2306:6434:92812/2	101	101	1	smNRPS-CC	5875	2954	3054	100	4.26e-44
C8G6HANXX160303:3:1105:12867:28964/2	72	1	72	smNRPS-CB	5945	193	264	100	5.7e-28
C8G6HANXX160303:5:1115:16089:32223/1	101	22	101	smNRPS-CB	5945	1	80	98.75	9.46e-31
C8G6HANXX160303:7:1306:19307:13342/1	98	1	98	smNRPS-CB	5945	4974	5071	96.939	2.02e-37
C8G6HANXX160303:6:2105:18636:24549/1	100	1	100	smNRPS-CB	5945	3649	3748	97	1.56e-38
C8G6HANXX160303:5:1309:7820:54507/1	101	1	101	smNRPS-CB	5945	516	616	97.03	4.34e-39
C8G6HANXX160303:7:1110:16997:82857/2	101	1	101	smNRPS-CB	5945	2051	2151	97.03	4.34e-39
C8G6HANXX160303:4:1208:13337:52839/1	101	101	1	smNRPS-CB	5945	496	596	97.03	4.34e-39
C8G6HANXX160303:3:2208:20871:97429/2	99	1	99	smNRPS-CB	5945	1961	2059	97.98	1.21e-39
C8G6HANXX160303:8:2301:4853:82618/1	100	1	100	smNRPS-CB	5945	2575	2674	98	3.36e-40
C8G6HANXX160303:3:1106:10044:83573/1	100	100	1	smNRPS-CB	5945	4535	4634	98	3.36e-40
C8G6HANXX160303:3:2102:8451:33643/1	95	94	1	smNRPS-CB	5945	1871	1964	100	3.36e-40
C8G6HANXX160303:7:1105:19852:93102/1	101	101	1	smNRPS-CB	5945	2030	2130	98.02	9.33e-41
C8G6HANXX160303:7:1105:19852:93102/2	101	1	101	smNRPS-CB	5945	1953	2053	98.02	9.33e-41
C8G6HANXX160303:6:2312:16216:5630/2	101	101	1	smNRPS-CB	5945	2827	2927	98.02	9.33e-41
C8G6HANXX160303:7:1110:16997:82857/1	101	101	1	smNRPS-CB	5945	2503	2603	98.02	9.33e-41
C8G6HANXX160303:3:1212:11236:65509/2	101	101	1	smNRPS-CB	5945	3266	3366	98.02	9.33e-41
C8G6HANXX160303:3:1105:12867:28964/1	100	98	1	smNRPS-CB	5945	269	366	98.98	9.33e-41
C8G6HANXX160303:4:1208:13337:52839/2	101	1	101	smNRPS-CB	5945	439	539	98.02	9.33e-41
C8G6HANXX160303:7:1306:19307:13342/2	101	101	1	smNRPS-CB	5945	5163	5263	98.02	9.33e-41
C8G6HANXX160303:5:2304:5557:23555/1	101	101	1	smNRPS-CB	5945	1970	2070	98.02	9.33e-41
C8G6HANXX160303:5:2304:5557:23555/2	101	1	101	smNRPS-CB	5945	1953	2053	98.02	9.33e-41
C8G6HANXX160303:5:2206:11279:31776/1	100	100	3	smNRPS-CB	5945	1462	1559	98.98	9.33e-41
C8G6HANXX160303:5:2206:11279:31776/2	101	1	101	smNRPS-CB	5945	1318	1418	98.02	9.33e-41
C8G6HANXX160303:4:1312:2289:47427/1	101	101	1	smNRPS-CB	5945	1615	1715	98.02	9.33e-41
C8G6HANXX160303:5:2303:11873:50298/1	100	1	100	smNRPS-CB	5945	4127	4226	99	7.21e-42
C8G6HANXX160303:6:2306:9791:31991/1	100	100	1	smNRPS-CB	5945	2346	2445	99	7.21e-42
C8G6HANXX160303:8:2301:4853:82618/2	101	101	1	smNRPS-CB	5945	2628	2728	99.01	2.01e-42
C8G6HANXX160303:7:2313:11334:74027/1	101	1	101	smNRPS-CB	5945	3001	3101	99.01	2.01e-42
C8G6HANXX160303:7:2313:11334:74027/2	101	101	1	smNRPS-CB	5945	3012	3112	99.01	2.01e-42
C8G6HANXX160303:6:2312:16216:5630/1	101	1	101	smNRPS-CB	5945	2762	2862	99.01	2.01e-42
C8G6HANXX160303:5:1115:16089:32223/2	101	101	1	smNRPS-CB	5945	333	433	99.01	2.01e-42
C8G6HANXX160303:8:1111:10618:89218/1	101	1	101	smNRPS-CB	5945	4005	4105	99.01	2.01e-42
C8G6HANXX160303:8:1111:10618:89218/2	101	101	1	smNRPS-CB	5945	4076	4176	99.01	2.01e-42
C8G6HANXX160303:3:2306:9326:8468/1	101	1	101	smNRPS-CB	5945	3001	3101	99.01	2.01e-42
C8G6HANXX160303:3:2306:9326:8468/2	101	101	1	smNRPS-CB	5945	3012	3112	99.01	2.01e-42
C8G6HANXX160303:6:1113:13980:64168/2	101	101	1	smNRPS-CB	5945	2392	2492	99.01	2.01e-42
C8G6HANXX160303:3:2208:20871:97429/1	98	98	1	smNRPS-CB	5945	2113	2210	100	2.01e-42
C8G6HANXX160303:3:2102:8451:33643/2	101	1	99	smNRPS-CB	5945	1871	1969	100	5.58e-43
C8G6HANXX160303:6:1113:7447:81147/1	101	101	3	smNRPS-CB	5945	2320	2418	100	5.58e-43
C8G6HANXX160303:4:2216:18152:27124/1	101	101	3	smNRPS-CB	5945	2320	2418	100	5.58e-43
C8G6HANXX160303:4:2216:18152:27124/2	100	1	100	smNRPS-CB	5945	2235	2334	100	1.55e-43
C8G6HANXX160303:5:2303:11873:50298/2	101	101	1	smNRPS-CB	5945	4361	4461	100	4.31e-44
C8G6HANXX160303:5:1309:7820:54507/2	101	101	1	smNRPS-CB	5945	712	812	100	4.31e-44
C8G6HANXX160303:3:1212:11236:65509/1	101	1	101	smNRPS-CB	5945	3182	3282	100	4.31e-44
C8G6HANXX160303:6:1113:7447:81147/2	101	1	101	smNRPS-CB	5945	2235	2335	100	4.31e-44
C8G6HANXX160303:6:2105:18636:24549/2	101	101	1	smNRPS-CB	5945	3996	4096	100	4.31e-44
C8G6HANXX160303:6:1113:13980:64168/1	101	1	101	smNRPS-CB	5945	2179	2279	100	4.31e-44
