C65YPACXX150129:7:1204:11538:10707/2	56	56	1	smNRPS-CC	5875	5305	5360	98.214	1.19e-17
C65YPACXX150129:8:1203:6695:55314/1	101	67	12	smNRPS-CC	5875	5820	5875	100	2.56e-19
C65YPACXX150129:8:1203:6695:55314/2	99	1	56	smNRPS-CC	5875	5820	5875	100	2.56e-19
C65YPACXX150129:8:1207:6958:71291/1	101	67	12	smNRPS-CC	5875	5820	5875	100	2.56e-19
C65YPACXX150129:8:1207:6958:71291/2	98	1	56	smNRPS-CC	5875	5820	5875	100	2.56e-19
C65YPACXX150129:7:1111:18405:26097/1	61	1	61	smNRPS-CC	5875	2187	2247	100	4.25e-22
C65YPACXX150129:7:1311:12685:10420/1	69	69	1	smNRPS-CC	5875	1210	1278	97.101	3.28e-23
C65YPACXX150129:7:1110:5325:55447/2	70	1	70	smNRPS-CC	5875	4290	4359	97.143	9.13e-24
C65YPACXX150129:7:1111:18405:26097/2	65	65	1	smNRPS-CC	5875	2421	2485	100	2.54e-24
C65YPACXX150129:7:1206:18241:15921/2	72	3	72	smNRPS-CC	5875	2203	2272	98.571	1.96e-25
C65YPACXX150129:6:1104:14825:19521/2	69	69	1	smNRPS-CC	5875	4919	4987	100	1.52e-26
C65YPACXX150129:7:2312:15277:66502/1	84	84	1	smNRPS-CC	5875	2626	2709	95.238	3.26e-28
C65YPACXX150129:7:1102:15836:21050/2	101	1	73	smNRPS-CC	5875	5803	5875	100	9.06e-29
C65YPACXX150129:7:2212:5729:61019/2	83	1	83	smNRPS-CC	5875	5461	5543	96.386	2.52e-29
C65YPACXX150129:6:2103:18044:34893/1	75	1	75	smNRPS-CC	5875	2530	2604	100	7.01e-30
C65YPACXX150129:7:2110:5250:12354/1	75	75	1	smNRPS-CC	5875	3590	3664	100	7.01e-30
C65YPACXX150129:7:2304:3451:14503/1	78	1	78	smNRPS-CC	5875	4065	4142	98.718	7.01e-30
C65YPACXX150129:7:2301:14933:54599/2	82	82	1	smNRPS-CC	5875	4101	4182	98.78	4.19e-32
C65YPACXX150129:6:1314:10275:62600/1	87	87	1	smNRPS-CC	5875	5362	5448	97.701	3.24e-33
C65YPACXX150129:8:2307:17831:31689/1	101	91	1	smNRPS-CC	5875	3249	3339	96.703	9e-34
C65YPACXX150129:6:1115:16361:77332/2	88	1	88	smNRPS-CC	5875	4289	4376	97.727	9e-34
C65YPACXX150129:8:2103:2607:33993/1	101	85	4	smNRPS-CC	5875	5794	5875	100	9e-34
C65YPACXX150129:8:2103:2607:33993/2	101	1	82	smNRPS-CC	5875	5794	5875	100	9e-34
C65YPACXX150129:6:1311:1079:95233/2	100	15	100	smNRPS-CC	5875	1	86	98.837	2.5e-34
C65YPACXX150129:7:2301:6419:47537/2	87	1	87	smNRPS-CC	5875	2915	3001	98.851	6.96e-35
C65YPACXX150129:6:1114:9269:71859/2	87	87	1	smNRPS-CC	5875	5380	5466	98.851	6.96e-35
C65YPACXX150129:7:1214:15626:18782/1	90	90	1	smNRPS-CC	5875	416	505	97.778	6.96e-35
C65YPACXX150129:8:1311:9918:75429/1	94	94	1	smNRPS-CC	5875	392	485	96.809	1.93e-35
C65YPACXX150129:6:1214:3763:81106/2	101	92	1	smNRPS-CC	5875	5600	5690	97.826	1.93e-35
C65YPACXX150129:7:2304:4691:61474/1	101	2	101	smNRPS-CC	5875	1470	1569	95	1.93e-35
C65YPACXX150129:7:2302:2061:16746/2	101	101	1	smNRPS-CC	5875	1524	1624	95.05	5.38e-36
C65YPACXX150129:8:1310:3114:59982/2	101	1	101	smNRPS-CC	5875	5428	5528	95.05	5.38e-36
C65YPACXX150129:6:1203:2023:75867/1	101	101	1	smNRPS-CC	5875	2213	2313	95.05	5.38e-36
C65YPACXX150129:7:1208:10039:79229/1	101	1	101	smNRPS-CC	5875	5458	5558	95.05	5.38e-36
C65YPACXX150129:6:1102:12181:28772/1	101	101	1	smNRPS-CC	5875	2551	2651	95.05	5.38e-36
C65YPACXX150129:6:1102:12181:28772/2	101	1	101	smNRPS-CC	5875	2530	2630	95.05	5.38e-36
C65YPACXX150129:8:1105:20535:92929/2	98	98	1	smNRPS-CC	5875	4456	4553	95.918	5.38e-36
C65YPACXX150129:6:1105:4452:50975/1	101	101	1	smNRPS-CC	5875	1474	1574	95.05	5.38e-36
C65YPACXX150129:7:1316:7106:64253/2	98	98	1	smNRPS-CC	5875	4405	4502	95.918	5.38e-36
C65YPACXX150129:6:1310:10451:68896/1	101	1	101	smNRPS-CC	5875	4661	4761	95.05	5.38e-36
C65YPACXX150129:7:2214:3679:75805/1	101	1	101	smNRPS-CC	5875	3334	3434	95.05	5.38e-36
C65YPACXX150129:8:1104:16836:18031/1	101	1	101	smNRPS-CC	5875	3331	3431	95.05	5.38e-36
C65YPACXX150129:6:1305:19977:53500/2	101	101	1	smNRPS-CC	5875	4464	4564	95.05	5.38e-36
C65YPACXX150129:8:1314:3809:61926/1	101	101	1	smNRPS-CC	5875	1524	1624	95.05	5.38e-36
C65YPACXX150129:7:2111:7799:44404/1	101	1	87	smNRPS-CC	5875	5789	5875	100	1.5e-36
C65YPACXX150129:7:2213:10782:62229/2	93	1	93	smNRPS-CC	5875	531	623	97.849	1.5e-36
C65YPACXX150129:6:2114:20596:37377/1	101	3	101	smNRPS-CC	5875	5687	5785	95.96	1.5e-36
C65YPACXX150129:8:1215:11565:95777/1	101	1	99	smNRPS-CC	5875	3599	3697	95.96	1.5e-36
C65YPACXX150129:6:2206:16970:91242/1	87	1	87	smNRPS-CC	5875	926	1012	100	1.5e-36
C65YPACXX150129:7:1216:12708:14585/1	100	1	100	smNRPS-CC	5875	4229	4328	96	4.16e-37
C65YPACXX150129:7:1102:4021:33286/2	101	2	101	smNRPS-CC	5875	4469	4568	96	4.16e-37
C65YPACXX150129:8:1104:16836:18031/2	101	100	1	smNRPS-CC	5875	3595	3694	96	4.16e-37
C65YPACXX150129:6:2208:12905:2615/2	101	101	1	smNRPS-CC	5875	3253	3353	96.04	1.16e-37
C65YPACXX150129:6:2213:18466:17510/2	101	1	101	smNRPS-CC	5875	4443	4543	96.04	1.16e-37
C65YPACXX150129:6:2309:2372:14865/2	101	1	101	smNRPS-CC	5875	550	650	96.04	1.16e-37
C65YPACXX150129:8:2310:18430:79376/1	101	1	101	smNRPS-CC	5875	4358	4458	96.04	1.16e-37
C65YPACXX150129:7:1112:9854:100514/1	101	1	101	smNRPS-CC	5875	3614	3714	96.04	1.16e-37
C65YPACXX150129:6:2208:12203:92885/2	101	1	101	smNRPS-CC	5875	5554	5654	96.04	1.16e-37
C65YPACXX150129:8:1204:12838:42344/2	101	101	10	smNRPS-CC	5875	1556	1647	98.913	1.16e-37
C65YPACXX150129:7:2314:2602:93204/1	101	101	1	smNRPS-CC	5875	4441	4541	96.04	1.16e-37
C65YPACXX150129:8:1105:20535:92929/1	95	1	95	smNRPS-CC	5875	4312	4406	97.895	1.16e-37
C65YPACXX150129:6:2203:12405:97391/2	101	1	101	smNRPS-CC	5875	5554	5654	96.04	1.16e-37
C65YPACXX150129:7:1206:7533:3318/1	101	101	1	smNRPS-CC	5875	5276	5376	96.04	1.16e-37
C65YPACXX150129:6:1113:16612:26204/2	101	1	101	smNRPS-CC	5875	5554	5654	96.04	1.16e-37
C65YPACXX150129:7:1111:7997:53905/1	101	1	98	smNRPS-CC	5875	2931	3028	96.939	1.16e-37
C65YPACXX150129:7:1305:5841:46597/1	101	1	101	smNRPS-CC	5875	2522	2622	96.04	1.16e-37
C65YPACXX150129:8:1210:9581:36151/1	101	101	1	smNRPS-CC	5875	5438	5538	96.04	1.16e-37
C65YPACXX150129:6:2211:12323:56423/1	101	1	101	smNRPS-CC	5875	4413	4513	96.04	1.16e-37
C65YPACXX150129:7:2102:1658:7747/2	101	101	1	smNRPS-CC	5875	1176	1276	96.04	1.16e-37
C65YPACXX150129:8:2208:7440:100723/2	101	101	1	smNRPS-CC	5875	1916	2016	96.04	1.16e-37
C65YPACXX150129:7:2214:3679:75805/2	101	101	1	smNRPS-CC	5875	3628	3728	96.04	1.16e-37
C65YPACXX150129:6:1115:18969:19585/1	101	1	101	smNRPS-CC	5875	2522	2622	96.04	1.16e-37
C65YPACXX150129:6:1202:17105:9460/2	101	101	1	smNRPS-CC	5875	563	663	96.04	1.16e-37
C65YPACXX150129:6:1305:19977:53500/1	101	1	101	smNRPS-CC	5875	4432	4532	96.04	1.16e-37
C65YPACXX150129:8:2304:6552:45959/1	101	101	4	smNRPS-CC	5875	659	756	96.939	1.16e-37
C65YPACXX150129:8:2101:12622:61739/1	101	101	1	smNRPS-CC	5875	1911	2011	96.04	1.16e-37
C65YPACXX150129:8:2211:8780:89033/1	90	1	90	smNRPS-CC	5875	5776	5865	100	3.21e-38
C65YPACXX150129:6:1116:6159:22955/1	101	3	101	smNRPS-CC	5875	1789	1887	96.97	3.21e-38
C65YPACXX150129:7:1208:9223:58219/1	101	99	1	smNRPS-CC	5875	5495	5593	96.97	3.21e-38
C65YPACXX150129:7:1216:12708:14585/2	101	101	3	smNRPS-CC	5875	4351	4449	96.97	3.21e-38
C65YPACXX150129:8:1209:7224:99771/2	101	99	1	smNRPS-CC	5875	1527	1625	96.97	3.21e-38
C65YPACXX150129:7:1107:19090:35758/2	101	99	1	smNRPS-CC	5875	3172	3270	96.97	3.21e-38
C65YPACXX150129:6:1312:13224:16723/2	101	1	91	smNRPS-CC	5875	5785	5875	100	8.94e-39
C65YPACXX150129:6:2310:1455:83442/2	101	1	100	smNRPS-CC	5875	5448	5547	97	8.94e-39
C65YPACXX150129:7:2314:2602:93204/2	100	1	97	smNRPS-CC	5875	4326	4422	97.938	8.94e-39
C65YPACXX150129:6:2103:18044:34893/2	94	94	1	smNRPS-CC	5875	2590	2683	98.936	8.94e-39
C65YPACXX150129:7:1208:14692:53630/1	101	1	91	smNRPS-CC	5875	5785	5875	100	8.94e-39
C65YPACXX150129:6:1315:5566:93951/1	101	94	1	smNRPS-CC	5875	3902	3995	98.936	8.94e-39
C65YPACXX150129:6:1315:5566:93951/2	101	1	94	smNRPS-CC	5875	3902	3995	98.936	8.94e-39
C65YPACXX150129:8:1114:5492:32755/1	101	100	1	smNRPS-CC	5875	2510	2609	97	8.94e-39
C65YPACXX150129:8:1114:5492:32755/2	101	1	100	smNRPS-CC	5875	2510	2609	97	8.94e-39
C65YPACXX150129:7:1206:18241:15921/1	100	100	1	smNRPS-CC	5875	2510	2609	97	8.94e-39
C65YPACXX150129:8:2315:2677:21875/1	101	101	1	smNRPS-CC	5875	4341	4441	97.03	2.48e-39
C65YPACXX150129:7:1113:17680:100527/2	101	1	101	smNRPS-CC	5875	2651	2751	97.03	2.48e-39
C65YPACXX150129:7:1312:13999:84904/2	101	101	1	smNRPS-CC	5875	4331	4431	97.03	2.48e-39
C65YPACXX150129:7:2213:10782:62229/1	101	101	1	smNRPS-CC	5875	1124	1224	97.03	2.48e-39
C65YPACXX150129:8:2102:19063:47441/2	101	1	101	smNRPS-CC	5875	2884	2984	97.03	2.48e-39
C65YPACXX150129:6:2308:18898:27289/1	101	101	1	smNRPS-CC	5875	4922	5022	97.03	2.48e-39
C65YPACXX150129:8:1204:12838:42344/1	101	1	101	smNRPS-CC	5875	1278	1378	97.03	2.48e-39
C65YPACXX150129:7:2105:1737:59262/1	101	1	101	smNRPS-CC	5875	2951	3051	97.03	2.48e-39
C65YPACXX150129:6:1107:19237:88152/2	101	1	101	smNRPS-CC	5875	2305	2405	97.03	2.48e-39
C65YPACXX150129:7:1112:11355:73779/1	101	98	1	smNRPS-CC	5875	1095	1192	97.959	2.48e-39
C65YPACXX150129:6:1114:9269:71859/1	92	1	92	smNRPS-CC	5875	5280	5371	100	2.48e-39
C65YPACXX150129:6:1302:5402:92756/2	101	101	1	smNRPS-CC	5875	2094	2194	97.03	2.48e-39
C65YPACXX150129:7:2106:2867:88993/2	101	1	101	smNRPS-CC	5875	5317	5417	97.03	2.48e-39
C65YPACXX150129:7:2112:11879:90086/1	92	1	92	smNRPS-CC	5875	5754	5845	100	2.48e-39
C65YPACXX150129:7:2202:20693:36578/1	101	1	101	smNRPS-CC	5875	1284	1384	97.03	2.48e-39
C65YPACXX150129:7:1316:7106:64253/1	101	1	101	smNRPS-CC	5875	4221	4321	97.03	2.48e-39
C65YPACXX150129:6:1308:2976:86581/2	101	1	101	smNRPS-CC	5875	2305	2405	97.03	2.48e-39
C65YPACXX150129:6:1105:17710:35927/1	101	101	1	smNRPS-CC	5875	2509	2609	97.03	2.48e-39
C65YPACXX150129:8:2107:14806:14314/1	101	1	101	smNRPS-CC	5875	1278	1378	97.03	2.48e-39
C65YPACXX150129:8:1210:9581:36151/2	101	1	101	smNRPS-CC	5875	5288	5388	97.03	2.48e-39
C65YPACXX150129:6:2102:2002:67223/1	101	1	101	smNRPS-CC	5875	2305	2405	97.03	2.48e-39
C65YPACXX150129:6:1115:1353:26550/1	101	101	1	smNRPS-CC	5875	1536	1636	97.03	2.48e-39
C65YPACXX150129:8:2303:17234:84807/1	101	101	1	smNRPS-CC	5875	2515	2615	97.03	2.48e-39
C65YPACXX150129:8:2208:9729:28411/2	101	1	101	smNRPS-CC	5875	2915	3015	97.03	2.48e-39
C65YPACXX150129:7:2301:10552:38828/2	101	1	101	smNRPS-CC	5875	4316	4416	97.03	2.48e-39
C65YPACXX150129:7:2116:16908:56844/1	101	98	1	smNRPS-CC	5875	2100	2197	97.959	2.48e-39
C65YPACXX150129:6:1307:19377:14004/1	101	1	101	smNRPS-CC	5875	2187	2287	97.03	2.48e-39
C65YPACXX150129:7:1108:2817:99984/1	101	1	101	smNRPS-CC	5875	5365	5465	97.03	2.48e-39
C65YPACXX150129:7:2215:9556:34355/2	101	1	101	smNRPS-CC	5875	2890	2990	97.03	2.48e-39
C65YPACXX150129:8:1109:8357:62028/2	98	1	98	smNRPS-CC	5875	1877	1974	97.959	2.48e-39
C65YPACXX150129:7:1109:17967:55179/1	101	101	4	smNRPS-CC	5875	3582	3679	97.959	2.48e-39
C65YPACXX150129:6:2106:14925:85264/1	101	101	1	smNRPS-CC	5875	5366	5466	97.03	2.48e-39
C65YPACXX150129:6:1210:1361:9635/2	98	1	98	smNRPS-CC	5875	5082	5179	97.959	2.48e-39
C65YPACXX150129:6:2304:6121:11237/2	93	1	93	smNRPS-CC	5875	2178	2270	100	6.91e-40
C65YPACXX150129:7:1305:20045:98638/1	101	1	99	smNRPS-CC	5875	1549	1647	97.98	6.91e-40
C65YPACXX150129:7:2110:18358:25823/2	101	101	3	smNRPS-CC	5875	4324	4422	97.98	6.91e-40
C65YPACXX150129:6:2116:2953:25022/1	101	96	1	smNRPS-CC	5875	1551	1646	98.958	6.91e-40
C65YPACXX150129:6:1113:5856:99747/1	93	1	93	smNRPS-CC	5875	999	1091	100	6.91e-40
C65YPACXX150129:8:2107:14806:14314/2	101	99	1	smNRPS-CC	5875	1536	1634	97.98	6.91e-40
C65YPACXX150129:6:2115:4519:36230/2	101	101	3	smNRPS-CC	5875	4297	4395	97.98	6.91e-40
C65YPACXX150129:6:2310:12146:31180/2	101	1	99	smNRPS-CC	5875	2103	2201	97.98	6.91e-40
C65YPACXX150129:7:2306:16587:54304/1	101	99	1	smNRPS-CC	5875	5705	5803	97.98	6.91e-40
C65YPACXX150129:6:2203:1525:15413/2	94	94	1	smNRPS-CC	5875	3177	3270	100	1.92e-40
C65YPACXX150129:7:2102:15118:97030/1	101	98	2	smNRPS-CC	5875	1551	1647	98.969	1.92e-40
C65YPACXX150129:8:2315:2677:21875/2	101	1	101	smNRPS-CC	5875	4289	4389	98.02	5.34e-41
C65YPACXX150129:8:1104:14709:3274/1	101	101	1	smNRPS-CC	5875	1238	1338	98.02	5.34e-41
C65YPACXX150129:7:2201:14052:52774/1	98	98	1	smNRPS-CC	5875	2801	2898	98.98	5.34e-41
C65YPACXX150129:6:1315:3244:55228/2	101	1	101	smNRPS-CC	5875	3978	4078	98.02	5.34e-41
C65YPACXX150129:8:2112:1582:24128/2	101	101	1	smNRPS-CC	5875	5000	5100	98.02	5.34e-41
C65YPACXX150129:6:2104:17687:93942/2	101	1	101	smNRPS-CC	5875	1797	1897	98.02	5.34e-41
C65YPACXX150129:8:2316:4574:52342/2	101	101	1	smNRPS-CC	5875	5310	5410	98.02	5.34e-41
C65YPACXX150129:6:2310:1292:14952/2	95	1	95	smNRPS-CC	5875	2118	2212	100	5.34e-41
C65YPACXX150129:6:1303:17359:30924/2	101	1	101	smNRPS-CC	5875	5002	5102	98.02	5.34e-41
C65YPACXX150129:7:2106:2867:88993/1	101	101	1	smNRPS-CC	5875	5371	5471	98.02	5.34e-41
C65YPACXX150129:6:1213:17362:84330/2	101	1	101	smNRPS-CC	5875	2305	2405	98.02	5.34e-41
C65YPACXX150129:8:1110:2337:2021/1	101	1	101	smNRPS-CC	5875	4289	4389	98.02	5.34e-41
C65YPACXX150129:7:2302:9114:4065/2	101	101	1	smNRPS-CC	5875	1186	1286	98.02	5.34e-41
C65YPACXX150129:8:1106:18245:26062/1	101	1	101	smNRPS-CC	5875	4289	4389	98.02	5.34e-41
C65YPACXX150129:8:1205:8767:5061/2	101	1	101	smNRPS-CC	5875	403	503	98.02	5.34e-41
C65YPACXX150129:6:2113:14006:18784/2	101	1	101	smNRPS-CC	5875	469	569	98.02	5.34e-41
C65YPACXX150129:8:1213:1132:53657/2	101	101	1	smNRPS-CC	5875	4144	4244	98.02	5.34e-41
C65YPACXX150129:8:2304:4964:78972/2	101	101	1	smNRPS-CC	5875	1236	1336	98.02	5.34e-41
C65YPACXX150129:7:2208:15883:26677/2	101	101	1	smNRPS-CC	5875	3980	4080	98.02	5.34e-41
C65YPACXX150129:6:2106:11789:24971/2	101	101	1	smNRPS-CC	5875	5356	5456	98.02	5.34e-41
C65YPACXX150129:7:2303:7771:94120/2	101	1	101	smNRPS-CC	5875	4289	4389	98.02	5.34e-41
C65YPACXX150129:6:1311:1079:95233/1	95	95	1	smNRPS-CC	5875	242	336	100	5.34e-41
C65YPACXX150129:8:2105:9082:46495/2	101	101	4	smNRPS-CC	5875	5778	5875	98.98	5.34e-41
C65YPACXX150129:7:2306:16587:54304/2	101	1	101	smNRPS-CC	5875	5301	5401	98.02	5.34e-41
C65YPACXX150129:7:1214:9691:14110/1	101	101	1	smNRPS-CC	5875	4168	4268	98.02	5.34e-41
C65YPACXX150129:8:2301:20717:99041/1	101	1	101	smNRPS-CC	5875	4289	4389	98.02	5.34e-41
C65YPACXX150129:7:1114:7331:66241/1	101	101	1	smNRPS-CC	5875	1190	1290	98.02	5.34e-41
C65YPACXX150129:6:2115:20390:54999/1	101	101	1	smNRPS-CC	5875	1190	1290	98.02	5.34e-41
C65YPACXX150129:7:1208:9223:58219/2	101	1	99	smNRPS-CC	5875	5344	5442	98.99	1.48e-41
C65YPACXX150129:7:1310:4904:28788/2	96	96	1	smNRPS-CC	5875	2589	2684	100	1.48e-41
C65YPACXX150129:6:2114:10718:23198/1	100	1	100	smNRPS-CC	5875	5731	5830	99	4.13e-42
C65YPACXX150129:6:1113:5856:99747/2	100	100	1	smNRPS-CC	5875	1053	1152	99	4.13e-42
C65YPACXX150129:6:2110:8290:94002/1	101	1	101	smNRPS-CC	5875	457	557	99.01	1.15e-42
C65YPACXX150129:6:1315:3244:55228/1	101	101	1	smNRPS-CC	5875	4070	4170	99.01	1.15e-42
C65YPACXX150129:8:2302:12057:83514/1	101	101	1	smNRPS-CC	5875	5742	5842	99.01	1.15e-42
C65YPACXX150129:8:1115:6009:70295/1	101	1	101	smNRPS-CC	5875	3190	3290	99.01	1.15e-42
C65YPACXX150129:8:1115:6009:70295/2	101	101	1	smNRPS-CC	5875	3268	3368	99.01	1.15e-42
C65YPACXX150129:7:1314:8281:59149/2	101	101	1	smNRPS-CC	5875	4122	4222	99.01	1.15e-42
C65YPACXX150129:8:2101:18259:21250/1	101	1	101	smNRPS-CC	5875	4102	4202	99.01	1.15e-42
C65YPACXX150129:8:2101:18259:21250/2	101	101	1	smNRPS-CC	5875	4100	4200	99.01	1.15e-42
C65YPACXX150129:7:1113:2680:67549/1	101	1	101	smNRPS-CC	5875	1228	1328	99.01	1.15e-42
C65YPACXX150129:8:1107:7994:88106/1	101	1	101	smNRPS-CC	5875	1567	1667	99.01	1.15e-42
C65YPACXX150129:7:1116:4860:89858/1	101	101	1	smNRPS-CC	5875	470	570	99.01	1.15e-42
C65YPACXX150129:7:2302:5391:22697/1	101	1	101	smNRPS-CC	5875	1205	1305	99.01	1.15e-42
C65YPACXX150129:7:2110:20076:45607/2	101	101	1	smNRPS-CC	5875	4095	4195	99.01	1.15e-42
C65YPACXX150129:8:1213:1132:53657/1	101	1	101	smNRPS-CC	5875	4104	4204	99.01	1.15e-42
C65YPACXX150129:6:1209:3606:33745/1	101	1	101	smNRPS-CC	5875	1226	1326	99.01	1.15e-42
C65YPACXX150129:8:1316:15451:19880/2	101	1	101	smNRPS-CC	5875	2683	2783	99.01	1.15e-42
C65YPACXX150129:8:2304:6552:45959/2	101	1	101	smNRPS-CC	5875	504	604	99.01	1.15e-42
C65YPACXX150129:6:2114:20596:37377/2	101	101	3	smNRPS-CC	5875	5777	5875	100	3.19e-43
C65YPACXX150129:7:2213:12699:98555/2	100	1	100	smNRPS-CC	5875	5356	5455	100	8.87e-44
C65YPACXX150129:7:2110:20076:45607/1	101	1	100	smNRPS-CC	5875	4074	4173	100	8.87e-44
C65YPACXX150129:6:1310:11055:2162/1	101	1	101	smNRPS-CC	5875	4555	4655	100	2.47e-44
C65YPACXX150129:6:1310:11055:2162/2	101	101	1	smNRPS-CC	5875	4784	4884	100	2.47e-44
C65YPACXX150129:7:2201:14052:52774/2	101	1	101	smNRPS-CC	5875	2409	2509	100	2.47e-44
C65YPACXX150129:6:2203:1525:15413/1	101	1	101	smNRPS-CC	5875	3107	3207	100	2.47e-44
C65YPACXX150129:8:1202:2462:50548/1	101	1	101	smNRPS-CC	5875	5775	5875	100	2.47e-44
C65YPACXX150129:6:2304:6121:11237/1	101	101	1	smNRPS-CC	5875	2518	2618	100	2.47e-44
C65YPACXX150129:8:1113:3479:86310/1	101	101	1	smNRPS-CC	5875	266	366	100	2.47e-44
C65YPACXX150129:8:1113:3479:86310/2	101	1	101	smNRPS-CC	5875	206	306	100	2.47e-44
C65YPACXX150129:7:1203:19841:2741/1	101	101	1	smNRPS-CC	5875	3543	3643	100	2.47e-44
C65YPACXX150129:7:1203:19841:2741/2	101	1	101	smNRPS-CC	5875	3041	3141	100	2.47e-44
C65YPACXX150129:6:1106:3034:64839/1	101	1	101	smNRPS-CC	5875	5139	5239	100	2.47e-44
C65YPACXX150129:6:1106:3034:64839/2	101	101	1	smNRPS-CC	5875	5348	5448	100	2.47e-44
C65YPACXX150129:6:2310:1292:14952/1	101	101	1	smNRPS-CC	5875	2265	2365	100	2.47e-44
C65YPACXX150129:7:2205:17630:11334/1	101	1	101	smNRPS-CC	5875	4960	5060	100	2.47e-44
C65YPACXX150129:7:2205:17630:11334/2	101	101	1	smNRPS-CC	5875	5056	5156	100	2.47e-44
C65YPACXX150129:7:1106:10178:30121/1	101	1	101	smNRPS-CC	5875	3669	3769	100	2.47e-44
C65YPACXX150129:7:1106:10178:30121/2	101	101	1	smNRPS-CC	5875	3777	3877	100	2.47e-44
C65YPACXX150129:7:2110:18358:25823/1	101	1	101	smNRPS-CC	5875	4051	4151	100	2.47e-44
C65YPACXX150129:6:1205:14225:66149/1	101	1	101	smNRPS-CC	5875	4101	4201	100	2.47e-44
C65YPACXX150129:6:1205:14225:66149/2	101	101	1	smNRPS-CC	5875	4341	4441	100	2.47e-44
C65YPACXX150129:7:1214:5228:7637/1	101	101	1	smNRPS-CC	5875	4983	5083	100	2.47e-44
C65YPACXX150129:7:1214:5228:7637/2	101	1	101	smNRPS-CC	5875	4862	4962	100	2.47e-44
C65YPACXX150129:6:2110:4088:20817/1	101	1	101	smNRPS-CC	5875	310	410	100	2.47e-44
C65YPACXX150129:6:2110:4088:20817/2	101	101	1	smNRPS-CC	5875	318	418	100	2.47e-44
C65YPACXX150129:8:1205:3691:12464/1	101	101	1	smNRPS-CC	5875	126	226	100	2.47e-44
C65YPACXX150129:7:1303:10022:100151/1	101	1	101	smNRPS-CC	5875	2707	2807	100	2.47e-44
C65YPACXX150129:7:1303:10022:100151/2	101	101	1	smNRPS-CC	5875	2817	2917	100	2.47e-44
C65YPACXX150129:6:2302:17569:36988/1	101	101	1	smNRPS-CC	5875	4112	4212	100	2.47e-44
C65YPACXX150129:6:2302:17569:36988/2	101	1	101	smNRPS-CC	5875	4095	4195	100	2.47e-44
C65YPACXX150129:7:2313:19984:66728/1	101	1	101	smNRPS-CC	5875	1777	1877	100	2.47e-44
C65YPACXX150129:7:2313:19984:66728/2	101	101	1	smNRPS-CC	5875	2076	2176	100	2.47e-44
C65YPACXX150129:8:1107:7994:88106/2	101	101	1	smNRPS-CC	5875	1705	1805	100	2.47e-44
C65YPACXX150129:8:1104:15577:100516/1	101	1	101	smNRPS-CC	5875	1753	1853	100	2.47e-44
C65YPACXX150129:8:1104:15577:100516/2	101	101	1	smNRPS-CC	5875	1902	2002	100	2.47e-44
C65YPACXX150129:8:1311:12354:64609/1	101	101	1	smNRPS-CC	5875	1662	1762	100	2.47e-44
C65YPACXX150129:7:2106:15154:75277/1	101	101	1	smNRPS-CC	5875	266	366	100	2.47e-44
C65YPACXX150129:7:2106:15154:75277/2	101	1	101	smNRPS-CC	5875	206	306	100	2.47e-44
C65YPACXX150129:8:2315:7780:23510/1	101	1	101	smNRPS-CC	5875	4922	5022	100	2.47e-44
C65YPACXX150129:8:2315:7780:23510/2	101	101	1	smNRPS-CC	5875	4958	5058	100	2.47e-44
C65YPACXX150129:7:2110:8042:69885/1	101	1	101	smNRPS-CC	5875	4922	5022	100	2.47e-44
C65YPACXX150129:7:2110:8042:69885/2	101	101	1	smNRPS-CC	5875	4958	5058	100	2.47e-44
C65YPACXX150129:7:2213:12699:98555/1	101	101	1	smNRPS-CC	5875	5683	5783	100	2.47e-44
C65YPACXX150129:7:1109:15242:26874/1	101	1	101	smNRPS-CC	5875	1787	1887	100	2.47e-44
C65YPACXX150129:7:1109:15242:26874/2	101	101	1	smNRPS-CC	5875	1952	2052	100	2.47e-44
C65YPACXX150129:7:1310:4904:28788/1	101	1	101	smNRPS-CC	5875	2530	2630	100	2.47e-44
C65YPACXX150129:8:2103:5663:48603/1	101	1	101	smNRPS-CC	5875	3132	3232	100	2.47e-44
C65YPACXX150129:8:2103:5663:48603/2	101	101	1	smNRPS-CC	5875	3392	3492	100	2.47e-44
C65YPACXX150129:8:2208:7440:100723/1	101	1	101	smNRPS-CC	5875	1847	1947	100	2.47e-44
C65YPACXX150129:7:2103:11369:93546/2	101	1	101	smNRPS-CC	5875	5775	5875	100	2.47e-44
C65YPACXX150129:8:2210:15452:51819/1	101	1	101	smNRPS-CC	5875	991	1091	100	2.47e-44
C65YPACXX150129:8:2210:15452:51819/2	101	101	1	smNRPS-CC	5875	1035	1135	100	2.47e-44
C65YPACXX150129:7:2306:18086:49468/2	101	1	101	smNRPS-CC	5875	5623	5723	100	2.47e-44
C65YPACXX150129:7:1205:4222:17485/1	101	101	1	smNRPS-CC	5875	2769	2869	100	2.47e-44
C65YPACXX150129:7:1205:4222:17485/2	101	1	101	smNRPS-CC	5875	2700	2800	100	2.47e-44
C65YPACXX150129:8:2107:11834:21379/1	101	1	101	smNRPS-CC	5875	1740	1840	100	2.47e-44
C65YPACXX150129:8:2107:11834:21379/2	101	101	1	smNRPS-CC	5875	1954	2054	100	2.47e-44
C65YPACXX150129:7:1309:14625:46784/1	101	101	1	smNRPS-CC	5875	5417	5517	100	2.47e-44
C65YPACXX150129:7:1309:14625:46784/2	101	1	101	smNRPS-CC	5875	4968	5068	100	2.47e-44
C65YPACXX150129:7:1114:6788:52754/1	101	1	101	smNRPS-CC	5875	4008	4108	100	2.47e-44
C65YPACXX150129:7:1114:6788:52754/2	101	101	1	smNRPS-CC	5875	4266	4366	100	2.47e-44
C65YPACXX150129:7:1214:9691:14110/2	101	1	101	smNRPS-CC	5875	4072	4172	100	2.47e-44
C65YPACXX150129:7:2112:11084:6550/1	101	101	1	smNRPS-CC	5875	5367	5467	100	2.47e-44
C65YPACXX150129:7:2103:8414:9802/1	101	101	1	smNRPS-CC	5875	5529	5629	100	2.47e-44
C65YPACXX150129:7:2115:10907:83536/1	101	1	101	smNRPS-CC	5875	1199	1299	100	2.47e-44
C65YPACXX150129:7:2316:5306:65264/1	101	101	1	smNRPS-CC	5875	1963	2063	100	2.47e-44
C65YPACXX150129:6:1101:13822:15018/1	101	101	1	smNRPS-CC	5875	1066	1166	100	2.47e-44
C65YPACXX150129:8:1209:1966:34677/1	101	101	1	smNRPS-CC	5875	3289	3389	100	2.47e-44
C65YPACXX150129:6:2315:6891:35040/2	92	1	52	smNRPS-CB	5945	5894	5945	96.154	9.37e-14
C65YPACXX150129:8:1114:6300:2029/1	69	20	69	smNRPS-CB	5945	1	50	100	5.6e-16
C65YPACXX150129:7:2113:17442:6421/1	101	50	101	smNRPS-CB	5945	1	52	100	4.33e-17
C65YPACXX150129:7:1108:1791:61755/1	101	50	101	smNRPS-CB	5945	1	52	100	4.33e-17
C65YPACXX150129:6:2114:10718:23198/2	101	49	101	smNRPS-CB	5945	1	53	100	1.2e-17
C65YPACXX150129:7:1102:15836:21050/1	101	48	101	smNRPS-CB	5945	1	54	100	3.35e-18
C65YPACXX150129:8:1311:9918:75429/2	67	67	1	smNRPS-CB	5945	5734	5800	95.522	2e-20
C65YPACXX150129:6:1315:10612:62073/2	71	71	2	smNRPS-CB	5945	4948	5017	95.714	4.3e-22
C65YPACXX150129:7:2103:11369:93546/1	94	31	94	smNRPS-CB	5945	1	64	100	9.24e-24
C65YPACXX150129:6:1215:1759:51516/2	68	68	1	smNRPS-CB	5945	441	508	98.529	2.57e-24
C65YPACXX150129:6:2307:13885:28427/2	101	33	98	smNRPS-CB	5945	1	66	100	7.14e-25
C65YPACXX150129:7:1314:17470:93040/2	101	32	101	smNRPS-CB	5945	1	70	98.571	1.99e-25
C65YPACXX150129:8:1105:2763:67815/1	69	1	69	smNRPS-CB	5945	716	784	100	1.53e-26
C65YPACXX150129:8:1303:8354:69297/2	82	1	82	smNRPS-CB	5945	5010	5091	95.122	4.27e-27
C65YPACXX150129:6:1115:14465:30430/2	70	1	70	smNRPS-CB	5945	2096	2165	100	4.27e-27
C65YPACXX150129:8:2102:16245:14960/1	76	76	1	smNRPS-CB	5945	5690	5765	97.368	4.27e-27
C65YPACXX150129:8:1102:20141:26885/1	71	71	1	smNRPS-CB	5945	2988	3058	100	1.19e-27
C65YPACXX150129:7:1211:12785:9444/1	93	1	81	smNRPS-CB	5945	5865	5945	96.296	3.3e-28
C65YPACXX150129:8:2301:1111:35311/2	82	1	82	smNRPS-CB	5945	3608	3689	96.341	9.17e-29
C65YPACXX150129:7:1204:7550:48031/1	76	1	76	smNRPS-CB	5945	420	495	98.684	9.17e-29
C65YPACXX150129:8:1115:4799:58043/2	74	74	1	smNRPS-CB	5945	5315	5388	100	2.55e-29
C65YPACXX150129:7:1305:5841:46597/2	79	1	74	smNRPS-CB	5945	3074	3147	100	2.55e-29
C65YPACXX150129:8:2114:17413:56978/1	101	25	101	smNRPS-CB	5945	1	77	98.701	2.55e-29
C65YPACXX150129:8:1301:8775:66445/2	101	1	81	smNRPS-CB	5945	5865	5945	97.531	7.09e-30
C65YPACXX150129:6:2213:7528:23623/2	78	78	1	smNRPS-CB	5945	753	830	98.718	7.09e-30
C65YPACXX150129:8:2204:18907:49070/2	75	75	1	smNRPS-CB	5945	4028	4102	100	7.09e-30
C65YPACXX150129:8:1206:17528:13428/1	78	1	78	smNRPS-CB	5945	5350	5427	98.718	7.09e-30
C65YPACXX150129:6:1309:5569:31499/2	85	1	85	smNRPS-CB	5945	312	396	96.471	1.97e-30
C65YPACXX150129:6:2311:19357:95010/1	86	86	1	smNRPS-CB	5945	3313	3398	96.512	5.48e-31
C65YPACXX150129:7:2315:3207:71045/1	83	83	1	smNRPS-CB	5945	811	893	97.59	5.48e-31
C65YPACXX150129:7:1204:2391:14618/1	101	1	92	smNRPS-CB	5945	1736	1823	95.652	1.52e-31
C65YPACXX150129:8:2309:16363:16948/2	101	1	92	smNRPS-CB	5945	1736	1823	95.652	1.52e-31
C65YPACXX150129:6:1111:19402:18613/1	78	1	78	smNRPS-CB	5945	4023	4100	100	1.52e-31
C65YPACXX150129:7:2306:18086:49468/1	101	20	101	smNRPS-CB	5945	1	82	98.78	4.24e-32
C65YPACXX150129:7:2308:2147:2726/2	80	1	80	smNRPS-CB	5945	602	681	100	1.18e-32
C65YPACXX150129:7:1314:10769:78882/1	87	1	87	smNRPS-CB	5945	3638	3724	97.701	3.28e-33
C65YPACXX150129:8:1115:4799:58043/1	95	1	95	smNRPS-CB	5945	4855	4949	95.789	2.53e-34
C65YPACXX150129:6:1207:12893:29701/2	92	92	1	smNRPS-CB	5945	1243	1334	96.739	2.53e-34
C65YPACXX150129:7:1208:14692:53630/2	101	16	101	smNRPS-CB	5945	1	86	98.837	2.53e-34
C65YPACXX150129:6:2112:7444:59476/2	83	83	1	smNRPS-CB	5945	4084	4166	100	2.53e-34
C65YPACXX150129:8:1112:8683:49122/1	86	86	1	smNRPS-CB	5945	5196	5281	98.837	2.53e-34
C65YPACXX150129:7:1112:11352:98527/1	86	1	86	smNRPS-CB	5945	921	1006	98.837	2.53e-34
C65YPACXX150129:7:2104:18184:62485/1	101	95	1	smNRPS-CB	5945	2521	2615	95.789	2.53e-34
C65YPACXX150129:7:1304:9907:58033/2	84	1	84	smNRPS-CB	5945	1007	1090	100	7.04e-35
C65YPACXX150129:8:1216:7040:68689/1	97	97	1	smNRPS-CB	5945	3282	3378	95.876	1.96e-35
C65YPACXX150129:7:2202:20693:36578/2	101	5	101	smNRPS-CB	5945	4487	4583	95.876	1.96e-35
C65YPACXX150129:7:1110:18379:90383/1	101	1	100	smNRPS-CB	5945	5581	5680	95	1.96e-35
C65YPACXX150129:8:2306:13345:96302/1	101	1	91	smNRPS-CB	5945	3351	3441	97.802	1.96e-35
C65YPACXX150129:7:1114:5868:47198/2	94	94	1	smNRPS-CB	5945	4903	4996	96.809	1.96e-35
C65YPACXX150129:8:1212:11235:92979/2	97	97	1	smNRPS-CB	5945	258	354	95.876	1.96e-35
C65YPACXX150129:8:1101:20506:28298/2	100	100	1	smNRPS-CB	5945	5603	5702	95	1.96e-35
C65YPACXX150129:6:2102:2002:67223/2	100	1	100	smNRPS-CB	5945	3453	3552	95	1.96e-35
C65YPACXX150129:7:2115:14314:59796/2	88	88	1	smNRPS-CB	5945	1029	1116	98.864	1.96e-35
C65YPACXX150129:6:2214:19528:27262/2	85	1	85	smNRPS-CB	5945	994	1078	100	1.96e-35
C65YPACXX150129:6:2309:10021:100629/2	101	101	1	smNRPS-CB	5945	4837	4937	95.05	5.44e-36
C65YPACXX150129:6:1116:6159:22955/2	101	1	101	smNRPS-CB	5945	3847	3947	95.05	5.44e-36
C65YPACXX150129:6:2104:8853:101294/2	101	101	1	smNRPS-CB	5945	4137	4237	95.05	5.44e-36
C65YPACXX150129:6:2309:3401:94601/2	87	86	1	smNRPS-CB	5945	3150	3235	100	5.44e-36
C65YPACXX150129:7:1110:18379:90383/2	101	101	1	smNRPS-CB	5945	5602	5702	95.05	5.44e-36
C65YPACXX150129:7:1116:16189:63825/1	101	101	1	smNRPS-CB	5945	4149	4249	95.05	5.44e-36
C65YPACXX150129:8:1204:16094:7766/2	89	89	1	smNRPS-CB	5945	1617	1705	98.876	5.44e-36
C65YPACXX150129:7:2110:15195:5652/1	101	1	101	smNRPS-CB	5945	4711	4811	95.05	5.44e-36
C65YPACXX150129:8:1101:20506:28298/1	101	1	101	smNRPS-CB	5945	5580	5680	95.05	5.44e-36
C65YPACXX150129:6:1209:10535:50864/2	101	101	1	smNRPS-CB	5945	4159	4259	95.05	5.44e-36
C65YPACXX150129:7:2104:9738:67633/1	101	1	92	smNRPS-CB	5945	4513	4604	97.826	5.44e-36
C65YPACXX150129:7:2104:9738:67633/2	101	92	1	smNRPS-CB	5945	4513	4604	97.826	5.44e-36
C65YPACXX150129:8:1311:12280:2719/2	101	1	101	smNRPS-CB	5945	4147	4247	95.05	5.44e-36
C65YPACXX150129:7:1307:19456:17079/1	101	98	1	smNRPS-CB	5945	3466	3563	95.918	5.44e-36
C65YPACXX150129:8:2304:4964:78972/1	101	101	1	smNRPS-CB	5945	4701	4801	95.05	5.44e-36
C65YPACXX150129:6:2314:14871:91354/2	101	101	1	smNRPS-CB	5945	3310	3410	95.05	5.44e-36
C65YPACXX150129:6:2106:14709:35098/1	101	1	101	smNRPS-CB	5945	3859	3959	95.05	5.44e-36
C65YPACXX150129:6:1204:6972:66179/1	101	101	1	smNRPS-CB	5945	4148	4248	95.05	5.44e-36
C65YPACXX150129:8:1216:11887:39450/2	90	90	1	smNRPS-CB	5945	2840	2929	98.889	1.51e-36
C65YPACXX150129:7:2107:4610:30458/2	96	96	1	smNRPS-CB	5945	3017	3112	96.875	1.51e-36
C65YPACXX150129:6:2311:19357:95010/2	94	1	94	smNRPS-CB	5945	2506	2599	97.872	4.21e-37
C65YPACXX150129:8:2203:18057:17249/1	101	101	1	smNRPS-CB	5945	1814	1912	96.04	4.21e-37
C65YPACXX150129:6:1302:5402:92756/1	101	101	2	smNRPS-CB	5945	3806	3905	96	4.21e-37
C65YPACXX150129:8:2112:6339:39116/2	94	1	94	smNRPS-CB	5945	361	454	97.872	4.21e-37
C65YPACXX150129:6:2202:18293:33258/2	101	100	1	smNRPS-CB	5945	2111	2210	96	4.21e-37
C65YPACXX150129:6:1315:13794:44895/1	94	1	94	smNRPS-CB	5945	5123	5216	97.872	4.21e-37
C65YPACXX150129:6:2112:5517:73357/2	94	1	94	smNRPS-CB	5945	1983	2076	97.872	4.21e-37
C65YPACXX150129:7:2110:15195:5652/2	100	100	1	smNRPS-CB	5945	4989	5088	96	4.21e-37
C65YPACXX150129:6:1205:10479:78224/2	100	100	1	smNRPS-CB	5945	3269	3368	96	4.21e-37
C65YPACXX150129:7:2208:15883:26677/1	101	100	1	smNRPS-CB	5945	2111	2210	96	4.21e-37
C65YPACXX150129:6:1305:12118:64185/1	96	1	94	smNRPS-CB	5945	3660	3753	97.872	4.21e-37
C65YPACXX150129:6:2201:2269:36663/1	101	101	1	smNRPS-CB	5945	1803	1901	96.04	4.21e-37
C65YPACXX150129:7:1215:8231:60942/1	100	1	100	smNRPS-CB	5945	4871	4970	96	4.21e-37
C65YPACXX150129:8:1104:14709:3274/2	98	98	1	smNRPS-CB	5945	4955	5052	96.939	1.17e-37
C65YPACXX150129:6:1306:7598:93761/2	101	101	1	smNRPS-CB	5945	2020	2120	96.04	1.17e-37
C65YPACXX150129:8:2302:12057:83514/2	101	101	1	smNRPS-CB	5945	309	409	96.04	1.17e-37
C65YPACXX150129:8:1310:3114:59982/1	101	1	101	smNRPS-CB	5945	314	414	96.04	1.17e-37
C65YPACXX150129:8:1203:12674:19328/1	95	92	1	smNRPS-CB	5945	2834	2925	98.913	1.17e-37
C65YPACXX150129:7:2104:3154:68498/1	101	101	1	smNRPS-CB	5945	4837	4937	96.04	1.17e-37
C65YPACXX150129:8:2314:5464:11155/2	101	101	1	smNRPS-CB	5945	4859	4959	96.04	1.17e-37
C65YPACXX150129:6:2104:17687:93942/1	101	1	101	smNRPS-CB	5945	3888	3988	96.04	1.17e-37
C65YPACXX150129:8:1307:15546:36686/2	101	101	1	smNRPS-CB	5945	3660	3760	96.04	1.17e-37
C65YPACXX150129:6:2310:1455:83442/1	101	1	101	smNRPS-CB	5945	253	353	96.04	1.17e-37
C65YPACXX150129:6:1106:16806:62708/1	101	101	1	smNRPS-CB	5945	3447	3547	96.04	1.17e-37
C65YPACXX150129:6:1307:3772:98723/1	95	1	92	smNRPS-CB	5945	4183	4274	98.913	1.17e-37
C65YPACXX150129:8:2116:19138:58075/1	98	98	1	smNRPS-CB	5945	4971	5068	96.939	1.17e-37
C65YPACXX150129:6:2112:8309:49508/2	101	101	1	smNRPS-CB	5945	5503	5603	96.04	1.17e-37
C65YPACXX150129:8:2309:11839:42501/2	101	101	1	smNRPS-CB	5945	3660	3760	96.04	1.17e-37
C65YPACXX150129:8:2112:4358:58981/1	101	101	1	smNRPS-CB	5945	3062	3162	96.04	1.17e-37
C65YPACXX150129:7:1311:9405:73017/2	101	101	1	smNRPS-CB	5945	1997	2097	96.04	1.17e-37
C65YPACXX150129:6:1314:17916:84280/1	101	101	1	smNRPS-CB	5945	2113	2213	96.04	1.17e-37
C65YPACXX150129:6:2115:4519:36230/1	101	101	1	smNRPS-CB	5945	2016	2116	96.04	1.17e-37
C65YPACXX150129:8:1107:9088:81604/1	101	1	101	smNRPS-CB	5945	3434	3534	96.04	1.17e-37
C65YPACXX150129:6:1115:18969:19585/2	101	1	98	smNRPS-CB	5945	3271	3368	96.939	1.17e-37
C65YPACXX150129:6:1304:2088:14186/2	95	1	95	smNRPS-CB	5945	1969	2063	97.895	1.17e-37
C65YPACXX150129:7:2210:3302:39649/1	89	89	1	smNRPS-CB	5945	2235	2323	100	1.17e-37
C65YPACXX150129:8:2316:13742:38209/2	101	1	101	smNRPS-CB	5945	4872	4972	96.04	1.17e-37
C65YPACXX150129:6:1306:7598:93761/1	100	1	96	smNRPS-CB	5945	1541	1636	97.917	3.25e-38
C65YPACXX150129:6:1102:5324:55819/1	101	99	1	smNRPS-CB	5945	2006	2104	96.97	3.25e-38
C65YPACXX150129:7:1204:2391:14618/2	101	99	1	smNRPS-CB	5945	2006	2104	96.97	3.25e-38
C65YPACXX150129:6:2104:14466:68571/2	95	95	3	smNRPS-CB	5945	618	710	98.925	3.25e-38
C65YPACXX150129:7:1302:4078:47879/2	96	96	1	smNRPS-CB	5945	878	973	97.917	3.25e-38
C65YPACXX150129:6:1313:8421:97119/1	96	1	96	smNRPS-CB	5945	5173	5268	97.917	3.25e-38
C65YPACXX150129:7:2309:20731:69909/2	93	93	1	smNRPS-CB	5945	1645	1737	98.925	3.25e-38
C65YPACXX150129:6:2214:3803:79717/2	96	1	96	smNRPS-CB	5945	3888	3983	97.917	3.25e-38
C65YPACXX150129:8:1107:9088:81604/2	98	98	3	smNRPS-CB	5945	3516	3611	97.917	3.25e-38
C65YPACXX150129:7:1112:16442:68646/1	101	99	1	smNRPS-CB	5945	2006	2104	96.97	3.25e-38
C65YPACXX150129:6:2109:10983:21345/1	101	1	99	smNRPS-CB	5945	3875	3973	96.97	3.25e-38
C65YPACXX150129:7:1312:13999:84904/1	97	97	1	smNRPS-CB	5945	1917	2013	97.938	9.04e-39
C65YPACXX150129:8:1216:7040:68689/2	100	1	100	smNRPS-CB	5945	3255	3354	97	9.04e-39
C65YPACXX150129:8:2302:17591:42696/2	100	1	100	smNRPS-CB	5945	3565	3664	97	9.04e-39
C65YPACXX150129:6:2311:6499:33570/1	101	1	100	smNRPS-CB	5945	1936	2036	97.03	9.04e-39
C65YPACXX150129:7:2305:10302:14113/1	101	1	94	smNRPS-CB	5945	3351	3444	98.936	9.04e-39
C65YPACXX150129:7:2305:10302:14113/2	101	94	1	smNRPS-CB	5945	3350	3443	98.936	9.04e-39
C65YPACXX150129:8:2213:15541:96770/1	97	1	97	smNRPS-CB	5945	3635	3731	97.938	9.04e-39
C65YPACXX150129:8:2306:2220:51611/2	94	94	1	smNRPS-CB	5945	1023	1116	98.936	9.04e-39
C65YPACXX150129:7:2307:8849:100194/1	101	1	94	smNRPS-CB	5945	3351	3444	98.936	9.04e-39
C65YPACXX150129:7:2307:8849:100194/2	101	94	1	smNRPS-CB	5945	3350	3443	98.936	9.04e-39
C65YPACXX150129:6:2314:17338:26036/1	101	1	101	smNRPS-CB	5945	1085	1185	97.03	2.51e-39
C65YPACXX150129:6:2314:17338:26036/2	101	101	1	smNRPS-CB	5945	1255	1355	97.03	2.51e-39
C65YPACXX150129:6:2315:17349:34315/1	101	101	1	smNRPS-CB	5945	5521	5621	97.03	2.51e-39
C65YPACXX150129:6:2111:4672:44565/1	101	101	1	smNRPS-CB	5945	1113	1213	97.03	2.51e-39
C65YPACXX150129:6:2111:4672:44565/2	101	1	101	smNRPS-CB	5945	1086	1186	97.03	2.51e-39
C65YPACXX150129:8:1115:14494:40745/1	101	101	1	smNRPS-CB	5945	3865	3965	97.03	2.51e-39
C65YPACXX150129:6:1305:10457:61792/2	101	1	101	smNRPS-CB	5945	3056	3156	97.03	2.51e-39
C65YPACXX150129:8:1209:14851:26553/2	101	1	101	smNRPS-CB	5945	5535	5635	97.03	2.51e-39
C65YPACXX150129:6:1307:4574:6637/1	98	1	98	smNRPS-CB	5945	5104	5201	97.959	2.51e-39
C65YPACXX150129:6:1207:12893:29701/1	101	1	101	smNRPS-CB	5945	1065	1165	97.03	2.51e-39
C65YPACXX150129:7:1302:4078:47879/1	101	1	101	smNRPS-CB	5945	268	368	97.03	2.51e-39
C65YPACXX150129:7:1113:2680:67549/2	101	1	101	smNRPS-CB	5945	4550	4650	97.03	2.51e-39
C65YPACXX150129:6:1204:9232:45766/2	101	1	101	smNRPS-CB	5945	3056	3156	97.03	2.51e-39
C65YPACXX150129:6:2116:2953:25022/2	101	101	1	smNRPS-CB	5945	4557	4657	97.03	2.51e-39
C65YPACXX150129:8:2108:10647:87041/1	101	1	101	smNRPS-CB	5945	3598	3698	97.03	2.51e-39
C65YPACXX150129:7:1313:11347:32085/1	101	1	101	smNRPS-CB	5945	3282	3382	97.03	2.51e-39
C65YPACXX150129:8:2102:17210:17112/2	101	1	101	smNRPS-CB	5945	5495	5595	97.03	2.51e-39
C65YPACXX150129:6:1316:15566:38114/2	101	101	1	smNRPS-CB	5945	4567	4667	97.03	2.51e-39
C65YPACXX150129:6:1113:1587:86643/2	101	1	101	smNRPS-CB	5945	5535	5635	97.03	2.51e-39
C65YPACXX150129:7:2115:20342:76271/1	101	101	1	smNRPS-CB	5945	4577	4677	97.03	2.51e-39
C65YPACXX150129:8:2204:18907:49070/1	101	1	101	smNRPS-CB	5945	3693	3793	97.03	2.51e-39
C65YPACXX150129:8:2305:5852:87986/2	101	1	101	smNRPS-CB	5945	517	617	97.03	2.51e-39
C65YPACXX150129:8:2312:12316:99645/2	101	1	101	smNRPS-CB	5945	4988	5088	97.03	2.51e-39
C65YPACXX150129:7:2102:15118:97030/2	98	98	1	smNRPS-CB	5945	4513	4610	97.959	2.51e-39
C65YPACXX150129:6:2311:6499:33570/2	101	98	1	smNRPS-CB	5945	1935	2032	97.959	2.51e-39
C65YPACXX150129:8:2301:1111:35311/1	101	101	1	smNRPS-CB	5945	4161	4261	97.03	2.51e-39
C65YPACXX150129:6:2205:7318:25985/1	101	1	98	smNRPS-CB	5945	1197	1294	97.959	2.51e-39
C65YPACXX150129:7:1206:7533:3318/2	101	101	1	smNRPS-CB	5945	661	761	97.03	2.51e-39
C65YPACXX150129:6:2202:6460:51271/2	101	101	1	smNRPS-CB	5945	5494	5594	97.03	2.51e-39
C65YPACXX150129:8:1204:16094:7766/1	101	1	101	smNRPS-CB	5945	1298	1398	97.03	2.51e-39
C65YPACXX150129:6:1208:18904:66962/1	101	101	1	smNRPS-CB	5945	3302	3402	97.03	2.51e-39
C65YPACXX150129:8:2116:19138:58075/2	101	1	101	smNRPS-CB	5945	4944	5044	97.03	2.51e-39
C65YPACXX150129:6:2305:18334:86926/2	101	1	101	smNRPS-CB	5945	515	615	97.03	2.51e-39
C65YPACXX150129:8:1206:15860:11687/2	101	1	101	smNRPS-CB	5945	1280	1380	97.03	2.51e-39
C65YPACXX150129:6:2210:7647:46725/2	101	1	101	smNRPS-CB	5945	3866	3966	97.03	2.51e-39
C65YPACXX150129:6:2112:8309:49508/1	101	1	98	smNRPS-CB	5945	5123	5220	97.959	2.51e-39
C65YPACXX150129:7:1315:11905:42948/2	101	1	101	smNRPS-CB	5945	3056	3156	97.03	2.51e-39
C65YPACXX150129:8:1106:18245:26062/2	101	1	101	smNRPS-CB	5945	1284	1384	97.03	2.51e-39
C65YPACXX150129:7:1114:5868:47198/1	101	1	101	smNRPS-CB	5945	4887	4987	97.03	2.51e-39
C65YPACXX150129:7:2105:4072:71131/2	101	1	101	smNRPS-CB	5945	5663	5763	97.03	2.51e-39
C65YPACXX150129:6:2112:7444:59476/1	101	1	101	smNRPS-CB	5945	3845	3945	97.03	2.51e-39
C65YPACXX150129:8:2112:4358:58981/2	101	1	101	smNRPS-CB	5945	3058	3158	97.03	2.51e-39
C65YPACXX150129:8:1113:6124:95098/1	101	101	1	smNRPS-CB	5945	3057	3157	97.03	2.51e-39
C65YPACXX150129:6:1203:13773:63950/2	101	101	1	smNRPS-CB	5945	5249	5349	97.03	2.51e-39
C65YPACXX150129:7:2316:12785:17742/1	101	101	1	smNRPS-CB	5945	510	610	97.03	2.51e-39
C65YPACXX150129:6:2304:7918:20146/2	95	1	95	smNRPS-CB	5945	567	661	98.947	2.51e-39
C65YPACXX150129:7:2112:19944:12140/1	101	1	101	smNRPS-CB	5945	1048	1148	97.03	2.51e-39
C65YPACXX150129:7:2104:10720:52428/2	101	1	101	smNRPS-CB	5945	3056	3156	97.03	2.51e-39
C65YPACXX150129:7:1105:11231:79860/1	101	101	1	smNRPS-CB	5945	4559	4659	97.03	2.51e-39
C65YPACXX150129:7:1105:11231:79860/2	101	1	101	smNRPS-CB	5945	4548	4648	97.03	2.51e-39
C65YPACXX150129:8:2310:9733:6328/1	101	101	1	smNRPS-CB	5945	1054	1154	97.03	2.51e-39
C65YPACXX150129:6:2202:1243:83100/1	101	101	1	smNRPS-CB	5945	4995	5095	97.03	2.51e-39
C65YPACXX150129:6:2202:1243:83100/2	101	1	101	smNRPS-CB	5945	4892	4992	97.03	2.51e-39
C65YPACXX150129:8:1202:3722:53974/2	101	1	101	smNRPS-CB	5945	2568	2668	97.03	2.51e-39
C65YPACXX150129:8:1115:3117:58246/1	101	101	1	smNRPS-CB	5945	3298	3398	97.03	2.51e-39
C65YPACXX150129:6:2103:5634:69571/1	101	101	1	smNRPS-CB	5945	4559	4659	97.03	2.51e-39
C65YPACXX150129:6:2103:5634:69571/2	101	1	101	smNRPS-CB	5945	4548	4648	97.03	2.51e-39
C65YPACXX150129:6:2308:10951:64847/1	98	98	1	smNRPS-CB	5945	3512	3609	97.959	2.51e-39
C65YPACXX150129:7:1316:10074:71341/1	101	1	98	smNRPS-CB	5945	1197	1294	97.959	2.51e-39
C65YPACXX150129:7:1203:15359:74706/1	98	1	98	smNRPS-CB	5945	4164	4261	97.959	2.51e-39
C65YPACXX150129:7:1109:13185:3235/1	101	101	1	smNRPS-CB	5945	3298	3398	97.03	2.51e-39
C65YPACXX150129:8:2312:5047:100479/1	92	92	1	smNRPS-CB	5945	2247	2338	100	2.51e-39
C65YPACXX150129:8:2105:3090:90536/1	101	101	1	smNRPS-CB	5945	3840	3940	97.03	2.51e-39
C65YPACXX150129:6:2216:17905:15449/1	97	95	1	smNRPS-CB	5945	5014	5108	98.947	2.51e-39
C65YPACXX150129:8:2105:13464:11949/1	101	101	1	smNRPS-CB	5945	3267	3367	97.03	2.51e-39
C65YPACXX150129:7:2103:9465:9131/2	96	93	1	smNRPS-CB	5945	275	367	100	6.99e-40
C65YPACXX150129:8:2204:4726:63235/2	101	3	101	smNRPS-CB	5945	2024	2122	97.98	6.99e-40
C65YPACXX150129:6:1109:4594:62720/2	101	101	3	smNRPS-CB	5945	3513	3611	97.98	6.99e-40
C65YPACXX150129:6:2307:15791:72259/1	101	101	3	smNRPS-CB	5945	3513	3611	97.98	6.99e-40
C65YPACXX150129:7:2211:19690:90120/1	101	99	1	smNRPS-CB	5945	1965	2063	97.98	6.99e-40
C65YPACXX150129:7:2211:19690:90120/2	101	1	99	smNRPS-CB	5945	1965	2063	97.98	6.99e-40
C65YPACXX150129:6:1313:8421:97119/2	99	99	1	smNRPS-CB	5945	5490	5588	97.98	6.99e-40
C65YPACXX150129:8:1316:5965:47684/1	99	1	99	smNRPS-CB	5945	3114	3212	97.98	6.99e-40
C65YPACXX150129:7:1310:4424:24049/2	100	1	100	smNRPS-CB	5945	2568	2667	98	1.94e-40
C65YPACXX150129:6:1309:5569:31499/1	100	100	1	smNRPS-CB	5945	789	888	98	1.94e-40
C65YPACXX150129:6:1309:7638:26076/2	100	100	1	smNRPS-CB	5945	1535	1634	98	1.94e-40
C65YPACXX150129:7:1205:10578:16861/1	101	100	1	smNRPS-CB	5945	5489	5588	98	1.94e-40
C65YPACXX150129:6:2315:11225:65448/2	101	101	2	smNRPS-CB	5945	3654	3753	98	1.94e-40
C65YPACXX150129:7:1113:12624:82059/2	101	100	1	smNRPS-CB	5945	4522	4621	98	1.94e-40
C65YPACXX150129:6:2112:5517:73357/1	97	97	1	smNRPS-CB	5945	2666	2762	98.969	1.94e-40
C65YPACXX150129:6:1215:1759:51516/1	100	1	100	smNRPS-CB	5945	359	458	98	1.94e-40
C65YPACXX150129:6:1102:11712:100521/2	100	1	100	smNRPS-CB	5945	2576	2675	98	1.94e-40
C65YPACXX150129:7:2109:15164:32571/2	100	1	100	smNRPS-CB	5945	1966	2065	98	1.94e-40
C65YPACXX150129:7:1216:11294:53269/2	101	1	101	smNRPS-CB	5945	3727	3827	98.02	5.4e-41
C65YPACXX150129:7:2114:3197:5474/1	101	1	101	smNRPS-CB	5945	3086	3186	98.02	5.4e-41
C65YPACXX150129:7:2114:3197:5474/2	101	101	1	smNRPS-CB	5945	3135	3235	98.02	5.4e-41
C65YPACXX150129:8:2208:13184:87847/2	101	101	1	smNRPS-CB	5945	5488	5588	98.02	5.4e-41
C65YPACXX150129:8:2203:7306:78176/2	101	1	101	smNRPS-CB	5945	786	886	98.02	5.4e-41
C65YPACXX150129:6:2315:17349:34315/2	101	1	101	smNRPS-CB	5945	5183	5283	98.02	5.4e-41
C65YPACXX150129:8:2205:2423:71717/2	101	1	101	smNRPS-CB	5945	5010	5110	98.02	5.4e-41
C65YPACXX150129:7:2104:3154:68498/2	101	1	101	smNRPS-CB	5945	4732	4832	98.02	5.4e-41
C65YPACXX150129:8:2101:4410:43567/1	101	101	1	smNRPS-CB	5945	3509	3609	98.02	5.4e-41
C65YPACXX150129:8:2101:4410:43567/2	101	1	101	smNRPS-CB	5945	3238	3338	98.02	5.4e-41
C65YPACXX150129:8:1115:14494:40745/2	101	1	101	smNRPS-CB	5945	3727	3827	98.02	5.4e-41
C65YPACXX150129:8:2111:13832:45382/1	101	1	101	smNRPS-CB	5945	3265	3365	98.02	5.4e-41
C65YPACXX150129:8:2111:13832:45382/2	101	101	1	smNRPS-CB	5945	3310	3410	98.02	5.4e-41
C65YPACXX150129:6:1305:10457:61792/1	101	101	1	smNRPS-CB	5945	3112	3212	98.02	5.4e-41
C65YPACXX150129:7:2111:5355:29814/1	101	101	1	smNRPS-CB	5945	1987	2087	98.02	5.4e-41
C65YPACXX150129:7:2111:5355:29814/2	101	1	101	smNRPS-CB	5945	1948	2048	98.02	5.4e-41
C65YPACXX150129:7:2109:18236:38263/2	101	101	1	smNRPS-CB	5945	36	136	98.02	5.4e-41
C65YPACXX150129:6:1101:13959:9933/1	101	1	101	smNRPS-CB	5945	1953	2053	98.02	5.4e-41
C65YPACXX150129:6:2104:14466:68571/1	101	1	101	smNRPS-CB	5945	457	557	98.02	5.4e-41
C65YPACXX150129:7:1213:13879:28143/1	101	101	1	smNRPS-CB	5945	3958	4058	98.02	5.4e-41
C65YPACXX150129:7:1213:13879:28143/2	101	1	101	smNRPS-CB	5945	3927	4027	98.02	5.4e-41
C65YPACXX150129:8:1307:15546:36686/1	101	1	101	smNRPS-CB	5945	3649	3749	98.02	5.4e-41
C65YPACXX150129:7:1205:10578:16861/2	101	1	101	smNRPS-CB	5945	5489	5589	98.02	5.4e-41
C65YPACXX150129:8:1216:11887:39450/1	101	1	101	smNRPS-CB	5945	2461	2561	98.02	5.4e-41
C65YPACXX150129:8:1110:2337:2021/2	101	1	101	smNRPS-CB	5945	1479	1579	98.02	5.4e-41
C65YPACXX150129:6:1106:16806:62708/2	101	1	101	smNRPS-CB	5945	3136	3236	98.02	5.4e-41
C65YPACXX150129:6:1204:9232:45766/1	101	101	1	smNRPS-CB	5945	3112	3212	98.02	5.4e-41
C65YPACXX150129:8:2108:10647:87041/2	101	101	1	smNRPS-CB	5945	3637	3737	98.02	5.4e-41
C65YPACXX150129:6:1315:13794:44895/2	101	101	1	smNRPS-CB	5945	5490	5590	98.02	5.4e-41
C65YPACXX150129:6:2213:8631:35378/2	101	1	101	smNRPS-CB	5945	5176	5276	98.02	5.4e-41
C65YPACXX150129:6:2309:3401:94601/1	101	1	101	smNRPS-CB	5945	3086	3186	98.02	5.4e-41
C65YPACXX150129:7:2115:20342:76271/2	101	1	101	smNRPS-CB	5945	4522	4622	98.02	5.4e-41
C65YPACXX150129:6:1308:10239:35044/1	101	101	1	smNRPS-CB	5945	788	888	98.02	5.4e-41
C65YPACXX150129:6:2307:15791:72259/2	101	1	101	smNRPS-CB	5945	3243	3343	98.02	5.4e-41
C65YPACXX150129:6:2314:15144:73919/1	101	1	101	smNRPS-CB	5945	3136	3236	98.02	5.4e-41
C65YPACXX150129:6:2314:15144:73919/2	101	101	1	smNRPS-CB	5945	3237	3337	98.02	5.4e-41
C65YPACXX150129:6:2205:7318:25985/2	101	101	1	smNRPS-CB	5945	1226	1326	98.02	5.4e-41
C65YPACXX150129:6:1308:2976:86581/1	101	1	101	smNRPS-CB	5945	3506	3606	98.02	5.4e-41
C65YPACXX150129:8:2314:19141:88924/1	101	1	101	smNRPS-CB	5945	1318	1418	98.02	5.4e-41
C65YPACXX150129:6:2104:10323:54142/1	101	1	101	smNRPS-CB	5945	3635	3735	98.02	5.4e-41
C65YPACXX150129:7:1113:19628:10029/1	101	1	101	smNRPS-CB	5945	4159	4259	98.02	5.4e-41
C65YPACXX150129:8:2206:13219:30247/1	101	1	101	smNRPS-CB	5945	2051	2151	98.02	5.4e-41
C65YPACXX150129:7:1315:11905:42948/1	101	101	1	smNRPS-CB	5945	3071	3171	98.02	5.4e-41
C65YPACXX150129:7:2109:15164:32571/1	101	101	1	smNRPS-CB	5945	2071	2171	98.02	5.4e-41
C65YPACXX150129:6:2214:7847:93586/1	101	1	101	smNRPS-CB	5945	2488	2588	98.02	5.4e-41
C65YPACXX150129:7:2105:4072:71131/1	101	101	1	smNRPS-CB	5945	5682	5782	98.02	5.4e-41
C65YPACXX150129:6:2306:6017:2376/1	101	101	1	smNRPS-CB	5945	5488	5588	98.02	5.4e-41
C65YPACXX150129:8:2206:11748:38974/1	101	101	1	smNRPS-CB	5945	5353	5453	98.02	5.4e-41
C65YPACXX150129:8:2206:11748:38974/2	101	1	101	smNRPS-CB	5945	5322	5422	98.02	5.4e-41
C65YPACXX150129:7:1206:11088:17948/2	101	101	4	smNRPS-CB	5945	1044	1141	98.98	5.4e-41
C65YPACXX150129:8:2309:11839:42501/1	101	1	101	smNRPS-CB	5945	3649	3749	98.02	5.4e-41
C65YPACXX150129:8:2114:17413:56978/2	101	101	1	smNRPS-CB	5945	652	752	98.02	5.4e-41
C65YPACXX150129:6:2102:8288:37420/1	98	1	98	smNRPS-CB	5945	5835	5932	98.98	5.4e-41
C65YPACXX150129:6:2104:14484:95327/1	101	1	101	smNRPS-CB	5945	5010	5110	98.02	5.4e-41
C65YPACXX150129:7:2216:3162:53163/2	101	1	101	smNRPS-CB	5945	5104	5204	98.02	5.4e-41
C65YPACXX150129:8:2303:17234:84807/2	101	101	1	smNRPS-CB	5945	3562	3662	98.02	5.4e-41
C65YPACXX150129:6:2110:19885:90341/2	101	101	1	smNRPS-CB	5945	440	540	98.02	5.4e-41
C65YPACXX150129:8:2102:6917:17464/1	101	101	1	smNRPS-CB	5945	1932	2032	98.02	5.4e-41
C65YPACXX150129:6:2314:19107:56574/1	101	1	101	smNRPS-CB	5945	2488	2588	98.02	5.4e-41
C65YPACXX150129:7:1108:1791:61755/2	95	95	1	smNRPS-CB	5945	162	256	100	5.4e-41
C65YPACXX150129:7:2104:10623:25996/1	101	101	1	smNRPS-CB	5945	3396	3496	98.02	5.4e-41
C65YPACXX150129:7:2104:10720:52428/1	101	101	1	smNRPS-CB	5945	3112	3212	98.02	5.4e-41
C65YPACXX150129:6:2214:3803:79717/1	101	101	1	smNRPS-CB	5945	4156	4256	98.02	5.4e-41
C65YPACXX150129:7:1307:19456:17079/2	101	1	101	smNRPS-CB	5945	3391	3491	98.02	5.4e-41
C65YPACXX150129:6:1115:12862:51621/2	101	1	101	smNRPS-CB	5945	2063	2163	98.02	5.4e-41
C65YPACXX150129:8:2206:20103:14131/2	101	101	1	smNRPS-CB	5945	3371	3471	98.02	5.4e-41
C65YPACXX150129:6:2106:11789:24971/1	101	101	1	smNRPS-CB	5945	653	753	98.02	5.4e-41
C65YPACXX150129:7:1112:16442:68646/2	101	1	101	smNRPS-CB	5945	1957	2057	98.02	5.4e-41
C65YPACXX150129:7:1205:12578:42391/2	101	101	1	smNRPS-CB	5945	37	137	98.02	5.4e-41
C65YPACXX150129:6:2308:10951:64847/2	101	1	101	smNRPS-CB	5945	3238	3338	98.02	5.4e-41
C65YPACXX150129:8:2105:9082:46495/1	101	101	1	smNRPS-CB	5945	42	142	98.02	5.4e-41
C65YPACXX150129:7:1115:2395:29631/2	101	101	1	smNRPS-CB	5945	3502	3602	98.02	5.4e-41
C65YPACXX150129:7:1316:10074:71341/2	101	101	1	smNRPS-CB	5945	1226	1326	98.02	5.4e-41
C65YPACXX150129:8:2107:10592:20871/1	101	101	1	smNRPS-CB	5945	3399	3499	98.02	5.4e-41
C65YPACXX150129:7:2314:2287:96027/1	101	101	1	smNRPS-CB	5945	2827	2927	98.02	5.4e-41
C65YPACXX150129:6:1201:2752:62884/1	101	101	1	smNRPS-CB	5945	5332	5432	98.02	5.4e-41
C65YPACXX150129:6:2315:16901:61071/1	101	101	1	smNRPS-CB	5945	780	880	98.02	5.4e-41
C65YPACXX150129:7:1214:4860:18180/1	101	101	1	smNRPS-CB	5945	3562	3662	98.02	5.4e-41
C65YPACXX150129:7:2205:13278:52736/1	101	1	101	smNRPS-CB	5945	2055	2155	98.02	5.4e-41
C65YPACXX150129:6:2315:14478:48072/2	101	1	101	smNRPS-CB	5945	679	779	98.02	5.4e-41
C65YPACXX150129:6:1107:19237:88152/1	101	1	99	smNRPS-CB	5945	3366	3464	98.99	1.5e-41
C65YPACXX150129:8:1105:14737:30392/2	101	99	1	smNRPS-CB	5945	2834	2932	98.99	1.5e-41
C65YPACXX150129:8:1215:3187:59216/1	101	3	101	smNRPS-CB	5945	915	1013	98.99	1.5e-41
C65YPACXX150129:7:1105:4513:10118/1	101	1	99	smNRPS-CB	5945	2734	2832	98.99	1.5e-41
C65YPACXX150129:6:1203:17630:69445/1	101	3	101	smNRPS-CB	5945	915	1013	98.99	1.5e-41
C65YPACXX150129:8:1314:8887:37092/1	101	3	101	smNRPS-CB	5945	915	1013	98.99	1.5e-41
C65YPACXX150129:7:2112:10962:63985/1	101	6	101	smNRPS-CB	5945	3757	3852	100	1.5e-41
C65YPACXX150129:6:2215:1757:30624/1	99	1	99	smNRPS-CB	5945	4088	4186	98.99	1.5e-41
C65YPACXX150129:6:2211:6966:67056/1	99	99	1	smNRPS-CB	5945	3371	3469	98.99	1.5e-41
C65YPACXX150129:8:2305:5852:87986/1	100	100	1	smNRPS-CB	5945	695	794	99	4.18e-42
C65YPACXX150129:8:2312:12316:99645/1	101	100	1	smNRPS-CB	5945	5014	5113	99	4.18e-42
C65YPACXX150129:8:1206:15860:11687/1	101	101	2	smNRPS-CB	5945	1460	1559	99	4.18e-42
C65YPACXX150129:6:1102:11712:100521/1	100	100	1	smNRPS-CB	5945	2635	2734	99	4.18e-42
C65YPACXX150129:7:2316:12785:17742/2	100	1	100	smNRPS-CB	5945	268	367	99	4.18e-42
C65YPACXX150129:7:2113:19517:41712/2	101	100	1	smNRPS-CB	5945	3333	3432	99	4.18e-42
C65YPACXX150129:7:2113:17442:6421/2	97	97	1	smNRPS-CB	5945	160	256	100	4.18e-42
C65YPACXX150129:6:2214:19528:27262/1	101	101	2	smNRPS-CB	5945	1042	1141	99	4.18e-42
C65YPACXX150129:7:1212:7648:72375/1	97	97	1	smNRPS-CB	5945	5250	5346	100	4.18e-42
C65YPACXX150129:7:1303:3074:20505/2	101	101	1	smNRPS-CB	5945	267	367	99.01	1.16e-42
C65YPACXX150129:7:1216:11294:53269/1	98	98	1	smNRPS-CB	5945	3784	3881	100	1.16e-42
C65YPACXX150129:6:2309:10021:100629/1	101	1	101	smNRPS-CB	5945	4766	4866	99.01	1.16e-42
C65YPACXX150129:8:1102:20141:26885/2	101	1	101	smNRPS-CB	5945	2879	2979	99.01	1.16e-42
C65YPACXX150129:7:1202:18647:82658/2	101	1	101	smNRPS-CB	5945	1921	2021	99.01	1.16e-42
C65YPACXX150129:6:1101:19279:23789/1	101	101	1	smNRPS-CB	5945	1031	1131	99.01	1.16e-42
C65YPACXX150129:8:2307:4224:37514/2	101	1	101	smNRPS-CB	5945	93	193	99.01	1.16e-42
C65YPACXX150129:8:1201:2666:59621/1	101	1	101	smNRPS-CB	5945	2741	2841	99.01	1.16e-42
C65YPACXX150129:8:1201:2666:59621/2	101	101	1	smNRPS-CB	5945	2761	2861	99.01	1.16e-42
C65YPACXX150129:6:1216:10484:37768/2	101	1	101	smNRPS-CB	5945	2866	2966	99.01	1.16e-42
C65YPACXX150129:7:1310:4424:24049/1	101	101	1	smNRPS-CB	5945	2725	2825	99.01	1.16e-42
C65YPACXX150129:8:1203:12674:19328/2	101	1	101	smNRPS-CB	5945	2703	2803	99.01	1.16e-42
C65YPACXX150129:8:2205:2423:71717/1	101	101	1	smNRPS-CB	5945	5361	5461	99.01	1.16e-42
C65YPACXX150129:7:1314:8281:59149/1	101	101	1	smNRPS-CB	5945	1944	2044	99.01	1.16e-42
C65YPACXX150129:7:1114:1867:46261/1	101	101	1	smNRPS-CB	5945	1660	1760	99.01	1.16e-42
C65YPACXX150129:7:1114:1867:46261/2	101	1	101	smNRPS-CB	5945	1641	1741	99.01	1.16e-42
C65YPACXX150129:6:1111:12804:11337/1	101	101	1	smNRPS-CB	5945	946	1046	99.01	1.16e-42
C65YPACXX150129:7:1214:3661:54756/1	101	1	101	smNRPS-CB	5945	551	651	99.01	1.16e-42
C65YPACXX150129:8:1216:13189:26185/1	101	101	1	smNRPS-CB	5945	315	415	99.01	1.16e-42
C65YPACXX150129:8:1216:13189:26185/2	101	1	101	smNRPS-CB	5945	246	346	99.01	1.16e-42
C65YPACXX150129:8:2316:4574:52342/1	101	101	1	smNRPS-CB	5945	695	795	99.01	1.16e-42
C65YPACXX150129:8:2109:20552:97601/1	101	101	1	smNRPS-CB	5945	5353	5453	99.01	1.16e-42
C65YPACXX150129:8:2109:20552:97601/2	101	1	101	smNRPS-CB	5945	5322	5422	99.01	1.16e-42
C65YPACXX150129:7:2110:19677:78084/1	101	1	101	smNRPS-CB	5945	932	1032	99.01	1.16e-42
C65YPACXX150129:7:2110:19677:78084/2	101	101	1	smNRPS-CB	5945	942	1042	99.01	1.16e-42
C65YPACXX150129:8:2203:18057:17249/2	101	1	101	smNRPS-CB	5945	1665	1765	99.01	1.16e-42
C65YPACXX150129:6:1211:6777:80057/1	101	101	1	smNRPS-CB	5945	5091	5191	99.01	1.16e-42
C65YPACXX150129:6:1211:6777:80057/2	101	1	101	smNRPS-CB	5945	5054	5154	99.01	1.16e-42
C65YPACXX150129:8:2302:17591:42696/1	101	101	1	smNRPS-CB	5945	3915	4015	99.01	1.16e-42
C65YPACXX150129:7:1212:15571:91523/1	101	1	101	smNRPS-CB	5945	3341	3441	99.01	1.16e-42
C65YPACXX150129:7:1212:15571:91523/2	101	101	1	smNRPS-CB	5945	3351	3451	99.01	1.16e-42
C65YPACXX150129:6:1212:15735:27728/1	101	101	1	smNRPS-CB	5945	1020	1120	99.01	1.16e-42
C65YPACXX150129:6:1212:15735:27728/2	101	1	101	smNRPS-CB	5945	634	734	99.01	1.16e-42
C65YPACXX150129:7:2110:5696:54700/1	101	1	101	smNRPS-CB	5945	551	651	99.01	1.16e-42
C65YPACXX150129:7:1216:6006:3003/2	101	1	101	smNRPS-CB	5945	4131	4231	99.01	1.16e-42
C65YPACXX150129:8:1105:14737:30392/1	101	1	101	smNRPS-CB	5945	2807	2907	99.01	1.16e-42
C65YPACXX150129:7:2116:12811:6565/2	101	101	1	smNRPS-CB	5945	198	298	99.01	1.16e-42
C65YPACXX150129:8:1214:5926:79137/1	101	101	1	smNRPS-CB	5945	315	415	99.01	1.16e-42
C65YPACXX150129:8:1214:5926:79137/2	101	1	101	smNRPS-CB	5945	246	346	99.01	1.16e-42
C65YPACXX150129:8:1101:8184:50195/1	101	101	1	smNRPS-CB	5945	3046	3146	99.01	1.16e-42
C65YPACXX150129:8:1101:8184:50195/2	101	1	101	smNRPS-CB	5945	2881	2981	99.01	1.16e-42
C65YPACXX150129:6:2213:7528:23623/1	101	1	101	smNRPS-CB	5945	407	507	99.01	1.16e-42
C65YPACXX150129:7:2313:15650:17907/1	101	101	1	smNRPS-CB	5945	5727	5827	99.01	1.16e-42
C65YPACXX150129:8:1203:9289:3743/1	101	101	1	smNRPS-CB	5945	1660	1760	99.01	1.16e-42
C65YPACXX150129:8:1203:9289:3743/2	101	1	101	smNRPS-CB	5945	1641	1741	99.01	1.16e-42
C65YPACXX150129:7:1313:11347:32085/2	101	101	1	smNRPS-CB	5945	3337	3437	99.01	1.16e-42
C65YPACXX150129:6:2215:11714:99188/1	101	1	101	smNRPS-CB	5945	3976	4076	99.01	1.16e-42
C65YPACXX150129:6:2215:11714:99188/2	101	101	1	smNRPS-CB	5945	4148	4248	99.01	1.16e-42
C65YPACXX150129:7:2302:9114:4065/1	101	101	1	smNRPS-CB	5945	4795	4895	99.01	1.16e-42
C65YPACXX150129:6:2101:18132:51307/1	101	101	1	smNRPS-CB	5945	2347	2447	99.01	1.16e-42
C65YPACXX150129:8:1204:11047:13529/1	101	1	101	smNRPS-CB	5945	2862	2962	99.01	1.16e-42
C65YPACXX150129:8:1204:11047:13529/2	101	101	1	smNRPS-CB	5945	3012	3112	99.01	1.16e-42
C65YPACXX150129:8:1105:9905:6394/1	101	101	1	smNRPS-CB	5945	1010	1110	99.01	1.16e-42
C65YPACXX150129:7:2305:7371:35683/1	101	101	1	smNRPS-CB	5945	5049	5149	99.01	1.16e-42
C65YPACXX150129:8:2314:19141:88924/2	101	101	1	smNRPS-CB	5945	1346	1446	99.01	1.16e-42
C65YPACXX150129:6:1208:18904:66962/2	101	1	101	smNRPS-CB	5945	3216	3316	99.01	1.16e-42
C65YPACXX150129:6:2210:7647:46725/1	101	101	1	smNRPS-CB	5945	3996	4096	99.01	1.16e-42
C65YPACXX150129:6:2214:7847:93586/2	101	101	1	smNRPS-CB	5945	2665	2765	99.01	1.16e-42
C65YPACXX150129:6:2306:6017:2376/2	101	1	101	smNRPS-CB	5945	5353	5453	99.01	1.16e-42
C65YPACXX150129:7:2205:10839:54635/2	101	1	101	smNRPS-CB	5945	5708	5808	99.01	1.16e-42
C65YPACXX150129:8:2309:16363:16948/1	101	101	1	smNRPS-CB	5945	1857	1957	99.01	1.16e-42
C65YPACXX150129:7:1206:11088:17948/1	101	1	101	smNRPS-CB	5945	1034	1134	99.01	1.16e-42
C65YPACXX150129:6:1312:3283:3671/1	101	101	1	smNRPS-CB	5945	698	798	99.01	1.16e-42
C65YPACXX150129:8:2207:2190:90594/2	101	1	101	smNRPS-CB	5945	93	193	99.01	1.16e-42
C65YPACXX150129:7:1105:4513:10118/2	101	101	1	smNRPS-CB	5945	2918	3018	99.01	1.16e-42
C65YPACXX150129:6:2104:14484:95327/2	101	101	1	smNRPS-CB	5945	5071	5171	99.01	1.16e-42
C65YPACXX150129:7:2113:19517:41712/1	101	1	101	smNRPS-CB	5945	2872	2972	99.01	1.16e-42
C65YPACXX150129:7:1102:7128:57735/1	101	101	1	smNRPS-CB	5945	3000	3100	99.01	1.16e-42
C65YPACXX150129:7:1102:7128:57735/2	101	1	101	smNRPS-CB	5945	2634	2734	99.01	1.16e-42
C65YPACXX150129:6:2110:19885:90341/1	101	1	101	smNRPS-CB	5945	408	508	99.01	1.16e-42
C65YPACXX150129:8:2102:6917:17464/2	101	1	101	smNRPS-CB	5945	1591	1691	99.01	1.16e-42
C65YPACXX150129:6:2307:13885:28427/1	101	101	1	smNRPS-CB	5945	94	194	99.01	1.16e-42
C65YPACXX150129:7:2109:3906:97761/1	101	101	1	smNRPS-CB	5945	900	1000	99.01	1.16e-42
C65YPACXX150129:6:2314:19107:56574/2	101	101	1	smNRPS-CB	5945	2665	2765	99.01	1.16e-42
C65YPACXX150129:6:2307:17634:79323/2	101	101	1	smNRPS-CB	5945	2359	2459	99.01	1.16e-42
C65YPACXX150129:8:2107:9538:80755/1	101	1	101	smNRPS-CB	5945	5734	5834	99.01	1.16e-42
C65YPACXX150129:8:1204:18373:84480/2	101	1	101	smNRPS-CB	5945	705	805	99.01	1.16e-42
C65YPACXX150129:6:2310:18895:18764/1	101	1	101	smNRPS-CB	5945	259	359	99.01	1.16e-42
C65YPACXX150129:6:2310:18895:18764/2	101	101	1	smNRPS-CB	5945	267	367	99.01	1.16e-42
C65YPACXX150129:7:2104:10623:25996/2	101	1	101	smNRPS-CB	5945	3360	3460	99.01	1.16e-42
C65YPACXX150129:6:1301:4794:71188/2	101	1	101	smNRPS-CB	5945	5708	5808	99.01	1.16e-42
C65YPACXX150129:6:2316:13513:48045/1	101	1	101	smNRPS-CB	5945	1503	1603	99.01	1.16e-42
C65YPACXX150129:6:2316:13513:48045/2	101	101	1	smNRPS-CB	5945	1510	1610	99.01	1.16e-42
C65YPACXX150129:8:1314:8887:37092/2	101	101	1	smNRPS-CB	5945	942	1042	99.01	1.16e-42
C65YPACXX150129:8:1202:3722:53974/1	101	101	1	smNRPS-CB	5945	2725	2825	99.01	1.16e-42
C65YPACXX150129:6:1115:12862:51621/1	101	98	1	smNRPS-CB	5945	2096	2193	100	1.16e-42
C65YPACXX150129:7:1304:9907:58033/1	101	101	1	smNRPS-CB	5945	1027	1127	99.01	1.16e-42
C65YPACXX150129:7:2115:2022:56612/1	101	101	1	smNRPS-CB	5945	1010	1110	99.01	1.16e-42
C65YPACXX150129:7:2115:14314:59796/1	101	1	101	smNRPS-CB	5945	976	1076	99.01	1.16e-42
C65YPACXX150129:8:2106:11911:88756/2	101	1	101	smNRPS-CB	5945	5725	5825	99.01	1.16e-42
C65YPACXX150129:7:1312:18746:84895/1	101	101	1	smNRPS-CB	5945	5792	5892	99.01	1.16e-42
C65YPACXX150129:7:1301:20289:96007/2	101	101	1	smNRPS-CB	5945	3356	3456	99.01	1.16e-42
C65YPACXX150129:7:1204:7547:84770/2	101	1	101	smNRPS-CB	5945	704	804	99.01	1.16e-42
C65YPACXX150129:6:1304:2088:14186/1	101	101	1	smNRPS-CB	5945	2336	2436	99.01	1.16e-42
C65YPACXX150129:7:1115:2395:29631/1	101	1	101	smNRPS-CB	5945	2882	2982	99.01	1.16e-42
C65YPACXX150129:8:2107:10592:20871/2	101	1	101	smNRPS-CB	5945	3358	3458	99.01	1.16e-42
C65YPACXX150129:7:1207:2390:74015/1	101	101	1	smNRPS-CB	5945	2792	2892	99.01	1.16e-42
C65YPACXX150129:6:2313:18480:35731/1	101	1	101	smNRPS-CB	5945	2872	2972	99.01	1.16e-42
C65YPACXX150129:7:1116:3620:73384/1	101	101	1	smNRPS-CB	5945	2864	2964	99.01	1.16e-42
C65YPACXX150129:7:1201:14185:45706/1	101	1	101	smNRPS-CB	5945	3985	4085	99.01	1.16e-42
C65YPACXX150129:8:2207:4771:24214/1	101	1	101	smNRPS-CB	5945	3985	4085	99.01	1.16e-42
C65YPACXX150129:6:1106:21054:92135/1	101	1	101	smNRPS-CB	5945	3046	3146	99.01	1.16e-42
C65YPACXX150129:6:2314:8970:7047/1	101	101	1	smNRPS-CB	5945	1632	1732	99.01	1.16e-42
C65YPACXX150129:6:2116:19545:53960/2	101	1	101	smNRPS-CB	5945	4119	4219	99.01	1.16e-42
C65YPACXX150129:6:1308:18893:77459/2	101	3	101	smNRPS-CB	5945	3150	3248	100	3.23e-43
C65YPACXX150129:8:2314:5464:11155/1	101	3	101	smNRPS-CB	5945	4787	4885	100	3.23e-43
C65YPACXX150129:7:2305:7371:35683/2	101	3	101	smNRPS-CB	5945	4787	4885	100	3.23e-43
C65YPACXX150129:8:2306:2220:51611/1	101	1	99	smNRPS-CB	5945	889	987	100	3.23e-43
C65YPACXX150129:7:1204:11538:10707/1	101	101	3	smNRPS-CB	5945	612	710	100	3.23e-43
C65YPACXX150129:7:1214:14248:89361/1	99	1	99	smNRPS-CB	5945	2921	3019	100	3.23e-43
C65YPACXX150129:7:2116:12811:6565/1	101	2	101	smNRPS-CB	5945	161	260	100	8.98e-44
C65YPACXX150129:8:2102:17210:17112/1	100	100	1	smNRPS-CB	5945	5815	5914	100	8.98e-44
C65YPACXX150129:6:2110:8290:94002/2	101	1	101	smNRPS-CB	5945	5285	5385	100	2.5e-44
C65YPACXX150129:7:1202:18647:82658/1	101	101	1	smNRPS-CB	5945	2193	2293	100	2.5e-44
C65YPACXX150129:7:1106:2244:74460/2	101	1	101	smNRPS-CB	5945	4037	4137	100	2.5e-44
C65YPACXX150129:6:1101:19279:23789/2	101	1	101	smNRPS-CB	5945	822	922	100	2.5e-44
C65YPACXX150129:8:2208:13184:87847/1	101	1	101	smNRPS-CB	5945	5236	5336	100	2.5e-44
C65YPACXX150129:8:2307:4224:37514/1	101	101	1	smNRPS-CB	5945	141	241	100	2.5e-44
C65YPACXX150129:6:1102:5324:55819/2	101	1	101	smNRPS-CB	5945	1879	1979	100	2.5e-44
C65YPACXX150129:6:1216:10484:37768/1	101	101	1	smNRPS-CB	5945	2958	3058	100	2.5e-44
C65YPACXX150129:7:2308:2147:2726/1	101	101	1	smNRPS-CB	5945	1389	1489	100	2.5e-44
C65YPACXX150129:6:1308:18893:77459/1	101	101	1	smNRPS-CB	5945	3164	3264	100	2.5e-44
C65YPACXX150129:6:1111:12804:11337/2	101	1	101	smNRPS-CB	5945	822	922	100	2.5e-44
C65YPACXX150129:7:1214:3661:54756/2	101	101	1	smNRPS-CB	5945	736	836	100	2.5e-44
C65YPACXX150129:8:2116:20836:91735/1	101	1	101	smNRPS-CB	5945	718	818	100	2.5e-44
C65YPACXX150129:8:2116:20836:91735/2	101	101	1	smNRPS-CB	5945	736	836	100	2.5e-44
C65YPACXX150129:6:1101:13959:9933/2	101	101	1	smNRPS-CB	5945	2112	2212	100	2.5e-44
C65YPACXX150129:8:1209:14851:26553/1	101	101	1	smNRPS-CB	5945	5796	5896	100	2.5e-44
C65YPACXX150129:8:2204:4726:63235/1	101	101	1	smNRPS-CB	5945	2114	2214	100	2.5e-44
C65YPACXX150129:6:1307:4574:6637/2	101	101	1	smNRPS-CB	5945	5265	5365	100	2.5e-44
C65YPACXX150129:6:1209:8938:32374/1	101	101	1	smNRPS-CB	5945	5817	5917	100	2.5e-44
C65YPACXX150129:6:1209:8938:32374/2	101	1	101	smNRPS-CB	5945	5812	5912	100	2.5e-44
C65YPACXX150129:8:2303:7005:26551/1	101	101	1	smNRPS-CB	5945	3166	3266	100	2.5e-44
C65YPACXX150129:7:2110:5696:54700/2	101	101	1	smNRPS-CB	5945	750	850	100	2.5e-44
C65YPACXX150129:8:2112:6339:39116/1	101	101	1	smNRPS-CB	5945	587	687	100	2.5e-44
C65YPACXX150129:7:2313:15650:17907/2	101	1	101	smNRPS-CB	5945	5271	5371	100	2.5e-44
C65YPACXX150129:7:2304:1186:15695/1	101	1	101	smNRPS-CB	5945	602	702	100	2.5e-44
C65YPACXX150129:7:2304:1186:15695/2	101	101	1	smNRPS-CB	5945	730	830	100	2.5e-44
C65YPACXX150129:6:2315:11225:65448/1	101	1	101	smNRPS-CB	5945	3204	3304	100	2.5e-44
C65YPACXX150129:6:2213:8631:35378/1	101	101	1	smNRPS-CB	5945	5256	5356	100	2.5e-44
C65YPACXX150129:6:2312:10020:41986/1	101	101	1	smNRPS-CB	5945	5263	5363	100	2.5e-44
C65YPACXX150129:6:2312:10020:41986/2	101	1	101	smNRPS-CB	5945	5260	5360	100	2.5e-44
C65YPACXX150129:6:1113:1587:86643/1	101	101	1	smNRPS-CB	5945	5796	5896	100	2.5e-44
C65YPACXX150129:6:2101:18132:51307/2	101	1	101	smNRPS-CB	5945	2260	2360	100	2.5e-44
C65YPACXX150129:8:1107:4227:89690/1	101	1	101	smNRPS-CB	5945	2135	2235	100	2.5e-44
C65YPACXX150129:8:1107:4227:89690/2	101	101	1	smNRPS-CB	5945	2150	2250	100	2.5e-44
C65YPACXX150129:6:1109:4594:62720/1	101	1	101	smNRPS-CB	5945	3204	3304	100	2.5e-44
C65YPACXX150129:8:1105:9905:6394/2	101	1	101	smNRPS-CB	5945	761	861	100	2.5e-44
C65YPACXX150129:6:2104:10323:54142/2	101	101	1	smNRPS-CB	5945	3766	3866	100	2.5e-44
C65YPACXX150129:6:2202:6460:51271/1	101	1	101	smNRPS-CB	5945	5023	5123	100	2.5e-44
C65YPACXX150129:8:2213:15541:96770/2	101	101	1	smNRPS-CB	5945	3766	3866	100	2.5e-44
C65YPACXX150129:8:1215:17245:21610/1	101	101	1	smNRPS-CB	5945	2155	2255	100	2.5e-44
C65YPACXX150129:8:1215:17245:21610/2	101	1	101	smNRPS-CB	5945	2098	2198	100	2.5e-44
C65YPACXX150129:6:2305:18334:86926/1	101	101	1	smNRPS-CB	5945	722	822	100	2.5e-44
C65YPACXX150129:8:2109:4965:44764/1	101	1	101	smNRPS-CB	5945	2122	2222	100	2.5e-44
C65YPACXX150129:8:2109:4965:44764/2	101	101	1	smNRPS-CB	5945	2282	2382	100	2.5e-44
C65YPACXX150129:8:2206:13219:30247/2	101	101	1	smNRPS-CB	5945	2284	2384	100	2.5e-44
C65YPACXX150129:6:2309:15125:21112/1	101	1	101	smNRPS-CB	5945	1389	1489	100	2.5e-44
C65YPACXX150129:8:1205:8767:5061/1	101	1	101	smNRPS-CB	5945	5290	5390	100	2.5e-44
C65YPACXX150129:6:2105:9835:99209/1	101	1	101	smNRPS-CB	5945	786	886	100	2.5e-44
C65YPACXX150129:6:2105:9835:99209/2	101	101	1	smNRPS-CB	5945	826	926	100	2.5e-44
C65YPACXX150129:8:2104:10440:66121/1	101	1	101	smNRPS-CB	5945	5802	5902	100	2.5e-44
C65YPACXX150129:8:1113:6124:95098/2	101	1	101	smNRPS-CB	5945	2958	3058	100	2.5e-44
C65YPACXX150129:6:1312:3283:3671/2	101	1	101	smNRPS-CB	5945	597	697	100	2.5e-44
C65YPACXX150129:8:2207:2190:90594/1	101	101	1	smNRPS-CB	5945	141	241	100	2.5e-44
C65YPACXX150129:6:2304:7918:20146/1	101	101	1	smNRPS-CB	5945	868	968	100	2.5e-44
C65YPACXX150129:7:2216:3162:53163/1	101	101	1	smNRPS-CB	5945	5265	5365	100	2.5e-44
C65YPACXX150129:7:1311:9405:73017/1	101	1	101	smNRPS-CB	5945	1879	1979	100	2.5e-44
C65YPACXX150129:6:2113:14006:18784/1	101	1	101	smNRPS-CB	5945	5278	5378	100	2.5e-44
C65YPACXX150129:7:2112:19944:12140/2	101	101	1	smNRPS-CB	5945	1387	1487	100	2.5e-44
C65YPACXX150129:7:2109:3906:97761/2	101	1	101	smNRPS-CB	5945	827	927	100	2.5e-44
C65YPACXX150129:7:2309:20731:69909/1	101	1	101	smNRPS-CB	5945	1584	1684	100	2.5e-44
C65YPACXX150129:6:2307:17634:79323/1	101	1	101	smNRPS-CB	5945	2280	2380	100	2.5e-44
C65YPACXX150129:6:1114:4063:40372/1	101	1	101	smNRPS-CB	5945	718	818	100	2.5e-44
C65YPACXX150129:6:1114:4063:40372/2	101	101	1	smNRPS-CB	5945	736	836	100	2.5e-44
C65YPACXX150129:8:2107:9538:80755/2	101	101	1	smNRPS-CB	5945	5755	5855	100	2.5e-44
C65YPACXX150129:8:1204:18373:84480/1	101	101	1	smNRPS-CB	5945	736	836	100	2.5e-44
C65YPACXX150129:8:2310:9733:6328/2	101	1	101	smNRPS-CB	5945	784	884	100	2.5e-44
C65YPACXX150129:8:1303:8354:69297/1	101	101	1	smNRPS-CB	5945	5019	5119	100	2.5e-44
C65YPACXX150129:8:1115:3117:58246/2	101	1	101	smNRPS-CB	5945	3198	3298	100	2.5e-44
C65YPACXX150129:8:2206:20103:14131/1	101	1	101	smNRPS-CB	5945	3181	3281	100	2.5e-44
C65YPACXX150129:7:2115:2022:56612/2	101	1	101	smNRPS-CB	5945	761	861	100	2.5e-44
C65YPACXX150129:7:1312:18746:84895/2	101	1	101	smNRPS-CB	5945	5757	5857	100	2.5e-44
C65YPACXX150129:7:2303:7771:94120/1	101	1	101	smNRPS-CB	5945	1374	1474	100	2.5e-44
C65YPACXX150129:7:1301:20289:96007/1	101	1	101	smNRPS-CB	5945	3163	3263	100	2.5e-44
C65YPACXX150129:7:1204:7547:84770/1	101	101	1	smNRPS-CB	5945	756	856	100	2.5e-44
C65YPACXX150129:8:2313:14538:93863/1	101	1	101	smNRPS-CB	5945	750	850	100	2.5e-44
C65YPACXX150129:8:2313:14538:93863/2	101	101	1	smNRPS-CB	5945	807	907	100	2.5e-44
C65YPACXX150129:6:1115:14465:30430/1	101	101	1	smNRPS-CB	5945	2193	2293	100	2.5e-44
C65YPACXX150129:7:2113:16713:62637/1	101	101	1	smNRPS-CB	5945	735	835	100	2.5e-44
C65YPACXX150129:7:2207:3631:31243/1	101	1	101	smNRPS-CB	5945	827	927	100	2.5e-44
C65YPACXX150129:8:2305:12029:30621/1	101	1	101	smNRPS-CB	5945	4030	4130	100	2.5e-44
C65YPACXX150129:6:2201:19431:9782/1	101	1	101	smNRPS-CB	5945	822	922	100	2.5e-44
C65YPACXX150129:7:2309:10733:78879/1	101	101	1	smNRPS-CB	5945	2223	2323	100	2.5e-44
C65YPACXX150129:7:2114:6826:17427/2	101	101	1	smNRPS-CB	5945	3164	3264	100	2.5e-44
