C8G6HANXX160303:8:2201:15225:37480/2	70	70	1	smNRPS-CC	5875	2073	2142	100	4.96e-27
C8G6HANXX160303:8:2201:15225:37480/1	82	1	82	smNRPS-CC	5875	1928	2009	100	1.06e-33
C8G6HANXX160303:7:2203:20480:95536/2	101	1	101	smNRPS-CC	5875	4413	4513	99.01	1.35e-42
C8G6HANXX160303:7:2203:20480:95536/1	101	101	1	smNRPS-CC	5875	4464	4564	100	2.9e-44
C8G6HANXX160303:6:1210:2185:13323/1	101	101	1	smNRPS-CC	5875	3751	3851	100	2.9e-44
C8G6HANXX160303:6:1210:2185:13323/2	101	1	101	smNRPS-CC	5875	3669	3769	100	2.9e-44
C8G6HANXX160303:6:2110:7206:34730/2	101	101	10	smNRPS-CB	5945	1736	1823	95.652	1.79e-31
C8G6HANXX160303:6:2206:1611:5083/2	97	1	97	smNRPS-CB	5945	5641	5737	96.907	4.94e-37
C8G6HANXX160303:6:1106:15164:48592/2	101	1	101	smNRPS-CB	5945	3448	3548	96.04	1.37e-37
C8G6HANXX160303:8:2114:6164:83277/1	96	96	1	smNRPS-CB	5945	3540	3635	97.917	3.82e-38
C8G6HANXX160303:8:2114:6164:83277/2	101	1	101	smNRPS-CB	5945	3054	3154	97.03	2.95e-39
C8G6HANXX160303:5:2202:11528:98532/2	101	1	101	smNRPS-CB	5945	4946	5046	97.03	2.95e-39
C8G6HANXX160303:6:1212:20132:32798/2	101	101	1	smNRPS-CB	5945	1060	1160	97.03	2.95e-39
C8G6HANXX160303:6:1106:15164:48592/1	99	99	1	smNRPS-CB	5945	3512	3610	97.98	8.21e-40
C8G6HANXX160303:5:2208:19584:79997/1	101	1	100	smNRPS-CB	5945	5846	5945	98	2.28e-40
C8G6HANXX160303:5:1107:3508:72152/1	100	100	1	smNRPS-CB	5945	2825	2924	98	2.28e-40
C8G6HANXX160303:6:1212:4549:68190/1	101	1	101	smNRPS-CB	5945	3281	3381	98.02	6.35e-41
C8G6HANXX160303:6:1212:4549:68190/2	101	101	1	smNRPS-CB	5945	3282	3382	98.02	6.35e-41
C8G6HANXX160303:3:1205:16740:25756/2	101	101	1	smNRPS-CB	5945	248	348	98.02	6.35e-41
C8G6HANXX160303:5:1108:11541:34969/1	99	99	1	smNRPS-CB	5945	2676	2774	98.99	1.77e-41
C8G6HANXX160303:6:2213:14731:15257/1	101	101	1	smNRPS-CB	5945	254	354	99.01	1.36e-42
C8G6HANXX160303:6:2213:14731:15257/2	101	1	101	smNRPS-CB	5945	248	348	99.01	1.36e-42
C8G6HANXX160303:6:2110:7206:34730/1	101	1	101	smNRPS-CB	5945	1539	1639	99.01	1.36e-42
C8G6HANXX160303:5:1107:3508:72152/2	101	1	101	smNRPS-CB	5945	2780	2880	99.01	1.36e-42
C8G6HANXX160303:8:1215:2319:6712/2	101	101	1	smNRPS-CB	5945	946	1046	99.01	1.36e-42
C8G6HANXX160303:5:1108:11541:34969/2	101	1	101	smNRPS-CB	5945	2632	2732	99.01	1.36e-42
C8G6HANXX160303:3:1115:8283:62170/1	101	1	101	smNRPS-CB	5945	119	219	99.01	1.36e-42
C8G6HANXX160303:5:2202:11528:98532/1	99	99	1	smNRPS-CB	5945	5021	5119	100	3.8e-43
C8G6HANXX160303:3:2314:18801:41953/1	99	1	99	smNRPS-CB	5945	3209	3307	100	3.8e-43
C8G6HANXX160303:6:2206:1611:5083/1	101	101	1	smNRPS-CB	5945	5769	5869	100	2.93e-44
C8G6HANXX160303:8:1215:2319:6712/1	101	1	101	smNRPS-CB	5945	740	840	100	2.93e-44
