C662FACXX150129:4:2313:8675:92798/2	67	66	1	smNRPS-CC	5875	3448	3513	95.455	8.33e-20
C662FACXX150129:2:2304:17272:95133/2	94	1	94	smNRPS-CC	5875	1213	1306	97.872	4.87e-37
C662FACXX150129:5:1108:16017:57514/1	101	1	101	smNRPS-CC	5875	5082	5182	98.02	6.26e-41
C662FACXX150129:3:1215:2165:52146/1	64	1	64	smNRPS-CB	5945	4088	4151	96.875	2.34e-20
C662FACXX150129:7:1211:11619:70712/2	69	66	1	smNRPS-CB	5945	3110	3175	96.97	1.81e-21
C662FACXX150129:5:2116:10733:60533/2	65	65	1	smNRPS-CB	5945	3194	3258	98.462	1.4e-22
C662FACXX150129:4:1215:18927:35287/2	68	1	68	smNRPS-CB	5945	2403	2470	98.529	3.01e-24
C662FACXX150129:2:2211:18647:75366/1	69	1	69	smNRPS-CB	5945	1953	2021	98.551	8.37e-25
C662FACXX150129:4:1305:9028:47168/2	67	67	1	smNRPS-CB	5945	4195	4261	100	2.33e-25
C662FACXX150129:6:1210:13857:29628/1	69	1	69	smNRPS-CB	5945	5058	5126	100	1.8e-26
C662FACXX150129:2:1105:16888:17119/1	70	70	1	smNRPS-CB	5945	2253	2322	100	5e-27
C662FACXX150129:7:2305:7947:12879/2	76	76	1	smNRPS-CB	5945	5591	5666	97.368	5e-27
C662FACXX150129:3:1215:2165:52146/2	74	74	1	smNRPS-CB	5945	4112	4185	98.649	1.39e-27
C662FACXX150129:5:1111:5932:79558/1	71	1	71	smNRPS-CB	5945	2888	2958	100	1.39e-27
C662FACXX150129:4:2113:20428:92753/2	72	72	1	smNRPS-CB	5945	2372	2443	100	3.87e-28
C662FACXX150129:2:1210:8637:46193/1	75	72	1	smNRPS-CB	5945	5517	5588	100	3.87e-28
C662FACXX150129:6:1110:6150:42368/1	72	72	1	smNRPS-CB	5945	500	571	100	3.87e-28
C662FACXX150129:5:2110:15626:12577/2	76	76	1	smNRPS-CB	5945	4481	4556	98.684	1.07e-28
C662FACXX150129:7:2305:6210:52288/2	77	77	1	smNRPS-CB	5945	4414	4490	98.701	2.99e-29
C662FACXX150129:7:1301:4087:13963/1	75	75	1	smNRPS-CB	5945	5217	5291	100	8.31e-30
C662FACXX150129:2:1310:4426:96265/1	75	1	75	smNRPS-CB	5945	5667	5741	100	8.31e-30
C662FACXX150129:7:1215:7694:53478/1	75	75	1	smNRPS-CB	5945	1102	1176	100	8.31e-30
C662FACXX150129:5:2311:19104:21937/1	82	1	82	smNRPS-CB	5945	218	299	97.561	2.31e-30
C662FACXX150129:3:2202:14536:50998/2	76	1	76	smNRPS-CB	5945	854	929	100	2.31e-30
C662FACXX150129:2:1203:4034:20905/1	79	1	79	smNRPS-CB	5945	499	577	98.734	2.31e-30
C662FACXX150129:3:2311:13010:8315/1	80	1	80	smNRPS-CB	5945	5447	5526	98.75	6.42e-31
C662FACXX150129:2:1105:16888:17119/2	78	1	78	smNRPS-CB	5945	2183	2260	100	1.79e-31
C662FACXX150129:4:2202:5908:27229/2	79	79	1	smNRPS-CB	5945	5738	5816	100	4.97e-32
C662FACXX150129:7:1112:5680:30685/1	82	1	82	smNRPS-CB	5945	4007	4088	98.78	4.97e-32
C662FACXX150129:4:2215:18003:18467/2	79	1	79	smNRPS-CB	5945	5166	5244	100	4.97e-32
C662FACXX150129:7:2206:8676:8006/1	79	79	1	smNRPS-CB	5945	2084	2162	100	4.97e-32
C662FACXX150129:2:2316:12660:99438/2	83	1	83	smNRPS-CB	5945	4283	4365	98.795	1.38e-32
C662FACXX150129:2:2204:7386:10062/2	86	84	1	smNRPS-CB	5945	269	352	98.81	3.84e-33
C662FACXX150129:5:2204:3303:90897/2	93	1	88	smNRPS-CB	5945	1961	2047	97.727	3.84e-33
C662FACXX150129:3:2112:18968:72679/2	82	82	1	smNRPS-CB	5945	2196	2277	100	1.07e-33
C662FACXX150129:6:1104:14436:7518/2	83	83	1	smNRPS-CB	5945	144	226	100	2.97e-34
C662FACXX150129:7:2105:14585:17109/2	101	19	101	smNRPS-CB	5945	1	83	100	2.97e-34
C662FACXX150129:2:2202:17950:60767/2	84	84	1	smNRPS-CB	5945	5813	5896	100	8.25e-35
C662FACXX150129:7:1311:2100:41106/1	90	1	90	smNRPS-CB	5945	1075	1164	97.778	8.25e-35
C662FACXX150129:2:1214:7618:56706/2	95	1	95	smNRPS-CB	5945	1790	1882	96.842	2.29e-35
C662FACXX150129:5:2204:6478:55180/2	94	94	1	smNRPS-CB	5945	1122	1215	96.809	2.29e-35
C662FACXX150129:4:1213:3563:74878/2	85	85	1	smNRPS-CB	5945	4887	4971	100	2.29e-35
C662FACXX150129:2:2301:19544:54975/1	90	90	1	smNRPS-CB	5945	3315	3404	98.889	1.77e-36
C662FACXX150129:4:2106:11491:98265/1	90	1	90	smNRPS-CB	5945	4965	5054	98.889	1.77e-36
C662FACXX150129:2:1210:8637:46193/2	90	1	90	smNRPS-CB	5945	5123	5212	98.889	1.77e-36
C662FACXX150129:3:2202:14536:50998/1	94	94	1	smNRPS-CB	5945	1023	1116	97.872	4.93e-37
C662FACXX150129:4:2104:20237:93932/2	97	1	97	smNRPS-CB	5945	3091	3187	96.907	4.93e-37
C662FACXX150129:6:2215:19214:89942/1	88	1	88	smNRPS-CB	5945	1923	2010	100	4.93e-37
C662FACXX150129:6:2313:6861:39592/1	91	91	1	smNRPS-CB	5945	52	142	98.901	4.93e-37
C662FACXX150129:7:2107:2927:8875/1	101	101	1	smNRPS-CB	5945	3098	3198	96.04	1.37e-37
C662FACXX150129:7:2111:13223:61175/1	93	93	1	smNRPS-CB	5945	2807	2899	98.925	3.81e-38
C662FACXX150129:4:1108:19941:14576/2	101	1	101	smNRPS-CB	5945	1744	1842	97.03	1.06e-38
C662FACXX150129:6:1304:18884:53926/2	101	1	101	smNRPS-CB	5945	1790	1888	97.03	1.06e-38
C662FACXX150129:4:2101:15682:78504/2	101	101	1	smNRPS-CB	5945	1789	1887	97.03	1.06e-38
C662FACXX150129:6:1101:19494:31504/2	101	101	1	smNRPS-CB	5945	1789	1887	97.03	1.06e-38
C662FACXX150129:5:1110:2802:54779/2	101	91	1	smNRPS-CB	5945	3181	3271	100	1.06e-38
C662FACXX150129:5:1204:15013:63091/2	95	94	1	smNRPS-CB	5945	5270	5363	98.936	1.06e-38
C662FACXX150129:2:1113:16698:83387/2	101	91	1	smNRPS-CB	5945	3181	3271	100	1.06e-38
C662FACXX150129:2:1112:15236:70017/1	91	1	91	smNRPS-CB	5945	1891	1981	100	1.06e-38
C662FACXX150129:4:2211:3687:24052/2	101	1	101	smNRPS-CB	5945	3085	3185	97.03	2.95e-39
C662FACXX150129:5:1110:2802:54779/1	101	1	92	smNRPS-CB	5945	3181	3272	100	2.95e-39
C662FACXX150129:4:1215:17902:16859/2	92	92	1	smNRPS-CB	5945	2366	2457	100	2.95e-39
C662FACXX150129:2:1113:16698:83387/1	101	1	92	smNRPS-CB	5945	3181	3272	100	2.95e-39
C662FACXX150129:3:2114:12462:79125/1	92	1	92	smNRPS-CB	5945	4381	4472	100	2.95e-39
C662FACXX150129:5:1114:17519:35158/1	98	98	1	smNRPS-CB	5945	5266	5363	97.959	2.95e-39
C662FACXX150129:4:1114:18867:10635/1	95	1	95	smNRPS-CB	5945	4007	4101	98.947	2.95e-39
C662FACXX150129:6:1306:3284:22728/2	95	3	95	smNRPS-CB	5945	3895	3987	100	8.19e-40
C662FACXX150129:3:2114:12462:79125/2	96	96	1	smNRPS-CB	5945	4395	4490	98.958	8.19e-40
C662FACXX150129:2:2113:6763:24568/1	99	99	1	smNRPS-CB	5945	5458	5556	97.98	8.19e-40
C662FACXX150129:4:2301:8566:57880/1	93	1	93	smNRPS-CB	5945	134	226	100	8.19e-40
C662FACXX150129:3:1202:18853:91726/2	94	1	94	smNRPS-CB	5945	2697	2790	100	2.28e-40
C662FACXX150129:4:2106:11491:98265/2	94	94	1	smNRPS-CB	5945	5038	5131	100	2.28e-40
C662FACXX150129:2:2312:14795:65031/2	100	1	100	smNRPS-CB	5945	260	359	98	2.28e-40
C662FACXX150129:7:1211:11619:70712/1	97	1	97	smNRPS-CB	5945	2763	2859	98.969	2.28e-40
C662FACXX150129:7:1301:4087:13963/2	97	1	97	smNRPS-CB	5945	5010	5106	98.969	2.28e-40
C662FACXX150129:7:1306:3632:17479/1	101	101	1	smNRPS-CB	5945	3123	3223	98.02	6.33e-41
C662FACXX150129:5:2113:16910:46235/1	99	98	1	smNRPS-CB	5945	1968	2065	98.98	6.33e-41
C662FACXX150129:4:2111:11809:43926/1	96	1	95	smNRPS-CB	5945	994	1088	100	6.33e-41
C662FACXX150129:4:2312:15974:28267/2	101	101	1	smNRPS-CB	5945	3851	3951	98.02	6.33e-41
C662FACXX150129:5:1114:17268:44323/1	101	1	101	smNRPS-CB	5945	218	318	98.02	6.33e-41
C662FACXX150129:5:1107:3533:100939/2	101	101	1	smNRPS-CB	5945	5617	5717	98.02	6.33e-41
C662FACXX150129:2:1307:20367:44243/1	95	1	95	smNRPS-CB	5945	4765	4859	100	6.33e-41
C662FACXX150129:3:2116:1230:35648/1	98	1	98	smNRPS-CB	5945	3831	3928	98.98	6.33e-41
C662FACXX150129:2:1210:15584:47287/1	98	1	98	smNRPS-CB	5945	5285	5382	98.98	6.33e-41
C662FACXX150129:4:2211:3687:24052/1	101	101	1	smNRPS-CB	5945	3122	3222	98.02	6.33e-41
C662FACXX150129:6:2210:4629:94226/1	100	98	1	smNRPS-CB	5945	1968	2065	98.98	6.33e-41
C662FACXX150129:2:2203:10589:28446/2	101	1	101	smNRPS-CB	5945	218	318	98.02	6.33e-41
C662FACXX150129:3:2112:18968:72679/1	95	1	95	smNRPS-CB	5945	1891	1985	100	6.33e-41
C662FACXX150129:2:1215:18433:19562/1	101	101	1	smNRPS-CB	5945	248	348	98.02	6.33e-41
C662FACXX150129:2:1215:18433:19562/2	101	1	101	smNRPS-CB	5945	238	338	98.02	6.33e-41
C662FACXX150129:5:1308:9879:15662/1	101	1	101	smNRPS-CB	5945	3889	3989	98.02	6.33e-41
C662FACXX150129:5:2302:18957:4876/1	101	1	101	smNRPS-CB	5945	1074	1174	98.02	6.33e-41
C662FACXX150129:2:2316:12660:99438/1	99	99	1	smNRPS-CB	5945	4393	4491	98.99	1.76e-41
C662FACXX150129:2:2301:19544:54975/2	99	1	99	smNRPS-CB	5945	3258	3356	98.99	1.76e-41
C662FACXX150129:4:2103:15899:74583/2	96	96	1	smNRPS-CB	5945	684	779	100	1.76e-41
C662FACXX150129:4:2113:20428:92753/1	96	1	96	smNRPS-CB	5945	2241	2336	100	1.76e-41
C662FACXX150129:4:1215:18927:35287/1	96	96	1	smNRPS-CB	5945	2470	2565	100	1.76e-41
C662FACXX150129:3:2311:13010:8315/2	99	99	1	smNRPS-CB	5945	5490	5588	98.99	1.76e-41
C662FACXX150129:3:2108:4097:67060/1	101	1	96	smNRPS-CB	5945	4240	4335	100	1.76e-41
C662FACXX150129:4:2202:5908:27229/1	100	1	100	smNRPS-CB	5945	5350	5449	99	4.9e-42
C662FACXX150129:6:2109:4089:93437/2	97	97	1	smNRPS-CB	5945	5220	5316	100	4.9e-42
C662FACXX150129:3:2116:1230:35648/2	100	100	1	smNRPS-CB	5945	3851	3950	99	4.9e-42
C662FACXX150129:7:2310:19206:4017/2	100	1	100	smNRPS-CB	5945	5123	5222	99	4.9e-42
C662FACXX150129:7:2201:11813:41518/1	97	97	1	smNRPS-CB	5945	1516	1612	100	4.9e-42
C662FACXX150129:4:1112:5024:26189/2	101	1	101	smNRPS-CB	5945	1425	1525	99.01	1.36e-42
C662FACXX150129:4:1110:13174:79883/1	101	1	101	smNRPS-CB	5945	1369	1469	99.01	1.36e-42
C662FACXX150129:7:2109:19984:48907/1	101	101	1	smNRPS-CB	5945	3616	3716	99.01	1.36e-42
C662FACXX150129:7:2109:19984:48907/2	101	1	101	smNRPS-CB	5945	3601	3701	99.01	1.36e-42
C662FACXX150129:7:2305:6210:52288/1	98	1	98	smNRPS-CB	5945	3660	3757	100	1.36e-42
C662FACXX150129:2:1209:16798:51781/1	98	1	98	smNRPS-CB	5945	4659	4756	100	1.36e-42
C662FACXX150129:4:1102:15782:64465/2	101	1	101	smNRPS-CB	5945	3355	3455	99.01	1.36e-42
C662FACXX150129:4:2103:15899:74583/1	101	1	101	smNRPS-CB	5945	359	459	99.01	1.36e-42
C662FACXX150129:7:1113:19050:26675/1	101	101	1	smNRPS-CB	5945	1448	1548	99.01	1.36e-42
C662FACXX150129:7:1113:19050:26675/2	101	1	101	smNRPS-CB	5945	1303	1403	99.01	1.36e-42
C662FACXX150129:3:2106:15423:52346/2	101	1	101	smNRPS-CB	5945	3183	3283	99.01	1.36e-42
C662FACXX150129:6:1312:5142:62162/2	101	101	1	smNRPS-CB	5945	53	153	99.01	1.36e-42
C662FACXX150129:3:1202:18853:91726/1	101	101	1	smNRPS-CB	5945	2725	2825	99.01	1.36e-42
C662FACXX150129:7:1112:5680:30685/2	101	101	1	smNRPS-CB	5945	4294	4394	99.01	1.36e-42
C662FACXX150129:2:1307:7708:27687/2	101	1	101	smNRPS-CB	5945	1505	1605	99.01	1.36e-42
C662FACXX150129:7:1110:2952:37716/2	98	98	1	smNRPS-CB	5945	5712	5809	100	1.36e-42
C662FACXX150129:6:1306:3284:22728/1	101	101	1	smNRPS-CB	5945	3932	4032	99.01	1.36e-42
C662FACXX150129:4:1305:9028:47168/1	101	1	101	smNRPS-CB	5945	3999	4099	99.01	1.36e-42
C662FACXX150129:4:1202:8601:75476/1	101	101	1	smNRPS-CB	5945	4306	4406	99.01	1.36e-42
C662FACXX150129:2:1104:12475:59672/1	101	1	101	smNRPS-CB	5945	359	459	99.01	1.36e-42
C662FACXX150129:4:2313:17886:2758/1	101	1	101	smNRPS-CB	5945	4878	4978	99.01	1.36e-42
C662FACXX150129:5:2311:19104:21937/2	101	101	1	smNRPS-CB	5945	283	383	99.01	1.36e-42
C662FACXX150129:7:2216:19630:96883/1	101	101	1	smNRPS-CB	5945	1536	1636	99.01	1.36e-42
C662FACXX150129:7:2216:19630:96883/2	101	1	101	smNRPS-CB	5945	1482	1582	99.01	1.36e-42
C662FACXX150129:5:2113:16910:46235/2	101	1	101	smNRPS-CB	5945	1938	2038	99.01	1.36e-42
C662FACXX150129:4:2312:15974:28267/1	101	1	101	smNRPS-CB	5945	3831	3931	99.01	1.36e-42
C662FACXX150129:5:2315:20439:10094/1	101	1	101	smNRPS-CB	5945	4398	4498	99.01	1.36e-42
C662FACXX150129:5:2315:20439:10094/2	101	101	1	smNRPS-CB	5945	4413	4513	99.01	1.36e-42
C662FACXX150129:3:2109:20668:49934/2	101	101	1	smNRPS-CB	5945	5256	5356	99.01	1.36e-42
C662FACXX150129:5:1114:17268:44323/2	101	101	1	smNRPS-CB	5945	283	383	99.01	1.36e-42
C662FACXX150129:7:2305:7947:12879/1	101	1	101	smNRPS-CB	5945	5260	5360	99.01	1.36e-42
C662FACXX150129:4:2101:15682:78504/1	101	1	101	smNRPS-CB	5945	1699	1799	99.01	1.36e-42
C662FACXX150129:7:1114:9631:19422/1	101	101	1	smNRPS-CB	5945	1487	1587	99.01	1.36e-42
C662FACXX150129:7:1114:9631:19422/2	101	1	101	smNRPS-CB	5945	1400	1500	99.01	1.36e-42
C662FACXX150129:5:2204:6478:55180/1	101	1	101	smNRPS-CB	5945	1007	1107	99.01	1.36e-42
C662FACXX150129:4:1213:3563:74878/1	101	1	101	smNRPS-CB	5945	4844	4944	99.01	1.36e-42
C662FACXX150129:6:1105:3643:82113/2	101	1	101	smNRPS-CB	5945	4986	5086	99.01	1.36e-42
C662FACXX150129:3:1112:19259:62386/2	98	98	1	smNRPS-CB	5945	1982	2079	100	1.36e-42
C662FACXX150129:5:1107:3533:100939/1	101	1	101	smNRPS-CB	5945	5479	5579	99.01	1.36e-42
C662FACXX150129:6:2210:4629:94226/2	101	1	101	smNRPS-CB	5945	1938	2038	99.01	1.36e-42
C662FACXX150129:3:2205:2925:26957/2	101	1	101	smNRPS-CB	5945	4007	4107	99.01	1.36e-42
C662FACXX150129:7:2201:11813:41518/2	101	1	101	smNRPS-CB	5945	1457	1557	99.01	1.36e-42
C662FACXX150129:5:2110:10812:39937/1	101	1	101	smNRPS-CB	5945	5273	5373	99.01	1.36e-42
C662FACXX150129:4:1301:8046:15359/1	98	98	1	smNRPS-CB	5945	2075	2172	100	1.36e-42
C662FACXX150129:2:2203:10589:28446/1	101	101	1	smNRPS-CB	5945	374	474	99.01	1.36e-42
C662FACXX150129:5:1303:7739:15089/1	101	1	101	smNRPS-CB	5945	4965	5065	99.01	1.36e-42
C662FACXX150129:2:2113:6763:24568/2	101	1	101	smNRPS-CB	5945	5260	5360	99.01	1.36e-42
C662FACXX150129:6:1214:20528:61096/1	101	101	1	smNRPS-CB	5945	4799	4899	99.01	1.36e-42
C662FACXX150129:2:2311:19959:94350/1	101	101	1	smNRPS-CB	5945	3671	3771	99.01	1.36e-42
C662FACXX150129:2:1307:7708:27687/1	99	99	1	smNRPS-CB	5945	1609	1707	100	3.78e-43
C662FACXX150129:7:2108:6623:45926/1	99	99	1	smNRPS-CB	5945	974	1072	100	3.78e-43
C662FACXX150129:5:2204:14629:44662/1	99	1	99	smNRPS-CB	5945	3493	3591	100	3.78e-43
C662FACXX150129:5:2304:5421:3878/2	99	1	99	smNRPS-CB	5945	4653	4751	100	3.78e-43
C662FACXX150129:4:1110:13174:79883/2	100	100	1	smNRPS-CB	5945	1503	1602	100	1.05e-43
C662FACXX150129:7:2102:11212:24979/1	100	1	100	smNRPS-CB	5945	5084	5183	100	1.05e-43
C662FACXX150129:6:1310:4666:31156/1	101	2	101	smNRPS-CB	5945	3150	3249	100	1.05e-43
C662FACXX150129:6:1310:4666:31156/2	100	100	1	smNRPS-CB	5945	3267	3366	100	1.05e-43
C662FACXX150129:4:1202:8601:75476/2	100	1	100	smNRPS-CB	5945	4217	4316	100	1.05e-43
C662FACXX150129:5:1216:2477:52293/1	100	1	100	smNRPS-CB	5945	409	508	100	1.05e-43
C662FACXX150129:7:1110:15089:65312/2	100	100	1	smNRPS-CB	5945	982	1081	100	1.05e-43
C662FACXX150129:2:1307:20367:44243/2	101	101	2	smNRPS-CB	5945	4786	4885	100	1.05e-43
C662FACXX150129:4:2108:15007:17592/1	100	1	100	smNRPS-CB	5945	402	501	100	1.05e-43
C662FACXX150129:3:2306:3618:67045/1	100	1	100	smNRPS-CB	5945	617	716	100	1.05e-43
C662FACXX150129:5:1313:12139:25060/2	100	1	100	smNRPS-CB	5945	2285	2384	100	1.05e-43
C662FACXX150129:4:1301:8046:15359/2	100	1	100	smNRPS-CB	5945	1880	1979	100	1.05e-43
C662FACXX150129:4:2102:9227:52057/2	100	1	100	smNRPS-CB	5945	4539	4638	100	1.05e-43
C662FACXX150129:4:1112:5024:26189/1	101	101	1	smNRPS-CB	5945	1665	1765	100	2.93e-44
C662FACXX150129:6:2115:14416:48093/1	101	101	1	smNRPS-CB	5945	3363	3463	100	2.93e-44
C662FACXX150129:6:2115:14416:48093/2	101	1	101	smNRPS-CB	5945	2929	3029	100	2.93e-44
C662FACXX150129:2:1209:16798:51781/2	101	101	1	smNRPS-CB	5945	4688	4788	100	2.93e-44
C662FACXX150129:4:1102:15782:64465/1	101	101	1	smNRPS-CB	5945	3396	3496	100	2.93e-44
C662FACXX150129:7:2102:11212:24979/2	101	101	1	smNRPS-CB	5945	5208	5308	100	2.93e-44
C662FACXX150129:3:2106:15423:52346/1	101	101	1	smNRPS-CB	5945	3332	3432	100	2.93e-44
C662FACXX150129:4:1305:2907:94518/1	101	101	1	smNRPS-CB	5945	2045	2145	100	2.93e-44
C662FACXX150129:4:1305:2907:94518/2	101	1	101	smNRPS-CB	5945	2017	2117	100	2.93e-44
C662FACXX150129:3:1301:9859:70154/1	101	101	1	smNRPS-CB	5945	2956	3056	100	2.93e-44
C662FACXX150129:3:1301:9859:70154/2	101	1	101	smNRPS-CB	5945	2857	2957	100	2.93e-44
C662FACXX150129:2:2202:17950:60767/1	101	1	101	smNRPS-CB	5945	5355	5455	100	2.93e-44
C662FACXX150129:2:2105:4310:57469/2	101	1	101	smNRPS-CB	5945	5668	5768	100	2.93e-44
C662FACXX150129:6:2315:7396:24262/1	101	101	1	smNRPS-CB	5945	4562	4662	100	2.93e-44
C662FACXX150129:6:2315:7396:24262/2	101	1	101	smNRPS-CB	5945	4539	4639	100	2.93e-44
C662FACXX150129:4:2215:18003:18467/1	101	101	1	smNRPS-CB	5945	5817	5917	100	2.93e-44
C662FACXX150129:6:2213:11666:77679/1	101	101	1	smNRPS-CB	5945	1957	2057	100	2.93e-44
C662FACXX150129:6:2213:11666:77679/2	101	1	101	smNRPS-CB	5945	1938	2038	100	2.93e-44
C662FACXX150129:7:1110:2952:37716/1	101	1	101	smNRPS-CB	5945	5183	5283	100	2.93e-44
C662FACXX150129:5:2106:18137:67406/1	101	101	1	smNRPS-CB	5945	1653	1753	100	2.93e-44
C662FACXX150129:5:2106:18137:67406/2	101	1	101	smNRPS-CB	5945	1584	1684	100	2.93e-44
C662FACXX150129:6:2109:4089:93437/1	101	1	101	smNRPS-CB	5945	5183	5283	100	2.93e-44
C662FACXX150129:3:2206:1718:93993/1	101	101	1	smNRPS-CB	5945	1961	2061	100	2.93e-44
C662FACXX150129:3:2206:1718:93993/2	101	1	101	smNRPS-CB	5945	1957	2057	100	2.93e-44
C662FACXX150129:2:1314:14208:27688/1	101	101	1	smNRPS-CB	5945	5181	5281	100	2.93e-44
C662FACXX150129:2:1314:14208:27688/2	101	1	101	smNRPS-CB	5945	5143	5243	100	2.93e-44
C662FACXX150129:7:2107:2927:8875/2	101	1	101	smNRPS-CB	5945	2929	3029	100	2.93e-44
C662FACXX150129:2:1104:12475:59672/2	101	101	1	smNRPS-CB	5945	679	779	100	2.93e-44
C662FACXX150129:4:2313:17886:2758/2	101	101	1	smNRPS-CB	5945	5151	5251	100	2.93e-44
C662FACXX150129:7:1306:3632:17479/2	101	1	101	smNRPS-CB	5945	2961	3061	100	2.93e-44
C662FACXX150129:3:2305:9401:64556/1	101	1	101	smNRPS-CB	5945	3917	4017	100	2.93e-44
C662FACXX150129:3:2305:9401:64556/2	101	101	1	smNRPS-CB	5945	4112	4212	100	2.93e-44
C662FACXX150129:4:1308:2983:81362/1	101	1	101	smNRPS-CB	5945	5123	5223	100	2.93e-44
C662FACXX150129:4:1308:2983:81362/2	101	101	1	smNRPS-CB	5945	5161	5261	100	2.93e-44
C662FACXX150129:4:2111:11809:43926/2	101	101	1	smNRPS-CB	5945	1292	1392	100	2.93e-44
C662FACXX150129:5:2110:15626:12577/1	101	1	101	smNRPS-CB	5945	4270	4370	100	2.93e-44
C662FACXX150129:2:1214:7618:56706/1	101	101	1	smNRPS-CB	5945	1971	2071	100	2.93e-44
C662FACXX150129:4:1108:19941:14576/1	101	101	1	smNRPS-CB	5945	1854	1954	100	2.93e-44
C662FACXX150129:5:1105:2115:72736/1	101	101	1	smNRPS-CB	5945	1957	2057	100	2.93e-44
C662FACXX150129:5:1105:2115:72736/2	101	1	101	smNRPS-CB	5945	1938	2038	100	2.93e-44
C662FACXX150129:3:2109:20668:49934/1	101	1	101	smNRPS-CB	5945	5176	5276	100	2.93e-44
C662FACXX150129:5:1216:2477:52293/2	101	101	1	smNRPS-CB	5945	478	578	100	2.93e-44
C662FACXX150129:7:1110:15089:65312/1	101	1	101	smNRPS-CB	5945	617	717	100	2.93e-44
C662FACXX150129:2:2312:14795:65031/1	101	101	1	smNRPS-CB	5945	520	620	100	2.93e-44
C662FACXX150129:2:2211:18647:75366/2	101	101	1	smNRPS-CB	5945	1970	2070	100	2.93e-44
C662FACXX150129:6:1304:18884:53926/1	101	101	1	smNRPS-CB	5945	1971	2071	100	2.93e-44
C662FACXX150129:6:2315:2131:54055/1	101	1	101	smNRPS-CB	5945	968	1068	100	2.93e-44
C662FACXX150129:6:2315:2131:54055/2	101	101	1	smNRPS-CB	5945	983	1083	100	2.93e-44
C662FACXX150129:4:2104:20237:93932/1	101	101	1	smNRPS-CB	5945	3302	3402	100	2.93e-44
C662FACXX150129:7:1311:2100:41106/2	101	101	1	smNRPS-CB	5945	1284	1384	100	2.93e-44
C662FACXX150129:7:2105:14585:17109/1	101	101	1	smNRPS-CB	5945	126	226	100	2.93e-44
C662FACXX150129:6:1105:3643:82113/1	101	101	1	smNRPS-CB	5945	5106	5206	100	2.93e-44
C662FACXX150129:3:1112:19259:62386/1	101	1	101	smNRPS-CB	5945	1923	2023	100	2.93e-44
C662FACXX150129:4:2313:19747:50736/1	101	101	1	smNRPS-CB	5945	730	830	100	2.93e-44
C662FACXX150129:4:2313:19747:50736/2	101	1	101	smNRPS-CB	5945	407	507	100	2.93e-44
C662FACXX150129:6:1101:19494:31504/1	101	1	101	smNRPS-CB	5945	1578	1678	100	2.93e-44
C662FACXX150129:4:2108:15007:17592/2	101	101	1	smNRPS-CB	5945	669	769	100	2.93e-44
C662FACXX150129:7:2310:19206:4017/1	101	101	1	smNRPS-CB	5945	5124	5224	100	2.93e-44
C662FACXX150129:2:1210:15584:47287/2	101	101	1	smNRPS-CB	5945	5521	5621	100	2.93e-44
C662FACXX150129:7:2206:9919:6204/1	101	1	101	smNRPS-CB	5945	3201	3301	100	2.93e-44
C662FACXX150129:7:2206:9919:6204/2	101	101	1	smNRPS-CB	5945	3305	3405	100	2.93e-44
C662FACXX150129:3:2306:3618:67045/2	101	101	1	smNRPS-CB	5945	981	1081	100	2.93e-44
C662FACXX150129:5:1313:12139:25060/1	101	101	1	smNRPS-CB	5945	2397	2497	100	2.93e-44
C662FACXX150129:7:1115:17109:99930/1	101	1	101	smNRPS-CB	5945	2884	2984	100	2.93e-44
C662FACXX150129:7:1115:17109:99930/2	101	101	1	smNRPS-CB	5945	2980	3080	100	2.93e-44
C662FACXX150129:3:2205:2925:26957/1	101	101	1	smNRPS-CB	5945	4096	4196	100	2.93e-44
C662FACXX150129:5:1204:15013:63091/1	101	1	101	smNRPS-CB	5945	5104	5204	100	2.93e-44
C662FACXX150129:5:2110:10812:39937/2	101	101	1	smNRPS-CB	5945	5356	5456	100	2.93e-44
C662FACXX150129:4:2102:9227:52057/1	101	101	1	smNRPS-CB	5945	4562	4662	100	2.93e-44
C662FACXX150129:3:1315:9976:67045/1	101	1	101	smNRPS-CB	5945	2439	2539	100	2.93e-44
C662FACXX150129:3:1315:9976:67045/2	101	101	1	smNRPS-CB	5945	2667	2767	100	2.93e-44
C662FACXX150129:4:1215:17902:16859/1	101	1	101	smNRPS-CB	5945	2268	2368	100	2.93e-44
C662FACXX150129:3:1310:4279:23651/1	101	101	1	smNRPS-CB	5945	2216	2316	100	2.93e-44
C662FACXX150129:3:1310:4279:23651/2	101	1	101	smNRPS-CB	5945	2056	2156	100	2.93e-44
C662FACXX150129:6:2215:19214:89942/2	101	101	1	smNRPS-CB	5945	1979	2079	100	2.93e-44
C662FACXX150129:5:1111:5932:79558/2	101	101	1	smNRPS-CB	5945	3335	3435	100	2.93e-44
C662FACXX150129:2:2109:19720:9492/1	101	101	1	smNRPS-CB	5945	760	860	100	2.93e-44
C662FACXX150129:2:2109:19720:9492/2	101	1	101	smNRPS-CB	5945	634	734	100	2.93e-44
C662FACXX150129:6:1211:18158:64833/1	101	101	1	smNRPS-CB	5945	937	1037	100	2.93e-44
C662FACXX150129:6:1211:18158:64833/2	101	1	101	smNRPS-CB	5945	918	1018	100	2.93e-44
C662FACXX150129:5:1303:7739:15089/2	101	101	1	smNRPS-CB	5945	5031	5131	100	2.93e-44
C662FACXX150129:7:2108:6623:45926/2	101	1	101	smNRPS-CB	5945	786	886	100	2.93e-44
C662FACXX150129:4:2308:18547:11382/1	101	101	1	smNRPS-CB	5945	694	794	100	2.93e-44
C662FACXX150129:4:2308:18547:11382/2	101	1	101	smNRPS-CB	5945	642	742	100	2.93e-44
C662FACXX150129:5:1206:11656:22827/1	101	1	101	smNRPS-CB	5945	3182	3282	100	2.93e-44
C662FACXX150129:5:1206:11656:22827/2	101	101	1	smNRPS-CB	5945	3356	3456	100	2.93e-44
C662FACXX150129:2:1316:7311:61971/1	101	101	1	smNRPS-CB	5945	748	848	100	2.93e-44
C662FACXX150129:7:1304:7219:35476/1	101	101	1	smNRPS-CB	5945	3342	3442	100	2.93e-44
C662FACXX150129:5:1308:16092:4464/1	101	101	1	smNRPS-CB	5945	708	808	100	2.93e-44
C662FACXX150129:7:1116:11256:90846/2	101	101	1	smNRPS-CB	5945	3458	3558	100	2.93e-44
