C662FACXX150129:2:2204:5809:85062/1	55	1	55	smNRPS-CC	5875	2194	2248	98.182	6.06e-17
C662FACXX150129:6:1315:15494:48993/1	101	1	62	smNRPS-CC	5875	5814	5875	100	1.67e-22
C662FACXX150129:5:1110:6456:47475/1	71	71	1	smNRPS-CC	5875	2965	3035	95.775	1.67e-22
C662FACXX150129:7:2312:17569:6967/1	101	63	1	smNRPS-CC	5875	5780	5842	100	4.65e-23
C662FACXX150129:7:2312:17569:6967/2	97	1	63	smNRPS-CC	5875	5780	5842	100	4.65e-23
C662FACXX150129:2:2301:17083:71482/1	70	1	70	smNRPS-CC	5875	4179	4248	98.571	2.78e-25
C662FACXX150129:2:1209:1328:41925/2	76	1	76	smNRPS-CC	5875	4663	4738	96.053	2.78e-25
C662FACXX150129:3:2306:11044:63914/2	70	70	1	smNRPS-CC	5875	1222	1291	100	5.97e-27
C662FACXX150129:7:2307:6800:62902/2	70	1	70	smNRPS-CC	5875	650	719	100	5.97e-27
C662FACXX150129:4:1314:16982:62769/1	83	1	83	smNRPS-CC	5875	3686	3768	95.181	1.66e-27
C662FACXX150129:4:2207:17315:67625/2	73	1	73	smNRPS-CC	5875	1127	1199	100	1.28e-28
C662FACXX150129:2:2109:15959:70760/1	79	79	1	smNRPS-CC	5875	469	547	97.468	1.28e-28
C662FACXX150129:7:1103:14747:58181/1	78	1	78	smNRPS-CC	5875	3474	3551	98.718	9.92e-30
C662FACXX150129:2:1301:13659:87318/2	84	84	1	smNRPS-CC	5875	2964	3047	96.429	9.92e-30
C662FACXX150129:2:1311:10219:66915/2	82	82	1	smNRPS-CC	5875	3576	3657	97.561	2.76e-30
C662FACXX150129:4:2214:6349:38373/2	83	83	1	smNRPS-CC	5875	419	501	97.59	7.67e-31
C662FACXX150129:5:2108:7949:92445/1	95	1	91	smNRPS-CC	5875	4650	4740	95.604	5.93e-32
C662FACXX150129:4:2102:8552:81236/2	79	1	79	smNRPS-CC	5875	1101	1179	100	5.93e-32
C662FACXX150129:6:2116:3953:44219/2	85	85	1	smNRPS-CC	5875	5709	5793	97.647	5.93e-32
C662FACXX150129:5:1207:4653:69648/2	79	1	79	smNRPS-CC	5875	1101	1179	100	5.93e-32
C662FACXX150129:5:2315:4916:10879/1	79	1	79	smNRPS-CC	5875	1228	1306	100	5.93e-32
C662FACXX150129:6:1106:9020:22737/2	83	83	1	smNRPS-CC	5875	1189	1271	98.795	1.65e-32
C662FACXX150129:3:2212:8254:54101/2	89	1	89	smNRPS-CC	5875	4298	4386	96.629	1.65e-32
C662FACXX150129:6:2109:1281:42709/2	89	89	1	smNRPS-CC	5875	4419	4507	96.629	1.65e-32
C662FACXX150129:7:1313:7622:63253/1	101	1	93	smNRPS-CC	5875	1777	1869	95.699	4.58e-33
C662FACXX150129:3:2301:12123:64204/2	85	85	1	smNRPS-CC	5875	4619	4703	98.824	1.27e-33
C662FACXX150129:7:1313:7622:63253/2	101	94	1	smNRPS-CC	5875	1776	1869	95.745	1.27e-33
C662FACXX150129:4:1314:3876:88735/1	85	85	4	smNRPS-CC	5875	5794	5875	100	1.27e-33
C662FACXX150129:7:2111:18872:78749/2	89	89	1	smNRPS-CC	5875	2451	2539	97.753	3.54e-34
C662FACXX150129:2:2115:18975:69584/1	90	90	1	smNRPS-CC	5875	4330	4419	97.778	9.85e-35
C662FACXX150129:7:1209:4303:57538/2	96	1	96	smNRPS-CC	5875	4643	4738	95.833	9.85e-35
C662FACXX150129:2:1209:6165:76340/1	91	1	88	smNRPS-CC	5875	1871	1958	98.864	2.74e-35
C662FACXX150129:5:2205:3075:34936/1	101	2	101	smNRPS-CC	5875	4622	4721	95	2.74e-35
C662FACXX150129:2:2109:16697:22674/2	100	100	1	smNRPS-CC	5875	3232	3331	95	2.74e-35
C662FACXX150129:5:1214:6021:78836/1	97	1	97	smNRPS-CC	5875	3504	3600	95.876	2.74e-35
C662FACXX150129:3:2210:8508:4500/1	101	101	1	smNRPS-CC	5875	5401	5501	95.05	7.62e-36
C662FACXX150129:3:2301:12123:64204/1	86	1	86	smNRPS-CC	5875	4424	4509	100	7.62e-36
C662FACXX150129:2:1311:10219:66915/1	101	1	101	smNRPS-CC	5875	3302	3402	95.05	7.62e-36
C662FACXX150129:3:1214:8621:72654/2	101	1	101	smNRPS-CC	5875	3153	3253	95.05	7.62e-36
C662FACXX150129:4:2210:10242:6990/1	101	1	101	smNRPS-CC	5875	2530	2630	95.05	7.62e-36
C662FACXX150129:7:2103:4144:27002/1	99	99	2	smNRPS-CC	5875	2961	3058	95.918	7.62e-36
C662FACXX150129:5:1101:17847:10420/1	101	101	1	smNRPS-CC	5875	3605	3705	95.05	7.62e-36
C662FACXX150129:2:2306:7728:7114/1	98	1	98	smNRPS-CC	5875	390	487	95.918	7.62e-36
C662FACXX150129:4:1109:6417:18486/1	101	1	101	smNRPS-CC	5875	1511	1611	95.05	7.62e-36
C662FACXX150129:5:2308:9230:60241/2	101	1	101	smNRPS-CC	5875	1474	1574	95.05	7.62e-36
C662FACXX150129:6:1113:18766:8786/1	96	96	1	smNRPS-CC	5875	1084	1179	96.875	2.12e-36
C662FACXX150129:4:1308:14694:21105/2	96	1	96	smNRPS-CC	5875	2437	2532	96.875	2.12e-36
C662FACXX150129:2:2214:4640:28162/2	101	99	1	smNRPS-CC	5875	5405	5503	95.96	2.12e-36
C662FACXX150129:4:1114:20403:87121/2	100	100	2	smNRPS-CC	5875	1183	1281	95.96	2.12e-36
C662FACXX150129:6:2107:5841:18033/2	101	100	1	smNRPS-CC	5875	1296	1395	96	5.89e-37
C662FACXX150129:5:1311:17471:85361/1	91	91	1	smNRPS-CC	5875	1188	1278	98.901	5.89e-37
C662FACXX150129:4:1114:3729:19400/1	97	1	97	smNRPS-CC	5875	2194	2290	96.907	5.89e-37
C662FACXX150129:6:1109:11102:37556/1	94	94	1	smNRPS-CC	5875	4997	5090	97.872	5.89e-37
C662FACXX150129:4:2207:4344:91600/1	101	101	1	smNRPS-CC	5875	1541	1641	96.04	1.64e-37
C662FACXX150129:3:1214:8621:72654/1	101	101	1	smNRPS-CC	5875	3231	3331	96.04	1.64e-37
C662FACXX150129:7:1113:12874:26880/1	101	1	101	smNRPS-CC	5875	4405	4505	96.04	1.64e-37
C662FACXX150129:6:2311:4640:24734/2	96	1	92	smNRPS-CC	5875	1556	1647	98.913	1.64e-37
C662FACXX150129:4:2104:5317:85908/1	101	98	1	smNRPS-CC	5875	3459	3556	96.939	1.64e-37
C662FACXX150129:7:2312:18799:7028/2	101	1	101	smNRPS-CC	5875	3506	3606	96.04	1.64e-37
C662FACXX150129:3:1101:7960:86288/2	101	101	1	smNRPS-CC	5875	3231	3331	96.04	1.64e-37
C662FACXX150129:4:2207:14187:2941/1	101	1	101	smNRPS-CC	5875	4405	4505	96.04	1.64e-37
C662FACXX150129:5:2214:18117:58160/1	101	98	1	smNRPS-CC	5875	3459	3556	96.939	1.64e-37
C662FACXX150129:3:2202:16944:2478/1	98	98	1	smNRPS-CC	5875	3559	3656	96.939	1.64e-37
C662FACXX150129:6:2111:8082:59583/1	101	1	101	smNRPS-CC	5875	2181	2281	96.04	1.64e-37
C662FACXX150129:6:2304:15848:44333/2	95	1	95	smNRPS-CC	5875	2906	3000	97.895	1.64e-37
C662FACXX150129:5:1101:17847:10420/2	101	1	99	smNRPS-CC	5875	3464	3562	96.97	4.55e-38
C662FACXX150129:5:2210:20625:18741/1	101	99	1	smNRPS-CC	5875	1536	1634	96.97	4.55e-38
C662FACXX150129:7:2116:12736:86141/2	97	1	97	smNRPS-CC	5875	3696	3792	97.938	1.27e-38
C662FACXX150129:5:1303:12731:61246/1	100	1	100	smNRPS-CC	5875	390	489	97	1.27e-38
C662FACXX150129:7:2207:18597:28798/1	94	94	1	smNRPS-CC	5875	4107	4200	98.936	1.27e-38
C662FACXX150129:7:1113:11072:101089/1	100	1	100	smNRPS-CC	5875	5298	5397	97	1.27e-38
C662FACXX150129:3:1105:3755:39211/2	94	1	94	smNRPS-CC	5875	1177	1270	98.936	1.27e-38
C662FACXX150129:4:1104:20144:3877/2	97	1	91	smNRPS-CC	5875	5785	5875	100	1.27e-38
C662FACXX150129:2:1206:7033:97751/1	97	1	97	smNRPS-CC	5875	2307	2403	97.938	1.27e-38
C662FACXX150129:3:2301:3744:66660/1	94	1	94	smNRPS-CC	5875	5743	5836	98.936	1.27e-38
C662FACXX150129:6:2302:10337:86510/1	101	1	91	smNRPS-CC	5875	5785	5875	100	1.27e-38
C662FACXX150129:2:1112:16962:78787/2	101	1	91	smNRPS-CC	5875	5785	5875	100	1.27e-38
C662FACXX150129:4:1309:1631:58373/1	101	1	91	smNRPS-CC	5875	5785	5875	100	1.27e-38
C662FACXX150129:4:2308:3580:94890/1	97	1	97	smNRPS-CC	5875	4876	4972	97.938	1.27e-38
C662FACXX150129:4:2314:17159:92904/1	101	101	1	smNRPS-CC	5875	4198	4298	97.03	3.52e-39
C662FACXX150129:4:1308:14694:21105/1	101	101	1	smNRPS-CC	5875	2449	2549	97.03	3.52e-39
C662FACXX150129:2:1216:18586:76828/2	101	1	101	smNRPS-CC	5875	2477	2577	97.03	3.52e-39
C662FACXX150129:6:2107:5841:18033/1	101	1	101	smNRPS-CC	5875	1147	1247	97.03	3.52e-39
C662FACXX150129:5:1213:3463:30110/2	101	1	92	smNRPS-CC	5875	5784	5875	100	3.52e-39
C662FACXX150129:4:2113:7484:36691/1	101	1	98	smNRPS-CC	5875	1263	1360	97.959	3.52e-39
C662FACXX150129:2:1209:6165:76340/2	101	98	1	smNRPS-CC	5875	1871	1968	97.959	3.52e-39
C662FACXX150129:4:1215:5578:37286/1	101	95	1	smNRPS-CC	5875	1552	1646	98.947	3.52e-39
C662FACXX150129:2:2214:4640:28162/1	101	1	98	smNRPS-CC	5875	5306	5403	97.959	3.52e-39
C662FACXX150129:6:1109:20150:85101/2	101	1	101	smNRPS-CC	5875	1258	1358	97.03	3.52e-39
C662FACXX150129:4:1311:3885:18997/1	101	1	101	smNRPS-CC	5875	2187	2287	97.03	3.52e-39
C662FACXX150129:2:2207:15085:13377/1	101	101	10	smNRPS-CC	5875	5784	5875	100	3.52e-39
C662FACXX150129:4:2208:6236:21244/2	98	98	1	smNRPS-CC	5875	3976	4073	97.959	3.52e-39
C662FACXX150129:3:2304:9444:81721/2	98	98	1	smNRPS-CC	5875	1164	1261	97.959	3.52e-39
C662FACXX150129:7:2107:11823:50394/1	98	1	98	smNRPS-CC	5875	3903	4000	97.959	3.52e-39
C662FACXX150129:7:1112:18415:83375/1	101	101	1	smNRPS-CC	5875	4341	4441	97.03	3.52e-39
C662FACXX150129:7:1112:18415:83375/2	101	1	101	smNRPS-CC	5875	4187	4287	97.03	3.52e-39
C662FACXX150129:3:2212:8254:54101/1	101	101	1	smNRPS-CC	5875	4346	4446	97.03	3.52e-39
C662FACXX150129:5:1314:3044:37892/2	101	1	101	smNRPS-CC	5875	1533	1633	97.03	3.52e-39
C662FACXX150129:2:1106:12404:65057/2	101	101	1	smNRPS-CC	5875	4929	5029	97.03	3.52e-39
C662FACXX150129:3:1103:5914:40641/1	101	101	1	smNRPS-CC	5875	4198	4298	97.03	3.52e-39
C662FACXX150129:5:2210:20625:18741/2	101	1	101	smNRPS-CC	5875	1533	1633	97.03	3.52e-39
C662FACXX150129:5:2308:9230:60241/1	101	101	1	smNRPS-CC	5875	1536	1636	97.03	3.52e-39
C662FACXX150129:4:2116:6194:100589/1	101	101	1	smNRPS-CC	5875	4198	4298	97.03	3.52e-39
C662FACXX150129:6:1115:16000:2831/1	96	1	96	smNRPS-CC	5875	5056	5151	98.958	9.78e-40
C662FACXX150129:7:1302:8021:34092/2	99	1	96	smNRPS-CC	5875	1238	1333	98.958	9.78e-40
C662FACXX150129:4:1316:10139:84764/1	101	1	101	smNRPS-CC	5875	576	678	97.087	9.78e-40
C662FACXX150129:2:1309:15938:17090/2	96	1	96	smNRPS-CC	5875	5734	5829	98.958	9.78e-40
C662FACXX150129:5:1314:3044:37892/1	101	99	1	smNRPS-CC	5875	1536	1634	97.98	9.78e-40
C662FACXX150129:5:1316:9701:86851/2	99	99	1	smNRPS-CC	5875	403	501	97.98	9.78e-40
C662FACXX150129:2:1313:3731:48580/1	99	1	99	smNRPS-CC	5875	3573	3671	97.98	9.78e-40
C662FACXX150129:7:2116:12736:86141/1	100	100	1	smNRPS-CC	5875	3718	3817	98	2.72e-40
C662FACXX150129:4:1307:16788:28195/2	100	100	1	smNRPS-CC	5875	1171	1270	98	2.72e-40
C662FACXX150129:4:2114:8264:62581/2	97	97	1	smNRPS-CC	5875	4607	4703	98.969	2.72e-40
C662FACXX150129:4:2302:15952:69045/1	100	100	1	smNRPS-CC	5875	2727	2826	98	2.72e-40
C662FACXX150129:2:1304:13903:86826/1	101	1	101	smNRPS-CC	5875	2694	2794	98.02	7.56e-41
C662FACXX150129:3:1215:7543:31675/1	101	101	1	smNRPS-CC	5875	5072	5172	98.02	7.56e-41
C662FACXX150129:5:1113:3521:39804/2	101	1	101	smNRPS-CC	5875	1164	1264	98.02	7.56e-41
C662FACXX150129:4:2314:17159:92904/2	101	1	101	smNRPS-CC	5875	4149	4249	98.02	7.56e-41
C662FACXX150129:3:2210:8508:4500/2	101	1	101	smNRPS-CC	5875	5295	5395	98.02	7.56e-41
C662FACXX150129:4:2109:20138:84294/1	101	101	1	smNRPS-CC	5875	1238	1338	98.02	7.56e-41
C662FACXX150129:2:1214:7342:95703/1	101	101	1	smNRPS-CC	5875	5380	5480	98.02	7.56e-41
C662FACXX150129:2:1214:7342:95703/2	101	1	101	smNRPS-CC	5875	5362	5462	98.02	7.56e-41
C662FACXX150129:7:2314:7509:55997/2	101	1	101	smNRPS-CC	5875	5352	5452	98.02	7.56e-41
C662FACXX150129:7:2309:5354:18186/2	101	1	101	smNRPS-CC	5875	1170	1270	98.02	7.56e-41
C662FACXX150129:5:2205:3291:57579/2	101	101	1	smNRPS-CC	5875	5310	5410	98.02	7.56e-41
C662FACXX150129:4:2114:8264:62581/1	95	1	95	smNRPS-CC	5875	4428	4522	100	7.56e-41
C662FACXX150129:7:1315:11184:27771/1	101	1	101	smNRPS-CC	5875	5005	5105	98.02	7.56e-41
C662FACXX150129:7:1315:11184:27771/2	101	101	1	smNRPS-CC	5875	5072	5172	98.02	7.56e-41
C662FACXX150129:5:2314:3243:81217/1	101	101	1	smNRPS-CC	5875	5303	5403	98.02	7.56e-41
C662FACXX150129:4:2203:9631:24052/1	101	1	101	smNRPS-CC	5875	2700	2800	98.02	7.56e-41
C662FACXX150129:7:1304:1654:49590/1	101	1	101	smNRPS-CC	5875	2305	2405	98.02	7.56e-41
C662FACXX150129:5:1304:8118:14860/1	101	101	1	smNRPS-CC	5875	3765	3865	98.02	7.56e-41
C662FACXX150129:3:1103:5914:40641/2	101	1	101	smNRPS-CC	5875	4149	4249	98.02	7.56e-41
C662FACXX150129:4:1216:13896:30140/2	101	1	101	smNRPS-CC	5875	2861	2961	98.02	7.56e-41
C662FACXX150129:6:1106:3526:10904/1	101	101	1	smNRPS-CC	5875	1230	1330	98.02	7.56e-41
C662FACXX150129:6:1201:17358:71459/2	101	101	1	smNRPS-CC	5875	2444	2544	98.02	7.56e-41
C662FACXX150129:2:1110:5136:2713/1	96	96	1	smNRPS-CC	5875	1980	2075	100	2.1e-41
C662FACXX150129:2:1216:18586:76828/1	99	99	1	smNRPS-CC	5875	2728	2826	98.99	2.1e-41
C662FACXX150129:5:2110:19129:93714/1	99	1	99	smNRPS-CC	5875	648	746	98.99	2.1e-41
C662FACXX150129:5:1304:8118:14860/2	99	1	99	smNRPS-CC	5875	3570	3668	98.99	2.1e-41
C662FACXX150129:5:1113:3521:39804/1	100	100	1	smNRPS-CC	5875	1187	1286	99	5.85e-42
C662FACXX150129:7:2203:9199:38638/1	101	100	1	smNRPS-CC	5875	2660	2759	99	5.85e-42
C662FACXX150129:3:1112:5470:90745/1	100	100	1	smNRPS-CC	5875	1187	1286	99	5.85e-42
C662FACXX150129:4:1216:13896:30140/1	97	97	1	smNRPS-CC	5875	2951	3047	100	5.85e-42
C662FACXX150129:6:2105:10575:85790/1	101	1	101	smNRPS-CC	5875	455	555	99.01	1.63e-42
C662FACXX150129:3:2103:17784:45733/1	101	101	1	smNRPS-CC	5875	3160	3260	99.01	1.63e-42
C662FACXX150129:3:2103:17784:45733/2	98	1	98	smNRPS-CC	5875	3148	3245	100	1.63e-42
C662FACXX150129:7:1113:11072:101089/2	101	101	1	smNRPS-CC	5875	5336	5436	99.01	1.63e-42
C662FACXX150129:4:2207:17315:67625/1	101	101	1	smNRPS-CC	5875	1136	1236	99.01	1.63e-42
C662FACXX150129:6:1303:6031:98772/1	101	101	1	smNRPS-CC	5875	4100	4200	99.01	1.63e-42
C662FACXX150129:4:2109:20138:84294/2	101	1	101	smNRPS-CC	5875	1192	1292	99.01	1.63e-42
C662FACXX150129:4:1108:11066:71727/1	98	98	1	smNRPS-CC	5875	1863	1960	100	1.63e-42
C662FACXX150129:4:2102:8552:81236/1	101	101	1	smNRPS-CC	5875	1170	1270	99.01	1.63e-42
C662FACXX150129:7:1111:3206:2970/1	101	101	1	smNRPS-CC	5875	1230	1330	99.01	1.63e-42
C662FACXX150129:2:2306:10295:95220/1	101	98	1	smNRPS-CC	5875	5033	5130	100	1.63e-42
C662FACXX150129:2:2306:10295:95220/2	101	1	98	smNRPS-CC	5875	5033	5130	100	1.63e-42
C662FACXX150129:7:2309:5354:18186/1	101	101	1	smNRPS-CC	5875	1230	1330	99.01	1.63e-42
C662FACXX150129:6:1212:7180:60887/2	101	1	101	smNRPS-CC	5875	2681	2781	99.01	1.63e-42
C662FACXX150129:6:2116:3953:44219/1	101	1	101	smNRPS-CC	5875	5341	5441	99.01	1.63e-42
C662FACXX150129:4:1111:4136:59818/1	101	98	1	smNRPS-CC	5875	5033	5130	100	1.63e-42
C662FACXX150129:4:1111:4136:59818/2	101	1	98	smNRPS-CC	5875	5033	5130	100	1.63e-42
C662FACXX150129:5:1207:4653:69648/1	101	101	1	smNRPS-CC	5875	1170	1270	99.01	1.63e-42
C662FACXX150129:5:1202:1989:17930/1	101	101	1	smNRPS-CC	5875	4100	4200	99.01	1.63e-42
C662FACXX150129:2:2211:18066:41065/2	101	1	101	smNRPS-CC	5875	643	743	99.01	1.63e-42
C662FACXX150129:4:2210:6753:46992/2	101	1	98	smNRPS-CC	5875	5033	5130	100	1.63e-42
C662FACXX150129:7:2107:11823:50394/2	100	100	1	smNRPS-CC	5875	3975	4074	100	1.26e-43
C662FACXX150129:2:1110:5136:2713/2	101	1	101	smNRPS-CC	5875	1949	2049	100	3.49e-44
C662FACXX150129:4:1108:11066:71727/2	101	1	101	smNRPS-CC	5875	1771	1871	100	3.49e-44
C662FACXX150129:2:2312:13739:29786/1	101	101	1	smNRPS-CC	5875	2435	2535	100	3.49e-44
C662FACXX150129:2:2312:13739:29786/2	101	1	101	smNRPS-CC	5875	2205	2305	100	3.49e-44
C662FACXX150129:4:2310:16446:92174/2	101	101	1	smNRPS-CC	5875	4052	4152	100	3.49e-44
C662FACXX150129:2:1314:19931:87566/1	101	101	1	smNRPS-CC	5875	1860	1960	100	3.49e-44
C662FACXX150129:2:1314:19931:87566/2	101	1	101	smNRPS-CC	5875	1771	1871	100	3.49e-44
C662FACXX150129:7:1312:12635:32635/1	101	101	1	smNRPS-CC	5875	1975	2075	100	3.49e-44
C662FACXX150129:7:1312:12635:32635/2	101	1	101	smNRPS-CC	5875	1949	2049	100	3.49e-44
C662FACXX150129:2:2307:8938:85835/1	101	101	1	smNRPS-CC	5875	615	715	100	3.49e-44
C662FACXX150129:5:2109:10082:70567/1	101	101	1	smNRPS-CC	5875	1204	1304	100	3.49e-44
C662FACXX150129:3:2309:19680:96698/2	101	101	1	smNRPS-CC	5875	1074	1174	100	3.49e-44
C662FACXX150129:4:1201:19038:10495/1	89	1	47	smNRPS-CB	5945	5899	5945	100	3.69e-14
C662FACXX150129:6:2208:3870:30281/1	101	48	101	smNRPS-CB	5945	1	54	100	4.74e-18
C662FACXX150129:5:2103:1660:67239/1	101	48	101	smNRPS-CB	5945	1	54	100	4.74e-18
C662FACXX150129:5:2306:1891:46372/1	101	48	101	smNRPS-CB	5945	1	54	100	4.74e-18
C662FACXX150129:6:2302:10337:86510/2	101	46	101	smNRPS-CB	5945	1	56	100	3.66e-19
C662FACXX150129:5:1107:3329:66213/1	101	46	101	smNRPS-CB	5945	1	56	100	3.66e-19
C662FACXX150129:4:1309:1631:58373/2	101	46	101	smNRPS-CB	5945	1	56	100	3.66e-19
C662FACXX150129:2:1309:15938:17090/1	101	45	101	smNRPS-CB	5945	1	57	100	1.02e-19
C662FACXX150129:5:2315:10908:49787/1	63	63	1	smNRPS-CB	5945	3965	4027	96.825	1.02e-19
C662FACXX150129:2:1212:3277:22566/1	66	66	1	smNRPS-CB	5945	3832	3897	95.455	1.02e-19
C662FACXX150129:5:1110:6456:47475/2	67	67	1	smNRPS-CB	5945	3306	3372	95.522	2.83e-20
C662FACXX150129:7:2308:3162:31828/2	62	1	62	smNRPS-CB	5945	1410	1471	98.387	7.87e-21
C662FACXX150129:2:1206:2837:39161/1	70	1	70	smNRPS-CB	5945	4892	4961	95.714	6.09e-22
C662FACXX150129:6:2310:18924:70676/2	67	65	1	smNRPS-CB	5945	978	1042	98.462	1.69e-22
C662FACXX150129:7:1301:3230:31789/2	69	1	69	smNRPS-CB	5945	2872	2940	97.101	4.7e-23
C662FACXX150129:7:1203:3944:40800/1	99	1	64	smNRPS-CB	5945	5882	5945	100	1.31e-23
C662FACXX150129:3:2301:3744:66660/2	88	25	88	smNRPS-CB	5945	1	64	100	1.31e-23
C662FACXX150129:6:2113:6105:51141/1	73	73	1	smNRPS-CB	5945	4908	4980	95.89	1.31e-23
C662FACXX150129:5:1109:17386:17785/1	64	64	1	smNRPS-CB	5945	4054	4117	100	1.31e-23
C662FACXX150129:7:2305:9737:94895/1	70	64	1	smNRPS-CB	5945	3757	3820	100	1.31e-23
C662FACXX150129:2:1212:10020:3951/1	71	71	1	smNRPS-CB	5945	3965	4035	97.183	3.64e-24
C662FACXX150129:2:2304:6024:29404/2	73	73	1	smNRPS-CB	5945	697	769	97.26	2.81e-25
C662FACXX150129:3:1116:15996:67507/1	73	73	1	smNRPS-CB	5945	3943	4015	97.26	2.81e-25
C662FACXX150129:2:2108:17685:49129/1	71	1	71	smNRPS-CB	5945	2436	2506	98.592	7.82e-26
C662FACXX150129:3:2105:12319:29620/2	75	75	1	smNRPS-CB	5945	1500	1574	97.333	2.17e-26
C662FACXX150129:2:2202:10819:41137/1	69	1	69	smNRPS-CB	5945	2994	3062	100	2.17e-26
C662FACXX150129:3:1203:7744:41161/1	69	1	69	smNRPS-CB	5945	2954	3022	100	2.17e-26
C662FACXX150129:7:1216:15305:29820/1	75	75	1	smNRPS-CB	5945	1057	1131	97.333	2.17e-26
C662FACXX150129:7:1203:6916:77691/1	69	1	69	smNRPS-CB	5945	5819	5887	100	2.17e-26
C662FACXX150129:6:1101:10801:5725/1	70	70	1	smNRPS-CB	5945	1232	1301	100	6.04e-27
C662FACXX150129:6:1105:7779:1950/1	82	82	1	smNRPS-CB	5945	4540	4621	95.122	6.04e-27
C662FACXX150129:2:2213:15121:56430/2	70	1	70	smNRPS-CB	5945	2919	2988	100	6.04e-27
C662FACXX150129:4:2105:14119:67833/1	71	71	1	smNRPS-CB	5945	3426	3496	100	1.68e-27
C662FACXX150129:3:2309:13671:16841/1	71	1	71	smNRPS-CB	5945	2290	2360	100	1.68e-27
C662FACXX150129:6:2204:8773:86522/2	75	75	1	smNRPS-CB	5945	388	462	98.667	4.67e-28
C662FACXX150129:4:1202:3931:40803/2	78	1	78	smNRPS-CB	5945	5479	5556	97.436	4.67e-28
C662FACXX150129:2:2210:6160:44778/1	78	78	1	smNRPS-CB	5945	356	433	97.436	4.67e-28
C662FACXX150129:3:2106:11298:33302/2	79	79	1	smNRPS-CB	5945	3536	3614	97.468	1.3e-28
C662FACXX150129:2:2201:17590:76641/1	73	1	73	smNRPS-CB	5945	2919	2991	100	1.3e-28
C662FACXX150129:4:1104:1216:74206/1	85	85	1	smNRPS-CB	5945	3290	3374	95.294	1.3e-28
C662FACXX150129:5:1309:7390:87175/1	74	74	1	smNRPS-CB	5945	5038	5111	100	3.61e-29
C662FACXX150129:2:1209:1328:41925/1	74	1	74	smNRPS-CB	5945	908	981	100	3.61e-29
C662FACXX150129:6:2301:17744:97726/1	74	1	74	smNRPS-CB	5945	5788	5861	100	3.61e-29
C662FACXX150129:4:2110:1700:92440/2	77	77	1	smNRPS-CB	5945	398	474	98.701	3.61e-29
C662FACXX150129:5:1107:4739:95257/1	78	1	78	smNRPS-CB	5945	2903	2980	98.718	1e-29
C662FACXX150129:7:1301:3230:31789/1	75	75	1	smNRPS-CB	5945	3218	3292	100	1e-29
C662FACXX150129:4:1309:3756:21572/2	75	1	75	smNRPS-CB	5945	3390	3464	100	1e-29
C662FACXX150129:4:2206:10935:80428/1	87	1	84	smNRPS-CB	5945	4929	5012	96.429	1e-29
C662FACXX150129:4:1104:20144:3877/1	98	20	98	smNRPS-CB	5945	1	79	98.734	2.79e-30
C662FACXX150129:2:1106:4049:48868/2	85	85	1	smNRPS-CB	5945	3551	3635	96.471	2.79e-30
C662FACXX150129:2:2114:18662:29321/2	94	91	3	smNRPS-CB	5945	4135	4223	95.506	7.76e-31
C662FACXX150129:5:2103:17242:14341/1	77	1	77	smNRPS-CB	5945	3171	3247	100	7.76e-31
C662FACXX150129:6:1113:4837:91612/1	83	83	1	smNRPS-CB	5945	4541	4623	97.59	7.76e-31
C662FACXX150129:7:2103:4144:27002/2	82	82	3	smNRPS-CB	5945	2986	3065	98.75	7.76e-31
C662FACXX150129:2:1309:18112:30738/1	77	77	1	smNRPS-CB	5945	1362	1438	100	7.76e-31
C662FACXX150129:6:1216:13313:58931/2	81	81	1	smNRPS-CB	5945	4094	4174	98.765	2.16e-31
C662FACXX150129:2:1305:16659:88877/1	84	84	1	smNRPS-CB	5945	2564	2647	97.619	2.16e-31
C662FACXX150129:4:2315:18624:24451/2	84	1	84	smNRPS-CB	5945	2726	2809	97.619	2.16e-31
C662FACXX150129:3:1209:17995:22876/2	84	1	84	smNRPS-CB	5945	655	738	97.619	2.16e-31
C662FACXX150129:4:1106:16714:56061/2	91	1	91	smNRPS-CB	5945	1842	1932	95.604	6e-32
C662FACXX150129:4:1310:6432:94441/1	85	85	1	smNRPS-CB	5945	5510	5594	97.647	6e-32
C662FACXX150129:2:1104:5143:85756/2	85	1	85	smNRPS-CB	5945	2919	3003	97.647	6e-32
C662FACXX150129:6:1101:7227:42149/1	88	88	1	smNRPS-CB	5945	4877	4964	96.591	6e-32
C662FACXX150129:4:2316:14251:77228/2	82	82	1	smNRPS-CB	5945	1506	1587	98.78	6e-32
C662FACXX150129:2:1112:16962:78787/1	101	20	101	smNRPS-CB	5945	1	82	98.78	6e-32
C662FACXX150129:2:2202:10819:41137/2	79	79	1	smNRPS-CB	5945	3206	3284	100	6e-32
C662FACXX150129:2:1306:2192:11841/1	79	79	1	smNRPS-CB	5945	5816	5894	100	6e-32
C662FACXX150129:4:2107:10721:84709/1	86	1	86	smNRPS-CB	5945	3277	3362	97.674	1.67e-32
C662FACXX150129:4:1106:9667:65146/1	86	86	1	smNRPS-CB	5945	220	305	97.674	1.67e-32
C662FACXX150129:3:2102:6728:72017/1	83	83	1	smNRPS-CB	5945	2368	2450	98.795	1.67e-32
C662FACXX150129:6:1212:18028:44452/1	80	80	1	smNRPS-CB	5945	2105	2184	100	1.67e-32
C662FACXX150129:2:1311:16379:45971/2	100	1	81	smNRPS-CB	5945	5865	5945	100	4.64e-33
C662FACXX150129:2:2206:15949:2462/2	81	1	81	smNRPS-CB	5945	3787	3867	100	4.64e-33
C662FACXX150129:6:2216:16783:72941/1	93	93	1	smNRPS-CB	5945	3668	3760	95.699	4.64e-33
C662FACXX150129:7:1210:3781:16588/2	88	84	1	smNRPS-CB	5945	4890	4973	98.81	4.64e-33
C662FACXX150129:6:1305:15076:50433/2	92	90	1	smNRPS-CB	5945	3539	3628	96.667	4.64e-33
C662FACXX150129:7:2103:13237:92190/1	93	1	93	smNRPS-CB	5945	5628	5720	95.699	4.64e-33
C662FACXX150129:4:2309:16851:92048/2	81	81	1	smNRPS-CB	5945	630	710	100	4.64e-33
C662FACXX150129:7:2309:18596:75849/1	85	1	85	smNRPS-CB	5945	1007	1091	98.824	1.29e-33
C662FACXX150129:6:1304:6852:10082/1	88	1	88	smNRPS-CB	5945	3763	3850	97.727	1.29e-33
C662FACXX150129:3:2304:9444:81721/1	96	91	1	smNRPS-CB	5945	4890	4980	96.703	1.29e-33
C662FACXX150129:7:2309:13015:82759/1	89	1	89	smNRPS-CB	5945	2461	2549	97.753	3.59e-34
C662FACXX150129:5:1314:19923:86393/2	95	95	1	smNRPS-CB	5945	3677	3771	95.789	3.59e-34
C662FACXX150129:4:2104:5317:85908/2	101	95	1	smNRPS-CB	5945	2521	2615	95.789	3.59e-34
C662FACXX150129:3:2106:11298:33302/1	86	1	86	smNRPS-CB	5945	3506	3591	98.837	3.59e-34
C662FACXX150129:7:1104:2419:33710/1	92	1	92	smNRPS-CB	5945	1481	1572	96.739	3.59e-34
C662FACXX150129:5:2214:18117:58160/2	101	95	1	smNRPS-CB	5945	2521	2615	95.789	3.59e-34
C662FACXX150129:4:1306:17646:67878/2	86	1	86	smNRPS-CB	5945	425	510	98.837	3.59e-34
C662FACXX150129:6:1314:4737:57839/2	101	1	95	smNRPS-CB	5945	3589	3683	95.789	3.59e-34
C662FACXX150129:7:1116:17073:66148/1	87	87	1	smNRPS-CB	5945	3909	3995	98.851	9.97e-35
C662FACXX150129:2:2105:10197:52476/2	91	1	91	smNRPS-CB	5945	860	950	97.802	2.77e-35
C662FACXX150129:4:2113:9129:51290/2	100	1	100	smNRPS-CB	5945	5580	5679	95	2.77e-35
C662FACXX150129:6:2208:3870:30281/2	93	93	3	smNRPS-CB	5945	489	579	97.802	2.77e-35
C662FACXX150129:7:2309:18596:75849/2	88	88	1	smNRPS-CB	5945	1267	1354	98.864	2.77e-35
C662FACXX150129:2:1316:19381:40117/1	88	1	88	smNRPS-CB	5945	2642	2729	98.864	2.77e-35
C662FACXX150129:3:2102:8470:79598/2	101	101	1	smNRPS-CB	5945	1803	1901	95.05	2.77e-35
C662FACXX150129:4:2208:6236:21244/1	101	101	2	smNRPS-CB	5945	2124	2223	95	2.77e-35
C662FACXX150129:3:1203:7744:41161/2	88	88	1	smNRPS-CB	5945	3279	3366	98.864	2.77e-35
C662FACXX150129:7:1215:14177:61590/2	101	101	2	smNRPS-CB	5945	3057	3156	95	2.77e-35
C662FACXX150129:3:2312:4241:17600/2	101	101	1	smNRPS-CB	5945	1797	1895	95.05	2.77e-35
C662FACXX150129:3:2307:14349:59902/1	88	88	1	smNRPS-CB	5945	1308	1395	98.864	2.77e-35
C662FACXX150129:3:1211:15019:100963/2	101	101	2	smNRPS-CB	5945	3057	3156	95	2.77e-35
C662FACXX150129:2:1310:9651:32538/2	101	1	101	smNRPS-CB	5945	4480	4580	95.05	7.71e-36
C662FACXX150129:7:2214:3922:89916/1	101	1	101	smNRPS-CB	5945	4878	4978	95.05	7.71e-36
C662FACXX150129:7:2111:18872:78749/1	101	101	1	smNRPS-CB	5945	3835	3935	95.05	7.71e-36
C662FACXX150129:3:2306:11044:63914/1	101	101	1	smNRPS-CB	5945	4871	4971	95.05	7.71e-36
C662FACXX150129:4:1203:16794:90435/2	101	1	101	smNRPS-CB	5945	4872	4972	95.05	7.71e-36
C662FACXX150129:4:1114:3729:19400/2	101	1	101	smNRPS-CB	5945	3284	3384	95.05	7.71e-36
C662FACXX150129:3:1207:3730:16911/1	101	1	101	smNRPS-CB	5945	5600	5700	95.05	7.71e-36
C662FACXX150129:7:2307:6800:62902/1	101	1	101	smNRPS-CB	5945	4916	5016	95.05	7.71e-36
C662FACXX150129:2:1111:20114:16516/1	101	1	101	smNRPS-CB	5945	4878	4978	95.05	7.71e-36
C662FACXX150129:4:1316:11264:69217/2	98	98	1	smNRPS-CB	5945	4857	4954	95.918	7.71e-36
C662FACXX150129:6:1202:7856:16967/1	97	95	1	smNRPS-CB	5945	4489	4583	96.842	7.71e-36
C662FACXX150129:2:2211:7551:93342/1	101	1	101	smNRPS-CB	5945	5613	5713	95.05	7.71e-36
C662FACXX150129:6:2215:12502:58689/1	101	1	101	smNRPS-CB	5945	5580	5680	95.05	7.71e-36
C662FACXX150129:7:2201:17837:91868/1	101	1	101	smNRPS-CB	5945	4929	5029	95.05	7.71e-36
C662FACXX150129:2:2111:13004:40662/1	86	86	1	smNRPS-CB	5945	3449	3534	100	7.71e-36
C662FACXX150129:4:1111:13937:79502/2	90	1	90	smNRPS-CB	5945	1634	1723	98.889	2.14e-36
C662FACXX150129:3:2114:14884:46022/2	87	1	87	smNRPS-CB	5945	2154	2240	100	2.14e-36
C662FACXX150129:7:1104:15615:6426/2	93	93	1	smNRPS-CB	5945	3130	3222	97.849	2.14e-36
C662FACXX150129:4:2101:19650:14798/1	99	1	99	smNRPS-CB	5945	5628	5726	95.96	2.14e-36
C662FACXX150129:7:1116:17073:66148/2	95	3	95	smNRPS-CB	5945	3556	3648	97.849	2.14e-36
C662FACXX150129:6:1313:6339:86004/2	93	1	93	smNRPS-CB	5945	3294	3386	97.849	2.14e-36
C662FACXX150129:3:1102:9756:21922/2	96	1	96	smNRPS-CB	5945	502	597	96.875	2.14e-36
C662FACXX150129:4:1302:17607:30794/2	90	1	90	smNRPS-CB	5945	3627	3716	98.889	2.14e-36
C662FACXX150129:7:2204:6213:89934/1	94	94	1	smNRPS-CB	5945	2065	2158	97.872	5.96e-37
C662FACXX150129:2:2212:15539:91004/2	101	1	91	smNRPS-CB	5945	2782	2872	98.901	5.96e-37
C662FACXX150129:6:1114:18072:86038/2	91	91	1	smNRPS-CB	5945	1150	1240	98.901	5.96e-37
C662FACXX150129:7:1103:3116:63973/2	97	97	1	smNRPS-CB	5945	4877	4973	96.907	5.96e-37
C662FACXX150129:2:1106:4049:48868/1	88	1	88	smNRPS-CB	5945	2919	3006	100	5.96e-37
C662FACXX150129:3:2302:10671:4279/2	94	94	1	smNRPS-CB	5945	3301	3394	97.872	5.96e-37
C662FACXX150129:2:1209:14673:46571/2	101	5	101	smNRPS-CB	5945	4489	4585	96.907	5.96e-37
C662FACXX150129:5:1314:19923:86393/1	100	1	94	smNRPS-CB	5945	3660	3753	97.872	5.96e-37
C662FACXX150129:2:1104:13087:74859/1	88	88	1	smNRPS-CB	5945	2236	2323	100	5.96e-37
C662FACXX150129:7:2215:10225:84669/2	88	88	1	smNRPS-CB	5945	5046	5133	100	5.96e-37
C662FACXX150129:7:2301:5727:46609/1	97	97	1	smNRPS-CB	5945	1179	1275	96.907	5.96e-37
C662FACXX150129:2:2211:7551:93342/2	101	100	1	smNRPS-CB	5945	5619	5718	96	5.96e-37
C662FACXX150129:4:2312:11043:28749/1	100	100	1	smNRPS-CB	5945	1084	1183	96	5.96e-37
C662FACXX150129:4:1311:8130:28937/1	94	94	1	smNRPS-CB	5945	3124	3217	97.872	5.96e-37
C662FACXX150129:4:1206:12335:64328/1	101	1	100	smNRPS-CB	5945	3584	3683	96	5.96e-37
C662FACXX150129:2:2314:11857:16879/2	91	1	91	smNRPS-CB	5945	1879	1969	98.901	5.96e-37
C662FACXX150129:3:1213:1160:22082/2	101	5	101	smNRPS-CB	5945	4489	4585	96.907	5.96e-37
C662FACXX150129:2:1308:20285:97200/1	101	1	101	smNRPS-CB	5945	4217	4317	96.04	1.66e-37
C662FACXX150129:3:2205:9893:2384/1	101	101	1	smNRPS-CB	5945	3659	3759	96.04	1.66e-37
C662FACXX150129:6:1216:9336:85564/1	101	101	1	smNRPS-CB	5945	3659	3759	96.04	1.66e-37
C662FACXX150129:2:2212:15539:91004/1	101	92	1	smNRPS-CB	5945	2781	2872	98.913	1.66e-37
C662FACXX150129:6:1209:1447:72613/1	95	95	1	smNRPS-CB	5945	1456	1550	97.895	1.66e-37
C662FACXX150129:7:1106:14011:86607/1	95	1	95	smNRPS-CB	5945	2688	2782	97.895	1.66e-37
C662FACXX150129:6:2114:9255:36502/2	98	98	1	smNRPS-CB	5945	3849	3946	96.939	1.66e-37
C662FACXX150129:4:2210:10242:6990/2	101	1	101	smNRPS-CB	5945	3251	3351	96.04	1.66e-37
C662FACXX150129:6:1210:8690:80736/1	101	101	1	smNRPS-CB	5945	1665	1765	96.04	1.66e-37
C662FACXX150129:5:1304:14908:95925/2	101	1	101	smNRPS-CB	5945	1112	1212	96.04	1.66e-37
C662FACXX150129:7:2314:7509:55997/1	101	1	101	smNRPS-CB	5945	314	414	96.04	1.66e-37
C662FACXX150129:2:1209:14673:46571/1	95	95	1	smNRPS-CB	5945	4532	4626	97.895	1.66e-37
C662FACXX150129:5:1309:7390:87175/2	101	1	101	smNRPS-CB	5945	4974	5074	96.04	1.66e-37
C662FACXX150129:3:2102:5250:80149/2	101	101	1	smNRPS-CB	5945	1086	1186	96.04	1.66e-37
C662FACXX150129:3:1311:16747:47477/1	98	98	1	smNRPS-CB	5945	3828	3925	96.939	1.66e-37
C662FACXX150129:4:1316:11264:69217/1	101	1	101	smNRPS-CB	5945	4709	4809	96.04	1.66e-37
C662FACXX150129:2:1306:1382:30524/1	101	1	101	smNRPS-CB	5945	1676	1776	96.04	1.66e-37
C662FACXX150129:7:2215:10225:84669/1	101	1	101	smNRPS-CB	5945	4946	5046	96.04	1.66e-37
C662FACXX150129:7:2301:5727:46609/2	101	1	101	smNRPS-CB	5945	1102	1202	96.04	1.66e-37
C662FACXX150129:3:1102:4734:37507/1	97	97	3	smNRPS-CB	5945	3517	3611	97.895	1.66e-37
C662FACXX150129:7:2308:3162:31828/1	101	101	1	smNRPS-CB	5945	1665	1765	96.04	1.66e-37
C662FACXX150129:7:2107:9148:59009/1	101	1	101	smNRPS-CB	5945	3660	3760	96.04	1.66e-37
C662FACXX150129:5:2314:13760:20675/2	101	1	101	smNRPS-CB	5945	1842	1942	96.04	1.66e-37
C662FACXX150129:6:1312:3894:21835/2	101	1	101	smNRPS-CB	5945	1647	1747	96.04	1.66e-37
C662FACXX150129:2:1310:9651:32538/1	101	96	1	smNRPS-CB	5945	4522	4617	97.917	4.61e-38
C662FACXX150129:3:1101:14302:79844/1	101	99	1	smNRPS-CB	5945	5505	5603	96.97	4.61e-38
C662FACXX150129:3:1101:14302:79844/2	101	1	99	smNRPS-CB	5945	5505	5603	96.97	4.61e-38
C662FACXX150129:4:1111:13937:79502/1	93	93	1	smNRPS-CB	5945	1642	1734	98.925	4.61e-38
C662FACXX150129:2:2307:19976:91633/2	93	1	93	smNRPS-CB	5945	1890	1982	98.925	4.61e-38
C662FACXX150129:6:1111:2875:40687/2	101	3	101	smNRPS-CB	5945	3685	3783	96.97	4.61e-38
C662FACXX150129:4:1215:5578:37286/2	101	101	3	smNRPS-CB	5945	4512	4610	96.97	4.61e-38
C662FACXX150129:5:2112:6114:88319/1	99	99	1	smNRPS-CB	5945	1959	2057	96.97	4.61e-38
C662FACXX150129:7:1104:2419:33710/2	96	96	1	smNRPS-CB	5945	1594	1689	97.917	4.61e-38
C662FACXX150129:2:2207:15085:13377/2	101	101	3	smNRPS-CB	5945	292	390	96.97	4.61e-38
C662FACXX150129:5:2112:16047:7569/2	101	99	1	smNRPS-CB	5945	2006	2104	96.97	4.61e-38
C662FACXX150129:4:1314:3876:88735/2	93	93	1	smNRPS-CB	5945	102	194	98.925	4.61e-38
C662FACXX150129:7:2213:7587:23357/2	97	3	95	smNRPS-CB	5945	3624	3716	98.925	4.61e-38
C662FACXX150129:5:2206:7080:65600/2	97	1	97	smNRPS-CB	5945	862	958	97.938	1.28e-38
C662FACXX150129:3:2104:15934:5862/1	97	97	1	smNRPS-CB	5945	3739	3835	97.938	1.28e-38
C662FACXX150129:7:1310:18168:37991/1	100	100	1	smNRPS-CB	5945	1182	1281	97	1.28e-38
C662FACXX150129:2:1206:7033:97751/2	91	1	91	smNRPS-CB	5945	3374	3464	100	1.28e-38
C662FACXX150129:4:2310:16446:92174/1	97	97	1	smNRPS-CB	5945	1913	2009	97.938	1.28e-38
C662FACXX150129:5:2203:11336:22461/2	97	97	1	smNRPS-CB	5945	2434	2530	97.938	1.28e-38
C662FACXX150129:7:2210:14778:46343/2	97	97	1	smNRPS-CB	5945	1281	1377	97.938	1.28e-38
C662FACXX150129:6:1109:20150:85101/1	100	1	100	smNRPS-CB	5945	4508	4607	97	1.28e-38
C662FACXX150129:2:1203:17913:70836/2	101	1	94	smNRPS-CB	5945	3351	3444	98.936	1.28e-38
C662FACXX150129:5:2315:13084:39275/2	97	1	97	smNRPS-CB	5945	3283	3379	97.938	1.28e-38
C662FACXX150129:3:1313:13726:58979/2	100	1	100	smNRPS-CB	5945	5641	5740	97	1.28e-38
C662FACXX150129:5:1109:17386:17785/2	101	1	91	smNRPS-CB	5945	4027	4117	100	1.28e-38
C662FACXX150129:3:2216:13593:73897/1	98	98	1	smNRPS-CB	5945	3512	3609	97.959	3.56e-39
C662FACXX150129:4:1301:6107:29662/1	101	101	1	smNRPS-CB	5945	4561	4661	97.03	3.56e-39
C662FACXX150129:4:1113:2199:84025/2	101	1	101	smNRPS-CB	5945	3605	3705	97.03	3.56e-39
C662FACXX150129:6:2215:12560:81155/2	101	1	101	smNRPS-CB	5945	1479	1579	97.03	3.56e-39
C662FACXX150129:5:2309:10665:61685/1	101	101	1	smNRPS-CB	5945	3112	3212	97.03	3.56e-39
C662FACXX150129:6:2116:8033:22270/1	101	1	101	smNRPS-CB	5945	1269	1369	97.03	3.56e-39
C662FACXX150129:6:2116:8033:22270/2	101	101	1	smNRPS-CB	5945	1596	1696	97.03	3.56e-39
C662FACXX150129:7:2214:3922:89916/2	101	101	1	smNRPS-CB	5945	4969	5069	97.03	3.56e-39
C662FACXX150129:4:2211:19109:23630/1	101	1	101	smNRPS-CB	5945	3693	3793	97.03	3.56e-39
C662FACXX150129:4:2211:19109:23630/2	101	101	1	smNRPS-CB	5945	3829	3929	97.03	3.56e-39
C662FACXX150129:3:1307:7947:28308/1	95	95	1	smNRPS-CB	5945	3265	3359	98.947	3.56e-39
C662FACXX150129:2:2115:18975:69584/2	101	101	1	smNRPS-CB	5945	1535	1635	97.03	3.56e-39
C662FACXX150129:4:1106:16714:56061/1	92	92	1	smNRPS-CB	5945	2123	2214	100	3.56e-39
C662FACXX150129:7:1212:14624:80337/1	101	101	1	smNRPS-CB	5945	4207	4307	97.03	3.56e-39
C662FACXX150129:2:1209:9807:44046/1	101	101	1	smNRPS-CB	5945	4974	5074	97.03	3.56e-39
C662FACXX150129:2:1209:9807:44046/2	101	1	101	smNRPS-CB	5945	4892	4992	97.03	3.56e-39
C662FACXX150129:6:1114:18072:86038/1	98	1	98	smNRPS-CB	5945	1107	1204	97.959	3.56e-39
C662FACXX150129:6:1216:13313:58931/1	101	1	101	smNRPS-CB	5945	3803	3903	97.03	3.56e-39
C662FACXX150129:3:2104:15934:5862/2	101	1	101	smNRPS-CB	5945	3605	3705	97.03	3.56e-39
C662FACXX150129:6:1106:3633:43311/2	101	1	101	smNRPS-CB	5945	3862	3962	97.03	3.56e-39
C662FACXX150129:7:2203:9199:38638/2	101	101	1	smNRPS-CB	5945	3267	3367	97.03	3.56e-39
C662FACXX150129:6:1111:2875:40687/1	101	101	1	smNRPS-CB	5945	3851	3951	97.03	3.56e-39
C662FACXX150129:7:2309:13015:82759/2	101	101	1	smNRPS-CB	5945	2692	2792	97.03	3.56e-39
C662FACXX150129:2:1309:19435:30381/1	101	1	101	smNRPS-CB	5945	4946	5046	97.03	3.56e-39
C662FACXX150129:3:2114:14884:46022/1	101	101	1	smNRPS-CB	5945	2520	2620	97.03	3.56e-39
C662FACXX150129:2:2316:11726:63384/1	101	101	1	smNRPS-CB	5945	4582	4682	97.03	3.56e-39
C662FACXX150129:2:2316:11726:63384/2	101	1	101	smNRPS-CB	5945	4550	4650	97.03	3.56e-39
C662FACXX150129:6:1316:17125:76190/1	101	1	101	smNRPS-CB	5945	2713	2813	97.03	3.56e-39
C662FACXX150129:6:1104:10553:84762/1	101	101	1	smNRPS-CB	5945	3544	3644	97.03	3.56e-39
C662FACXX150129:2:1205:8265:100354/1	101	1	101	smNRPS-CB	5945	452	552	97.03	3.56e-39
C662FACXX150129:4:2309:4857:77228/2	101	1	101	smNRPS-CB	5945	1249	1349	97.03	3.56e-39
C662FACXX150129:6:1109:18764:59656/1	101	101	1	smNRPS-CB	5945	1597	1697	97.03	3.56e-39
C662FACXX150129:3:2306:16546:57434/1	101	1	101	smNRPS-CB	5945	3840	3940	97.03	3.56e-39
C662FACXX150129:3:1311:16747:47477/2	101	1	101	smNRPS-CB	5945	3693	3793	97.03	3.56e-39
C662FACXX150129:6:1309:14014:79439/2	101	1	101	smNRPS-CB	5945	4961	5061	97.03	3.56e-39
C662FACXX150129:2:1111:20114:16516/2	101	101	1	smNRPS-CB	5945	4969	5069	97.03	3.56e-39
C662FACXX150129:4:2101:16535:92289/2	101	101	1	smNRPS-CB	5945	3055	3155	97.03	3.56e-39
C662FACXX150129:2:2305:1382:87895/2	92	92	1	smNRPS-CB	5945	4056	4147	100	3.56e-39
C662FACXX150129:7:1206:4325:83326/2	95	95	1	smNRPS-CB	5945	2385	2479	98.947	3.56e-39
C662FACXX150129:5:1106:18776:19316/2	101	1	101	smNRPS-CB	5945	502	602	97.03	3.56e-39
C662FACXX150129:7:2111:9866:2734/1	101	101	1	smNRPS-CB	5945	3544	3644	97.03	3.56e-39
C662FACXX150129:2:1203:17913:70836/1	101	95	1	smNRPS-CB	5945	3350	3444	98.947	3.56e-39
C662FACXX150129:6:1313:6339:86004/1	101	101	1	smNRPS-CB	5945	3796	3896	97.03	3.56e-39
C662FACXX150129:7:1302:19183:60343/2	95	95	1	smNRPS-CB	5945	1636	1730	98.947	3.56e-39
C662FACXX150129:6:2312:9384:41925/1	101	1	101	smNRPS-CB	5945	4555	4655	97.03	3.56e-39
C662FACXX150129:6:2312:9384:41925/2	101	101	1	smNRPS-CB	5945	4562	4662	97.03	3.56e-39
C662FACXX150129:3:1112:5470:90745/2	101	101	1	smNRPS-CB	5945	4824	4924	97.03	3.56e-39
C662FACXX150129:2:1306:2192:11841/2	101	1	101	smNRPS-CB	5945	5523	5623	97.03	3.56e-39
C662FACXX150129:7:1103:8172:62380/1	101	101	1	smNRPS-CB	5945	3702	3802	97.03	3.56e-39
C662FACXX150129:7:1215:14177:61590/1	101	1	101	smNRPS-CB	5945	3045	3145	97.03	3.56e-39
C662FACXX150129:5:2213:14469:44147/2	92	1	92	smNRPS-CB	5945	2919	3010	100	3.56e-39
C662FACXX150129:7:1314:3107:85196/2	101	101	1	smNRPS-CB	5945	2004	2104	97.03	3.56e-39
C662FACXX150129:7:2213:7587:23357/1	101	101	1	smNRPS-CB	5945	3950	4050	97.03	3.56e-39
C662FACXX150129:5:2210:7051:100023/2	101	1	101	smNRPS-CB	5945	4946	5046	97.03	3.56e-39
C662FACXX150129:4:1101:13545:32591/1	101	98	1	smNRPS-CB	5945	3624	3721	97.959	3.56e-39
C662FACXX150129:3:1102:9756:21922/1	101	101	1	smNRPS-CB	5945	515	615	97.03	3.56e-39
C662FACXX150129:4:1103:9506:50207/1	101	1	101	smNRPS-CB	5945	4944	5044	97.03	3.56e-39
C662FACXX150129:4:1103:9506:50207/2	101	101	1	smNRPS-CB	5945	4948	5048	97.03	3.56e-39
C662FACXX150129:4:1111:11464:68272/1	101	1	101	smNRPS-CB	5945	3605	3705	97.03	3.56e-39
C662FACXX150129:5:1202:17303:71051/1	101	1	101	smNRPS-CB	5945	3693	3793	97.03	3.56e-39
C662FACXX150129:4:2313:11848:54622/1	101	1	101	smNRPS-CB	5945	3987	4087	97.03	3.56e-39
C662FACXX150129:6:2306:13451:96668/1	101	101	1	smNRPS-CB	5945	2084	2184	97.03	3.56e-39
C662FACXX150129:3:1102:13404:6994/1	101	1	101	smNRPS-CB	5945	4560	4660	97.03	3.56e-39
C662FACXX150129:4:2307:1228:69690/1	98	98	1	smNRPS-CB	5945	3938	4035	97.959	3.56e-39
C662FACXX150129:4:2111:18376:94540/2	101	101	1	smNRPS-CB	5945	3846	3946	97.03	3.56e-39
C662FACXX150129:4:2302:9263:101296/2	101	1	101	smNRPS-CB	5945	3827	3927	97.03	3.56e-39
C662FACXX150129:3:1106:1200:8551/2	95	1	95	smNRPS-CB	5945	3341	3435	98.947	3.56e-39
C662FACXX150129:7:2115:15783:58378/2	101	1	101	smNRPS-CB	5945	1608	1708	97.03	3.56e-39
C662FACXX150129:3:1207:15638:23015/1	99	1	99	smNRPS-CB	5945	1953	2051	97.98	9.9e-40
C662FACXX150129:4:1310:9054:64498/1	101	1	99	smNRPS-CB	5945	1425	1523	97.98	9.9e-40
C662FACXX150129:6:2202:17514:19375/2	99	99	1	smNRPS-CB	5945	2427	2525	97.98	9.9e-40
C662FACXX150129:7:2302:1897:94866/1	93	1	93	smNRPS-CB	5945	2919	3011	100	9.9e-40
C662FACXX150129:3:2111:5292:96116/1	99	99	1	smNRPS-CB	5945	3513	3611	97.98	9.9e-40
C662FACXX150129:4:2315:18624:24451/1	98	96	1	smNRPS-CB	5945	2834	2929	98.958	9.9e-40
C662FACXX150129:7:1206:4325:83326/1	99	1	99	smNRPS-CB	5945	2078	2176	97.98	9.9e-40
C662FACXX150129:4:2105:14119:67833/2	96	1	96	smNRPS-CB	5945	3360	3455	98.958	9.9e-40
C662FACXX150129:3:1216:9306:75999/1	99	1	99	smNRPS-CB	5945	2757	2855	97.98	9.9e-40
C662FACXX150129:3:1114:7532:25633/1	96	1	96	smNRPS-CB	5945	186	281	98.958	9.9e-40
C662FACXX150129:3:1114:19651:16702/1	93	93	1	smNRPS-CB	5945	5304	5396	100	9.9e-40
C662FACXX150129:5:2315:13084:39275/1	101	101	3	smNRPS-CB	5945	3513	3611	97.98	9.9e-40
C662FACXX150129:6:1206:7127:83230/2	99	99	1	smNRPS-CB	5945	2829	2927	97.98	9.9e-40
C662FACXX150129:5:2108:6859:74181/1	93	1	93	smNRPS-CB	5945	2929	3021	100	9.9e-40
C662FACXX150129:7:1215:3200:13229/1	99	1	99	smNRPS-CB	5945	4525	4623	97.98	9.9e-40
C662FACXX150129:3:2208:11898:60525/1	99	1	99	smNRPS-CB	5945	289	387	97.98	9.9e-40
C662FACXX150129:7:2301:14418:35160/2	93	1	93	smNRPS-CB	5945	2096	2188	100	9.9e-40
C662FACXX150129:5:1312:8001:6969/2	100	97	1	smNRPS-CB	5945	4720	4816	98.969	2.75e-40
C662FACXX150129:4:2203:7142:19479/1	100	100	1	smNRPS-CB	5945	2471	2570	98	2.75e-40
C662FACXX150129:6:1201:5719:18494/2	97	97	1	smNRPS-CB	5945	3000	3096	98.969	2.75e-40
C662FACXX150129:7:2203:19439:32002/1	100	1	100	smNRPS-CB	5945	3292	3391	98	2.75e-40
C662FACXX150129:4:1310:9054:64498/2	101	100	1	smNRPS-CB	5945	1493	1592	98	2.75e-40
C662FACXX150129:5:1311:17471:85361/2	100	100	1	smNRPS-CB	5945	4825	4924	98	2.75e-40
C662FACXX150129:7:2302:1897:94866/2	97	97	1	smNRPS-CB	5945	3254	3350	98.969	2.75e-40
C662FACXX150129:2:2307:15690:80868/1	100	1	100	smNRPS-CB	5945	2051	2150	98	2.75e-40
C662FACXX150129:4:2201:15587:61939/2	97	97	1	smNRPS-CB	5945	2784	2880	98.969	2.75e-40
C662FACXX150129:6:1314:19217:55868/1	100	1	100	smNRPS-CB	5945	4088	4187	98	2.75e-40
C662FACXX150129:6:2312:7082:40862/2	101	94	1	smNRPS-CB	5945	3214	3307	100	2.75e-40
C662FACXX150129:7:1202:14867:18865/1	101	1	94	smNRPS-CB	5945	2117	2210	100	2.75e-40
C662FACXX150129:7:1202:14867:18865/2	101	94	1	smNRPS-CB	5945	2117	2210	100	2.75e-40
C662FACXX150129:4:1103:14724:45117/1	97	1	97	smNRPS-CB	5945	3216	3313	98.98	2.75e-40
C662FACXX150129:7:1304:1654:49590/2	101	2	101	smNRPS-CB	5945	3556	3655	98	2.75e-40
C662FACXX150129:5:1313:1240:84160/2	97	97	1	smNRPS-CB	5945	2351	2447	98.969	2.75e-40
C662FACXX150129:6:1206:7127:83230/1	100	1	100	smNRPS-CB	5945	2757	2856	98	2.75e-40
C662FACXX150129:2:2205:1403:70508/1	94	1	94	smNRPS-CB	5945	4783	4876	100	2.75e-40
C662FACXX150129:4:1316:4109:64440/1	94	94	1	smNRPS-CB	5945	2200	2293	100	2.75e-40
C662FACXX150129:6:2206:6023:33251/1	94	1	94	smNRPS-CB	5945	3781	3874	100	2.75e-40
C662FACXX150129:6:1112:19212:94444/2	100	1	100	smNRPS-CB	5945	269	368	98	2.75e-40
C662FACXX150129:4:1105:1526:50098/2	101	94	1	smNRPS-CB	5945	3214	3307	100	2.75e-40
C662FACXX150129:3:1211:10928:95948/2	97	1	97	smNRPS-CB	5945	5283	5379	98.969	2.75e-40
C662FACXX150129:3:2302:19232:94401/2	98	1	98	smNRPS-CB	5945	3992	4089	98.98	7.65e-41
C662FACXX150129:3:1207:15638:23015/2	101	101	1	smNRPS-CB	5945	2063	2163	98.02	7.65e-41
C662FACXX150129:7:2204:6213:89934/2	101	1	101	smNRPS-CB	5945	2029	2129	98.02	7.65e-41
C662FACXX150129:3:2312:19021:30878/1	101	101	1	smNRPS-CB	5945	1969	2069	98.02	7.65e-41
C662FACXX150129:4:2307:16945:22143/1	101	1	101	smNRPS-CB	5945	706	806	98.02	7.65e-41
C662FACXX150129:5:1108:15682:84508/1	101	1	101	smNRPS-CB	5945	3943	4043	98.02	7.65e-41
C662FACXX150129:5:1108:15682:84508/2	101	101	1	smNRPS-CB	5945	3950	4050	98.02	7.65e-41
C662FACXX150129:3:2315:14447:59396/2	101	1	101	smNRPS-CB	5945	862	962	98.02	7.65e-41
C662FACXX150129:5:2114:18394:80076/1	101	101	1	smNRPS-CB	5945	2829	2929	98.02	7.65e-41
C662FACXX150129:5:2114:18394:80076/2	101	1	101	smNRPS-CB	5945	2726	2826	98.02	7.65e-41
C662FACXX150129:6:2215:12560:81155/1	101	101	1	smNRPS-CB	5945	1503	1603	98.02	7.65e-41
C662FACXX150129:4:2203:7142:19479/2	101	1	101	smNRPS-CB	5945	2436	2536	98.02	7.65e-41
C662FACXX150129:5:2103:17242:14341/2	95	95	1	smNRPS-CB	5945	3402	3496	100	7.65e-41
C662FACXX150129:3:1102:8686:100797/1	101	1	101	smNRPS-CB	5945	2642	2742	98.02	7.65e-41
C662FACXX150129:5:1207:11829:47266/1	101	101	1	smNRPS-CB	5945	4523	4623	98.02	7.65e-41
C662FACXX150129:5:2315:11649:33255/2	101	101	1	smNRPS-CB	5945	940	1040	98.02	7.65e-41
C662FACXX150129:5:2206:4227:13794/1	101	1	101	smNRPS-CB	5945	3104	3204	98.02	7.65e-41
C662FACXX150129:2:1305:16659:88877/2	101	1	101	smNRPS-CB	5945	2412	2512	98.02	7.65e-41
C662FACXX150129:3:2309:17511:74924/2	101	1	101	smNRPS-CB	5945	3283	3383	98.02	7.65e-41
C662FACXX150129:4:2210:12554:90265/1	101	101	1	smNRPS-CB	5945	1517	1617	98.02	7.65e-41
C662FACXX150129:7:1103:3116:63973/1	101	1	101	smNRPS-CB	5945	4793	4893	98.02	7.65e-41
C662FACXX150129:2:2307:19976:91633/1	101	101	1	smNRPS-CB	5945	2052	2152	98.02	7.65e-41
C662FACXX150129:3:2103:7698:78859/2	101	1	98	smNRPS-CB	5945	3050	3147	98.98	7.65e-41
C662FACXX150129:6:1304:6852:10082/2	101	101	1	smNRPS-CB	5945	4523	4623	98.02	7.65e-41
C662FACXX150129:6:1210:8690:80736/2	101	1	101	smNRPS-CB	5945	1410	1510	98.02	7.65e-41
C662FACXX150129:6:2301:8367:19721/1	101	101	1	smNRPS-CB	5945	1410	1510	98.02	7.65e-41
C662FACXX150129:5:1304:14908:95925/1	101	101	1	smNRPS-CB	5945	1450	1550	98.02	7.65e-41
C662FACXX150129:6:1316:17125:76190/2	101	101	1	smNRPS-CB	5945	2827	2927	98.02	7.65e-41
C662FACXX150129:3:1305:9359:2684/1	95	95	1	smNRPS-CB	5945	2952	3046	100	7.65e-41
C662FACXX150129:4:1203:16794:90435/1	101	101	1	smNRPS-CB	5945	5010	5110	98.02	7.65e-41
C662FACXX150129:2:1103:5624:20697/1	101	101	1	smNRPS-CB	5945	2547	2647	98.02	7.65e-41
C662FACXX150129:2:1103:5624:20697/2	101	1	101	smNRPS-CB	5945	2412	2512	98.02	7.65e-41
C662FACXX150129:2:2301:17083:71482/2	101	1	101	smNRPS-CB	5945	1518	1618	98.02	7.65e-41
C662FACXX150129:5:2205:3291:57579/1	101	101	1	smNRPS-CB	5945	684	784	98.02	7.65e-41
C662FACXX150129:4:2308:12140:77868/2	101	101	1	smNRPS-CB	5945	2751	2851	98.02	7.65e-41
C662FACXX150129:2:2307:15690:80868/2	101	101	1	smNRPS-CB	5945	2071	2171	98.02	7.65e-41
C662FACXX150129:7:2107:12314:76617/1	101	101	1	smNRPS-CB	5945	3900	4000	98.02	7.65e-41
C662FACXX150129:7:2107:12314:76617/2	101	1	101	smNRPS-CB	5945	3730	3830	98.02	7.65e-41
C662FACXX150129:2:1104:8733:26998/1	101	1	101	smNRPS-CB	5945	223	323	98.02	7.65e-41
C662FACXX150129:2:1104:8733:26998/2	101	101	1	smNRPS-CB	5945	400	500	98.02	7.65e-41
C662FACXX150129:4:2201:15587:61939/1	101	1	101	smNRPS-CB	5945	2436	2536	98.02	7.65e-41
C662FACXX150129:3:2105:12319:29620/1	101	1	101	smNRPS-CB	5945	1398	1498	98.02	7.65e-41
C662FACXX150129:7:1212:16129:73209/2	101	1	101	smNRPS-CB	5945	2713	2813	98.02	7.65e-41
C662FACXX150129:5:2103:1660:67239/2	101	101	1	smNRPS-CB	5945	33	133	98.02	7.65e-41
C662FACXX150129:5:2112:6114:88319/2	101	1	101	smNRPS-CB	5945	1953	2053	98.02	7.65e-41
C662FACXX150129:2:1113:7456:50540/1	101	101	1	smNRPS-CB	5945	2460	2560	98.02	7.65e-41
C662FACXX150129:3:2306:16546:57434/2	101	101	1	smNRPS-CB	5945	3927	4027	98.02	7.65e-41
C662FACXX150129:4:2210:19721:48574/2	101	101	1	smNRPS-CB	5945	2430	2530	98.02	7.65e-41
C662FACXX150129:2:1209:4480:33822/1	101	1	101	smNRPS-CB	5945	2436	2536	98.02	7.65e-41
C662FACXX150129:3:1104:13050:57043/1	101	101	1	smNRPS-CB	5945	362	462	98.02	7.65e-41
C662FACXX150129:2:1306:6197:59860/1	101	1	101	smNRPS-CB	5945	2476	2576	98.02	7.65e-41
C662FACXX150129:5:1107:3329:66213/2	101	101	1	smNRPS-CB	5945	23	123	98.02	7.65e-41
C662FACXX150129:6:1210:2265:16738/2	101	1	101	smNRPS-CB	5945	671	771	98.02	7.65e-41
C662FACXX150129:7:2307:8423:44984/1	101	1	101	smNRPS-CB	5945	699	799	98.02	7.65e-41
C662FACXX150129:4:2316:3541:93002/1	101	1	101	smNRPS-CB	5945	2096	2196	98.02	7.65e-41
C662FACXX150129:5:1314:18402:25755/1	101	101	1	smNRPS-CB	5945	4523	4623	98.02	7.65e-41
C662FACXX150129:6:2312:7082:40862/1	101	1	95	smNRPS-CB	5945	3214	3308	100	7.65e-41
C662FACXX150129:4:2101:19650:14798/2	101	101	1	smNRPS-CB	5945	5658	5758	98.02	7.65e-41
C662FACXX150129:5:1313:1556:19868/1	101	1	101	smNRPS-CB	5945	3139	3239	98.02	7.65e-41
C662FACXX150129:7:2105:2478:81148/1	101	98	1	smNRPS-CB	5945	4141	4238	98.98	7.65e-41
C662FACXX150129:7:2105:2478:81148/2	101	1	98	smNRPS-CB	5945	4141	4238	98.98	7.65e-41
C662FACXX150129:3:2102:8470:79598/1	101	1	101	smNRPS-CB	5945	1455	1555	98.02	7.65e-41
C662FACXX150129:2:1205:19508:75807/1	101	101	1	smNRPS-CB	5945	1959	2059	98.02	7.65e-41
C662FACXX150129:2:1205:19508:75807/2	101	1	101	smNRPS-CB	5945	1953	2053	98.02	7.65e-41
C662FACXX150129:2:1104:13087:74859/2	101	1	101	smNRPS-CB	5945	2024	2124	98.02	7.65e-41
C662FACXX150129:2:2213:10151:15306/1	101	1	101	smNRPS-CB	5945	5010	5110	98.02	7.65e-41
C662FACXX150129:7:2111:9866:2734/2	101	1	101	smNRPS-CB	5945	3478	3578	98.02	7.65e-41
C662FACXX150129:4:1214:10484:91444/1	98	98	1	smNRPS-CB	5945	5184	5281	98.98	7.65e-41
C662FACXX150129:3:1102:4734:37507/2	101	1	101	smNRPS-CB	5945	3283	3383	98.02	7.65e-41
C662FACXX150129:2:2101:15253:90015/2	101	101	1	smNRPS-CB	5945	3646	3746	98.02	7.65e-41
C662FACXX150129:3:1216:9306:75999/2	101	101	1	smNRPS-CB	5945	3005	3105	98.02	7.65e-41
C662FACXX150129:6:2107:10503:93734/1	101	1	101	smNRPS-CB	5945	3938	4038	98.02	7.65e-41
C662FACXX150129:6:1208:8216:36090/1	101	101	1	smNRPS-CB	5945	1403	1503	98.02	7.65e-41
C662FACXX150129:3:2102:5640:45954/1	101	1	101	smNRPS-CB	5945	3292	3392	98.02	7.65e-41
C662FACXX150129:5:2112:16047:7569/1	101	1	101	smNRPS-CB	5945	1953	2053	98.02	7.65e-41
C662FACXX150129:7:1113:4972:90777/1	101	101	1	smNRPS-CB	5945	4800	4900	98.02	7.65e-41
C662FACXX150129:4:2307:6634:18712/1	101	1	101	smNRPS-CB	5945	3126	3226	98.02	7.65e-41
C662FACXX150129:4:2104:17309:60307/1	101	1	101	smNRPS-CB	5945	706	806	98.02	7.65e-41
C662FACXX150129:6:1105:6929:43737/2	101	98	1	smNRPS-CB	5945	5019	5116	98.98	7.65e-41
C662FACXX150129:7:1210:3781:16588/1	101	1	101	smNRPS-CB	5945	4793	4893	98.02	7.65e-41
C662FACXX150129:6:1104:6799:71428/1	98	1	98	smNRPS-CB	5945	1306	1403	98.98	7.65e-41
C662FACXX150129:2:2305:2367:42490/1	101	101	1	smNRPS-CB	5945	3581	3681	98.02	7.65e-41
C662FACXX150129:2:2310:13790:97521/1	101	1	101	smNRPS-CB	5945	407	507	98.02	7.65e-41
C662FACXX150129:4:2108:16830:38085/1	101	101	1	smNRPS-CB	5945	315	415	98.02	7.65e-41
C662FACXX150129:4:1206:7267:57810/2	101	1	101	smNRPS-CB	5945	704	804	98.02	7.65e-41
C662FACXX150129:3:2312:4241:17600/1	101	1	101	smNRPS-CB	5945	1497	1597	98.02	7.65e-41
C662FACXX150129:2:1303:6267:42195/1	101	1	101	smNRPS-CB	5945	3104	3204	98.02	7.65e-41
C662FACXX150129:7:2115:20055:4308/2	101	98	1	smNRPS-CB	5945	4171	4268	98.98	7.65e-41
C662FACXX150129:6:2215:12502:58689/2	101	101	1	smNRPS-CB	5945	5648	5748	98.02	7.65e-41
C662FACXX150129:4:1101:13545:32591/2	101	1	101	smNRPS-CB	5945	3358	3458	98.02	7.65e-41
C662FACXX150129:6:1310:7317:56031/1	101	1	101	smNRPS-CB	5945	1964	2064	98.02	7.65e-41
C662FACXX150129:6:1310:7317:56031/2	101	101	1	smNRPS-CB	5945	1979	2079	98.02	7.65e-41
C662FACXX150129:3:2214:18512:85097/1	101	101	1	smNRPS-CB	5945	1471	1571	98.02	7.65e-41
C662FACXX150129:6:1215:15051:9115/1	101	101	1	smNRPS-CB	5945	33	133	98.02	7.65e-41
C662FACXX150129:3:1303:14751:51820/1	101	1	101	smNRPS-CB	5945	2401	2501	98.02	7.65e-41
C662FACXX150129:2:2209:16550:16423/1	98	1	98	smNRPS-CB	5945	2785	2882	98.98	7.65e-41
C662FACXX150129:3:1208:10554:7320/2	101	101	1	smNRPS-CB	5945	309	409	98.02	7.65e-41
C662FACXX150129:4:1309:12461:26843/2	101	101	1	smNRPS-CB	5945	3563	3663	98.02	7.65e-41
C662FACXX150129:3:1310:14387:28948/2	101	101	1	smNRPS-CB	5945	2071	2171	98.02	7.65e-41
C662FACXX150129:6:2314:15431:73114/2	101	1	101	smNRPS-CB	5945	2461	2561	98.02	7.65e-41
C662FACXX150129:6:2112:17834:52587/2	101	1	101	smNRPS-CB	5945	5517	5617	98.02	7.65e-41
C662FACXX150129:3:1102:8686:100797/2	101	101	3	smNRPS-CB	5945	2668	2766	98.99	2.13e-41
C662FACXX150129:4:1316:10139:84764/2	101	1	101	smNRPS-CB	5945	5242	5344	98.058	2.13e-41
C662FACXX150129:5:2206:4227:13794/2	101	101	3	smNRPS-CB	5945	3270	3368	98.99	2.13e-41
C662FACXX150129:5:1107:4739:95257/2	96	96	1	smNRPS-CB	5945	3176	3271	100	2.13e-41
C662FACXX150129:4:2201:9142:63931/2	99	1	99	smNRPS-CB	5945	5094	5192	98.99	2.13e-41
C662FACXX150129:3:1312:16923:85912/2	99	99	1	smNRPS-CB	5945	2903	3001	98.99	2.13e-41
C662FACXX150129:4:2308:12140:77868/1	101	1	99	smNRPS-CB	5945	2640	2738	98.99	2.13e-41
C662FACXX150129:2:1104:5143:85756/1	101	101	3	smNRPS-CB	5945	3513	3611	98.99	2.13e-41
C662FACXX150129:7:1115:9222:101256/1	99	99	1	smNRPS-CB	5945	4723	4821	98.99	2.13e-41
C662FACXX150129:7:1209:4303:57538/1	101	1	99	smNRPS-CB	5945	919	1017	98.99	2.13e-41
C662FACXX150129:4:1208:3475:78235/2	99	1	99	smNRPS-CB	5945	3358	3456	98.99	2.13e-41
C662FACXX150129:4:1113:15302:35760/2	101	101	3	smNRPS-CB	5945	1461	1559	98.99	2.13e-41
C662FACXX150129:4:2204:3584:24850/1	99	1	99	smNRPS-CB	5945	5106	5204	98.99	2.13e-41
C662FACXX150129:6:2216:16783:72941/2	99	1	99	smNRPS-CB	5945	3478	3576	98.99	2.13e-41
C662FACXX150129:7:1115:18776:97257/2	96	96	1	smNRPS-CB	5945	3151	3246	100	2.13e-41
C662FACXX150129:3:1114:19651:16702/2	99	1	99	smNRPS-CB	5945	5188	5286	98.99	2.13e-41
C662FACXX150129:3:2216:13593:73897/2	100	1	100	smNRPS-CB	5945	3492	3591	99	5.92e-42
C662FACXX150129:5:2214:5384:71118/1	100	100	1	smNRPS-CB	5945	5359	5458	99	5.92e-42
C662FACXX150129:6:2304:4985:50682/1	101	1	100	smNRPS-CB	5945	1923	2022	99	5.92e-42
C662FACXX150129:4:2101:6956:28807/2	101	101	2	smNRPS-CB	5945	1020	1119	99	5.92e-42
C662FACXX150129:3:1304:1823:40887/1	100	100	1	smNRPS-CB	5945	5355	5454	99	5.92e-42
C662FACXX150129:5:2204:1943:57709/1	100	100	1	smNRPS-CB	5945	5343	5442	99	5.92e-42
C662FACXX150129:7:2210:14778:46343/1	97	1	97	smNRPS-CB	5945	837	933	100	5.92e-42
C662FACXX150129:6:2310:18924:70676/1	97	1	97	smNRPS-CB	5945	592	688	100	5.92e-42
C662FACXX150129:4:1115:10049:72009/1	100	100	1	smNRPS-CB	5945	3011	3110	99	5.92e-42
C662FACXX150129:7:1213:17662:42830/1	100	1	100	smNRPS-CB	5945	1107	1206	99	5.92e-42
C662FACXX150129:7:1314:3107:85196/1	100	1	100	smNRPS-CB	5945	1982	2081	99	5.92e-42
C662FACXX150129:3:2114:14929:29554/1	97	1	97	smNRPS-CB	5945	911	1007	100	5.92e-42
C662FACXX150129:6:2215:1487:11989/1	100	100	1	smNRPS-CB	5945	3896	3995	99	5.92e-42
C662FACXX150129:6:2105:10575:85790/2	98	1	98	smNRPS-CB	5945	5295	5392	100	1.64e-42
C662FACXX150129:2:2105:10197:52476/1	101	101	1	smNRPS-CB	5945	915	1015	99.01	1.64e-42
C662FACXX150129:4:1113:2199:84025/1	98	98	1	smNRPS-CB	5945	3764	3861	100	1.64e-42
C662FACXX150129:5:1315:5856:80484/2	101	101	1	smNRPS-CB	5945	2424	2524	99.01	1.64e-42
C662FACXX150129:3:2113:9618:93232/1	101	101	1	smNRPS-CB	5945	3477	3577	99.01	1.64e-42
C662FACXX150129:3:1215:7543:31675/2	101	101	1	smNRPS-CB	5945	942	1042	99.01	1.64e-42
C662FACXX150129:4:1101:13056:56422/1	101	1	101	smNRPS-CB	5945	1435	1535	99.01	1.64e-42
C662FACXX150129:4:1101:13056:56422/2	101	101	1	smNRPS-CB	5945	1544	1644	99.01	1.64e-42
C662FACXX150129:6:1209:1447:72613/2	101	1	101	smNRPS-CB	5945	1359	1459	99.01	1.64e-42
C662FACXX150129:6:1106:9020:22737/1	101	101	1	smNRPS-CB	5945	4721	4821	99.01	1.64e-42
C662FACXX150129:5:2309:10665:61685/2	101	1	101	smNRPS-CB	5945	3046	3146	99.01	1.64e-42
C662FACXX150129:7:2108:3709:89709/1	101	1	101	smNRPS-CB	5945	4096	4196	99.01	1.64e-42
C662FACXX150129:4:2107:10721:84709/2	101	101	1	smNRPS-CB	5945	3332	3432	99.01	1.64e-42
C662FACXX150129:4:2207:15515:27420/2	101	101	1	smNRPS-CB	5945	104	204	99.01	1.64e-42
C662FACXX150129:3:1307:7947:28308/2	101	1	101	smNRPS-CB	5945	3044	3144	99.01	1.64e-42
C662FACXX150129:5:2214:5384:71118/2	101	1	101	smNRPS-CB	5945	5338	5438	99.01	1.64e-42
C662FACXX150129:6:1201:5719:18494/1	101	1	101	smNRPS-CB	5945	2881	2981	99.01	1.64e-42
C662FACXX150129:7:1302:8021:34092/1	101	1	101	smNRPS-CB	5945	4119	4219	99.01	1.64e-42
C662FACXX150129:7:1106:14011:86607/2	101	101	1	smNRPS-CB	5945	2847	2947	99.01	1.64e-42
C662FACXX150129:7:2203:19439:32002/2	101	101	1	smNRPS-CB	5945	3343	3443	99.01	1.64e-42
C662FACXX150129:4:2101:6956:28807/1	101	1	101	smNRPS-CB	5945	899	999	99.01	1.64e-42
C662FACXX150129:6:2114:9255:36502/1	98	1	98	smNRPS-CB	5945	3764	3861	100	1.64e-42
C662FACXX150129:7:1212:14624:80337/2	101	1	101	smNRPS-CB	5945	4007	4107	99.01	1.64e-42
C662FACXX150129:7:2202:7931:8112/1	101	101	1	smNRPS-CB	5945	806	906	99.01	1.64e-42
C662FACXX150129:7:2202:7931:8112/2	101	1	101	smNRPS-CB	5945	786	886	99.01	1.64e-42
C662FACXX150129:4:2111:10540:27895/1	101	101	1	smNRPS-CB	5945	5354	5454	99.01	1.64e-42
C662FACXX150129:3:1304:1823:40887/2	101	1	101	smNRPS-CB	5945	5106	5206	99.01	1.64e-42
C662FACXX150129:5:1110:1699:29488/1	101	1	101	smNRPS-CB	5945	3341	3441	99.01	1.64e-42
C662FACXX150129:5:1110:1699:29488/2	101	101	1	smNRPS-CB	5945	3343	3443	99.01	1.64e-42
C662FACXX150129:3:2309:17511:74924/1	101	101	1	smNRPS-CB	5945	3332	3432	99.01	1.64e-42
C662FACXX150129:2:2209:14546:67865/2	101	1	101	smNRPS-CB	5945	5689	5789	99.01	1.64e-42
C662FACXX150129:4:2210:12554:90265/2	101	1	101	smNRPS-CB	5945	1364	1464	99.01	1.64e-42
C662FACXX150129:3:2103:7698:78859/1	101	101	1	smNRPS-CB	5945	3249	3349	99.01	1.64e-42
C662FACXX150129:6:2202:17514:19375/1	98	1	98	smNRPS-CB	5945	2285	2382	100	1.64e-42
C662FACXX150129:3:2212:8665:9128/1	101	101	1	smNRPS-CB	5945	2396	2496	99.01	1.64e-42
C662FACXX150129:6:1106:3633:43311/1	101	101	1	smNRPS-CB	5945	3915	4015	99.01	1.64e-42
C662FACXX150129:6:2301:8367:19721/2	101	1	101	smNRPS-CB	5945	1369	1469	99.01	1.64e-42
C662FACXX150129:3:1204:10794:45377/2	101	1	101	smNRPS-CB	5945	420	520	99.01	1.64e-42
C662FACXX150129:2:1110:5957:53123/1	101	1	101	smNRPS-CB	5945	2422	2522	99.01	1.64e-42
C662FACXX150129:2:1110:5957:53123/2	101	98	1	smNRPS-CB	5945	2528	2625	100	1.64e-42
C662FACXX150129:2:1309:19435:30381/2	101	101	1	smNRPS-CB	5945	5050	5150	99.01	1.64e-42
C662FACXX150129:3:2302:10671:4279/1	101	1	101	smNRPS-CB	5945	3265	3365	99.01	1.64e-42
C662FACXX150129:4:1310:6432:94441/2	101	1	101	smNRPS-CB	5945	5175	5275	99.01	1.64e-42
C662FACXX150129:3:2110:11597:11037/1	101	101	1	smNRPS-CB	5945	5168	5268	99.01	1.64e-42
C662FACXX150129:3:2110:11597:11037/2	101	1	101	smNRPS-CB	5945	5104	5204	99.01	1.64e-42
C662FACXX150129:6:1104:10553:84762/2	101	1	101	smNRPS-CB	5945	3478	3578	99.01	1.64e-42
C662FACXX150129:4:1307:16788:28195/1	101	101	1	smNRPS-CB	5945	4721	4821	99.01	1.64e-42
C662FACXX150129:4:2112:18262:93319/1	101	1	101	smNRPS-CB	5945	1107	1207	99.01	1.64e-42
C662FACXX150129:3:1312:16923:85912/1	101	1	101	smNRPS-CB	5945	2883	2983	99.01	1.64e-42
C662FACXX150129:7:1104:15615:6426/1	101	1	101	smNRPS-CB	5945	3000	3100	99.01	1.64e-42
C662FACXX150129:5:2213:4985:60093/1	101	1	101	smNRPS-CB	5945	3258	3358	99.01	1.64e-42
C662FACXX150129:5:2213:4985:60093/2	101	101	1	smNRPS-CB	5945	3335	3435	99.01	1.64e-42
C662FACXX150129:4:2309:4857:77228/1	101	101	1	smNRPS-CB	5945	1308	1408	99.01	1.64e-42
C662FACXX150129:3:1315:5905:38264/2	101	101	1	smNRPS-CB	5945	949	1049	99.01	1.64e-42
C662FACXX150129:6:1314:19217:55868/2	101	101	1	smNRPS-CB	5945	4140	4240	99.01	1.64e-42
C662FACXX150129:3:2102:5250:80149/1	101	1	101	smNRPS-CB	5945	908	1008	99.01	1.64e-42
C662FACXX150129:7:1212:16129:73209/1	101	101	1	smNRPS-CB	5945	2799	2899	99.01	1.64e-42
C662FACXX150129:3:2111:5292:96116/2	101	1	101	smNRPS-CB	5945	3214	3314	99.01	1.64e-42
C662FACXX150129:6:1112:9418:89444/1	101	101	1	smNRPS-CB	5945	624	724	99.01	1.64e-42
C662FACXX150129:6:1112:9418:89444/2	101	1	101	smNRPS-CB	5945	618	718	99.01	1.64e-42
C662FACXX150129:6:1309:14014:79439/1	101	101	1	smNRPS-CB	5945	5193	5293	99.01	1.64e-42
C662FACXX150129:2:1209:4480:33822/2	101	101	1	smNRPS-CB	5945	2780	2880	99.01	1.64e-42
C662FACXX150129:7:2206:5243:14898/1	101	101	1	smNRPS-CB	5945	5342	5442	99.01	1.64e-42
C662FACXX150129:6:2205:15455:27817/1	101	1	101	smNRPS-CB	5945	409	509	99.01	1.64e-42
C662FACXX150129:6:2205:15455:27817/2	101	101	1	smNRPS-CB	5945	629	729	99.01	1.64e-42
C662FACXX150129:2:1306:6197:59860/2	101	101	1	smNRPS-CB	5945	2648	2748	99.01	1.64e-42
C662FACXX150129:7:2307:17730:46955/2	101	101	1	smNRPS-CB	5945	170	270	99.01	1.64e-42
C662FACXX150129:5:1314:18402:25755/2	101	1	101	smNRPS-CB	5945	4121	4221	99.01	1.64e-42
C662FACXX150129:5:1313:1556:19868/2	101	101	1	smNRPS-CB	5945	3237	3337	99.01	1.64e-42
C662FACXX150129:2:1306:1382:30524/2	101	101	1	smNRPS-CB	5945	1861	1961	99.01	1.64e-42
C662FACXX150129:2:2213:10151:15306/2	101	101	1	smNRPS-CB	5945	5051	5151	99.01	1.64e-42
C662FACXX150129:5:1106:18776:19316/1	101	101	1	smNRPS-CB	5945	624	724	99.01	1.64e-42
C662FACXX150129:4:2202:13604:33036/1	101	1	101	smNRPS-CB	5945	1112	1212	99.01	1.64e-42
C662FACXX150129:4:2202:13604:33036/2	101	101	1	smNRPS-CB	5945	1254	1354	99.01	1.64e-42
C662FACXX150129:2:2101:15253:90015/1	101	1	101	smNRPS-CB	5945	3506	3606	99.01	1.64e-42
C662FACXX150129:6:2107:10503:93734/2	101	101	1	smNRPS-CB	5945	4084	4184	99.01	1.64e-42
C662FACXX150129:4:1113:15302:35760/1	101	1	101	smNRPS-CB	5945	1425	1525	99.01	1.64e-42
C662FACXX150129:3:1114:7532:25633/2	101	101	1	smNRPS-CB	5945	246	346	99.01	1.64e-42
C662FACXX150129:6:1208:8216:36090/2	101	1	101	smNRPS-CB	5945	1301	1401	99.01	1.64e-42
C662FACXX150129:3:2102:5640:45954/2	101	101	1	smNRPS-CB	5945	3343	3443	99.01	1.64e-42
C662FACXX150129:7:1302:19183:60343/1	101	1	101	smNRPS-CB	5945	1423	1523	99.01	1.64e-42
C662FACXX150129:4:2307:6634:18712/2	101	101	1	smNRPS-CB	5945	3249	3349	99.01	1.64e-42
C662FACXX150129:5:2110:19129:93714/2	101	1	101	smNRPS-CB	5945	5104	5204	99.01	1.64e-42
C662FACXX150129:4:1103:14724:45117/2	101	101	1	smNRPS-CB	5945	3266	3366	99.01	1.64e-42
C662FACXX150129:3:2313:8490:31404/1	101	101	1	smNRPS-CB	5945	3010	3110	99.01	1.64e-42
C662FACXX150129:7:1103:8172:62380/2	101	1	101	smNRPS-CB	5945	3364	3464	99.01	1.64e-42
C662FACXX150129:5:1107:15463:24030/1	101	1	101	smNRPS-CB	5945	3341	3441	99.01	1.64e-42
C662FACXX150129:5:1107:15463:24030/2	101	101	1	smNRPS-CB	5945	3343	3443	99.01	1.64e-42
C662FACXX150129:7:2301:5849:90207/1	101	101	1	smNRPS-CB	5945	93	193	99.01	1.64e-42
C662FACXX150129:7:2301:5849:90207/2	101	1	101	smNRPS-CB	5945	73	173	99.01	1.64e-42
C662FACXX150129:2:1106:12404:65057/1	101	101	1	smNRPS-CB	5945	915	1015	99.01	1.64e-42
C662FACXX150129:5:2105:5412:64676/2	101	101	1	smNRPS-CB	5945	3351	3451	99.01	1.64e-42
C662FACXX150129:6:1104:6799:71428/2	101	101	1	smNRPS-CB	5945	1382	1482	99.01	1.64e-42
C662FACXX150129:5:2213:14469:44147/1	101	101	1	smNRPS-CB	5945	3436	3536	99.01	1.64e-42
C662FACXX150129:4:2108:16830:38085/2	101	1	101	smNRPS-CB	5945	312	412	99.01	1.64e-42
C662FACXX150129:5:1313:1240:84160/1	101	1	101	smNRPS-CB	5945	2345	2445	99.01	1.64e-42
C662FACXX150129:3:2205:15769:84833/2	101	1	101	smNRPS-CB	5945	5094	5194	99.01	1.64e-42
C662FACXX150129:3:2302:9095:27486/1	101	101	1	smNRPS-CB	5945	2643	2743	99.01	1.64e-42
C662FACXX150129:3:2302:9095:27486/2	101	1	101	smNRPS-CB	5945	2614	2714	99.01	1.64e-42
C662FACXX150129:2:2108:17685:49129/2	101	101	1	smNRPS-CB	5945	2780	2880	99.01	1.64e-42
C662FACXX150129:5:1304:17120:71879/1	101	101	1	smNRPS-CB	5945	1308	1408	99.01	1.64e-42
C662FACXX150129:7:2112:15582:71891/1	101	1	101	smNRPS-CB	5945	5059	5159	99.01	1.64e-42
C662FACXX150129:3:1210:18128:99198/1	101	1	101	smNRPS-CB	5945	2137	2237	99.01	1.64e-42
C662FACXX150129:2:2104:16812:18856/2	98	1	98	smNRPS-CB	5945	3418	3515	100	1.64e-42
C662FACXX150129:2:1204:19806:96622/1	99	99	1	smNRPS-CB	5945	824	922	100	4.57e-43
C662FACXX150129:5:2315:11649:33255/1	99	1	99	smNRPS-CB	5945	887	985	100	4.57e-43
C662FACXX150129:6:1210:2265:16738/1	99	99	1	smNRPS-CB	5945	870	968	100	4.57e-43
C662FACXX150129:3:2205:9893:2384/2	101	1	100	smNRPS-CB	5945	3455	3554	100	1.27e-43
C662FACXX150129:6:1216:9336:85564/2	101	1	100	smNRPS-CB	5945	3455	3554	100	1.27e-43
C662FACXX150129:3:1204:10794:45377/1	100	100	1	smNRPS-CB	5945	738	837	100	1.27e-43
C662FACXX150129:2:2203:14331:36154/1	101	101	2	smNRPS-CB	5945	4786	4885	100	1.27e-43
C662FACXX150129:3:1102:18663:60779/2	100	100	1	smNRPS-CB	5945	909	1008	100	1.27e-43
C662FACXX150129:2:1316:19381:40117/2	100	100	1	smNRPS-CB	5945	2963	3062	100	1.27e-43
C662FACXX150129:5:2314:3243:81217/2	100	100	1	smNRPS-CB	5945	755	854	100	1.27e-43
C662FACXX150129:7:1213:17662:42830/2	100	100	1	smNRPS-CB	5945	1366	1465	100	1.27e-43
C662FACXX150129:5:2105:5412:64676/1	101	2	101	smNRPS-CB	5945	3150	3249	100	1.27e-43
C662FACXX150129:7:2115:20055:4308/1	100	1	100	smNRPS-CB	5945	4027	4126	100	1.27e-43
C662FACXX150129:6:1112:4731:38488/1	100	1	100	smNRPS-CB	5945	2138	2237	100	1.27e-43
C662FACXX150129:7:2208:12554:18427/1	100	1	100	smNRPS-CB	5945	848	947	100	1.27e-43
C662FACXX150129:5:1315:5856:80484/1	101	1	101	smNRPS-CB	5945	2242	2342	100	3.54e-44
C662FACXX150129:4:2307:16945:22143/2	101	101	1	smNRPS-CB	5945	736	836	100	3.54e-44
C662FACXX150129:2:2304:6024:29404/1	101	1	101	smNRPS-CB	5945	134	234	100	3.54e-44
C662FACXX150129:3:2113:9618:93232/2	101	1	101	smNRPS-CB	5945	3374	3474	100	3.54e-44
C662FACXX150129:6:1204:13692:52023/1	101	1	101	smNRPS-CB	5945	4041	4141	100	3.54e-44
C662FACXX150129:4:2113:9129:51290/1	101	101	1	smNRPS-CB	5945	5722	5822	100	3.54e-44
C662FACXX150129:2:1204:19806:96622/2	101	1	101	smNRPS-CB	5945	814	914	100	3.54e-44
C662FACXX150129:5:1303:12731:61246/2	101	1	101	smNRPS-CB	5945	5283	5383	100	3.54e-44
C662FACXX150129:7:1115:18545:52719/1	101	1	101	smNRPS-CB	5945	5288	5388	100	3.54e-44
C662FACXX150129:6:2304:4985:50682/2	101	101	1	smNRPS-CB	5945	2150	2250	100	3.54e-44
C662FACXX150129:4:1316:6605:50708/1	101	101	1	smNRPS-CB	5945	821	921	100	3.54e-44
C662FACXX150129:4:1316:6605:50708/2	101	1	101	smNRPS-CB	5945	793	893	100	3.54e-44
C662FACXX150129:4:2111:10540:27895/2	101	1	101	smNRPS-CB	5945	5285	5385	100	3.54e-44
C662FACXX150129:5:1303:14634:50735/1	101	1	101	smNRPS-CB	5945	5788	5888	100	3.54e-44
C662FACXX150129:4:2116:4163:48154/1	101	1	101	smNRPS-CB	5945	5290	5390	100	3.54e-44
C662FACXX150129:4:2116:4163:48154/2	101	101	1	smNRPS-CB	5945	5297	5397	100	3.54e-44
C662FACXX150129:7:1311:8317:78370/1	101	101	1	smNRPS-CB	5945	5715	5815	100	3.54e-44
C662FACXX150129:7:1305:9790:60140/1	101	101	1	smNRPS-CB	5945	3396	3496	100	3.54e-44
C662FACXX150129:7:1305:9790:60140/2	101	1	101	smNRPS-CB	5945	3190	3290	100	3.54e-44
C662FACXX150129:7:1310:18168:37991/2	101	1	101	smNRPS-CB	5945	871	971	100	3.54e-44
C662FACXX150129:3:2212:8665:9128/2	101	1	101	smNRPS-CB	5945	2201	2301	100	3.54e-44
C662FACXX150129:4:2201:9142:63931/1	101	101	1	smNRPS-CB	5945	5295	5395	100	3.54e-44
C662FACXX150129:5:2204:1943:57709/2	101	1	101	smNRPS-CB	5945	5283	5383	100	3.54e-44
C662FACXX150129:3:1305:9359:2684/2	101	1	101	smNRPS-CB	5945	2939	3039	100	3.54e-44
C662FACXX150129:4:2112:18262:93319/2	101	101	1	smNRPS-CB	5945	1365	1465	100	3.54e-44
C662FACXX150129:2:1205:8265:100354/2	101	101	1	smNRPS-CB	5945	735	835	100	3.54e-44
C662FACXX150129:7:2313:7570:77084/2	101	101	1	smNRPS-CB	5945	5780	5880	100	3.54e-44
C662FACXX150129:5:2203:11336:22461/1	101	1	101	smNRPS-CB	5945	2195	2295	100	3.54e-44
C662FACXX150129:7:2211:18727:94842/1	101	1	101	smNRPS-CB	5945	5742	5842	100	3.54e-44
C662FACXX150129:4:2313:19413:19631/1	101	101	1	smNRPS-CB	5945	5261	5361	100	3.54e-44
C662FACXX150129:4:2313:19413:19631/2	101	1	101	smNRPS-CB	5945	4765	4865	100	3.54e-44
C662FACXX150129:2:2306:7728:7114/2	101	1	101	smNRPS-CB	5945	5283	5383	100	3.54e-44
C662FACXX150129:3:1315:5905:38264/1	101	1	101	smNRPS-CB	5945	804	904	100	3.54e-44
C662FACXX150129:6:1109:18764:59656/2	101	1	101	smNRPS-CB	5945	1578	1678	100	3.54e-44
C662FACXX150129:4:1115:10049:72009/2	101	1	101	smNRPS-CB	5945	2879	2979	100	3.54e-44
C662FACXX150129:2:1113:7456:50540/2	101	1	101	smNRPS-CB	5945	2143	2243	100	3.54e-44
C662FACXX150129:4:2210:19721:48574/1	101	1	101	smNRPS-CB	5945	2195	2295	100	3.54e-44
C662FACXX150129:7:1314:5624:2029/1	101	101	1	smNRPS-CB	5945	795	895	100	3.54e-44
C662FACXX150129:7:1314:5624:2029/2	101	1	101	smNRPS-CB	5945	583	683	100	3.54e-44
C662FACXX150129:3:1102:18663:60779/1	101	1	101	smNRPS-CB	5945	852	952	100	3.54e-44
C662FACXX150129:4:1103:16859:39079/1	101	101	1	smNRPS-CB	5945	5793	5893	100	3.54e-44
C662FACXX150129:4:1103:16859:39079/2	101	1	101	smNRPS-CB	5945	5710	5810	100	3.54e-44
C662FACXX150129:3:1104:13050:57043/2	101	1	101	smNRPS-CB	5945	134	234	100	3.54e-44
C662FACXX150129:4:1309:3756:21572/1	101	101	1	smNRPS-CB	5945	3437	3537	100	3.54e-44
C662FACXX150129:7:2206:5243:14898/2	101	1	101	smNRPS-CB	5945	5269	5369	100	3.54e-44
C662FACXX150129:4:2101:16535:92289/1	101	1	101	smNRPS-CB	5945	2950	3050	100	3.54e-44
C662FACXX150129:7:2307:8423:44984/2	101	101	1	smNRPS-CB	5945	755	855	100	3.54e-44
C662FACXX150129:4:2316:3541:93002/2	101	101	1	smNRPS-CB	5945	2150	2250	100	3.54e-44
C662FACXX150129:7:2307:17730:46955/1	101	1	101	smNRPS-CB	5945	159	259	100	3.54e-44
C662FACXX150129:3:1209:17995:22876/1	101	101	1	smNRPS-CB	5945	774	874	100	3.54e-44
C662FACXX150129:4:1208:3475:78235/1	101	101	1	smNRPS-CB	5945	3379	3479	100	3.54e-44
C662FACXX150129:2:2305:1382:87895/1	101	1	101	smNRPS-CB	5945	4029	4129	100	3.54e-44
C662FACXX150129:5:2306:1891:46372/2	101	101	1	smNRPS-CB	5945	166	266	100	3.54e-44
C662FACXX150129:4:1214:10484:91444/2	101	1	101	smNRPS-CB	5945	5104	5204	100	3.54e-44
C662FACXX150129:4:2316:14251:77228/1	101	1	101	smNRPS-CB	5945	1381	1481	100	3.54e-44
C662FACXX150129:4:2204:3584:24850/2	101	101	1	smNRPS-CB	5945	5284	5384	100	3.54e-44
C662FACXX150129:4:1306:17646:67878/1	101	101	1	smNRPS-CB	5945	868	968	100	3.54e-44
C662FACXX150129:7:1115:18776:97257/1	101	1	101	smNRPS-CB	5945	2941	3041	100	3.54e-44
C662FACXX150129:4:2104:17309:60307/2	101	101	1	smNRPS-CB	5945	736	836	100	3.54e-44
C662FACXX150129:3:2313:8490:31404/2	101	1	101	smNRPS-CB	5945	2879	2979	100	3.54e-44
C662FACXX150129:2:2305:2367:42490/2	101	1	101	smNRPS-CB	5945	3404	3504	100	3.54e-44
C662FACXX150129:7:1110:6068:73198/1	101	101	1	smNRPS-CB	5945	2238	2338	100	3.54e-44
C662FACXX150129:7:1110:6068:73198/2	101	1	101	smNRPS-CB	5945	2178	2278	100	3.54e-44
C662FACXX150129:2:2310:13790:97521/2	101	101	1	smNRPS-CB	5945	721	821	100	3.54e-44
C662FACXX150129:3:2105:9553:16422/1	101	1	101	smNRPS-CB	5945	597	697	100	3.54e-44
C662FACXX150129:3:2105:9553:16422/2	101	101	1	smNRPS-CB	5945	886	986	100	3.54e-44
C662FACXX150129:4:1206:7267:57810/1	101	101	1	smNRPS-CB	5945	833	933	100	3.54e-44
C662FACXX150129:2:1303:6267:42195/2	101	101	1	smNRPS-CB	5945	3166	3266	100	3.54e-44
C662FACXX150129:5:1316:9701:86851/1	101	101	1	smNRPS-CB	5945	5700	5800	100	3.54e-44
C662FACXX150129:5:2210:7051:100023/1	101	101	1	smNRPS-CB	5945	5301	5401	100	3.54e-44
C662FACXX150129:5:1304:17120:71879/2	101	1	101	smNRPS-CB	5945	1226	1326	100	3.54e-44
C662FACXX150129:5:1103:11655:60512/1	101	101	1	smNRPS-CB	5945	5019	5119	100	3.54e-44
C662FACXX150129:7:1206:16288:98033/1	101	101	1	smNRPS-CB	5945	3769	3869	100	3.54e-44
C662FACXX150129:4:2305:4730:38007/1	101	101	1	smNRPS-CB	5945	5261	5361	100	3.54e-44
C662FACXX150129:6:2105:7281:97779/2	101	1	101	smNRPS-CB	5945	1568	1668	100	3.54e-44
