C90P4ANXX160330:4:2109:8488:17917/1	91	1	91	smNRPS-CC	5875	5166	5256	100	1.15e-38
C90P4ANXX160330:2:1312:3155:94840/2	101	1	101	smNRPS-CC	5875	4738	4838	97.03	3.19e-39
C90P4ANXX160330:2:1312:3155:94840/1	101	101	1	smNRPS-CC	5875	4752	4852	98.02	6.85e-41
C90P4ANXX160330:5:1210:17131:87590/1	100	1	100	smNRPS-CC	5875	3040	3139	99	5.29e-42
C90P4ANXX160330:4:2109:8488:17917/2	101	101	1	smNRPS-CC	5875	5321	5421	99.01	1.47e-42
C90P4ANXX160330:5:1210:17131:87590/2	101	101	1	smNRPS-CC	5875	3127	3227	99.01	1.47e-42
C90P4ANXX160330:5:1116:7943:56563/1	73	1	73	smNRPS-CB	5945	141	213	98.63	5.47e-27
C90P4ANXX160330:6:1109:11073:98116/1	76	1	76	smNRPS-CB	5945	1400	1475	100	2.53e-30
C90P4ANXX160330:1:2215:13182:16201/2	85	85	1	smNRPS-CB	5945	353	437	98.824	1.17e-33
C90P4ANXX160330:4:1214:18867:99691/1	93	1	93	smNRPS-CB	5945	3806	3898	96.774	9.03e-35
C90P4ANXX160330:6:1205:18261:52487/1	101	14	101	smNRPS-CB	5945	1	88	98.864	2.51e-35
C90P4ANXX160330:1:1106:15753:24983/1	92	92	1	smNRPS-CB	5945	3643	3734	97.826	6.98e-36
C90P4ANXX160330:4:1107:19221:24130/1	98	98	1	smNRPS-CB	5945	3299	3396	96.939	1.5e-37
C90P4ANXX160330:6:1109:11073:98116/2	101	93	1	smNRPS-CB	5945	1395	1487	98.925	4.17e-38
C90P4ANXX160330:3:2301:14006:22120/1	99	1	99	smNRPS-CB	5945	3807	3905	96.97	4.17e-38
C90P4ANXX160330:4:1107:19221:24130/2	100	1	100	smNRPS-CB	5945	3287	3386	97	1.16e-38
C90P4ANXX160330:3:2301:14006:22120/2	101	101	1	smNRPS-CB	5945	3811	3911	97.03	3.22e-39
C90P4ANXX160330:4:1214:18867:99691/2	101	101	1	smNRPS-CB	5945	3811	3911	97.03	3.22e-39
C90P4ANXX160330:2:1107:9189:26923/2	100	100	3	smNRPS-CB	5945	4834	4931	97.959	3.22e-39
C90P4ANXX160330:4:1104:1957:100039/1	100	1	100	smNRPS-CB	5945	5103	5202	98	2.49e-40
C90P4ANXX160330:4:1104:1957:100039/2	97	97	1	smNRPS-CB	5945	5329	5425	98.969	2.49e-40
C90P4ANXX160330:3:2208:17108:42699/2	101	101	1	smNRPS-CB	5945	3122	3222	98.02	6.93e-41
C90P4ANXX160330:4:1106:11540:100329/1	101	1	101	smNRPS-CB	5945	544	644	98.02	6.93e-41
C90P4ANXX160330:5:2315:8911:94067/2	101	1	101	smNRPS-CB	5945	3962	4062	98.02	6.93e-41
C90P4ANXX160330:6:2205:6123:22316/1	101	101	3	smNRPS-CB	5945	3513	3611	98.99	1.93e-41
C90P4ANXX160330:1:2208:4289:20588/2	99	1	99	smNRPS-CB	5945	2634	2732	98.99	1.93e-41
C90P4ANXX160330:6:1104:18913:69127/2	100	1	100	smNRPS-CB	5945	3351	3450	99	5.36e-42
C90P4ANXX160330:1:1106:15753:24983/2	100	1	100	smNRPS-CB	5945	3614	3713	99	5.36e-42
C90P4ANXX160330:3:2314:17510:92844/1	100	1	100	smNRPS-CB	5945	2927	3026	99	5.36e-42
C90P4ANXX160330:1:2215:13182:16201/1	100	1	100	smNRPS-CB	5945	141	240	99	1.49e-42
C90P4ANXX160330:3:2208:17108:42699/1	101	1	101	smNRPS-CB	5945	3010	3110	99.01	1.49e-42
C90P4ANXX160330:4:1106:11540:100329/2	101	101	1	smNRPS-CB	5945	562	662	99.01	1.49e-42
C90P4ANXX160330:5:2311:12638:28385/2	101	101	1	smNRPS-CB	5945	222	322	99.01	1.49e-42
C90P4ANXX160330:6:2201:14439:61472/1	101	1	101	smNRPS-CB	5945	4126	4226	99.01	1.49e-42
C90P4ANXX160330:2:1107:9189:26923/1	101	3	101	smNRPS-CB	5945	4787	4885	100	4.14e-43
C90P4ANXX160330:6:1104:18913:69127/1	100	100	1	smNRPS-CB	5945	3409	3508	100	1.15e-43
C90P4ANXX160330:5:2311:12638:28385/1	100	1	100	smNRPS-CB	5945	130	229	100	1.15e-43
C90P4ANXX160330:4:2301:14403:38422/2	100	1	100	smNRPS-CB	5945	3453	3552	100	1.15e-43
C90P4ANXX160330:5:2315:8911:94067/1	101	101	1	smNRPS-CB	5945	4029	4129	100	3.2e-44
C90P4ANXX160330:6:1205:18261:52487/2	101	101	1	smNRPS-CB	5945	136	236	100	3.2e-44
