C8G6HANXX160303:5:1207:1794:49481/2	76	1	70	smNRPS-CC	5875	1291	1360	95.714	6.95e-22
C8G6HANXX160303:5:2110:19232:9132/1	101	93	1	smNRPS-CC	5875	1200	1292	97.849	2.45e-36
C8G6HANXX160303:5:2110:19232:9132/2	101	1	99	smNRPS-CC	5875	1200	1297	96.97	1.89e-37
C8G6HANXX160303:6:1109:16214:89840/1	98	1	98	smNRPS-CC	5875	1180	1277	97.959	4.07e-39
C8G6HANXX160303:6:1109:16214:89840/2	99	99	1	smNRPS-CC	5875	1194	1292	97.98	1.13e-39
C8G6HANXX160303:4:1215:1293:82599/2	100	100	1	smNRPS-CC	5875	1193	1292	98	3.14e-40
C8G6HANXX160303:4:1215:1293:82599/1	101	1	101	smNRPS-CC	5875	1177	1277	98.02	8.74e-41
C8G6HANXX160303:4:2315:8039:88872/2	101	101	1	smNRPS-CC	5875	1194	1294	98.02	8.74e-41
C8G6HANXX160303:7:1113:8912:68237/1	101	1	101	smNRPS-CC	5875	421	521	98.02	8.74e-41
C8G6HANXX160303:4:1312:16330:91177/2	78	1	78	smNRPS-CB	5945	2196	2273	100	2.49e-31
C8G6HANXX160303:5:2211:3487:8543/1	101	16	101	smNRPS-CB	5945	1	86	98.837	4.14e-34
C8G6HANXX160303:3:1208:3489:15794/1	98	95	1	smNRPS-CB	5945	3484	3578	96.842	8.91e-36
C8G6HANXX160303:4:1114:16368:74112/1	101	1	92	smNRPS-CB	5945	54	145	97.826	8.91e-36
C8G6HANXX160303:4:1114:16368:74112/2	101	92	1	smNRPS-CB	5945	54	145	97.826	8.91e-36
C8G6HANXX160303:4:1302:14325:49673/1	100	1	100	smNRPS-CB	5945	3661	3760	96	6.89e-37
C8G6HANXX160303:8:2210:8230:54594/1	100	100	1	smNRPS-CB	5945	3528	3627	96	6.89e-37
C8G6HANXX160303:8:2116:16366:42233/1	100	1	100	smNRPS-CB	5945	3490	3589	96	6.89e-37
C8G6HANXX160303:3:1209:3590:29580/2	101	101	1	smNRPS-CB	5945	4910	5010	96.04	1.91e-37
C8G6HANXX160303:8:2210:8230:54594/2	101	1	101	smNRPS-CB	5945	3417	3517	96.04	1.91e-37
C8G6HANXX160303:5:2216:4639:9864/1	101	101	1	smNRPS-CB	5945	3667	3767	96.04	1.91e-37
C8G6HANXX160303:3:2215:1789:48548/2	101	101	1	smNRPS-CB	5945	4910	5010	96.04	1.91e-37
C8G6HANXX160303:4:1307:15914:62988/1	99	99	1	smNRPS-CB	5945	3080	3178	96.97	5.32e-38
C8G6HANXX160303:6:2301:2592:71864/1	99	99	1	smNRPS-CB	5945	1287	1385	96.97	5.32e-38
C8G6HANXX160303:4:1307:15914:62988/2	97	1	97	smNRPS-CB	5945	2975	3071	97.938	1.48e-38
C8G6HANXX160303:3:2312:20964:69074/1	97	97	1	smNRPS-CB	5945	5117	5213	97.938	1.48e-38
C8G6HANXX160303:7:2116:11669:20467/2	100	1	100	smNRPS-CB	5945	4977	5076	97	1.48e-38
C8G6HANXX160303:7:2308:13548:61161/1	91	91	1	smNRPS-CB	5945	2969	3059	100	1.48e-38
C8G6HANXX160303:6:2301:2592:71864/2	101	1	101	smNRPS-CB	5945	1110	1210	97.03	4.12e-39
C8G6HANXX160303:6:1309:12190:54985/1	101	101	1	smNRPS-CB	5945	5522	5622	97.03	4.12e-39
C8G6HANXX160303:6:1208:2390:97092/2	101	101	1	smNRPS-CB	5945	4557	4657	97.03	4.12e-39
C8G6HANXX160303:3:1209:3590:29580/1	101	1	101	smNRPS-CB	5945	4889	4989	97.03	4.12e-39
C8G6HANXX160303:4:1302:14325:49673/2	101	101	1	smNRPS-CB	5945	3688	3788	97.03	4.12e-39
C8G6HANXX160303:5:2216:4639:9864/2	101	1	101	smNRPS-CB	5945	3484	3584	97.03	4.12e-39
C8G6HANXX160303:3:2215:1789:48548/1	101	1	101	smNRPS-CB	5945	4889	4989	97.03	4.12e-39
C8G6HANXX160303:7:2105:14138:71202/1	95	1	95	smNRPS-CB	5945	5370	5464	98.947	4.12e-39
C8G6HANXX160303:7:1107:7616:35238/1	99	99	1	smNRPS-CB	5945	3907	4005	97.98	1.14e-39
C8G6HANXX160303:6:1113:20493:66125/2	93	93	1	smNRPS-CB	5945	768	860	100	1.14e-39
C8G6HANXX160303:3:1208:3489:15794/2	101	1	101	smNRPS-CB	5945	3136	3236	98.02	8.85e-41
C8G6HANXX160303:8:2314:18118:35433/2	101	101	1	smNRPS-CB	5945	3242	3342	98.02	8.85e-41
C8G6HANXX160303:8:2104:9709:36610/2	101	101	1	smNRPS-CB	5945	4163	4263	98.02	8.85e-41
C8G6HANXX160303:5:2106:10142:68627/1	101	1	101	smNRPS-CB	5945	3952	4052	98.02	8.85e-41
C8G6HANXX160303:5:2106:10142:68627/2	101	101	1	smNRPS-CB	5945	3969	4069	98.02	8.85e-41
C8G6HANXX160303:6:1309:12190:54985/2	101	1	101	smNRPS-CB	5945	5469	5569	98.02	8.85e-41
C8G6HANXX160303:3:2312:20964:69074/2	101	1	101	smNRPS-CB	5945	5102	5202	98.02	8.85e-41
C8G6HANXX160303:7:2115:16006:77498/1	101	101	1	smNRPS-CB	5945	1963	2063	98.02	8.85e-41
C8G6HANXX160303:7:2115:16006:77498/2	101	1	101	smNRPS-CB	5945	1963	2063	98.02	8.85e-41
C8G6HANXX160303:3:1214:14206:34156/2	101	101	1	smNRPS-CB	5945	3138	3238	98.02	8.85e-41
C8G6HANXX160303:5:2211:3487:8543/2	101	101	1	smNRPS-CB	5945	51	151	98.02	8.85e-41
C8G6HANXX160303:5:2202:13922:10097/1	101	1	101	smNRPS-CB	5945	2070	2170	98.02	8.85e-41
C8G6HANXX160303:5:2103:5028:45192/2	101	101	1	smNRPS-CB	5945	3138	3238	98.02	8.85e-41
C8G6HANXX160303:8:2103:7892:73564/2	101	101	1	smNRPS-CB	5945	2822	2922	98.02	8.85e-41
C8G6HANXX160303:6:2113:20424:71221/1	101	101	1	smNRPS-CB	5945	3237	3337	98.02	8.85e-41
C8G6HANXX160303:5:1105:13435:21745/2	101	99	1	smNRPS-CB	5945	2090	2188	98.99	2.46e-41
C8G6HANXX160303:8:2103:7892:73564/1	99	1	99	smNRPS-CB	5945	2714	2812	98.99	2.46e-41
C8G6HANXX160303:5:1210:17879:82921/1	100	1	100	smNRPS-CB	5945	1030	1129	99	6.84e-42
C8G6HANXX160303:6:1113:20493:66125/1	100	1	100	smNRPS-CB	5945	410	509	99	6.84e-42
C8G6HANXX160303:8:1201:4364:4994/2	101	101	1	smNRPS-CB	5945	5425	5525	99.01	1.9e-42
C8G6HANXX160303:8:2314:18118:35433/1	101	1	101	smNRPS-CB	5945	3224	3324	99.01	1.9e-42
C8G6HANXX160303:3:1301:8351:76379/2	101	101	1	smNRPS-CB	5945	2992	3092	99.01	1.9e-42
C8G6HANXX160303:5:1210:17879:82921/2	101	101	1	smNRPS-CB	5945	1450	1550	99.01	1.9e-42
C8G6HANXX160303:4:2315:8039:88872/1	101	101	1	smNRPS-CB	5945	4752	4852	99.01	1.9e-42
C8G6HANXX160303:3:1214:14206:34156/1	101	1	101	smNRPS-CB	5945	3043	3143	99.01	1.9e-42
C8G6HANXX160303:7:2116:11669:20467/1	98	98	1	smNRPS-CB	5945	5031	5128	100	1.9e-42
C8G6HANXX160303:5:2103:5028:45192/1	101	1	101	smNRPS-CB	5945	3043	3143	99.01	1.9e-42
C8G6HANXX160303:5:2101:17664:93797/2	101	101	1	smNRPS-CB	5945	3382	3482	99.01	1.9e-42
C8G6HANXX160303:5:1310:13979:49114/2	101	1	101	smNRPS-CB	5945	4146	4246	99.01	1.9e-42
C8G6HANXX160303:5:1209:1944:10083/2	99	1	99	smNRPS-CB	5945	776	874	100	5.29e-43
C8G6HANXX160303:8:1201:4364:4994/1	100	1	100	smNRPS-CB	5945	5105	5204	100	1.47e-43
C8G6HANXX160303:3:1301:8351:76379/1	100	1	100	smNRPS-CB	5945	2927	3026	100	1.47e-43
C8G6HANXX160303:3:2215:4155:37384/1	100	100	1	smNRPS-CB	5945	2425	2524	100	1.47e-43
C8G6HANXX160303:4:1312:16330:91177/1	100	100	1	smNRPS-CB	5945	2308	2407	100	1.47e-43
C8G6HANXX160303:7:1107:7616:35238/2	100	1	100	smNRPS-CB	5945	3774	3873	100	1.47e-43
C8G6HANXX160303:5:1105:13435:21745/1	100	1	100	smNRPS-CB	5945	1901	2000	100	1.47e-43
C8G6HANXX160303:8:2104:9709:36610/1	101	1	101	smNRPS-CB	5945	3779	3879	100	4.09e-44
C8G6HANXX160303:5:1209:1944:10083/1	101	101	1	smNRPS-CB	5945	819	919	100	4.09e-44
C8G6HANXX160303:3:2215:4155:37384/2	101	1	101	smNRPS-CB	5945	2098	2198	100	4.09e-44
C8G6HANXX160303:7:1113:8912:68237/2	101	1	101	smNRPS-CB	5945	5291	5391	100	4.09e-44
C8G6HANXX160303:5:2202:13922:10097/2	101	101	1	smNRPS-CB	5945	2110	2210	100	4.09e-44
C8G6HANXX160303:5:2101:17664:93797/1	101	1	101	smNRPS-CB	5945	3163	3263	100	4.09e-44
