C8G6HANXX160303:5:2104:17794:93625/1	101	1	101	smNRPS-CC	5875	1476	1576	96.04	1.7e-37
C8G6HANXX160303:7:1111:16674:85693/2	101	1	101	smNRPS-CC	5875	1254	1354	97.03	3.66e-39
C8G6HANXX160303:5:2106:20140:9788/1	99	1	99	smNRPS-CC	5875	4291	4389	97.98	1.02e-39
C8G6HANXX160303:4:1212:16597:81985/2	99	99	1	smNRPS-CC	5875	617	715	100	4.71e-43
C8G6HANXX160303:7:1107:1831:40644/1	78	78	1	smNRPS-CB	5945	3322	3399	97.436	4.87e-28
C8G6HANXX160303:7:1211:10059:44236/1	84	1	81	smNRPS-CB	5945	1479	1559	97.531	1.05e-29
C8G6HANXX160303:4:2314:5675:15269/1	92	1	92	smNRPS-CB	5945	3860	3951	96.739	3.73e-34
C8G6HANXX160303:5:2312:20884:84680/1	89	87	1	smNRPS-CB	5945	548	634	98.851	1.04e-34
C8G6HANXX160303:4:2213:20988:62058/1	88	88	1	smNRPS-CB	5945	695	782	98.864	2.89e-35
C8G6HANXX160303:8:1301:12478:8542/2	88	88	1	smNRPS-CB	5945	2720	2807	98.864	2.89e-35
C8G6HANXX160303:8:1116:6517:61885/2	100	1	100	smNRPS-CB	5945	5581	5680	95	2.89e-35
C8G6HANXX160303:4:2314:5675:15269/2	98	98	1	smNRPS-CB	5945	3937	4034	95.918	8.03e-36
C8G6HANXX160303:7:1110:3131:75282/1	101	1	98	smNRPS-CB	5945	4500	4597	95.918	8.03e-36
C8G6HANXX160303:6:2114:20503:31745/1	101	94	1	smNRPS-CB	5945	3642	3735	97.872	6.21e-37
C8G6HANXX160303:6:2114:20503:31745/2	101	1	94	smNRPS-CB	5945	3642	3735	97.872	6.21e-37
C8G6HANXX160303:6:1309:12825:94109/1	98	92	1	smNRPS-CB	5945	4154	4245	98.913	1.73e-37
C8G6HANXX160303:7:2109:15131:25803/2	101	101	1	smNRPS-CB	5945	4557	4657	96.04	1.73e-37
C8G6HANXX160303:6:1203:19749:97412/2	101	96	1	smNRPS-CB	5945	4522	4617	97.917	4.8e-38
C8G6HANXX160303:4:2213:20988:62058/2	99	1	99	smNRPS-CB	5945	501	599	96.97	4.8e-38
C8G6HANXX160303:7:2108:6832:23544/1	101	1	100	smNRPS-CB	5945	1479	1578	97	1.33e-38
C8G6HANXX160303:7:2108:6832:23544/2	101	100	1	smNRPS-CB	5945	1479	1578	97	1.33e-38
C8G6HANXX160303:5:1107:3829:22548/1	97	97	1	smNRPS-CB	5945	4523	4619	97.938	1.33e-38
C8G6HANXX160303:7:2205:5050:73380/1	99	3	99	smNRPS-CB	5945	379	475	97.938	1.33e-38
C8G6HANXX160303:8:1104:11909:90786/1	98	98	1	smNRPS-CB	5945	915	1012	97.959	3.71e-39
C8G6HANXX160303:3:1109:10419:65492/1	98	1	98	smNRPS-CB	5945	774	871	97.959	3.71e-39
C8G6HANXX160303:7:2212:4766:70257/2	101	101	1	smNRPS-CB	5945	5102	5202	97.03	3.71e-39
C8G6HANXX160303:7:1209:10649:83389/2	101	1	101	smNRPS-CB	5945	4878	4978	97.03	3.71e-39
C8G6HANXX160303:7:1212:15389:12750/1	98	1	98	smNRPS-CB	5945	1443	1540	97.959	3.71e-39
C8G6HANXX160303:7:1102:13690:62594/1	95	95	1	smNRPS-CB	5945	4148	4242	98.947	3.71e-39
C8G6HANXX160303:7:1211:10447:76256/2	101	1	101	smNRPS-CB	5945	3693	3793	97.03	3.71e-39
C8G6HANXX160303:5:2312:20884:84680/2	101	1	101	smNRPS-CB	5945	359	459	97.03	3.71e-39
C8G6HANXX160303:7:2205:5050:73380/2	101	98	1	smNRPS-CB	5945	379	476	97.959	3.71e-39
C8G6HANXX160303:8:1301:12478:8542/1	98	1	98	smNRPS-CB	5945	2427	2524	97.959	3.71e-39
C8G6HANXX160303:8:2301:18522:46448/1	99	99	1	smNRPS-CB	5945	3907	4005	97.98	1.03e-39
C8G6HANXX160303:8:2107:13577:85168/2	99	1	99	smNRPS-CB	5945	5059	5157	97.98	1.03e-39
C8G6HANXX160303:6:1309:12825:94109/2	101	1	97	smNRPS-CB	5945	4154	4250	98.969	2.87e-40
C8G6HANXX160303:3:1202:4673:46378/2	100	100	1	smNRPS-CB	5945	1931	2030	98	2.87e-40
C8G6HANXX160303:7:1209:10649:83389/1	100	100	1	smNRPS-CB	5945	4908	5007	98	2.87e-40
C8G6HANXX160303:7:1212:15389:12750/2	101	101	2	smNRPS-CB	5945	1460	1559	98	2.87e-40
C8G6HANXX160303:7:1102:13690:62594/2	101	1	97	smNRPS-CB	5945	3786	3882	98.969	2.87e-40
C8G6HANXX160303:7:2212:19315:28236/1	101	1	100	smNRPS-CB	5945	409	508	98	2.87e-40
C8G6HANXX160303:7:2212:19315:28236/2	101	100	1	smNRPS-CB	5945	409	508	98	2.87e-40
C8G6HANXX160303:4:2112:11401:97311/2	101	101	2	smNRPS-CB	5945	1460	1559	98	2.87e-40
C8G6HANXX160303:8:1104:11909:90786/2	101	1	101	smNRPS-CB	5945	860	960	98.02	7.97e-41
C8G6HANXX160303:3:1202:4673:46378/1	99	1	99	smNRPS-CB	5945	1701	1798	98.99	7.97e-41
C8G6HANXX160303:5:2110:15063:60911/1	98	98	1	smNRPS-CB	5945	168	265	98.98	7.97e-41
C8G6HANXX160303:5:2110:15063:60911/2	101	1	101	smNRPS-CB	5945	111	211	98.02	7.97e-41
C8G6HANXX160303:7:2212:4766:70257/1	101	1	101	smNRPS-CB	5945	4824	4924	98.02	7.97e-41
C8G6HANXX160303:5:2211:4321:53284/1	101	101	1	smNRPS-CB	5945	5091	5191	98.02	7.97e-41
C8G6HANXX160303:5:2211:4321:53284/2	101	1	98	smNRPS-CB	5945	5049	5146	98.98	7.97e-41
C8G6HANXX160303:4:2112:11401:97311/1	101	1	101	smNRPS-CB	5945	1440	1540	98.02	7.97e-41
C8G6HANXX160303:8:2115:13953:36922/1	98	98	1	smNRPS-CB	5945	4148	4245	98.98	7.97e-41
C8G6HANXX160303:5:2213:18031:78785/1	100	100	1	smNRPS-CB	5945	637	736	99	6.16e-42
C8G6HANXX160303:5:2213:18031:78785/2	101	2	101	smNRPS-CB	5945	548	647	99	6.16e-42
C8G6HANXX160303:8:2115:13953:36922/2	101	1	97	smNRPS-CB	5945	3786	3882	100	6.16e-42
C8G6HANXX160303:5:1204:10307:24684/2	101	1	101	smNRPS-CB	5945	2620	2720	99.01	1.71e-42
C8G6HANXX160303:6:2207:10827:43233/2	101	101	1	smNRPS-CB	5945	2369	2469	99.01	1.71e-42
C8G6HANXX160303:6:1103:12139:96877/2	101	101	1	smNRPS-CB	5945	1031	1131	99.01	1.71e-42
C8G6HANXX160303:7:1211:10447:76256/1	98	98	1	smNRPS-CB	5945	3779	3876	100	1.71e-42
C8G6HANXX160303:8:2301:18522:46448/2	101	1	98	smNRPS-CB	5945	3785	3882	100	1.71e-42
C8G6HANXX160303:7:1107:1831:40644/2	100	1	100	smNRPS-CB	5945	3190	3289	100	1.32e-43
C8G6HANXX160303:6:1103:12139:96877/1	100	1	100	smNRPS-CB	5945	988	1087	100	1.32e-43
C8G6HANXX160303:5:1204:10307:24684/1	101	101	1	smNRPS-CB	5945	2871	2971	100	3.68e-44
C8G6HANXX160303:6:2207:10827:43233/1	101	1	101	smNRPS-CB	5945	2207	2307	100	3.68e-44
C8G6HANXX160303:3:1109:10419:65492/2	101	101	1	smNRPS-CB	5945	845	945	100	3.68e-44
C8G6HANXX160303:4:1212:16597:81985/1	101	101	1	smNRPS-CB	5945	5297	5397	100	3.68e-44
C8G6HANXX160303:5:2309:5364:17735/1	101	101	1	smNRPS-CB	5945	3202	3302	100	3.68e-44
C8G6HANXX160303:5:2309:5364:17735/2	101	1	101	smNRPS-CB	5945	3190	3290	100	3.68e-44
C8G6HANXX160303:7:2302:19445:97125/1	101	1	101	smNRPS-CB	5945	5710	5810	100	3.68e-44
C8G6HANXX160303:7:2302:19445:97125/2	101	101	1	smNRPS-CB	5945	5752	5852	100	3.68e-44
