C8G6HANXX160303:6:1315:14335:11614/1	100	1	100	smNRPS-CB	5945	4855	4954	96	3.66e-37
C8G6HANXX160303:6:1315:14335:11614/2	101	101	1	smNRPS-CB	5945	4894	4994	96.04	1.02e-37
C8G6HANXX160303:3:2106:5950:2372/1	101	1	101	smNRPS-CB	5945	4855	4955	96.04	1.02e-37
C8G6HANXX160303:4:1213:16971:59560/1	100	100	1	smNRPS-CB	5945	1957	2056	97	7.86e-39
C8G6HANXX160303:3:2106:5950:2372/2	101	101	1	smNRPS-CB	5945	4894	4994	97.03	2.18e-39
C8G6HANXX160303:8:1310:19203:87420/1	100	1	100	smNRPS-CB	5945	1347	1446	99	3.63e-42
C8G6HANXX160303:6:2315:14017:11403/1	99	99	2	smNRPS-CB	5945	2970	3067	100	1.01e-42
C8G6HANXX160303:7:1303:15668:41459/2	101	101	1	smNRPS-CB	5945	905	1005	99.01	1.01e-42
C8G6HANXX160303:5:1301:9088:91908/1	101	1	101	smNRPS-CB	5945	271	371	99.01	1.01e-42
C8G6HANXX160303:5:1301:9088:91908/2	101	101	1	smNRPS-CB	5945	315	415	99.01	1.01e-42
C8G6HANXX160303:4:1213:16971:59560/2	101	1	101	smNRPS-CB	5945	1642	1742	99.01	1.01e-42
C8G6HANXX160303:7:1303:15668:41459/1	100	1	100	smNRPS-CB	5945	867	966	100	7.8e-44
C8G6HANXX160303:6:2315:14017:11403/2	101	1	101	smNRPS-CB	5945	2919	3019	100	2.17e-44
C8G6HANXX160303:8:1310:19203:87420/2	101	101	1	smNRPS-CB	5945	1390	1490	100	2.17e-44
