C662FACXX150129:2:1206:14317:93410/1	88	1	88	smNRPS-CC	5875	4080	4167	100	9.04e-37
C662FACXX150129:3:2303:8284:92339/2	96	96	1	smNRPS-CC	5875	5340	5435	97.917	6.99e-38
C662FACXX150129:7:2306:5155:23405/2	92	92	1	smNRPS-CC	5875	5035	5126	100	5.4e-39
C662FACXX150129:2:1206:14317:93410/2	101	101	3	smNRPS-CC	5875	4224	4322	97.98	1.5e-39
C662FACXX150129:7:1215:13374:23006/2	100	1	100	smNRPS-CC	5875	926	1025	99	8.98e-42
C662FACXX150129:6:1206:14370:64913/2	101	101	1	smNRPS-CC	5875	2148	2248	99.01	2.5e-42
C662FACXX150129:7:1215:13374:23006/1	101	101	1	smNRPS-CC	5875	933	1033	99.01	2.5e-42
C662FACXX150129:3:2303:8284:92339/1	100	1	100	smNRPS-CC	5875	4998	5097	100	1.93e-43
C662FACXX150129:6:1206:14370:64913/1	101	1	101	smNRPS-CC	5875	2008	2108	100	5.37e-44
C662FACXX150129:7:2306:5155:23405/1	101	1	101	smNRPS-CC	5875	4086	4186	100	5.37e-44
