C662FACXX150129:5:1212:17467:50798/2	55	55	1	smNRPS-CC	5875	2305	2359	100	1.07e-18
C662FACXX150129:2:1108:10001:23098/1	101	1	56	smNRPS-CC	5875	5820	5875	100	2.99e-19
C662FACXX150129:4:1301:16176:22964/1	64	1	61	smNRPS-CC	5875	2442	2502	98.361	2.31e-20
C662FACXX150129:3:1107:3715:81987/2	60	1	60	smNRPS-CC	5875	2357	2416	100	1.78e-21
C662FACXX150129:2:2215:4514:5731/1	60	60	1	smNRPS-CC	5875	3186	3245	100	1.78e-21
C662FACXX150129:6:1315:12097:72551/2	101	41	101	smNRPS-CC	5875	1	61	100	4.96e-22
C662FACXX150129:7:1106:18655:86497/2	101	1	62	smNRPS-CC	5875	5814	5875	100	1.38e-22
C662FACXX150129:3:2309:19544:58132/2	66	66	1	smNRPS-CC	5875	5775	5840	98.485	3.84e-23
C662FACXX150129:5:1202:14513:49006/1	64	1	64	smNRPS-CC	5875	5141	5204	100	1.07e-23
C662FACXX150129:5:2110:1535:66027/1	69	1	69	smNRPS-CC	5875	103	171	98.551	8.24e-25
C662FACXX150129:2:1106:14433:10528/2	70	70	1	smNRPS-CC	5875	3589	3658	98.571	2.29e-25
C662FACXX150129:2:2204:9826:96899/2	68	68	1	smNRPS-CC	5875	4570	4637	100	6.37e-26
C662FACXX150129:7:2311:14170:42664/2	68	68	1	smNRPS-CC	5875	274	341	100	6.37e-26
C662FACXX150129:4:2205:19887:27724/2	101	1	68	smNRPS-CC	5875	5808	5875	100	6.37e-26
C662FACXX150129:2:1310:1186:18285/2	101	1	68	smNRPS-CC	5875	5808	5875	100	6.37e-26
C662FACXX150129:7:1106:20576:37640/1	68	1	68	smNRPS-CC	5875	1936	2003	100	6.37e-26
C662FACXX150129:7:1308:12220:45960/2	71	3	71	smNRPS-CC	5875	161	229	100	1.77e-26
C662FACXX150129:5:2206:5899:38398/2	69	1	69	smNRPS-CC	5875	5271	5339	100	1.77e-26
C662FACXX150129:6:1205:2915:30949/2	70	1	70	smNRPS-CC	5875	1867	1936	100	4.93e-27
C662FACXX150129:3:2312:8740:43031/2	75	6	75	smNRPS-CC	5875	1	70	100	4.93e-27
C662FACXX150129:5:1210:15006:67662/2	73	1	73	smNRPS-CC	5875	2827	2899	98.63	4.93e-27
C662FACXX150129:4:1207:6169:13968/1	74	1	74	smNRPS-CC	5875	2350	2423	98.649	1.37e-27
C662FACXX150129:6:2216:8159:27989/2	74	1	74	smNRPS-CC	5875	3489	3562	98.649	1.37e-27
C662FACXX150129:7:1210:13654:13987/2	71	1	71	smNRPS-CC	5875	3910	3980	100	1.37e-27
C662FACXX150129:6:1213:13889:12847/2	71	1	71	smNRPS-CC	5875	991	1061	100	1.37e-27
C662FACXX150129:5:2302:20143:10585/2	71	1	71	smNRPS-CC	5875	155	225	100	1.37e-27
C662FACXX150129:3:2107:13531:35715/1	71	71	1	smNRPS-CC	5875	1660	1730	100	1.37e-27
C662FACXX150129:4:2216:18434:50451/2	72	1	72	smNRPS-CC	5875	2510	2581	100	3.81e-28
C662FACXX150129:5:2311:16553:95308/1	72	72	1	smNRPS-CC	5875	5014	5085	100	3.81e-28
C662FACXX150129:6:2309:2292:95140/1	75	75	1	smNRPS-CC	5875	3787	3861	98.667	3.81e-28
C662FACXX150129:2:1103:16109:71911/2	72	72	1	smNRPS-CC	5875	1030	1101	100	3.81e-28
C662FACXX150129:5:2314:7037:51045/1	82	82	1	smNRPS-CC	5875	466	547	96.341	1.06e-28
C662FACXX150129:7:1308:12220:45960/1	73	73	1	smNRPS-CC	5875	423	495	100	1.06e-28
C662FACXX150129:6:2112:14650:65820/2	78	78	3	smNRPS-CC	5875	899	974	98.684	1.06e-28
C662FACXX150129:2:1306:19272:5358/1	74	74	1	smNRPS-CC	5875	3017	3090	100	2.94e-29
C662FACXX150129:6:1215:4182:60016/2	75	1	75	smNRPS-CC	5875	3203	3277	100	8.19e-30
C662FACXX150129:6:1312:12751:85939/2	82	79	1	smNRPS-CC	5875	4726	4804	98.734	2.28e-30
C662FACXX150129:6:1306:17784:77421/2	76	1	76	smNRPS-CC	5875	2185	2260	100	2.28e-30
C662FACXX150129:6:2105:4498:80679/2	80	1	80	smNRPS-CC	5875	141	220	98.75	6.33e-31
C662FACXX150129:5:2110:1535:66027/2	77	77	1	smNRPS-CC	5875	144	220	100	6.33e-31
C662FACXX150129:5:1202:16674:17082/1	78	1	77	smNRPS-CC	5875	888	964	100	6.33e-31
C662FACXX150129:4:1104:8254:68954/1	77	77	1	smNRPS-CC	5875	3785	3861	100	6.33e-31
C662FACXX150129:2:2301:3030:68965/2	77	77	1	smNRPS-CC	5875	5014	5090	100	6.33e-31
C662FACXX150129:5:1212:17467:50798/1	81	1	81	smNRPS-CC	5875	2227	2307	98.765	1.76e-31
C662FACXX150129:3:2101:7188:55104/1	84	1	84	smNRPS-CC	5875	2144	2227	97.619	1.76e-31
C662FACXX150129:5:1211:18654:94291/1	78	1	78	smNRPS-CC	5875	1144	1221	100	1.76e-31
C662FACXX150129:6:2102:16286:62339/2	81	1	81	smNRPS-CC	5875	2614	2694	98.765	1.76e-31
C662FACXX150129:2:1115:11542:41766/2	85	85	1	smNRPS-CC	5875	4679	4763	97.647	4.89e-32
C662FACXX150129:3:2303:16609:17144/2	79	1	79	smNRPS-CC	5875	2473	2551	100	4.89e-32
C662FACXX150129:2:1101:11728:100216/2	82	82	1	smNRPS-CC	5875	3409	3490	98.78	4.89e-32
C662FACXX150129:7:2315:8275:61402/2	84	84	1	smNRPS-CC	5875	5760	5843	98.81	3.78e-33
C662FACXX150129:4:2211:3256:78557/1	85	85	1	smNRPS-CC	5875	4062	4146	98.824	1.05e-33
C662FACXX150129:6:2216:8386:51146/1	82	82	1	smNRPS-CC	5875	2973	3054	100	1.05e-33
C662FACXX150129:4:1105:4922:12389/2	82	1	82	smNRPS-CC	5875	3082	3163	100	1.05e-33
C662FACXX150129:4:2212:5832:37219/1	96	2	93	smNRPS-CC	5875	4469	4560	96.739	2.92e-34
C662FACXX150129:6:2112:7454:64735/2	83	1	83	smNRPS-CC	5875	2573	2655	100	2.92e-34
C662FACXX150129:7:2215:18119:11612/1	83	1	83	smNRPS-CC	5875	560	642	100	2.92e-34
C662FACXX150129:3:1116:9881:57731/1	83	1	83	smNRPS-CC	5875	722	804	100	2.92e-34
C662FACXX150129:6:2115:17205:95898/2	84	84	1	smNRPS-CC	5875	2964	3047	100	8.13e-35
C662FACXX150129:2:1211:14193:35026/1	101	1	91	smNRPS-CC	5875	4998	5088	97.802	2.26e-35
C662FACXX150129:7:1214:20644:59672/2	92	1	85	smNRPS-CC	5875	2849	2933	100	2.26e-35
C662FACXX150129:5:1214:9551:51155/2	85	85	1	smNRPS-CC	5875	3161	3245	100	2.26e-35
C662FACXX150129:6:2106:3295:40275/2	85	1	85	smNRPS-CC	5875	5317	5401	100	2.26e-35
C662FACXX150129:6:1313:15755:43988/2	85	85	1	smNRPS-CC	5875	4436	4520	100	2.26e-35
C662FACXX150129:5:1302:14221:18157/2	87	1	87	smNRPS-CC	5875	2101	2187	100	1.75e-36
C662FACXX150129:3:2303:16609:17144/1	87	87	1	smNRPS-CC	5875	2996	3082	100	1.75e-36
C662FACXX150129:3:2106:18948:16292/2	87	87	1	smNRPS-CC	5875	3713	3799	100	1.75e-36
C662FACXX150129:6:1215:2224:47405/2	87	1	87	smNRPS-CC	5875	2101	2187	100	1.75e-36
C662FACXX150129:6:1313:9129:97638/2	88	1	88	smNRPS-CC	5875	3525	3612	100	4.86e-37
C662FACXX150129:6:2102:16515:100122/2	88	1	88	smNRPS-CC	5875	4312	4399	100	4.86e-37
C662FACXX150129:2:1111:13657:14878/2	88	1	88	smNRPS-CC	5875	176	263	100	4.86e-37
C662FACXX150129:3:2105:7303:76364/2	91	1	91	smNRPS-CC	5875	5407	5497	98.901	4.86e-37
C662FACXX150129:2:1203:12318:95340/2	88	88	1	smNRPS-CC	5875	3124	3211	100	4.86e-37
C662FACXX150129:7:2107:16844:50628/2	89	1	89	smNRPS-CC	5875	3686	3774	100	1.35e-37
C662FACXX150129:6:1209:10326:90380/2	101	92	1	smNRPS-CC	5875	1564	1655	98.913	1.35e-37
C662FACXX150129:7:1110:7572:78427/2	89	1	89	smNRPS-CC	5875	4312	4400	100	1.35e-37
C662FACXX150129:4:2109:1410:63517/1	101	1	92	smNRPS-CC	5875	926	1017	98.913	1.35e-37
C662FACXX150129:4:2109:1410:63517/2	101	92	1	smNRPS-CC	5875	926	1017	98.913	1.35e-37
C662FACXX150129:3:2311:14625:82674/1	89	89	1	smNRPS-CC	5875	2225	2313	100	1.35e-37
C662FACXX150129:7:1113:19903:24601/1	89	1	89	smNRPS-CC	5875	1723	1811	100	1.35e-37
C662FACXX150129:3:2308:13352:36171/1	89	1	89	smNRPS-CC	5875	2135	2223	100	1.35e-37
C662FACXX150129:6:2105:4498:80679/1	90	90	1	smNRPS-CC	5875	469	558	100	3.75e-38
C662FACXX150129:7:2210:1470:40503/2	99	99	1	smNRPS-CC	5875	4739	4837	96.97	3.75e-38
C662FACXX150129:6:1209:10326:90380/1	101	5	97	smNRPS-CC	5875	1564	1656	98.925	3.75e-38
C662FACXX150129:7:1309:17526:17299/1	90	90	1	smNRPS-CC	5875	3139	3228	100	3.75e-38
C662FACXX150129:6:2109:8081:38033/1	90	1	90	smNRPS-CC	5875	2941	3030	100	3.75e-38
C662FACXX150129:3:2112:17538:91591/1	96	96	1	smNRPS-CC	5875	3715	3810	97.917	3.75e-38
C662FACXX150129:4:2111:1403:84407/1	90	90	1	smNRPS-CC	5875	750	839	100	3.75e-38
C662FACXX150129:4:1302:5024:93220/1	90	90	1	smNRPS-CC	5875	5704	5793	100	3.75e-38
C662FACXX150129:3:1305:9693:41318/1	96	1	96	smNRPS-CC	5875	4693	4788	97.917	3.75e-38
C662FACXX150129:6:1103:8080:93894/2	100	1	91	smNRPS-CC	5875	2102	2192	100	1.04e-38
C662FACXX150129:2:1114:10744:59560/1	91	1	91	smNRPS-CC	5875	5319	5409	100	1.04e-38
C662FACXX150129:4:1203:15389:55214/1	97	1	97	smNRPS-CC	5875	2350	2446	97.938	1.04e-38
C662FACXX150129:5:2206:5899:38398/1	91	91	1	smNRPS-CC	5875	5752	5842	100	1.04e-38
C662FACXX150129:7:1101:18798:53590/2	94	94	1	smNRPS-CC	5875	5372	5465	98.936	1.04e-38
C662FACXX150129:6:2108:17059:16826/2	91	1	91	smNRPS-CC	5875	1101	1191	100	1.04e-38
C662FACXX150129:2:1115:16955:79487/1	101	95	1	smNRPS-CC	5875	1142	1236	98.947	2.9e-39
C662FACXX150129:2:1115:16955:79487/2	98	1	95	smNRPS-CC	5875	1142	1236	98.947	2.9e-39
C662FACXX150129:6:1304:7390:14206/2	92	92	1	smNRPS-CC	5875	391	482	100	2.9e-39
C662FACXX150129:4:2103:10519:32188/2	92	1	92	smNRPS-CC	5875	2182	2273	100	2.9e-39
C662FACXX150129:6:1202:13650:23013/2	92	92	1	smNRPS-CC	5875	3713	3804	100	2.9e-39
C662FACXX150129:4:1109:11949:82324/2	92	92	1	smNRPS-CC	5875	5469	5560	100	2.9e-39
C662FACXX150129:3:2112:17538:91591/2	101	1	101	smNRPS-CC	5875	3643	3743	97.03	2.9e-39
C662FACXX150129:6:2308:12675:9162/2	101	101	1	smNRPS-CC	5875	1191	1291	97.03	2.9e-39
C662FACXX150129:6:1103:8080:93894/1	101	93	1	smNRPS-CC	5875	2100	2192	100	8.07e-40
C662FACXX150129:2:2204:1797:51491/1	99	99	1	smNRPS-CC	5875	4055	4154	98	8.07e-40
C662FACXX150129:2:2204:1797:51491/2	93	1	93	smNRPS-CC	5875	3869	3961	100	8.07e-40
C662FACXX150129:3:2307:8868:54531/1	101	1	93	smNRPS-CC	5875	3828	3920	100	8.07e-40
C662FACXX150129:5:1309:18249:11952/1	93	93	1	smNRPS-CC	5875	375	467	100	8.07e-40
C662FACXX150129:2:2207:13637:15273/2	96	93	1	smNRPS-CC	5875	1581	1673	100	8.07e-40
C662FACXX150129:4:2211:3256:78557/2	96	1	96	smNRPS-CC	5875	3869	3964	98.958	8.07e-40
C662FACXX150129:3:2311:14625:82674/2	101	1	97	smNRPS-CC	5875	2221	2316	98.969	8.07e-40
C662FACXX150129:4:1203:15389:55214/2	99	96	1	smNRPS-CC	5875	2425	2520	98.958	8.07e-40
C662FACXX150129:2:1314:17657:61165/1	96	1	96	smNRPS-CC	5875	3508	3603	98.958	8.07e-40
C662FACXX150129:4:1210:5615:45878/2	97	97	1	smNRPS-CC	5875	4226	4322	98.969	2.24e-40
C662FACXX150129:2:2116:3517:17996/2	97	1	97	smNRPS-CC	5875	2182	2278	98.969	2.24e-40
C662FACXX150129:4:2310:15232:13719/2	94	94	1	smNRPS-CC	5875	3937	4030	100	2.24e-40
C662FACXX150129:3:2307:8868:54531/2	101	94	1	smNRPS-CC	5875	3827	3920	100	2.24e-40
C662FACXX150129:4:2113:18237:98570/2	94	1	94	smNRPS-CC	5875	3910	4003	100	2.24e-40
C662FACXX150129:7:2305:11786:29323/1	94	94	1	smNRPS-CC	5875	5495	5588	100	2.24e-40
C662FACXX150129:6:2112:14650:65820/1	94	1	94	smNRPS-CC	5875	408	501	100	2.24e-40
C662FACXX150129:4:2106:9335:25094/1	100	1	100	smNRPS-CC	5875	4029	4128	98	2.24e-40
C662FACXX150129:2:2110:8193:78781/1	94	94	1	smNRPS-CC	5875	2907	3000	100	2.24e-40
C662FACXX150129:5:2314:7037:51045/2	100	1	98	smNRPS-CC	5875	450	547	98.98	6.24e-41
C662FACXX150129:6:2316:6254:44659/2	95	95	1	smNRPS-CC	5875	2047	2141	100	6.24e-41
C662FACXX150129:5:1208:7174:79370/2	95	1	95	smNRPS-CC	5875	2541	2635	100	6.24e-41
C662FACXX150129:4:1210:5615:45878/1	101	1	101	smNRPS-CC	5875	3780	3880	98.02	6.24e-41
C662FACXX150129:6:1112:17037:79454/2	98	98	1	smNRPS-CC	5875	4621	4718	98.98	6.24e-41
C662FACXX150129:5:1214:9551:51155/1	95	1	95	smNRPS-CC	5875	3086	3180	100	6.24e-41
C662FACXX150129:6:2104:12177:21760/1	101	101	1	smNRPS-CC	5875	3895	3995	98.02	6.24e-41
C662FACXX150129:6:2104:12177:21760/2	101	1	101	smNRPS-CC	5875	3869	3969	98.02	6.24e-41
C662FACXX150129:4:1207:6169:13968/2	101	101	1	smNRPS-CC	5875	2420	2520	98.02	6.24e-41
C662FACXX150129:6:1313:15755:43988/1	95	1	95	smNRPS-CC	5875	4171	4265	100	6.24e-41
C662FACXX150129:6:1312:14465:14204/1	101	1	95	smNRPS-CC	5875	1925	2019	100	6.24e-41
C662FACXX150129:2:1106:14433:10528/1	95	1	95	smNRPS-CC	5875	3148	3242	100	6.24e-41
C662FACXX150129:3:2214:9037:4259/1	101	101	1	smNRPS-CC	5875	2418	2518	98.02	6.24e-41
C662FACXX150129:3:2303:3235:77526/2	95	1	95	smNRPS-CC	5875	2056	2150	100	6.24e-41
C662FACXX150129:5:1205:18701:7227/1	101	1	101	smNRPS-CC	5875	4075	4175	98.02	6.24e-41
C662FACXX150129:5:2310:14155:6683/2	101	101	1	smNRPS-CC	5875	4707	4807	98.02	6.24e-41
C662FACXX150129:6:1310:7025:85243/1	101	1	98	smNRPS-CC	5875	927	1024	98.98	6.24e-41
C662FACXX150129:5:2109:5391:12261/2	98	1	98	smNRPS-CC	5875	1144	1241	98.98	6.24e-41
C662FACXX150129:6:2206:8663:78372/1	95	95	1	smNRPS-CC	5875	2667	2761	100	6.24e-41
C662FACXX150129:4:2301:2927:68594/1	98	98	1	smNRPS-CC	5875	2405	2502	98.98	6.24e-41
C662FACXX150129:7:2207:18985:17038/1	100	100	3	smNRPS-CC	5875	4225	4322	98.98	6.24e-41
C662FACXX150129:6:1312:14465:14204/2	101	99	1	smNRPS-CC	5875	1919	2018	99	1.73e-41
C662FACXX150129:7:2306:9043:48144/2	96	96	1	smNRPS-CC	5875	4300	4395	100	1.73e-41
C662FACXX150129:7:2303:16872:57006/2	101	1	96	smNRPS-CC	5875	3756	3851	100	1.73e-41
C662FACXX150129:4:2201:17097:18216/1	96	1	96	smNRPS-CC	5875	5097	5192	100	1.73e-41
C662FACXX150129:4:2209:16087:43294/1	96	96	1	smNRPS-CC	5875	4229	4324	100	1.73e-41
C662FACXX150129:6:1312:12751:85939/1	99	1	99	smNRPS-CC	5875	4187	4285	98.99	1.73e-41
C662FACXX150129:6:1310:7025:85243/2	101	99	1	smNRPS-CC	5875	926	1024	98.99	1.73e-41
C662FACXX150129:6:2112:7454:64735/1	96	96	1	smNRPS-CC	5875	2813	2908	100	1.73e-41
C662FACXX150129:3:2102:6573:14983/1	96	96	1	smNRPS-CC	5875	2571	2666	100	1.73e-41
C662FACXX150129:6:1214:3463:55403/1	97	1	97	smNRPS-CC	5875	5656	5752	100	4.82e-42
C662FACXX150129:6:2115:3465:34130/2	97	1	97	smNRPS-CC	5875	2282	2378	100	4.82e-42
C662FACXX150129:7:2207:15773:12724/2	97	1	97	smNRPS-CC	5875	3869	3965	100	4.82e-42
C662FACXX150129:7:2102:10125:99489/2	97	97	1	smNRPS-CC	5875	4231	4327	100	4.82e-42
C662FACXX150129:4:1204:6970:12445/2	97	1	97	smNRPS-CC	5875	603	699	100	4.82e-42
C662FACXX150129:4:1102:17919:29247/1	101	1	100	smNRPS-CC	5875	357	456	99	4.82e-42
C662FACXX150129:2:1114:10744:59560/2	97	97	1	smNRPS-CC	5875	5325	5421	100	4.82e-42
C662FACXX150129:7:2303:16872:57006/1	101	100	1	smNRPS-CC	5875	3751	3851	99.01	4.82e-42
C662FACXX150129:5:2306:4086:52035/1	97	97	1	smNRPS-CC	5875	999	1095	100	4.82e-42
C662FACXX150129:6:2207:10172:78969/1	101	1	101	smNRPS-CC	5875	1167	1267	99.01	1.34e-42
C662FACXX150129:7:2311:3494:36333/1	101	1	101	smNRPS-CC	5875	4075	4175	99.01	1.34e-42
C662FACXX150129:7:1212:2666:28249/1	101	1	101	smNRPS-CC	5875	2897	2997	99.01	1.34e-42
C662FACXX150129:2:1316:12834:34635/1	101	101	1	smNRPS-CC	5875	1161	1261	99.01	1.34e-42
C662FACXX150129:6:2115:3465:34130/1	98	98	1	smNRPS-CC	5875	2433	2530	100	1.34e-42
C662FACXX150129:6:2214:14633:32423/1	101	101	1	smNRPS-CC	5875	889	989	99.01	1.34e-42
C662FACXX150129:6:2214:14633:32423/2	101	1	101	smNRPS-CC	5875	886	986	99.01	1.34e-42
C662FACXX150129:6:2106:3295:40275/1	101	101	1	smNRPS-CC	5875	5422	5522	99.01	1.34e-42
C662FACXX150129:4:2313:10373:15186/2	98	98	1	smNRPS-CC	5875	2263	2360	100	1.34e-42
C662FACXX150129:5:1115:12195:86293/1	101	1	101	smNRPS-CC	5875	2636	2736	99.01	1.34e-42
C662FACXX150129:5:1115:12195:86293/2	101	101	1	smNRPS-CC	5875	2664	2764	99.01	1.34e-42
C662FACXX150129:7:1107:12220:86895/1	101	101	1	smNRPS-CC	5875	5440	5540	99.01	1.34e-42
C662FACXX150129:7:1107:12220:86895/2	101	1	101	smNRPS-CC	5875	5352	5452	99.01	1.34e-42
C662FACXX150129:7:2210:1470:40503/1	101	1	101	smNRPS-CC	5875	4378	4478	99.01	1.34e-42
C662FACXX150129:7:2107:16844:50628/1	101	101	1	smNRPS-CC	5875	3912	4012	99.01	1.34e-42
C662FACXX150129:7:2212:14839:40464/1	101	101	1	smNRPS-CC	5875	1107	1207	99.01	1.34e-42
C662FACXX150129:7:2306:14275:40085/1	101	1	101	smNRPS-CC	5875	968	1068	99.01	1.34e-42
C662FACXX150129:6:2216:8159:27989/1	101	101	1	smNRPS-CC	5875	4069	4169	99.01	1.34e-42
C662FACXX150129:7:2207:15773:12724/1	101	101	1	smNRPS-CC	5875	4031	4131	99.01	1.34e-42
C662FACXX150129:2:2115:13822:79645/1	101	101	1	smNRPS-CC	5875	365	465	99.01	1.34e-42
C662FACXX150129:5:2212:4497:3804/2	98	98	1	smNRPS-CC	5875	2662	2759	100	1.34e-42
C662FACXX150129:3:2201:13555:18660/2	101	1	98	smNRPS-CC	5875	3082	3179	100	1.34e-42
C662FACXX150129:2:2306:9680:31608/2	101	1	101	smNRPS-CC	5875	5097	5197	99.01	1.34e-42
C662FACXX150129:6:1301:8869:72363/2	101	101	1	smNRPS-CC	5875	2592	2692	99.01	1.34e-42
C662FACXX150129:2:1314:9430:89581/1	101	1	101	smNRPS-CC	5875	3801	3901	99.01	1.34e-42
C662FACXX150129:6:1110:13343:72243/1	101	101	1	smNRPS-CC	5875	2439	2539	99.01	1.34e-42
C662FACXX150129:3:1107:7087:32049/1	101	1	101	smNRPS-CC	5875	5319	5419	99.01	1.34e-42
C662FACXX150129:4:2110:9237:8371/1	101	1	101	smNRPS-CC	5875	4004	4104	99.01	1.34e-42
C662FACXX150129:4:2110:9237:8371/2	101	101	1	smNRPS-CC	5875	4040	4140	99.01	1.34e-42
C662FACXX150129:6:2102:16072:57699/1	101	1	101	smNRPS-CC	5875	4600	4700	99.01	1.34e-42
C662FACXX150129:6:2102:16072:57699/2	101	101	1	smNRPS-CC	5875	4742	4842	99.01	1.34e-42
C662FACXX150129:4:2103:10519:32188/1	101	101	1	smNRPS-CC	5875	2258	2358	99.01	1.34e-42
C662FACXX150129:6:2109:8081:38033/2	98	98	1	smNRPS-CC	5875	2995	3092	100	1.34e-42
C662FACXX150129:4:1312:13659:50937/2	98	1	98	smNRPS-CC	5875	3763	3860	100	1.34e-42
C662FACXX150129:5:1104:17394:54771/2	98	98	1	smNRPS-CC	5875	2832	2929	100	1.34e-42
C662FACXX150129:5:2115:10034:18093/2	101	101	1	smNRPS-CC	5875	5367	5467	99.01	1.34e-42
C662FACXX150129:5:1209:5652:66068/2	101	101	1	smNRPS-CC	5875	5367	5467	99.01	1.34e-42
C662FACXX150129:4:1109:11949:82324/1	98	1	98	smNRPS-CC	5875	5365	5462	100	1.34e-42
C662FACXX150129:3:2214:9037:4259/2	98	1	98	smNRPS-CC	5875	2311	2408	100	1.34e-42
C662FACXX150129:6:2316:7319:22944/2	101	1	101	smNRPS-CC	5875	870	970	99.01	1.34e-42
C662FACXX150129:5:1314:5355:84053/1	101	101	1	smNRPS-CC	5875	3983	4083	99.01	1.34e-42
C662FACXX150129:5:1205:18701:7227/2	101	101	1	smNRPS-CC	5875	4119	4219	99.01	1.34e-42
C662FACXX150129:6:1211:11918:87110/2	101	101	1	smNRPS-CC	5875	5367	5467	99.01	1.34e-42
C662FACXX150129:2:2302:7567:45458/2	98	1	98	smNRPS-CC	5875	114	211	100	1.34e-42
C662FACXX150129:5:2310:14155:6683/1	101	1	101	smNRPS-CC	5875	4588	4688	99.01	1.34e-42
C662FACXX150129:2:2303:12140:32258/1	98	1	98	smNRPS-CC	5875	1824	1921	100	1.34e-42
C662FACXX150129:6:1303:6960:99678/1	101	1	101	smNRPS-CC	5875	926	1026	99.01	1.34e-42
C662FACXX150129:2:1108:10283:84323/2	98	1	98	smNRPS-CC	5875	4830	4927	100	1.34e-42
C662FACXX150129:3:2106:12317:78148/2	101	1	101	smNRPS-CC	5875	4068	4168	99.01	1.34e-42
C662FACXX150129:2:1313:11391:34041/2	101	1	101	smNRPS-CC	5875	453	553	99.01	1.34e-42
C662FACXX150129:2:1106:17435:89414/1	98	1	98	smNRPS-CC	5875	1717	1814	100	1.34e-42
C662FACXX150129:3:2203:9120:92386/1	101	1	101	smNRPS-CC	5875	2829	2929	99.01	1.34e-42
C662FACXX150129:3:2203:9120:92386/2	101	101	1	smNRPS-CC	5875	2926	3026	99.01	1.34e-42
C662FACXX150129:4:1203:1533:74221/2	101	101	1	smNRPS-CC	5875	4738	4838	99.01	1.34e-42
C662FACXX150129:2:2111:6799:52197/1	101	1	101	smNRPS-CC	5875	3908	4008	99.01	1.34e-42
C662FACXX150129:7:2203:12930:68008/1	101	1	101	smNRPS-CC	5875	2530	2630	99.01	1.34e-42
C662FACXX150129:5:2109:5391:12261/1	101	101	1	smNRPS-CC	5875	1148	1248	99.01	1.34e-42
C662FACXX150129:6:2308:12675:9162/1	101	1	101	smNRPS-CC	5875	909	1009	99.01	1.34e-42
C662FACXX150129:6:1311:4875:50553/1	98	98	1	smNRPS-CC	5875	354	451	100	1.34e-42
C662FACXX150129:5:2106:12616:30295/1	101	101	1	smNRPS-CC	5875	4665	4765	99.01	1.34e-42
C662FACXX150129:4:1108:19152:76832/2	98	1	98	smNRPS-CC	5875	1877	1974	100	1.34e-42
C662FACXX150129:6:2108:17059:16826/1	101	101	1	smNRPS-CC	5875	1134	1234	99.01	1.34e-42
C662FACXX150129:4:2304:6986:69463/1	98	1	98	smNRPS-CC	5875	3763	3860	100	1.34e-42
C662FACXX150129:3:2208:16631:45835/1	101	101	1	smNRPS-CC	5875	929	1029	99.01	1.34e-42
C662FACXX150129:2:2313:3123:77144/1	98	98	1	smNRPS-CC	5875	5189	5286	100	1.34e-42
C662FACXX150129:3:2210:1737:59312/1	101	101	1	smNRPS-CC	5875	1191	1291	99.01	1.34e-42
C662FACXX150129:6:2112:9002:70020/1	101	1	101	smNRPS-CC	5875	2434	2534	99.01	1.34e-42
C662FACXX150129:7:2310:16836:100793/1	101	1	101	smNRPS-CC	5875	3686	3786	99.01	1.34e-42
C662FACXX150129:7:1210:18709:46167/1	98	98	1	smNRPS-CC	5875	4225	4322	100	1.34e-42
C662FACXX150129:6:2101:19262:99923/1	101	1	101	smNRPS-CC	5875	5440	5540	99.01	1.34e-42
C662FACXX150129:6:1112:16646:100912/1	101	101	1	smNRPS-CC	5875	3088	3188	99.01	1.34e-42
C662FACXX150129:2:2216:6881:43181/1	98	1	98	smNRPS-CC	5875	5175	5272	100	1.34e-42
C662FACXX150129:6:2211:16915:72435/1	101	101	1	smNRPS-CC	5875	2828	2928	99.01	1.34e-42
C662FACXX150129:4:1204:7938:82195/2	101	101	1	smNRPS-CC	5875	4742	4842	99.01	1.34e-42
C662FACXX150129:3:2301:12419:43397/2	101	101	1	smNRPS-CC	5875	774	874	99.01	1.34e-42
C662FACXX150129:5:1205:13478:60819/2	101	101	1	smNRPS-CC	5875	4198	4298	99.01	1.34e-42
C662FACXX150129:2:2105:6383:83304/2	99	1	99	smNRPS-CC	5875	5319	5417	100	3.73e-43
C662FACXX150129:6:2106:13003:40193/2	99	1	99	smNRPS-CC	5875	3635	3733	100	3.73e-43
C662FACXX150129:3:2201:13555:18660/1	101	99	1	smNRPS-CC	5875	3081	3179	100	3.73e-43
C662FACXX150129:4:1102:17919:29247/2	100	99	1	smNRPS-CC	5875	357	455	100	3.73e-43
C662FACXX150129:6:1215:4182:60016/1	99	99	1	smNRPS-CC	5875	3399	3497	100	3.73e-43
C662FACXX150129:4:1306:3255:26670/2	101	3	101	smNRPS-CC	5875	5444	5542	100	3.73e-43
C662FACXX150129:3:1312:18209:16282/2	99	1	99	smNRPS-CC	5875	5460	5558	100	3.73e-43
C662FACXX150129:5:1214:3754:91718/2	99	1	99	smNRPS-CC	5875	3103	3201	100	3.73e-43
C662FACXX150129:3:2113:13529:18928/1	99	1	99	smNRPS-CC	5875	3960	4058	100	3.73e-43
C662FACXX150129:4:1214:14961:37453/2	99	1	99	smNRPS-CC	5875	4798	4896	100	3.73e-43
C662FACXX150129:3:1101:14859:57113/2	99	1	99	smNRPS-CC	5875	2690	2788	100	3.73e-43
C662FACXX150129:5:2103:13025:49226/1	99	1	99	smNRPS-CC	5875	5081	5179	100	3.73e-43
C662FACXX150129:3:1107:17279:16742/1	99	99	1	smNRPS-CC	5875	3911	4009	100	3.73e-43
C662FACXX150129:5:1314:15198:84610/1	101	101	3	smNRPS-CC	5875	3172	3270	100	3.73e-43
C662FACXX150129:4:2102:11441:23033/1	99	1	99	smNRPS-CC	5875	2505	2603	100	3.73e-43
C662FACXX150129:4:1304:10684:63173/2	101	99	1	smNRPS-CC	5875	1054	1152	100	3.73e-43
C662FACXX150129:3:1308:5213:22694/2	100	1	100	smNRPS-CC	5875	358	457	100	1.04e-43
C662FACXX150129:6:2212:17163:46596/1	100	1	100	smNRPS-CC	5875	3293	3392	100	1.04e-43
C662FACXX150129:2:1114:14949:85038/2	100	1	100	smNRPS-CC	5875	5137	5236	100	1.04e-43
C662FACXX150129:6:1206:10207:9245/1	100	1	100	smNRPS-CC	5875	2305	2404	100	1.04e-43
C662FACXX150129:5:1203:9026:43779/2	100	100	1	smNRPS-CC	5875	2720	2819	100	1.04e-43
C662FACXX150129:6:1315:15685:29046/1	101	100	1	smNRPS-CC	5875	991	1090	100	1.04e-43
C662FACXX150129:6:1315:15685:29046/2	101	1	100	smNRPS-CC	5875	991	1090	100	1.04e-43
C662FACXX150129:2:1314:9430:89581/2	101	101	2	smNRPS-CC	5875	3925	4024	100	1.04e-43
C662FACXX150129:2:1103:11679:66952/2	100	100	1	smNRPS-CC	5875	105	204	100	1.04e-43
C662FACXX150129:3:1213:7072:41771/1	100	1	100	smNRPS-CC	5875	4514	4613	100	1.04e-43
C662FACXX150129:7:2315:16374:21480/1	100	1	100	smNRPS-CC	5875	3508	3607	100	1.04e-43
C662FACXX150129:4:2111:14758:33374/2	100	100	1	smNRPS-CC	5875	4991	5090	100	1.04e-43
C662FACXX150129:6:1213:13889:12847/1	101	100	1	smNRPS-CC	5875	991	1090	100	1.04e-43
C662FACXX150129:7:2305:11786:29323/2	100	1	100	smNRPS-CC	5875	5254	5353	100	1.04e-43
C662FACXX150129:7:2110:7729:95264/2	100	1	100	smNRPS-CC	5875	4809	4908	100	1.04e-43
C662FACXX150129:4:1214:20426:58439/1	100	1	100	smNRPS-CC	5875	5181	5280	100	1.04e-43
C662FACXX150129:3:2106:12317:78148/1	100	100	1	smNRPS-CC	5875	4223	4322	100	1.04e-43
C662FACXX150129:4:2103:17644:41865/1	101	1	100	smNRPS-CC	5875	4969	5068	100	1.04e-43
C662FACXX150129:4:2103:17644:41865/2	101	100	1	smNRPS-CC	5875	4969	5068	100	1.04e-43
C662FACXX150129:3:1208:19592:90007/1	100	100	1	smNRPS-CC	5875	33	132	100	1.04e-43
C662FACXX150129:6:1103:12910:28391/1	100	100	1	smNRPS-CC	5875	2552	2651	100	1.04e-43
C662FACXX150129:3:2208:16631:45835/2	100	1	100	smNRPS-CC	5875	556	655	100	1.04e-43
C662FACXX150129:2:2215:18878:30929/1	100	1	100	smNRPS-CC	5875	2168	2267	100	1.04e-43
C662FACXX150129:5:1314:15221:84637/1	100	100	1	smNRPS-CC	5875	3173	3272	100	1.04e-43
C662FACXX150129:6:2207:10172:78969/2	101	101	1	smNRPS-CC	5875	1690	1790	100	2.88e-44
C662FACXX150129:2:2105:6383:83304/1	101	101	1	smNRPS-CC	5875	5477	5577	100	2.88e-44
C662FACXX150129:2:1301:1548:56347/1	101	1	101	smNRPS-CC	5875	2869	2969	100	2.88e-44
C662FACXX150129:2:1301:1548:56347/2	101	101	1	smNRPS-CC	5875	3278	3378	100	2.88e-44
C662FACXX150129:7:2311:3494:36333/2	101	101	1	smNRPS-CC	5875	4443	4543	100	2.88e-44
C662FACXX150129:3:2306:7497:44718/1	101	1	101	smNRPS-CC	5875	3086	3186	100	2.88e-44
C662FACXX150129:3:2306:7497:44718/2	101	101	1	smNRPS-CC	5875	3114	3214	100	2.88e-44
C662FACXX150129:6:1211:1479:25123/1	101	101	1	smNRPS-CC	5875	5227	5327	100	2.88e-44
C662FACXX150129:6:1211:1479:25123/2	101	1	101	smNRPS-CC	5875	5113	5213	100	2.88e-44
C662FACXX150129:2:1316:18571:69321/1	101	1	101	smNRPS-CC	5875	5775	5875	100	2.88e-44
C662FACXX150129:6:2316:6254:44659/1	101	1	101	smNRPS-CC	5875	1682	1782	100	2.88e-44
C662FACXX150129:7:1212:2666:28249/2	101	101	1	smNRPS-CC	5875	2923	3023	100	2.88e-44
C662FACXX150129:5:1208:7174:79370/1	101	101	1	smNRPS-CC	5875	2989	3089	100	2.88e-44
C662FACXX150129:6:1214:3463:55403/2	101	101	1	smNRPS-CC	5875	5692	5792	100	2.88e-44
C662FACXX150129:2:2116:3578:20071/1	101	1	101	smNRPS-CC	5875	3635	3735	100	2.88e-44
C662FACXX150129:2:2116:3578:20071/2	101	101	1	smNRPS-CC	5875	3937	4037	100	2.88e-44
C662FACXX150129:4:2208:5341:37876/1	101	101	1	smNRPS-CC	5875	126	226	100	2.88e-44
C662FACXX150129:4:2208:5341:37876/2	101	1	101	smNRPS-CC	5875	120	220	100	2.88e-44
C662FACXX150129:2:2111:4175:99754/1	101	1	101	smNRPS-CC	5875	3664	3764	100	2.88e-44
C662FACXX150129:2:2111:4175:99754/2	101	101	1	smNRPS-CC	5875	3968	4068	100	2.88e-44
C662FACXX150129:2:1316:12834:34635/2	101	1	101	smNRPS-CC	5875	860	960	100	2.88e-44
C662FACXX150129:2:2212:19128:11174/1	101	1	101	smNRPS-CC	5875	245	345	100	2.88e-44
C662FACXX150129:2:2212:19128:11174/2	101	101	1	smNRPS-CC	5875	369	469	100	2.88e-44
C662FACXX150129:4:2108:15433:14181/1	101	101	1	smNRPS-CC	5875	2444	2544	100	2.88e-44
C662FACXX150129:4:2108:15433:14181/2	101	1	101	smNRPS-CC	5875	2419	2519	100	2.88e-44
C662FACXX150129:2:1203:7701:86758/1	101	1	101	smNRPS-CC	5875	3705	3805	100	2.88e-44
C662FACXX150129:2:1203:7701:86758/2	101	101	1	smNRPS-CC	5875	3847	3947	100	2.88e-44
C662FACXX150129:6:1112:17037:79454/1	101	1	101	smNRPS-CC	5875	4461	4561	100	2.88e-44
C662FACXX150129:5:1302:14221:18157/1	101	101	1	smNRPS-CC	5875	2227	2327	100	2.88e-44
C662FACXX150129:2:2307:5084:52379/1	101	101	1	smNRPS-CC	5875	3239	3339	100	2.88e-44
C662FACXX150129:2:2307:5084:52379/2	101	1	101	smNRPS-CC	5875	3112	3212	100	2.88e-44
C662FACXX150129:4:1210:6357:35535/1	101	1	101	smNRPS-CC	5875	4844	4944	100	2.88e-44
C662FACXX150129:4:1210:6357:35535/2	101	101	1	smNRPS-CC	5875	4912	5012	100	2.88e-44
C662FACXX150129:2:1115:11542:41766/1	101	1	101	smNRPS-CC	5875	4534	4634	100	2.88e-44
C662FACXX150129:5:1112:19902:33807/1	101	1	101	smNRPS-CC	5875	3290	3390	100	2.88e-44
C662FACXX150129:5:1112:19902:33807/2	101	101	1	smNRPS-CC	5875	3553	3653	100	2.88e-44
C662FACXX150129:3:2301:16892:80764/1	101	1	101	smNRPS-CC	5875	5775	5875	100	2.88e-44
C662FACXX150129:3:1308:5213:22694/1	101	101	1	smNRPS-CC	5875	366	466	100	2.88e-44
C662FACXX150129:3:1107:3715:81987/1	101	101	1	smNRPS-CC	5875	2393	2493	100	2.88e-44
C662FACXX150129:3:2106:18948:16292/1	101	1	101	smNRPS-CC	5875	3526	3626	100	2.88e-44
C662FACXX150129:3:2309:19544:58132/1	101	1	101	smNRPS-CC	5875	5412	5512	100	2.88e-44
C662FACXX150129:6:1212:8044:92752/1	101	1	101	smNRPS-CC	5875	4146	4246	100	2.88e-44
C662FACXX150129:6:1212:8044:92752/2	101	101	1	smNRPS-CC	5875	4266	4366	100	2.88e-44
C662FACXX150129:2:2204:9826:96899/1	101	1	101	smNRPS-CC	5875	4131	4231	100	2.88e-44
C662FACXX150129:6:2212:17163:46596/2	101	101	1	smNRPS-CC	5875	3340	3440	100	2.88e-44
C662FACXX150129:5:1210:7109:65356/1	101	1	101	smNRPS-CC	5875	835	935	100	2.88e-44
C662FACXX150129:5:1210:7109:65356/2	101	101	1	smNRPS-CC	5875	873	973	100	2.88e-44
C662FACXX150129:6:1107:11312:8686/1	101	101	1	smNRPS-CC	5875	4379	4479	100	2.88e-44
C662FACXX150129:6:1107:11312:8686/2	101	1	101	smNRPS-CC	5875	4219	4319	100	2.88e-44
C662FACXX150129:4:2313:10373:15186/1	101	1	101	smNRPS-CC	5875	2194	2294	100	2.88e-44
C662FACXX150129:2:2116:3517:17996/1	101	101	1	smNRPS-CC	5875	2502	2602	100	2.88e-44
C662FACXX150129:4:2315:5676:27157/1	101	1	101	smNRPS-CC	5875	5662	5762	100	2.88e-44
C662FACXX150129:2:2312:1579:16861/1	101	101	1	smNRPS-CC	5875	148	248	100	2.88e-44
C662FACXX150129:7:2103:15656:62191/1	101	101	1	smNRPS-CC	5875	5367	5467	100	2.88e-44
C662FACXX150129:7:2103:15656:62191/2	101	1	101	smNRPS-CC	5875	5149	5249	100	2.88e-44
C662FACXX150129:3:2307:1516:46485/1	101	1	101	smNRPS-CC	5875	3808	3908	100	2.88e-44
C662FACXX150129:3:2307:1516:46485/2	101	101	1	smNRPS-CC	5875	3920	4020	100	2.88e-44
C662FACXX150129:6:1315:12097:72551/1	101	101	1	smNRPS-CC	5875	186	286	100	2.88e-44
C662FACXX150129:2:1213:2328:95763/1	101	101	1	smNRPS-CC	5875	3940	4040	100	2.88e-44
C662FACXX150129:2:1213:2328:95763/2	101	1	101	smNRPS-CC	5875	3881	3981	100	2.88e-44
C662FACXX150129:6:2106:13003:40193/1	101	101	1	smNRPS-CC	5875	3751	3851	100	2.88e-44
C662FACXX150129:6:1313:9129:97638/1	101	101	1	smNRPS-CC	5875	3599	3699	100	2.88e-44
C662FACXX150129:2:1107:15414:3358/1	101	1	101	smNRPS-CC	5875	4101	4201	100	2.88e-44
C662FACXX150129:2:1107:15414:3358/2	101	101	1	smNRPS-CC	5875	4198	4298	100	2.88e-44
C662FACXX150129:2:1114:14949:85038/1	101	101	1	smNRPS-CC	5875	5179	5279	100	2.88e-44
C662FACXX150129:6:1206:10207:9245/2	101	101	1	smNRPS-CC	5875	2432	2532	100	2.88e-44
C662FACXX150129:2:2308:16844:15933/1	101	1	101	smNRPS-CC	5875	2494	2594	100	2.88e-44
C662FACXX150129:2:2308:16844:15933/2	101	101	1	smNRPS-CC	5875	2515	2615	100	2.88e-44
C662FACXX150129:6:1205:2915:30949/1	101	101	1	smNRPS-CC	5875	2092	2192	100	2.88e-44
C662FACXX150129:3:2312:8740:43031/1	101	101	1	smNRPS-CC	5875	363	463	100	2.88e-44
C662FACXX150129:7:2212:14839:40464/2	101	1	101	smNRPS-CC	5875	833	933	100	2.88e-44
C662FACXX150129:5:1316:3728:70044/1	101	101	1	smNRPS-CC	5875	741	841	100	2.88e-44
C662FACXX150129:5:1316:3728:70044/2	101	1	101	smNRPS-CC	5875	629	729	100	2.88e-44
C662FACXX150129:3:2114:5865:79424/1	101	1	101	smNRPS-CC	5875	3678	3778	100	2.88e-44
C662FACXX150129:3:2114:5865:79424/2	101	101	1	smNRPS-CC	5875	3966	4066	100	2.88e-44
C662FACXX150129:2:1111:14429:11868/1	101	1	101	smNRPS-CC	5875	3134	3234	100	2.88e-44
C662FACXX150129:2:1111:14429:11868/2	101	101	1	smNRPS-CC	5875	3144	3244	100	2.88e-44
C662FACXX150129:4:2310:15232:13719/1	101	1	101	smNRPS-CC	5875	3916	4016	100	2.88e-44
C662FACXX150129:3:2103:9556:67849/1	101	1	101	smNRPS-CC	5875	408	508	100	2.88e-44
C662FACXX150129:3:2103:9556:67849/2	101	101	1	smNRPS-CC	5875	470	570	100	2.88e-44
C662FACXX150129:7:2306:14275:40085/2	101	101	1	smNRPS-CC	5875	1001	1101	100	2.88e-44
C662FACXX150129:2:2115:13822:79645/2	101	1	101	smNRPS-CC	5875	27	127	100	2.88e-44
C662FACXX150129:5:2212:4497:3804/1	101	1	101	smNRPS-CC	5875	2607	2707	100	2.88e-44
C662FACXX150129:5:1203:9026:43779/1	101	1	101	smNRPS-CC	5875	2144	2244	100	2.88e-44
C662FACXX150129:2:2306:9680:31608/1	101	101	1	smNRPS-CC	5875	5229	5329	100	2.88e-44
C662FACXX150129:7:2102:10125:99489/1	101	1	101	smNRPS-CC	5875	4200	4300	100	2.88e-44
C662FACXX150129:6:1301:8869:72363/1	101	1	101	smNRPS-CC	5875	2541	2641	100	2.88e-44
C662FACXX150129:6:1106:4416:14593/1	101	1	101	smNRPS-CC	5875	5485	5585	100	2.88e-44
C662FACXX150129:6:1106:4416:14593/2	101	101	1	smNRPS-CC	5875	5488	5588	100	2.88e-44
C662FACXX150129:4:1204:6970:12445/1	101	101	1	smNRPS-CC	5875	637	737	100	2.88e-44
C662FACXX150129:5:1309:9798:57329/1	101	101	1	smNRPS-CC	5875	3154	3254	100	2.88e-44
C662FACXX150129:5:1309:9798:57329/2	101	1	101	smNRPS-CC	5875	2969	3069	100	2.88e-44
C662FACXX150129:4:1104:6594:31823/1	101	101	1	smNRPS-CC	5875	3593	3693	100	2.88e-44
C662FACXX150129:4:1104:6594:31823/2	101	1	101	smNRPS-CC	5875	3564	3664	100	2.88e-44
C662FACXX150129:6:1102:6041:32978/1	101	1	101	smNRPS-CC	5875	2863	2963	100	2.88e-44
C662FACXX150129:6:1102:6041:32978/2	101	101	1	smNRPS-CC	5875	2990	3090	100	2.88e-44
C662FACXX150129:6:1110:13343:72243/2	101	1	101	smNRPS-CC	5875	2246	2346	100	2.88e-44
C662FACXX150129:3:1107:7087:32049/2	101	101	1	smNRPS-CC	5875	5351	5451	100	2.88e-44
C662FACXX150129:5:1309:18249:11952/2	101	1	101	smNRPS-CC	5875	358	458	100	2.88e-44
C662FACXX150129:3:1309:7843:60014/1	101	1	101	smNRPS-CC	5875	4463	4563	100	2.88e-44
C662FACXX150129:3:1309:7843:60014/2	101	101	1	smNRPS-CC	5875	4588	4688	100	2.88e-44
C662FACXX150129:7:1110:7572:78427/1	101	101	1	smNRPS-CC	5875	4382	4482	100	2.88e-44
C662FACXX150129:7:1210:13654:13987/1	101	101	1	smNRPS-CC	5875	4079	4179	100	2.88e-44
C662FACXX150129:7:2306:9043:48144/1	101	1	101	smNRPS-CC	5875	4134	4234	100	2.88e-44
C662FACXX150129:7:1309:17526:17299/2	101	1	101	smNRPS-CC	5875	2907	3007	100	2.88e-44
C662FACXX150129:7:2309:8324:74565/1	101	101	1	smNRPS-CC	5875	2771	2871	100	2.88e-44
C662FACXX150129:7:2309:8324:74565/2	101	1	101	smNRPS-CC	5875	2437	2537	100	2.88e-44
C662FACXX150129:7:1204:18955:68558/1	101	1	101	smNRPS-CC	5875	2364	2464	100	2.88e-44
C662FACXX150129:7:1204:18955:68558/2	101	101	1	smNRPS-CC	5875	2608	2708	100	2.88e-44
C662FACXX150129:7:2214:16014:88603/1	101	101	1	smNRPS-CC	5875	4224	4324	100	2.88e-44
C662FACXX150129:7:2214:16014:88603/2	101	1	101	smNRPS-CC	5875	4146	4246	100	2.88e-44
C662FACXX150129:2:1106:14460:54587/1	101	1	101	smNRPS-CC	5875	3843	3943	100	2.88e-44
C662FACXX150129:2:1106:14460:54587/2	101	101	1	smNRPS-CC	5875	3920	4020	100	2.88e-44
C662FACXX150129:2:2207:13637:15273/1	101	1	101	smNRPS-CC	5875	1065	1165	100	2.88e-44
C662FACXX150129:4:2114:9363:8813/1	101	1	101	smNRPS-CC	5875	648	748	100	2.88e-44
C662FACXX150129:4:2114:9363:8813/2	101	101	1	smNRPS-CC	5875	697	797	100	2.88e-44
C662FACXX150129:3:1213:7072:41771/2	101	101	1	smNRPS-CC	5875	4990	5090	100	2.88e-44
C662FACXX150129:4:2216:18434:50451/1	101	101	1	smNRPS-CC	5875	2947	3047	100	2.88e-44
C662FACXX150129:6:1202:13650:23013/1	101	1	101	smNRPS-CC	5875	3685	3785	100	2.88e-44
C662FACXX150129:3:1212:1869:40964/1	101	1	101	smNRPS-CC	5875	3264	3364	100	2.88e-44
C662FACXX150129:3:1212:1869:40964/2	101	101	1	smNRPS-CC	5875	3672	3772	100	2.88e-44
C662FACXX150129:4:1312:13659:50937/1	101	101	1	smNRPS-CC	5875	4127	4227	100	2.88e-44
C662FACXX150129:4:2206:11412:53286/1	101	101	1	smNRPS-CC	5875	2680	2780	100	2.88e-44
C662FACXX150129:4:2206:11412:53286/2	101	1	101	smNRPS-CC	5875	2558	2658	100	2.88e-44
C662FACXX150129:3:1209:4641:6014/1	101	101	1	smNRPS-CC	5875	2180	2280	100	2.88e-44
C662FACXX150129:3:1209:4641:6014/2	101	1	101	smNRPS-CC	5875	2083	2183	100	2.88e-44
C662FACXX150129:4:1106:13914:84453/1	101	101	1	smNRPS-CC	5875	697	797	100	2.88e-44
C662FACXX150129:4:1106:13914:84453/2	101	1	101	smNRPS-CC	5875	655	755	100	2.88e-44
C662FACXX150129:6:1214:11332:55152/1	101	101	1	smNRPS-CC	5875	2669	2769	100	2.88e-44
C662FACXX150129:6:1214:11332:55152/2	101	1	101	smNRPS-CC	5875	2510	2610	100	2.88e-44
C662FACXX150129:7:2315:16374:21480/2	101	101	1	smNRPS-CC	5875	3546	3646	100	2.88e-44
C662FACXX150129:4:1210:5086:43046/1	101	1	101	smNRPS-CC	5875	3869	3969	100	2.88e-44
C662FACXX150129:4:1210:5086:43046/2	101	101	1	smNRPS-CC	5875	3920	4020	100	2.88e-44
C662FACXX150129:4:2111:14758:33374/1	101	1	101	smNRPS-CC	5875	4514	4614	100	2.88e-44
C662FACXX150129:4:2113:18237:98570/1	101	101	1	smNRPS-CC	5875	4079	4179	100	2.88e-44
C662FACXX150129:4:1206:9962:80533/1	101	1	101	smNRPS-CC	5875	4146	4246	100	2.88e-44
C662FACXX150129:4:1206:9962:80533/2	101	101	1	smNRPS-CC	5875	4266	4366	100	2.88e-44
C662FACXX150129:6:1209:15041:94681/1	101	101	1	smNRPS-CC	5875	4475	4575	100	2.88e-44
C662FACXX150129:6:1209:15041:94681/2	101	1	101	smNRPS-CC	5875	4445	4545	100	2.88e-44
C662FACXX150129:6:2102:16515:100122/1	101	101	1	smNRPS-CC	5875	4382	4482	100	2.88e-44
C662FACXX150129:7:2315:8275:61402/1	101	1	101	smNRPS-CC	5875	5412	5512	100	2.88e-44
C662FACXX150129:5:1104:17394:54771/1	101	1	101	smNRPS-CC	5875	2624	2724	100	2.88e-44
C662FACXX150129:7:1312:6503:80450/1	101	1	101	smNRPS-CC	5875	5657	5757	100	2.88e-44
C662FACXX150129:7:1312:6503:80450/2	101	101	1	smNRPS-CC	5875	5705	5805	100	2.88e-44
C662FACXX150129:3:2205:11189:64526/1	101	1	101	smNRPS-CC	5875	3565	3665	100	2.88e-44
C662FACXX150129:3:2205:11189:64526/2	101	101	1	smNRPS-CC	5875	3730	3830	100	2.88e-44
C662FACXX150129:2:1210:17271:54468/1	101	101	1	smNRPS-CC	5875	2719	2819	100	2.88e-44
C662FACXX150129:2:1210:17271:54468/2	101	1	101	smNRPS-CC	5875	2700	2800	100	2.88e-44
C662FACXX150129:4:1310:19685:68591/1	101	1	101	smNRPS-CC	5875	2487	2587	100	2.88e-44
C662FACXX150129:4:1310:19685:68591/2	101	101	1	smNRPS-CC	5875	2788	2888	100	2.88e-44
C662FACXX150129:5:2115:10034:18093/1	101	1	101	smNRPS-CC	5875	5298	5398	100	2.88e-44
C662FACXX150129:7:1111:8979:79943/1	101	101	1	smNRPS-CC	5875	2367	2467	100	2.88e-44
C662FACXX150129:7:1111:8979:79943/2	101	1	101	smNRPS-CC	5875	2203	2303	100	2.88e-44
C662FACXX150129:5:1209:5652:66068/1	101	1	101	smNRPS-CC	5875	5324	5424	100	2.88e-44
C662FACXX150129:5:2302:20143:10585/1	101	101	1	smNRPS-CC	5875	400	500	100	2.88e-44
C662FACXX150129:5:1313:18350:38000/1	101	1	101	smNRPS-CC	5875	2394	2494	100	2.88e-44
C662FACXX150129:5:1313:18350:38000/2	101	101	1	smNRPS-CC	5875	2439	2539	100	2.88e-44
C662FACXX150129:2:1307:16560:15735/1	101	1	101	smNRPS-CC	5875	4279	4379	100	2.88e-44
C662FACXX150129:2:1307:16560:15735/2	101	101	1	smNRPS-CC	5875	4288	4388	100	2.88e-44
C662FACXX150129:2:1107:2557:1998/1	101	1	101	smNRPS-CC	5875	5319	5419	100	2.88e-44
C662FACXX150129:2:1107:2557:1998/2	101	101	1	smNRPS-CC	5875	5321	5421	100	2.88e-44
C662FACXX150129:3:2303:3235:77526/1	101	101	1	smNRPS-CC	5875	2437	2537	100	2.88e-44
C662FACXX150129:4:1306:3255:26670/1	101	101	1	smNRPS-CC	5875	5464	5564	100	2.88e-44
C662FACXX150129:6:2316:7319:22944/1	101	101	1	smNRPS-CC	5875	995	1095	100	2.88e-44
C662FACXX150129:4:2201:17097:18216/2	101	101	1	smNRPS-CC	5875	5145	5245	100	2.88e-44
C662FACXX150129:3:2112:4547:93704/1	101	1	101	smNRPS-CC	5875	3857	3957	100	2.88e-44
C662FACXX150129:3:2112:4547:93704/2	101	101	1	smNRPS-CC	5875	3935	4035	100	2.88e-44
C662FACXX150129:5:1214:3754:91718/1	101	101	1	smNRPS-CC	5875	3301	3401	100	2.88e-44
C662FACXX150129:3:1101:18879:32163/1	101	1	101	smNRPS-CC	5875	3656	3756	100	2.88e-44
C662FACXX150129:3:1101:18879:32163/2	101	101	1	smNRPS-CC	5875	3664	3764	100	2.88e-44
C662FACXX150129:5:1314:5355:84053/2	101	1	101	smNRPS-CC	5875	3740	3840	100	2.88e-44
C662FACXX150129:5:1202:8436:12781/1	101	101	1	smNRPS-CC	5875	318	418	100	2.88e-44
C662FACXX150129:5:1202:8436:12781/2	101	1	101	smNRPS-CC	5875	228	328	100	2.88e-44
C662FACXX150129:2:1111:13657:14878/1	101	101	1	smNRPS-CC	5875	255	355	100	2.88e-44
C662FACXX150129:7:2110:7729:95264/1	101	101	1	smNRPS-CC	5875	4816	4916	100	2.88e-44
C662FACXX150129:4:1108:19023:72468/1	101	1	101	smNRPS-CC	5875	2530	2630	100	2.88e-44
C662FACXX150129:4:1108:19023:72468/2	101	101	1	smNRPS-CC	5875	2608	2708	100	2.88e-44
C662FACXX150129:6:1215:2224:47405/1	101	101	1	smNRPS-CC	5875	2581	2681	100	2.88e-44
C662FACXX150129:2:2301:16637:60999/2	101	101	1	smNRPS-CC	5875	1636	1736	100	2.88e-44
C662FACXX150129:2:2309:5791:20302/1	101	1	101	smNRPS-CC	5875	49	149	100	2.88e-44
C662FACXX150129:2:2309:5791:20302/2	101	101	1	smNRPS-CC	5875	460	560	100	2.88e-44
C662FACXX150129:4:2209:16087:43294/2	101	1	101	smNRPS-CC	5875	4146	4246	100	2.88e-44
C662FACXX150129:4:1208:15877:31426/1	101	1	101	smNRPS-CC	5875	3863	3963	100	2.88e-44
C662FACXX150129:4:1208:15877:31426/2	101	101	1	smNRPS-CC	5875	3920	4020	100	2.88e-44
C662FACXX150129:5:2204:18882:59654/1	101	101	1	smNRPS-CC	5875	3795	3895	100	2.88e-44
C662FACXX150129:5:2204:18882:59654/2	101	1	101	smNRPS-CC	5875	3788	3888	100	2.88e-44
C662FACXX150129:6:1211:11918:87110/1	101	1	101	smNRPS-CC	5875	5298	5398	100	2.88e-44
C662FACXX150129:6:1306:17784:77421/1	101	101	1	smNRPS-CC	5875	2566	2666	100	2.88e-44
C662FACXX150129:6:2101:18887:10305/1	101	101	1	smNRPS-CC	5875	2620	2720	100	2.88e-44
C662FACXX150129:6:2101:18887:10305/2	101	1	101	smNRPS-CC	5875	2487	2587	100	2.88e-44
C662FACXX150129:2:2302:7567:45458/1	101	101	1	smNRPS-CC	5875	452	552	100	2.88e-44
C662FACXX150129:3:1305:4067:96199/1	101	101	1	smNRPS-CC	5875	1613	1713	100	2.88e-44
C662FACXX150129:2:2303:12140:32258/2	101	101	1	smNRPS-CC	5875	1951	2051	100	2.88e-44
C662FACXX150129:6:2105:17335:62123/1	101	101	1	smNRPS-CC	5875	3324	3424	100	2.88e-44
C662FACXX150129:6:2105:17335:62123/2	101	1	101	smNRPS-CC	5875	3156	3256	100	2.88e-44
C662FACXX150129:6:2115:17205:95898/1	101	1	101	smNRPS-CC	5875	2827	2927	100	2.88e-44
C662FACXX150129:6:1303:6960:99678/2	101	101	1	smNRPS-CC	5875	1019	1119	100	2.88e-44
C662FACXX150129:3:2308:18703:5248/1	101	101	1	smNRPS-CC	5875	3771	3871	100	2.88e-44
C662FACXX150129:3:2308:18703:5248/2	101	1	101	smNRPS-CC	5875	3508	3608	100	2.88e-44
C662FACXX150129:6:2214:9998:66453/1	101	1	101	smNRPS-CC	5875	4234	4334	100	2.88e-44
C662FACXX150129:6:2214:9998:66453/2	101	101	1	smNRPS-CC	5875	4341	4441	100	2.88e-44
C662FACXX150129:5:1316:8046:43000/1	101	101	1	smNRPS-CC	5875	1846	1946	100	2.88e-44
C662FACXX150129:5:1316:8046:43000/2	101	1	101	smNRPS-CC	5875	1732	1832	100	2.88e-44
C662FACXX150129:4:2306:4269:75142/1	101	1	101	smNRPS-CC	5875	4764	4864	100	2.88e-44
C662FACXX150129:4:2306:4269:75142/2	101	101	1	smNRPS-CC	5875	4784	4884	100	2.88e-44
C662FACXX150129:3:2105:17111:72074/1	101	101	1	smNRPS-CC	5875	39	139	100	2.88e-44
C662FACXX150129:6:1105:19436:96319/1	101	1	101	smNRPS-CC	5875	2676	2776	100	2.88e-44
C662FACXX150129:6:1105:19436:96319/2	101	101	1	smNRPS-CC	5875	2735	2835	100	2.88e-44
C662FACXX150129:4:1214:20426:58439/2	101	101	1	smNRPS-CC	5875	5249	5349	100	2.88e-44
C662FACXX150129:6:1205:20144:99824/1	101	1	101	smNRPS-CC	5875	4834	4934	100	2.88e-44
C662FACXX150129:6:1205:20144:99824/2	101	101	1	smNRPS-CC	5875	4939	5039	100	2.88e-44
C662FACXX150129:4:2204:15381:4577/1	101	1	101	smNRPS-CC	5875	2485	2585	100	2.88e-44
C662FACXX150129:4:2204:15381:4577/2	101	101	1	smNRPS-CC	5875	2803	2903	100	2.88e-44
C662FACXX150129:2:1108:10283:84323/1	101	101	1	smNRPS-CC	5875	5179	5279	100	2.88e-44
C662FACXX150129:2:2306:10112:39325/1	101	101	1	smNRPS-CC	5875	3109	3209	100	2.88e-44
C662FACXX150129:2:2306:10112:39325/2	101	1	101	smNRPS-CC	5875	3094	3194	100	2.88e-44
C662FACXX150129:7:2214:17497:20009/1	101	101	1	smNRPS-CC	5875	2551	2651	100	2.88e-44
C662FACXX150129:7:2214:17497:20009/2	101	1	101	smNRPS-CC	5875	2522	2622	100	2.88e-44
C662FACXX150129:3:2113:13529:18928/2	101	101	1	smNRPS-CC	5875	3963	4063	100	2.88e-44
C662FACXX150129:2:1313:11391:34041/1	101	101	1	smNRPS-CC	5875	845	945	100	2.88e-44
C662FACXX150129:2:1106:17435:89414/2	101	101	1	smNRPS-CC	5875	2087	2187	100	2.88e-44
C662FACXX150129:4:1203:1533:74221/1	101	1	101	smNRPS-CC	5875	4611	4711	100	2.88e-44
C662FACXX150129:5:1210:15006:67662/1	101	101	1	smNRPS-CC	5875	2937	3037	100	2.88e-44
C662FACXX150129:3:2309:5465:58304/1	101	1	101	smNRPS-CC	5875	4437	4537	100	2.88e-44
C662FACXX150129:3:2309:5465:58304/2	101	101	1	smNRPS-CC	5875	4527	4627	100	2.88e-44
C662FACXX150129:7:1113:19903:24601/2	101	101	1	smNRPS-CC	5875	2095	2195	100	2.88e-44
C662FACXX150129:7:1213:10127:8802/1	101	101	1	smNRPS-CC	5875	5249	5349	100	2.88e-44
C662FACXX150129:7:1213:10127:8802/2	101	1	101	smNRPS-CC	5875	5226	5326	100	2.88e-44
C662FACXX150129:2:2111:6799:52197/2	101	101	1	smNRPS-CC	5875	4070	4170	100	2.88e-44
C662FACXX150129:4:1214:14961:37453/1	101	101	1	smNRPS-CC	5875	4910	5010	100	2.88e-44
C662FACXX150129:7:2203:12930:68008/2	101	101	1	smNRPS-CC	5875	2608	2708	100	2.88e-44
C662FACXX150129:3:1101:14859:57113/1	101	101	1	smNRPS-CC	5875	2942	3042	100	2.88e-44
C662FACXX150129:6:1311:4875:50553/2	101	1	101	smNRPS-CC	5875	343	443	100	2.88e-44
C662FACXX150129:5:2106:12616:30295/2	101	1	101	smNRPS-CC	5875	4433	4533	100	2.88e-44
C662FACXX150129:7:1101:18798:53590/1	101	1	101	smNRPS-CC	5875	4866	4966	100	2.88e-44
C662FACXX150129:3:2305:3499:11714/1	101	101	1	smNRPS-CC	5875	5179	5279	100	2.88e-44
C662FACXX150129:3:2305:3499:11714/2	101	1	101	smNRPS-CC	5875	5137	5237	100	2.88e-44
C662FACXX150129:5:1104:12609:63418/1	101	101	1	smNRPS-CC	5875	5142	5242	100	2.88e-44
C662FACXX150129:5:1104:12609:63418/2	101	1	101	smNRPS-CC	5875	5141	5241	100	2.88e-44
C662FACXX150129:4:1108:19152:76832/1	101	101	1	smNRPS-CC	5875	1925	2025	100	2.88e-44
C662FACXX150129:5:1215:9954:39429/1	101	101	1	smNRPS-CC	5875	3416	3516	100	2.88e-44
C662FACXX150129:5:1215:9954:39429/2	101	1	101	smNRPS-CC	5875	3413	3513	100	2.88e-44
C662FACXX150129:5:2103:13025:49226/2	101	101	1	smNRPS-CC	5875	5249	5349	100	2.88e-44
C662FACXX150129:4:2304:6986:69463/2	101	101	1	smNRPS-CC	5875	3849	3949	100	2.88e-44
C662FACXX150129:6:1103:12910:28391/2	101	1	101	smNRPS-CC	5875	2522	2622	100	2.88e-44
C662FACXX150129:3:1113:13518:62063/1	101	101	1	smNRPS-CC	5875	1	101	100	2.88e-44
C662FACXX150129:5:1108:14916:8311/1	101	101	1	smNRPS-CC	5875	2724	2824	100	2.88e-44
C662FACXX150129:5:1108:14916:8311/2	101	1	101	smNRPS-CC	5875	2607	2707	100	2.88e-44
C662FACXX150129:2:1203:12318:95340/1	101	1	101	smNRPS-CC	5875	2863	2963	100	2.88e-44
C662FACXX150129:2:1216:5100:37127/1	101	1	101	smNRPS-CC	5875	5708	5808	100	2.88e-44
C662FACXX150129:2:1216:5100:37127/2	101	101	1	smNRPS-CC	5875	5728	5828	100	2.88e-44
C662FACXX150129:3:1109:16136:43836/1	101	101	1	smNRPS-CC	5875	367	467	100	2.88e-44
C662FACXX150129:3:1109:16136:43836/2	101	1	101	smNRPS-CC	5875	358	458	100	2.88e-44
C662FACXX150129:7:2103:16259:83031/1	101	1	101	smNRPS-CC	5875	2915	3015	100	2.88e-44
C662FACXX150129:7:2103:16259:83031/2	101	101	1	smNRPS-CC	5875	2992	3092	100	2.88e-44
C662FACXX150129:5:1214:8717:59630/1	101	1	101	smNRPS-CC	5875	2811	2911	100	2.88e-44
C662FACXX150129:5:1214:8717:59630/2	101	101	1	smNRPS-CC	5875	2823	2923	100	2.88e-44
C662FACXX150129:7:1213:1698:33606/1	101	101	1	smNRPS-CC	5875	2900	3000	100	2.88e-44
C662FACXX150129:7:1213:1698:33606/2	101	1	101	smNRPS-CC	5875	2788	2888	100	2.88e-44
C662FACXX150129:7:2204:5399:67067/1	101	101	1	smNRPS-CC	5875	5616	5716	100	2.88e-44
C662FACXX150129:7:2204:5399:67067/2	101	1	101	smNRPS-CC	5875	5174	5274	100	2.88e-44
C662FACXX150129:5:2205:19371:87710/1	101	1	101	smNRPS-CC	5875	2255	2355	100	2.88e-44
C662FACXX150129:5:2205:19371:87710/2	101	101	1	smNRPS-CC	5875	2272	2372	100	2.88e-44
C662FACXX150129:3:1109:10689:9639/1	101	1	101	smNRPS-CC	5875	3943	4043	100	2.88e-44
C662FACXX150129:5:1107:14928:97588/1	101	1	101	smNRPS-CC	5875	5412	5512	100	2.88e-44
C662FACXX150129:3:2301:2820:71135/1	101	101	1	smNRPS-CC	5875	835	935	100	2.88e-44
C662FACXX150129:7:1316:12064:13920/1	101	1	101	smNRPS-CC	5875	1780	1880	100	2.88e-44
C662FACXX150129:2:2115:16490:66456/1	101	1	101	smNRPS-CC	5875	2453	2553	100	2.88e-44
C662FACXX150129:2:2211:20521:94709/1	101	1	101	smNRPS-CC	5875	2319	2419	100	2.88e-44
C662FACXX150129:4:1306:9597:19065/1	101	101	1	smNRPS-CC	5875	3056	3156	100	2.88e-44
C662FACXX150129:4:2202:20667:53995/1	101	1	101	smNRPS-CC	5875	2861	2961	100	2.88e-44
C662FACXX150129:2:2103:20426:76252/1	101	101	1	smNRPS-CC	5875	241	341	100	2.88e-44
C662FACXX150129:7:2212:4850:61125/1	101	101	1	smNRPS-CC	5875	5538	5638	100	2.88e-44
C662FACXX150129:2:1314:20396:34572/1	101	1	101	smNRPS-CC	5875	3954	4054	100	2.88e-44
C662FACXX150129:4:2106:19167:62930/1	101	101	1	smNRPS-CC	5875	2180	2280	100	2.88e-44
C662FACXX150129:4:2309:12737:95074/1	101	1	101	smNRPS-CC	5875	835	935	100	2.88e-44
C662FACXX150129:3:2211:4942:37468/2	101	101	1	smNRPS-CC	5875	2021	2121	100	2.88e-44
C662FACXX150129:4:1311:10199:60817/2	101	101	1	smNRPS-CC	5875	265	365	100	2.88e-44
C662FACXX150129:6:1112:11714:33133/1	85	1	47	smNRPS-CB	5945	5899	5945	100	3e-14
C662FACXX150129:4:2209:2500:5800/2	101	48	101	smNRPS-CB	5945	1	54	100	3.85e-18
C662FACXX150129:7:1111:10768:28864/2	56	56	1	smNRPS-CB	5945	4899	4954	100	2.98e-19
C662FACXX150129:2:1301:8347:28898/2	63	1	63	smNRPS-CB	5945	2319	2381	100	3.82e-23
C662FACXX150129:6:1216:9318:47008/2	76	76	1	smNRPS-CB	5945	3662	3737	96.053	2.28e-25
C662FACXX150129:5:2102:3329:81499/1	71	71	1	smNRPS-CB	5945	4889	4959	98.592	6.35e-26
C662FACXX150129:4:2307:3360:14168/2	69	1	69	smNRPS-CB	5945	4348	4416	100	1.77e-26
C662FACXX150129:7:2106:11980:88173/1	73	73	1	smNRPS-CB	5945	4887	4959	98.63	4.91e-27
C662FACXX150129:7:2201:11724:4823/2	77	1	77	smNRPS-CB	5945	3494	3570	97.403	1.36e-27
C662FACXX150129:3:2206:12431:22119/2	74	1	74	smNRPS-CB	5945	4760	4833	98.649	1.36e-27
C662FACXX150129:5:1210:15364:32889/2	101	1	80	smNRPS-CB	5945	5861	5940	96.25	1.36e-27
C662FACXX150129:2:1316:18571:69321/2	101	27	101	smNRPS-CB	5945	1	75	98.667	3.79e-28
C662FACXX150129:3:2301:16892:80764/2	101	27	101	smNRPS-CB	5945	1	75	98.667	3.79e-28
C662FACXX150129:2:2109:5925:2777/2	84	84	1	smNRPS-CB	5945	5590	5673	95.238	3.79e-28
C662FACXX150129:3:1104:13474:93470/1	76	1	76	smNRPS-CB	5945	3737	3812	98.684	1.06e-28
C662FACXX150129:4:2209:2500:5800/1	75	75	1	smNRPS-CB	5945	461	535	100	8.16e-30
C662FACXX150129:4:2108:3212:69907/1	78	1	78	smNRPS-CB	5945	3455	3532	98.718	8.16e-30
C662FACXX150129:3:1104:9171:72906/2	80	80	1	smNRPS-CB	5945	4176	4255	98.75	6.31e-31
C662FACXX150129:4:2206:4429:29207/2	77	1	77	smNRPS-CB	5945	882	958	100	6.31e-31
C662FACXX150129:3:2312:17441:95254/2	78	78	1	smNRPS-CB	5945	5719	5796	100	1.75e-31
C662FACXX150129:7:1201:2102:11654/2	83	82	1	smNRPS-CB	5945	1950	2030	98.78	1.75e-31
C662FACXX150129:3:2306:12661:100169/2	80	1	80	smNRPS-CB	5945	3351	3430	100	1.36e-32
C662FACXX150129:6:1113:18852:25167/1	86	86	1	smNRPS-CB	5945	4972	5057	97.674	1.36e-32
C662FACXX150129:6:2304:14597:79246/1	80	80	1	smNRPS-CB	5945	1931	2010	100	1.36e-32
C662FACXX150129:7:1206:5651:2529/1	81	81	1	smNRPS-CB	5945	4513	4593	100	3.77e-33
C662FACXX150129:2:2314:16846:97804/1	87	87	1	smNRPS-CB	5945	4472	4558	97.701	3.77e-33
C662FACXX150129:7:2201:11724:4823/1	88	88	1	smNRPS-CB	5945	3702	3789	97.727	1.05e-33
C662FACXX150129:7:1109:14627:50418/1	82	82	1	smNRPS-CB	5945	3370	3451	100	1.05e-33
C662FACXX150129:2:2305:10171:21771/1	82	82	1	smNRPS-CB	5945	656	737	100	1.05e-33
C662FACXX150129:4:1201:4005:19111/2	101	1	92	smNRPS-CB	5945	2795	2885	96.739	1.05e-33
C662FACXX150129:3:2105:7303:76364/1	101	13	101	smNRPS-CB	5945	1	89	97.753	2.91e-34
C662FACXX150129:6:2305:8392:64612/1	84	1	84	smNRPS-CB	5945	5841	5924	100	8.1e-35
C662FACXX150129:3:1104:13474:93470/2	85	85	1	smNRPS-CB	5945	3909	3993	100	2.25e-35
C662FACXX150129:7:1209:6575:97291/2	87	85	1	smNRPS-CB	5945	4382	4466	100	2.25e-35
C662FACXX150129:7:1103:5032:16746/2	86	86	1	smNRPS-CB	5945	4349	4434	100	6.26e-36
C662FACXX150129:7:2105:5492:95918/1	86	1	86	smNRPS-CB	5945	3173	3258	100	6.26e-36
C662FACXX150129:4:2315:5676:27157/2	101	12	101	smNRPS-CB	5945	1	90	98.889	1.74e-36
C662FACXX150129:3:1307:9748:19845/2	87	87	1	smNRPS-CB	5945	5701	5787	100	1.74e-36
C662FACXX150129:6:2201:11816:53191/2	90	90	1	smNRPS-CB	5945	2790	2879	98.889	1.74e-36
C662FACXX150129:6:2201:2957:13764/2	88	1	88	smNRPS-CB	5945	786	873	100	4.84e-37
C662FACXX150129:7:2106:11980:88173/2	98	1	98	smNRPS-CB	5945	4795	4892	96.939	1.35e-37
C662FACXX150129:6:2111:5804:21098/1	95	95	1	smNRPS-CB	5945	3693	3787	97.895	1.35e-37
C662FACXX150129:5:2102:3329:81499/2	101	1	101	smNRPS-CB	5945	4795	4895	96.04	1.35e-37
C662FACXX150129:7:2313:12971:24942/1	100	90	1	smNRPS-CB	5945	2396	2485	100	3.74e-38
C662FACXX150129:6:1110:1807:21869/1	90	90	1	smNRPS-CB	5945	4709	4798	100	3.74e-38
C662FACXX150129:3:1312:13892:34187/1	91	1	91	smNRPS-CB	5945	1961	2051	100	1.04e-38
C662FACXX150129:2:2316:15397:76419/2	101	1	97	smNRPS-CB	5945	1649	1746	97.959	1.04e-38
C662FACXX150129:6:2102:11965:10231/2	101	1	101	smNRPS-CB	5945	1794	1892	97.03	1.04e-38
C662FACXX150129:7:1206:2977:95711/2	95	1	94	smNRPS-CB	5945	3623	3716	98.936	1.04e-38
C662FACXX150129:7:1212:7420:83947/2	101	101	1	smNRPS-CB	5945	3637	3737	97.03	2.89e-39
C662FACXX150129:5:1207:9627:30910/1	101	1	101	smNRPS-CB	5945	5580	5680	97.03	2.89e-39
C662FACXX150129:5:1207:9627:30910/2	101	101	1	smNRPS-CB	5945	5612	5712	97.03	2.89e-39
C662FACXX150129:2:1111:6014:29686/2	101	95	1	smNRPS-CB	5945	4317	4412	98.958	2.89e-39
C662FACXX150129:2:2313:9313:101067/1	101	1	101	smNRPS-CB	5945	3528	3628	97.03	2.89e-39
C662FACXX150129:6:1204:7877:21854/1	101	1	101	smNRPS-CB	5945	4793	4893	97.03	2.89e-39
C662FACXX150129:3:2306:12661:100169/1	101	101	1	smNRPS-CB	5945	3639	3739	97.03	2.89e-39
C662FACXX150129:2:1310:9867:24294/2	95	1	95	smNRPS-CB	5945	5479	5573	98.947	2.89e-39
C662FACXX150129:5:1309:9118:73485/1	101	1	101	smNRPS-CB	5945	5595	5695	97.03	2.89e-39
C662FACXX150129:6:2201:4610:51077/1	101	1	101	smNRPS-CB	5945	5613	5713	97.03	2.89e-39
C662FACXX150129:3:1303:10573:79808/1	101	95	1	smNRPS-CB	5945	4317	4412	98.958	2.89e-39
C662FACXX150129:2:1111:6014:29686/1	101	1	93	smNRPS-CB	5945	4321	4413	100	8.04e-40
C662FACXX150129:4:1313:15370:62432/1	96	96	1	smNRPS-CB	5945	2667	2762	98.958	8.04e-40
C662FACXX150129:4:2310:10957:13236/1	99	1	99	smNRPS-CB	5945	3688	3786	97.98	8.04e-40
C662FACXX150129:7:1104:11683:25842/1	96	1	96	smNRPS-CB	5945	258	353	98.958	8.04e-40
C662FACXX150129:3:1216:14997:59326/2	94	94	1	smNRPS-CB	5945	847	940	100	2.24e-40
C662FACXX150129:3:2206:12431:22119/1	94	94	1	smNRPS-CB	5945	5215	5308	100	2.24e-40
C662FACXX150129:6:2201:2957:13764/1	94	94	1	smNRPS-CB	5945	1098	1191	100	2.24e-40
C662FACXX150129:3:1312:13892:34187/2	94	94	1	smNRPS-CB	5945	2011	2104	100	2.24e-40
C662FACXX150129:2:2109:5925:2777/1	101	1	97	smNRPS-CB	5945	5551	5647	98.969	2.24e-40
C662FACXX150129:7:1206:5651:2529/2	97	1	97	smNRPS-CB	5945	4446	4542	98.969	2.24e-40
C662FACXX150129:6:2201:11816:53191/1	97	1	97	smNRPS-CB	5945	2642	2738	98.969	2.24e-40
C662FACXX150129:7:1303:13049:36152/2	94	1	94	smNRPS-CB	5945	1957	2050	100	2.24e-40
C662FACXX150129:7:1212:7420:83947/1	101	1	101	smNRPS-CB	5945	3589	3689	98.02	6.22e-41
C662FACXX150129:3:2312:17441:95254/1	101	1	101	smNRPS-CB	5945	5421	5521	98.02	6.22e-41
C662FACXX150129:4:1102:6613:16396/1	101	1	101	smNRPS-CB	5945	50	150	98.02	6.22e-41
C662FACXX150129:4:1102:6613:16396/2	101	101	1	smNRPS-CB	5945	99	199	98.02	6.22e-41
C662FACXX150129:2:2313:9313:101067/2	101	101	1	smNRPS-CB	5945	3591	3691	98.02	6.22e-41
C662FACXX150129:6:2306:6837:97260/2	101	101	1	smNRPS-CB	5945	3550	3650	98.02	6.22e-41
C662FACXX150129:6:2105:13061:11672/1	101	101	1	smNRPS-CB	5945	94	194	98.02	6.22e-41
C662FACXX150129:6:2105:13061:11672/2	101	1	101	smNRPS-CB	5945	84	184	98.02	6.22e-41
C662FACXX150129:2:1207:19395:25562/1	101	1	101	smNRPS-CB	5945	3711	3811	98.02	6.22e-41
C662FACXX150129:7:2315:15178:13933/2	101	101	1	smNRPS-CB	5945	3568	3668	98.02	6.22e-41
C662FACXX150129:3:2313:18679:49946/2	95	1	95	smNRPS-CB	5945	1957	2051	100	6.22e-41
C662FACXX150129:2:1205:8709:94819/2	101	1	101	smNRPS-CB	5945	3104	3204	98.02	6.22e-41
C662FACXX150129:5:2201:7098:95208/2	98	1	98	smNRPS-CB	5945	346	443	98.98	6.22e-41
C662FACXX150129:5:1304:12869:10638/1	101	1	101	smNRPS-CB	5945	3589	3689	98.02	6.22e-41
C662FACXX150129:6:2316:13110:40730/1	95	1	95	smNRPS-CB	5945	2290	2384	100	6.22e-41
C662FACXX150129:7:1205:14423:2475/2	95	1	95	smNRPS-CB	5945	2301	2395	100	6.22e-41
C662FACXX150129:6:2313:11324:96902/2	101	1	101	smNRPS-CB	5945	1265	1365	98.02	6.22e-41
C662FACXX150129:3:2303:2693:22396/2	99	99	1	smNRPS-CB	5945	2829	2927	98.99	1.73e-41
C662FACXX150129:6:2102:11965:10231/1	96	96	1	smNRPS-CB	5945	1859	1954	100	1.73e-41
C662FACXX150129:4:2307:3360:14168/1	99	99	1	smNRPS-CB	5945	4912	5010	98.99	1.73e-41
C662FACXX150129:3:1203:12778:41517/1	99	99	1	smNRPS-CB	5945	4314	4412	98.99	1.73e-41
C662FACXX150129:6:2308:12126:63225/2	100	100	1	smNRPS-CB	5945	3569	3668	99	4.81e-42
C662FACXX150129:7:1110:19873:61646/2	97	1	97	smNRPS-CB	5945	2881	2977	100	4.81e-42
C662FACXX150129:4:1306:1481:2438/1	97	97	1	smNRPS-CB	5945	4359	4455	100	4.81e-42
C662FACXX150129:5:1304:10112:47328/2	97	1	97	smNRPS-CB	5945	4052	4148	100	4.81e-42
C662FACXX150129:7:1303:13049:36152/1	97	97	1	smNRPS-CB	5945	2139	2235	100	4.81e-42
C662FACXX150129:5:2201:7098:95208/1	97	97	1	smNRPS-CB	5945	415	511	100	4.81e-42
C662FACXX150129:5:1303:8132:64549/2	97	97	1	smNRPS-CB	5945	3162	3258	100	4.81e-42
C662FACXX150129:5:2301:4760:31884/1	101	97	1	smNRPS-CB	5945	3033	3129	100	4.81e-42
C662FACXX150129:5:2301:4760:31884/2	101	1	97	smNRPS-CB	5945	3033	3129	100	4.81e-42
C662FACXX150129:6:1106:11790:54525/1	97	1	97	smNRPS-CB	5945	795	891	100	4.81e-42
C662FACXX150129:6:1304:6906:48292/1	101	1	101	smNRPS-CB	5945	3857	3957	99.01	1.34e-42
C662FACXX150129:3:2309:13863:29995/2	98	98	1	smNRPS-CB	5945	1989	2086	100	1.34e-42
C662FACXX150129:5:2116:14988:63072/2	101	1	101	smNRPS-CB	5945	1482	1582	99.01	1.34e-42
C662FACXX150129:3:2309:13854:81657/1	101	1	101	smNRPS-CB	5945	4253	4353	99.01	1.34e-42
C662FACXX150129:6:2306:6837:97260/1	101	1	101	smNRPS-CB	5945	3478	3578	99.01	1.34e-42
C662FACXX150129:4:1213:10649:59828/2	101	101	1	smNRPS-CB	5945	1397	1497	99.01	1.34e-42
C662FACXX150129:5:1113:7259:93854/1	101	1	101	smNRPS-CB	5945	338	438	99.01	1.34e-42
C662FACXX150129:6:2111:5804:21098/2	98	1	98	smNRPS-CB	5945	3434	3531	100	1.34e-42
C662FACXX150129:2:1310:18893:46299/2	101	1	98	smNRPS-CB	5945	994	1091	100	1.34e-42
C662FACXX150129:7:2205:18045:36799/1	101	1	101	smNRPS-CB	5945	3812	3912	99.01	1.34e-42
C662FACXX150129:4:2202:6081:8209/1	101	1	101	smNRPS-CB	5945	4412	4512	99.01	1.34e-42
C662FACXX150129:4:2202:6081:8209/2	100	100	3	smNRPS-CB	5945	4513	4610	100	1.34e-42
C662FACXX150129:6:2102:18402:56112/2	101	101	1	smNRPS-CB	5945	3568	3668	99.01	1.34e-42
C662FACXX150129:6:2209:18601:93286/1	101	1	101	smNRPS-CB	5945	3812	3912	99.01	1.34e-42
C662FACXX150129:3:1107:16823:45284/1	101	1	101	smNRPS-CB	5945	3812	3912	99.01	1.34e-42
C662FACXX150129:4:2303:12116:4440/2	101	1	101	smNRPS-CB	5945	5001	5101	99.01	1.34e-42
C662FACXX150129:2:2105:2499:37583/1	101	1	101	smNRPS-CB	5945	5176	5276	99.01	1.34e-42
C662FACXX150129:3:2313:18679:49946/1	101	101	1	smNRPS-CB	5945	2135	2235	99.01	1.34e-42
C662FACXX150129:4:1306:1481:2438/2	98	1	98	smNRPS-CB	5945	4300	4397	100	1.34e-42
C662FACXX150129:4:2310:10957:13236/2	98	98	1	smNRPS-CB	5945	3786	3883	100	1.34e-42
C662FACXX150129:7:2106:10809:26046/1	101	1	101	smNRPS-CB	5945	4392	4492	99.01	1.34e-42
C662FACXX150129:7:2106:10809:26046/2	101	101	1	smNRPS-CB	5945	4458	4558	99.01	1.34e-42
C662FACXX150129:6:1301:16904:75617/2	101	1	101	smNRPS-CB	5945	1482	1582	99.01	1.34e-42
C662FACXX150129:2:2201:7728:7179/1	101	101	1	smNRPS-CB	5945	2761	2861	99.01	1.34e-42
C662FACXX150129:7:2213:15220:79357/1	101	1	101	smNRPS-CB	5945	995	1095	99.01	1.34e-42
C662FACXX150129:7:2213:15220:79357/2	101	101	1	smNRPS-CB	5945	1083	1183	99.01	1.34e-42
C662FACXX150129:5:1111:13127:11218/1	101	101	1	smNRPS-CB	5945	1442	1542	99.01	1.34e-42
C662FACXX150129:5:1111:13127:11218/2	98	1	98	smNRPS-CB	5945	1265	1362	100	1.34e-42
C662FACXX150129:5:2113:9478:23479/2	101	1	101	smNRPS-CB	5945	5413	5513	99.01	1.34e-42
C662FACXX150129:6:2309:14726:68460/1	101	1	101	smNRPS-CB	5945	5041	5141	99.01	1.34e-42
C662FACXX150129:5:2306:10264:65008/2	101	1	101	smNRPS-CB	5945	5167	5267	99.01	1.34e-42
C662FACXX150129:4:2101:5890:3967/1	101	1	101	smNRPS-CB	5945	5148	5248	99.01	1.34e-42
C662FACXX150129:4:1102:4158:63158/1	101	1	101	smNRPS-CB	5945	4463	4563	99.01	1.34e-42
C662FACXX150129:6:1215:4250:26694/1	101	1	101	smNRPS-CB	5945	5176	5276	99.01	1.34e-42
C662FACXX150129:7:2103:18565:87938/1	101	1	101	smNRPS-CB	5945	4550	4650	99.01	1.34e-42
C662FACXX150129:7:1211:20868:72829/1	101	1	101	smNRPS-CB	5945	3488	3588	99.01	1.34e-42
C662FACXX150129:4:1104:1179:92195/2	101	1	101	smNRPS-CB	5945	5123	5223	99.01	1.34e-42
C662FACXX150129:3:1306:5046:58503/1	99	99	1	smNRPS-CB	5945	3329	3427	100	3.72e-43
C662FACXX150129:6:1204:7877:21854/2	101	99	1	smNRPS-CB	5945	5014	5112	100	3.72e-43
C662FACXX150129:5:2307:14481:14658/1	99	1	99	smNRPS-CB	5945	1369	1467	100	3.72e-43
C662FACXX150129:2:2304:11039:19177/2	101	3	101	smNRPS-CB	5945	2721	2819	100	3.72e-43
C662FACXX150129:4:1303:12436:66416/2	100	100	2	smNRPS-CB	5945	993	1091	100	3.72e-43
C662FACXX150129:3:2309:13863:29995/1	100	1	100	smNRPS-CB	5945	1986	2085	100	1.03e-43
C662FACXX150129:2:1112:13660:33680/1	100	1	100	smNRPS-CB	5945	887	986	100	1.03e-43
C662FACXX150129:7:2205:4076:69324/2	100	1	100	smNRPS-CB	5945	3350	3449	100	1.03e-43
C662FACXX150129:4:1313:15370:62432/2	100	1	100	smNRPS-CB	5945	2565	2664	100	1.03e-43
C662FACXX150129:2:1101:16624:93888/1	100	1	100	smNRPS-CB	5945	3281	3380	100	1.03e-43
C662FACXX150129:7:2315:15178:13933/1	101	1	100	smNRPS-CB	5945	3455	3554	100	1.03e-43
C662FACXX150129:6:2201:9220:77866/1	101	1	101	smNRPS-CB	5945	4304	4404	100	2.87e-44
C662FACXX150129:6:2201:9220:77866/2	101	101	1	smNRPS-CB	5945	4354	4454	100	2.87e-44
C662FACXX150129:4:1309:14503:15174/1	101	101	1	smNRPS-CB	5945	3437	3537	100	2.87e-44
C662FACXX150129:4:1309:14503:15174/2	101	1	101	smNRPS-CB	5945	3380	3480	100	2.87e-44
C662FACXX150129:7:1205:5135:71380/2	101	1	101	smNRPS-CB	5945	5844	5944	100	2.87e-44
C662FACXX150129:6:2102:7058:85044/1	101	1	101	smNRPS-CB	5945	1292	1392	100	2.87e-44
C662FACXX150129:6:2102:7058:85044/2	101	101	1	smNRPS-CB	5945	1365	1465	100	2.87e-44
C662FACXX150129:6:1304:6906:48292/2	101	101	1	smNRPS-CB	5945	4148	4248	100	2.87e-44
C662FACXX150129:7:1210:8999:14247/1	101	101	1	smNRPS-CB	5945	1387	1487	100	2.87e-44
C662FACXX150129:7:1210:8999:14247/2	101	1	101	smNRPS-CB	5945	1177	1277	100	2.87e-44
C662FACXX150129:6:2216:8579:21562/1	101	1	101	smNRPS-CB	5945	3173	3273	100	2.87e-44
C662FACXX150129:6:2216:8579:21562/2	101	101	1	smNRPS-CB	5945	3229	3329	100	2.87e-44
C662FACXX150129:2:1112:13660:33680/2	101	101	1	smNRPS-CB	5945	905	1005	100	2.87e-44
C662FACXX150129:5:2116:14988:63072/1	101	101	1	smNRPS-CB	5945	1570	1670	100	2.87e-44
C662FACXX150129:3:1306:5046:58503/2	101	1	101	smNRPS-CB	5945	3177	3277	100	2.87e-44
C662FACXX150129:6:2308:12126:63225/1	101	1	101	smNRPS-CB	5945	3429	3529	100	2.87e-44
C662FACXX150129:3:2309:13854:81657/2	101	101	1	smNRPS-CB	5945	4352	4452	100	2.87e-44
C662FACXX150129:4:1213:10649:59828/1	101	1	101	smNRPS-CB	5945	1369	1469	100	2.87e-44
C662FACXX150129:2:2110:14506:9994/1	101	101	1	smNRPS-CB	5945	1363	1463	100	2.87e-44
C662FACXX150129:2:2110:14506:9994/2	101	1	101	smNRPS-CB	5945	1189	1289	100	2.87e-44
C662FACXX150129:3:1216:14997:59326/1	101	1	101	smNRPS-CB	5945	817	917	100	2.87e-44
C662FACXX150129:5:1113:7259:93854/2	101	101	1	smNRPS-CB	5945	465	565	100	2.87e-44
C662FACXX150129:2:1310:18893:46299/1	101	101	1	smNRPS-CB	5945	1162	1262	100	2.87e-44
C662FACXX150129:5:2307:14481:14658/2	101	101	1	smNRPS-CB	5945	1557	1657	100	2.87e-44
C662FACXX150129:3:1307:9748:19845/1	101	1	101	smNRPS-CB	5945	5339	5439	100	2.87e-44
C662FACXX150129:2:1309:11586:29353/1	101	101	1	smNRPS-CB	5945	2385	2485	100	2.87e-44
C662FACXX150129:2:1309:11586:29353/2	101	1	101	smNRPS-CB	5945	2330	2430	100	2.87e-44
C662FACXX150129:2:1207:19395:25562/2	101	101	1	smNRPS-CB	5945	3895	3995	100	2.87e-44
C662FACXX150129:7:1103:5032:16746/1	101	1	101	smNRPS-CB	5945	4007	4107	100	2.87e-44
C662FACXX150129:7:2205:4076:69324/1	101	101	1	smNRPS-CB	5945	3351	3451	100	2.87e-44
C662FACXX150129:2:1310:9867:24294/1	101	101	1	smNRPS-CB	5945	5807	5907	100	2.87e-44
C662FACXX150129:7:2205:18045:36799/2	101	101	1	smNRPS-CB	5945	3898	3998	100	2.87e-44
C662FACXX150129:3:2303:2693:22396/1	101	1	101	smNRPS-CB	5945	2335	2435	100	2.87e-44
C662FACXX150129:2:2304:11039:19177/1	101	101	1	smNRPS-CB	5945	2725	2825	100	2.87e-44
C662FACXX150129:6:2102:18402:56112/1	101	1	101	smNRPS-CB	5945	3423	3523	100	2.87e-44
C662FACXX150129:6:2209:18601:93286/2	101	101	1	smNRPS-CB	5945	3898	3998	100	2.87e-44
C662FACXX150129:2:1101:16624:93888/2	101	101	1	smNRPS-CB	5945	3294	3394	100	2.87e-44
C662FACXX150129:5:1108:19435:83756/1	101	101	1	smNRPS-CB	5945	4688	4788	100	2.87e-44
C662FACXX150129:5:1108:19435:83756/2	101	1	101	smNRPS-CB	5945	4653	4753	100	2.87e-44
C662FACXX150129:3:1104:9171:72906/1	101	1	101	smNRPS-CB	5945	3993	4093	100	2.87e-44
C662FACXX150129:4:2206:4429:29207/1	101	101	1	smNRPS-CB	5945	960	1060	100	2.87e-44
C662FACXX150129:5:2302:15538:39087/1	101	101	1	smNRPS-CB	5945	2552	2652	100	2.87e-44
C662FACXX150129:5:2302:15538:39087/2	101	1	101	smNRPS-CB	5945	2483	2583	100	2.87e-44
C662FACXX150129:4:1102:16040:86476/1	101	101	1	smNRPS-CB	5945	1234	1334	100	2.87e-44
C662FACXX150129:4:1102:16040:86476/2	101	1	101	smNRPS-CB	5945	1175	1275	100	2.87e-44
C662FACXX150129:3:1107:16823:45284/2	101	101	1	smNRPS-CB	5945	3898	3998	100	2.87e-44
C662FACXX150129:4:2303:12116:4440/1	101	101	1	smNRPS-CB	5945	5051	5151	100	2.87e-44
C662FACXX150129:4:2107:13417:6982/1	101	1	101	smNRPS-CB	5945	3154	3254	100	2.87e-44
C662FACXX150129:4:2107:13417:6982/2	101	101	1	smNRPS-CB	5945	3314	3414	100	2.87e-44
C662FACXX150129:2:2105:2499:37583/2	101	101	1	smNRPS-CB	5945	5198	5298	100	2.87e-44
C662FACXX150129:7:2301:7456:8381/1	101	101	1	smNRPS-CB	5945	1365	1465	100	2.87e-44
C662FACXX150129:7:2301:7456:8381/2	101	1	101	smNRPS-CB	5945	1303	1403	100	2.87e-44
C662FACXX150129:5:2115:14045:62558/1	101	101	1	smNRPS-CB	5945	4745	4845	100	2.87e-44
C662FACXX150129:5:2115:14045:62558/2	101	1	101	smNRPS-CB	5945	4714	4814	100	2.87e-44
C662FACXX150129:7:1110:19873:61646/1	101	101	1	smNRPS-CB	5945	3151	3251	100	2.87e-44
C662FACXX150129:4:1303:12436:66416/1	101	1	101	smNRPS-CB	5945	827	927	100	2.87e-44
C662FACXX150129:6:1110:1807:21869/2	101	1	101	smNRPS-CB	5945	4667	4767	100	2.87e-44
C662FACXX150129:7:2309:16632:10655/1	101	1	101	smNRPS-CB	5945	4348	4448	100	2.87e-44
C662FACXX150129:7:2309:16632:10655/2	101	101	1	smNRPS-CB	5945	4371	4471	100	2.87e-44
C662FACXX150129:2:2103:16359:4307/1	101	101	1	smNRPS-CB	5945	1241	1341	100	2.87e-44
C662FACXX150129:2:2103:16359:4307/2	101	1	101	smNRPS-CB	5945	1207	1307	100	2.87e-44
C662FACXX150129:2:1105:4479:84862/1	101	1	101	smNRPS-CB	5945	1891	1991	100	2.87e-44
C662FACXX150129:2:1105:4479:84862/2	101	101	1	smNRPS-CB	5945	2177	2277	100	2.87e-44
C662FACXX150129:5:1304:10112:47328/1	101	101	1	smNRPS-CB	5945	4249	4349	100	2.87e-44
C662FACXX150129:6:1301:16904:75617/1	101	101	1	smNRPS-CB	5945	1570	1670	100	2.87e-44
C662FACXX150129:6:2201:4610:51077/2	101	101	1	smNRPS-CB	5945	5765	5865	100	2.87e-44
C662FACXX150129:5:2203:13035:43123/1	101	1	101	smNRPS-CB	5945	3173	3273	100	2.87e-44
C662FACXX150129:5:2203:13035:43123/2	101	101	1	smNRPS-CB	5945	3229	3329	100	2.87e-44
C662FACXX150129:2:2201:7728:7179/2	101	1	101	smNRPS-CB	5945	2576	2676	100	2.87e-44
C662FACXX150129:5:1208:9466:52260/1	101	101	1	smNRPS-CB	5945	2930	3030	100	2.87e-44
C662FACXX150129:5:1208:9466:52260/2	101	1	101	smNRPS-CB	5945	2893	2993	100	2.87e-44
C662FACXX150129:5:2113:9478:23479/1	101	101	1	smNRPS-CB	5945	5717	5817	100	2.87e-44
C662FACXX150129:7:2105:5492:95918/2	101	101	1	smNRPS-CB	5945	3229	3329	100	2.87e-44
C662FACXX150129:2:1306:12706:3310/1	101	1	101	smNRPS-CB	5945	486	586	100	2.87e-44
C662FACXX150129:2:1306:12706:3310/2	101	101	1	smNRPS-CB	5945	745	845	100	2.87e-44
C662FACXX150129:7:1305:3816:94095/1	101	101	1	smNRPS-CB	5945	2218	2318	100	2.87e-44
C662FACXX150129:7:1305:3816:94095/2	101	1	101	smNRPS-CB	5945	2138	2238	100	2.87e-44
C662FACXX150129:2:1205:8709:94819/1	101	101	1	smNRPS-CB	5945	3190	3290	100	2.87e-44
C662FACXX150129:5:1303:8132:64549/1	101	1	101	smNRPS-CB	5945	2843	2943	100	2.87e-44
C662FACXX150129:6:2309:14726:68460/2	101	101	1	smNRPS-CB	5945	5066	5166	100	2.87e-44
C662FACXX150129:5:2306:10264:65008/1	101	101	1	smNRPS-CB	5945	5284	5384	100	2.87e-44
C662FACXX150129:3:1311:4944:76009/2	101	101	1	smNRPS-CB	5945	1959	2059	100	2.87e-44
C662FACXX150129:4:2101:5890:3967/2	101	101	1	smNRPS-CB	5945	5203	5303	100	2.87e-44
C662FACXX150129:5:1212:18420:43234/1	101	101	1	smNRPS-CB	5945	2385	2485	100	2.87e-44
C662FACXX150129:5:1212:18420:43234/2	101	1	101	smNRPS-CB	5945	2330	2430	100	2.87e-44
C662FACXX150129:4:1102:4158:63158/2	101	101	1	smNRPS-CB	5945	4668	4768	100	2.87e-44
C662FACXX150129:6:1215:4250:26694/2	101	101	1	smNRPS-CB	5945	5198	5298	100	2.87e-44
C662FACXX150129:3:1301:4097:96706/1	101	101	1	smNRPS-CB	5945	2385	2485	100	2.87e-44
C662FACXX150129:3:1301:4097:96706/2	101	1	101	smNRPS-CB	5945	2330	2430	100	2.87e-44
C662FACXX150129:4:2103:18423:47041/1	101	101	1	smNRPS-CB	5945	809	909	100	2.87e-44
C662FACXX150129:3:2312:1841:87018/1	101	101	1	smNRPS-CB	5945	5817	5917	100	2.87e-44
C662FACXX150129:7:2205:19130:98012/1	101	1	101	smNRPS-CB	5945	860	960	100	2.87e-44
