C662FACXX150129:4:2116:8948:3219/2	72	72	1	smNRPS-CC	5875	5315	5386	97.222	1.19e-24
C662FACXX150129:6:2104:19770:101126/2	74	1	74	smNRPS-CC	5875	2355	2428	97.297	9.18e-26
C662FACXX150129:4:2105:3404:13983/2	83	83	1	smNRPS-CC	5875	2744	2826	97.59	9.12e-31
C662FACXX150129:6:2313:18427:11155/2	90	1	90	smNRPS-CC	5875	4690	4779	97.778	1.17e-34
C662FACXX150129:2:2114:19827:49280/2	101	8	101	smNRPS-CC	5875	1161	1254	96.809	3.26e-35
C662FACXX150129:3:1212:18249:87878/1	100	1	100	smNRPS-CC	5875	1507	1606	95	3.26e-35
C662FACXX150129:2:1113:9801:67512/1	101	101	1	smNRPS-CC	5875	1525	1625	95.05	9.05e-36
C662FACXX150129:3:1105:13391:51791/1	101	1	101	smNRPS-CC	5875	1479	1579	95.05	9.05e-36
C662FACXX150129:2:1201:8741:49214/2	91	1	90	smNRPS-CC	5875	5346	5435	98.889	2.52e-36
C662FACXX150129:5:1212:18292:14603/1	101	91	1	smNRPS-CC	5875	2599	2689	98.901	7e-37
C662FACXX150129:5:1212:18292:14603/2	101	1	91	smNRPS-CC	5875	2599	2689	98.901	7e-37
C662FACXX150129:3:2104:13062:45825/1	90	1	89	smNRPS-CC	5875	3936	4024	100	1.95e-37
C662FACXX150129:6:2116:10381:54038/1	101	1	101	smNRPS-CC	5875	2305	2405	97.03	4.18e-39
C662FACXX150129:3:1103:3489:24882/1	101	1	101	smNRPS-CC	5875	2305	2405	97.03	4.18e-39
C662FACXX150129:3:1104:7728:58576/1	101	101	1	smNRPS-CC	5875	387	487	97.03	4.18e-39
C662FACXX150129:4:2112:19070:54210/2	101	1	101	smNRPS-CC	5875	1254	1354	97.03	4.18e-39
C662FACXX150129:2:2107:6183:62093/2	101	96	1	smNRPS-CC	5875	1551	1646	98.958	1.16e-39
C662FACXX150129:5:1210:8819:11351/2	97	97	1	smNRPS-CC	5875	90	186	98.969	3.23e-40
C662FACXX150129:5:1103:13543:96390/2	96	96	2	smNRPS-CC	5875	2522	2616	100	8.99e-41
C662FACXX150129:2:2114:19827:49280/1	101	101	1	smNRPS-CC	5875	1238	1338	98.02	8.99e-41
C662FACXX150129:4:2213:5863:55730/1	101	1	101	smNRPS-CC	5875	2775	2875	98.02	8.99e-41
C662FACXX150129:4:2214:7179:39418/2	101	101	1	smNRPS-CC	5875	1192	1292	98.02	8.99e-41
C662FACXX150129:7:2207:10123:43441/2	101	101	1	smNRPS-CC	5875	4213	4313	99.01	1.93e-42
C662FACXX150129:4:1203:15653:12438/1	101	1	101	smNRPS-CC	5875	330	430	99.01	1.93e-42
C662FACXX150129:4:1203:15653:12438/2	101	101	1	smNRPS-CC	5875	363	463	99.01	1.93e-42
C662FACXX150129:7:1314:6779:3871/2	101	101	1	smNRPS-CC	5875	5563	5663	99.01	1.93e-42
C662FACXX150129:4:2213:5863:55730/2	101	101	1	smNRPS-CC	5875	2974	3074	99.01	1.93e-42
C662FACXX150129:4:2208:18600:34470/1	101	1	101	smNRPS-CC	5875	2477	2577	99.01	1.93e-42
C662FACXX150129:3:2111:19678:75816/1	101	101	1	smNRPS-CC	5875	4222	4322	99.01	1.93e-42
C662FACXX150129:3:2104:13062:45825/2	101	101	1	smNRPS-CC	5875	3996	4096	99.01	1.93e-42
C662FACXX150129:5:2105:8364:57434/1	101	1	101	smNRPS-CC	5875	2305	2405	99.01	1.93e-42
C662FACXX150129:2:2309:16781:83407/2	101	1	101	smNRPS-CC	5875	794	894	99.01	1.93e-42
C662FACXX150129:2:1305:11160:37718/1	100	3	100	smNRPS-CC	5875	5600	5697	100	1.93e-42
C662FACXX150129:6:2104:19770:101126/1	101	101	1	smNRPS-CC	5875	2556	2656	99.01	1.93e-42
C662FACXX150129:2:2212:7062:97148/1	101	101	1	smNRPS-CC	5875	1218	1318	99.01	1.93e-42
C662FACXX150129:2:1106:10841:2260/1	101	1	101	smNRPS-CC	5875	3504	3604	99.01	1.93e-42
C662FACXX150129:6:1307:16644:4401/1	99	99	1	smNRPS-CC	5875	1692	1790	100	5.37e-43
C662FACXX150129:3:2116:11615:27244/1	99	99	1	smNRPS-CC	5875	4470	4568	100	5.37e-43
C662FACXX150129:6:1307:16644:4401/2	101	1	100	smNRPS-CC	5875	1216	1315	100	1.49e-43
C662FACXX150129:7:1314:6779:3871/1	101	1	100	smNRPS-CC	5875	5448	5547	100	1.49e-43
C662FACXX150129:4:2208:18600:34470/2	101	101	2	smNRPS-CC	5875	2517	2616	100	1.49e-43
C662FACXX150129:5:2105:8364:57434/2	100	100	1	smNRPS-CC	5875	2508	2607	100	1.49e-43
C662FACXX150129:7:2207:10123:43441/1	101	1	101	smNRPS-CC	5875	4076	4176	100	4.15e-44
C662FACXX150129:5:1103:13543:96390/1	101	1	101	smNRPS-CC	5875	2477	2577	100	4.15e-44
C662FACXX150129:6:2313:18427:11155/1	101	101	1	smNRPS-CC	5875	5000	5100	100	4.15e-44
C662FACXX150129:2:1201:8741:49214/1	101	101	1	smNRPS-CC	5875	5430	5530	100	4.15e-44
C662FACXX150129:6:1105:3339:3048/2	101	101	1	smNRPS-CC	5875	613	713	100	4.15e-44
C662FACXX150129:2:1305:11160:37718/2	101	101	1	smNRPS-CC	5875	5687	5787	100	4.15e-44
C662FACXX150129:3:2309:4288:72910/1	101	101	1	smNRPS-CC	5875	4468	4568	100	4.15e-44
C662FACXX150129:5:2311:20668:82275/1	101	101	1	smNRPS-CC	5875	5430	5530	100	4.15e-44
C662FACXX150129:7:1212:10409:98632/1	101	1	51	smNRPS-CB	5945	5865	5915	100	2.62e-16
C662FACXX150129:7:1212:10409:98632/2	93	51	1	smNRPS-CB	5945	5865	5915	100	2.62e-16
C662FACXX150129:7:2208:19212:43307/2	101	48	101	smNRPS-CB	5945	1	54	100	5.63e-18
C662FACXX150129:7:2207:14502:64661/2	66	1	66	smNRPS-CB	5945	2881	2946	95.455	1.21e-19
C662FACXX150129:2:1215:12723:47668/2	100	32	97	smNRPS-CB	5945	1	66	100	1.2e-24
C662FACXX150129:2:1307:14993:24938/1	71	71	1	smNRPS-CB	5945	5747	5817	98.592	9.29e-26
C662FACXX150129:3:2202:11018:78626/1	69	69	1	smNRPS-CB	5945	4180	4248	100	2.58e-26
C662FACXX150129:3:2308:14369:94924/2	83	83	1	smNRPS-CB	5945	1266	1348	95.181	2e-27
C662FACXX150129:3:2202:11018:78626/2	75	1	75	smNRPS-CB	5945	4124	4198	98.667	5.55e-28
C662FACXX150129:7:2303:11167:79707/2	86	1	86	smNRPS-CB	5945	518	603	96.512	9.23e-31
C662FACXX150129:3:1108:12106:26453/1	82	1	82	smNRPS-CB	5945	2866	2947	98.78	7.13e-32
C662FACXX150129:4:2310:12544:4043/1	84	84	1	smNRPS-CB	5945	3051	3134	98.81	5.51e-33
C662FACXX150129:6:1103:11815:90202/2	84	1	84	smNRPS-CB	5945	562	645	98.81	5.51e-33
C662FACXX150129:6:1112:14235:13370/1	89	89	1	smNRPS-CB	5945	1476	1564	97.753	4.26e-34
C662FACXX150129:4:1314:20591:85845/1	89	89	1	smNRPS-CB	5945	3518	3606	97.753	4.26e-34
C662FACXX150129:4:1309:13831:38391/1	93	93	1	smNRPS-CB	5945	2012	2104	96.774	1.19e-34
C662FACXX150129:7:1109:13090:23728/1	89	89	1	smNRPS-CB	5945	5703	5791	98.876	9.16e-36
C662FACXX150129:4:2214:7179:39418/1	101	101	1	smNRPS-CB	5945	4861	4961	95.05	9.16e-36
C662FACXX150129:2:2212:7062:97148/2	101	101	1	smNRPS-CB	5945	4711	4811	95.05	9.16e-36
C662FACXX150129:5:2202:2119:21199/1	95	1	95	smNRPS-CB	5945	1842	1936	96.842	9.16e-36
C662FACXX150129:5:2209:15020:76137/1	101	96	1	smNRPS-CB	5945	3561	3656	96.875	2.55e-36
C662FACXX150129:5:2209:15020:76137/2	101	1	96	smNRPS-CB	5945	3561	3656	96.875	2.55e-36
C662FACXX150129:7:1109:13090:23728/2	95	1	95	smNRPS-CB	5945	5517	5611	97.895	1.97e-37
C662FACXX150129:7:1312:19125:18708/2	101	1	101	smNRPS-CB	5945	3491	3591	96.04	1.97e-37
C662FACXX150129:7:2303:11167:79707/1	92	92	1	smNRPS-CB	5945	684	775	98.913	1.97e-37
C662FACXX150129:5:2304:11129:38280/1	101	1	101	smNRPS-CB	5945	4892	4992	96.04	1.97e-37
C662FACXX150129:2:1215:12723:47668/1	95	95	3	smNRPS-CB	5945	28	120	98.925	5.48e-38
C662FACXX150129:3:2305:16050:69051/1	99	1	99	smNRPS-CB	5945	502	600	96.97	5.48e-38
C662FACXX150129:7:1312:19125:18708/1	100	100	1	smNRPS-CB	5945	3517	3616	97	1.52e-38
C662FACXX150129:6:1104:18321:20098/2	101	1	100	smNRPS-CB	5945	1936	2036	97.03	1.52e-38
C662FACXX150129:2:1104:14266:42310/2	101	98	1	smNRPS-CB	5945	1826	1923	97.959	4.23e-39
C662FACXX150129:5:2111:9336:82976/2	101	101	1	smNRPS-CB	5945	3062	3162	97.03	4.23e-39
C662FACXX150129:4:1210:12529:91097/1	101	98	1	smNRPS-CB	5945	3069	3166	97.959	4.23e-39
C662FACXX150129:2:2107:18724:80518/2	101	101	1	smNRPS-CB	5945	3298	3398	97.03	4.23e-39
C662FACXX150129:6:1104:18321:20098/1	101	98	1	smNRPS-CB	5945	1935	2032	97.959	4.23e-39
C662FACXX150129:6:1112:14235:13370/2	101	1	101	smNRPS-CB	5945	1281	1381	97.03	4.23e-39
C662FACXX150129:3:1104:7728:58576/2	101	101	1	smNRPS-CB	5945	5496	5596	97.03	4.23e-39
C662FACXX150129:7:2210:17022:28277/1	101	1	101	smNRPS-CB	5945	5667	5767	97.03	4.23e-39
C662FACXX150129:5:1316:1270:48737/2	101	101	1	smNRPS-CB	5945	1113	1213	97.03	4.23e-39
C662FACXX150129:7:1201:3040:38777/2	98	1	98	smNRPS-CB	5945	60	157	97.959	4.23e-39
C662FACXX150129:3:1216:17601:97626/2	98	98	1	smNRPS-CB	5945	2086	2183	97.959	4.23e-39
C662FACXX150129:3:2308:14369:94924/1	96	1	96	smNRPS-CB	5945	1024	1119	98.958	1.18e-39
C662FACXX150129:4:2304:16221:55684/2	97	97	1	smNRPS-CB	5945	3014	3110	98.969	3.27e-40
C662FACXX150129:7:2210:17022:28277/2	100	100	1	smNRPS-CB	5945	5683	5782	98	3.27e-40
C662FACXX150129:3:1107:8565:2087/2	101	1	101	smNRPS-CB	5945	1306	1406	98.02	9.1e-41
C662FACXX150129:4:1302:17077:76703/2	101	1	101	smNRPS-CB	5945	1306	1406	98.02	9.1e-41
C662FACXX150129:4:2104:5563:28742/1	101	98	1	smNRPS-CB	5945	5694	5791	98.98	9.1e-41
C662FACXX150129:4:2104:5563:28742/2	101	1	101	smNRPS-CB	5945	5517	5617	98.02	9.1e-41
C662FACXX150129:6:2116:10381:54038/2	101	1	101	smNRPS-CB	5945	3488	3588	98.02	9.1e-41
C662FACXX150129:3:1205:5933:96325/2	98	98	1	smNRPS-CB	5945	4800	4897	98.98	9.1e-41
C662FACXX150129:2:2107:18724:80518/1	101	1	101	smNRPS-CB	5945	3253	3353	98.02	9.1e-41
C662FACXX150129:5:1101:3067:42636/1	101	1	101	smNRPS-CB	5945	1841	1941	98.02	9.1e-41
C662FACXX150129:7:1112:14563:90612/1	101	101	1	smNRPS-CB	5945	1471	1571	98.02	9.1e-41
C662FACXX150129:3:1103:3489:24882/2	101	1	101	smNRPS-CB	5945	3488	3588	98.02	9.1e-41
C662FACXX150129:5:2109:14162:14596/2	101	1	101	smNRPS-CB	5945	1402	1502	98.02	9.1e-41
C662FACXX150129:5:2115:7452:4713/2	101	1	101	smNRPS-CB	5945	3084	3184	98.02	9.1e-41
C662FACXX150129:7:2207:14502:64661/1	101	101	1	smNRPS-CB	5945	3635	3735	98.02	9.1e-41
C662FACXX150129:4:1315:2328:29412/2	101	1	101	smNRPS-CB	5945	1402	1502	98.02	9.1e-41
C662FACXX150129:3:1310:8444:26692/1	100	2	100	smNRPS-CB	5945	548	646	98.99	2.53e-41
C662FACXX150129:5:2111:9336:82976/1	100	1	100	smNRPS-CB	5945	3000	3099	99	7.03e-42
C662FACXX150129:6:2112:3402:51644/1	100	100	1	smNRPS-CB	5945	2331	2430	99	7.03e-42
C662FACXX150129:3:1107:8565:2087/1	101	101	1	smNRPS-CB	5945	1343	1443	99.01	1.96e-42
C662FACXX150129:4:1302:17077:76703/1	101	101	1	smNRPS-CB	5945	1343	1443	99.01	1.96e-42
C662FACXX150129:3:1310:8444:26692/2	101	101	1	smNRPS-CB	5945	623	723	99.01	1.96e-42
C662FACXX150129:2:1104:14266:42310/1	101	1	101	smNRPS-CB	5945	1627	1727	99.01	1.96e-42
C662FACXX150129:2:1211:18605:20335/1	101	101	1	smNRPS-CB	5945	1455	1555	99.01	1.96e-42
C662FACXX150129:2:1211:18605:20335/2	101	1	101	smNRPS-CB	5945	1423	1523	99.01	1.96e-42
C662FACXX150129:4:1201:16471:30304/1	101	1	98	smNRPS-CB	5945	2961	3058	100	1.96e-42
C662FACXX150129:4:1201:16471:30304/2	100	98	1	smNRPS-CB	5945	2961	3058	100	1.96e-42
C662FACXX150129:4:1210:12529:91097/2	101	1	101	smNRPS-CB	5945	2864	2964	99.01	1.96e-42
C662FACXX150129:4:1309:13831:38391/2	101	1	101	smNRPS-CB	5945	1889	1989	99.01	1.96e-42
C662FACXX150129:4:2309:15602:61024/1	101	101	1	smNRPS-CB	5945	1675	1775	99.01	1.96e-42
C662FACXX150129:4:2309:15602:61024/2	101	1	101	smNRPS-CB	5945	1636	1736	99.01	1.96e-42
C662FACXX150129:4:1316:10797:65735/1	101	1	101	smNRPS-CB	5945	1548	1648	99.01	1.96e-42
C662FACXX150129:4:1316:10797:65735/2	101	101	1	smNRPS-CB	5945	1628	1728	99.01	1.96e-42
C662FACXX150129:5:2109:14162:14596/1	101	101	1	smNRPS-CB	5945	1457	1557	99.01	1.96e-42
C662FACXX150129:4:2303:20247:63956/1	101	1	101	smNRPS-CB	5945	1634	1734	99.01	1.96e-42
C662FACXX150129:5:1211:9754:44264/1	101	101	1	smNRPS-CB	5945	18	118	99.01	1.96e-42
C662FACXX150129:4:2304:16221:55684/1	101	1	101	smNRPS-CB	5945	2884	2984	99.01	1.96e-42
C662FACXX150129:4:1315:2328:29412/1	101	101	1	smNRPS-CB	5945	1457	1557	99.01	1.96e-42
C662FACXX150129:3:2111:19678:75816/2	101	101	1	smNRPS-CB	5945	1642	1742	99.01	1.96e-42
C662FACXX150129:7:1303:19879:39419/2	101	101	1	smNRPS-CB	5945	5361	5461	99.01	1.96e-42
C662FACXX150129:5:2304:11129:38280/2	101	101	1	smNRPS-CB	5945	5196	5296	99.01	1.96e-42
C662FACXX150129:5:1316:1270:48737/1	101	1	101	smNRPS-CB	5945	704	804	99.01	1.96e-42
C662FACXX150129:7:1201:3040:38777/1	101	101	1	smNRPS-CB	5945	314	414	99.01	1.96e-42
C662FACXX150129:6:2315:9481:94449/1	101	101	1	smNRPS-CB	5945	3012	3112	99.01	1.96e-42
C662FACXX150129:2:1113:9047:97892/1	101	101	1	smNRPS-CB	5945	18	118	99.01	1.96e-42
C662FACXX150129:5:1216:8861:67802/1	101	101	1	smNRPS-CB	5945	915	1015	99.01	1.96e-42
C662FACXX150129:5:1216:8861:67802/2	101	1	101	smNRPS-CB	5945	772	872	99.01	1.96e-42
C662FACXX150129:3:1204:18861:41346/1	101	1	101	smNRPS-CB	5945	4007	4107	99.01	1.96e-42
C662FACXX150129:3:2116:17474:96163/1	101	1	101	smNRPS-CB	5945	562	662	99.01	1.96e-42
C662FACXX150129:4:2310:6855:13320/1	101	1	101	smNRPS-CB	5945	562	662	99.01	1.96e-42
C662FACXX150129:6:1216:20747:21135/1	101	101	1	smNRPS-CB	5945	314	414	99.01	1.96e-42
C662FACXX150129:6:2112:3402:51644/2	100	1	100	smNRPS-CB	5945	2285	2384	100	1.51e-43
C662FACXX150129:2:1208:19477:77949/2	101	2	101	smNRPS-CB	5945	581	680	100	1.51e-43
C662FACXX150129:7:2208:19212:43307/1	100	100	1	smNRPS-CB	5945	167	266	100	1.51e-43
C662FACXX150129:7:2103:11955:85146/1	101	101	1	smNRPS-CB	5945	5817	5917	100	4.2e-44
C662FACXX150129:7:2103:11955:85146/2	101	1	101	smNRPS-CB	5945	5698	5798	100	4.2e-44
C662FACXX150129:2:1208:19477:77949/1	101	101	1	smNRPS-CB	5945	730	830	100	4.2e-44
C662FACXX150129:5:1101:3067:42636/2	101	101	1	smNRPS-CB	5945	2096	2196	100	4.2e-44
C662FACXX150129:3:1106:9537:47134/1	101	101	1	smNRPS-CB	5945	826	926	100	4.2e-44
C662FACXX150129:3:1106:9537:47134/2	101	1	101	smNRPS-CB	5945	795	895	100	4.2e-44
C662FACXX150129:7:1112:14563:90612/2	101	1	101	smNRPS-CB	5945	1379	1479	100	4.2e-44
C662FACXX150129:5:2115:7452:4713/1	101	101	1	smNRPS-CB	5945	3156	3256	100	4.2e-44
C662FACXX150129:6:1105:3339:3048/1	101	101	1	smNRPS-CB	5945	5256	5356	100	4.2e-44
C662FACXX150129:7:1303:19879:39419/1	101	1	101	smNRPS-CB	5945	5288	5388	100	4.2e-44
C662FACXX150129:6:2315:9481:94449/2	101	1	101	smNRPS-CB	5945	2966	3066	100	4.2e-44
C662FACXX150129:5:2101:5678:55187/1	101	101	1	smNRPS-CB	5945	2110	2210	100	4.2e-44
C662FACXX150129:5:2101:5678:55187/2	101	1	101	smNRPS-CB	5945	2096	2196	100	4.2e-44
