C65YPACXX150129:6:2101:14005:11558/2	100	100	1	smNRPS-CC	5875	1847	1946	95	4.03e-35
C65YPACXX150129:7:1111:17167:94753/1	97	1	95	smNRPS-CC	5875	2694	2788	96.842	1.12e-35
C65YPACXX150129:6:2116:20556:10105/2	101	101	1	smNRPS-CC	5875	1903	2003	95.05	1.12e-35
C65YPACXX150129:8:1111:11297:74370/1	101	101	1	smNRPS-CC	5875	4874	4974	95.05	1.12e-35
C65YPACXX150129:6:2104:4153:4979/1	101	101	1	smNRPS-CC	5875	4874	4974	95.05	1.12e-35
C65YPACXX150129:6:2303:5179:37871/1	101	101	1	smNRPS-CC	5875	1901	2001	95.05	1.12e-35
C65YPACXX150129:7:1109:3775:98620/1	101	101	1	smNRPS-CC	5875	1901	2001	95.05	1.12e-35
C65YPACXX150129:7:1210:6605:64054/2	100	1	100	smNRPS-CC	5875	4339	4438	96	8.67e-37
C65YPACXX150129:6:1309:9104:51916/1	101	1	101	smNRPS-CC	5875	4339	4439	96.04	2.41e-37
C65YPACXX150129:7:2106:17454:16425/1	101	1	101	smNRPS-CC	5875	4316	4416	96.04	2.41e-37
C65YPACXX150129:6:2303:5179:37871/2	101	1	101	smNRPS-CC	5875	1876	1976	96.04	2.41e-37
C65YPACXX150129:7:1109:3775:98620/2	101	1	101	smNRPS-CC	5875	1876	1976	96.04	2.41e-37
C65YPACXX150129:7:2106:10924:70127/1	101	97	1	smNRPS-CC	5875	2661	2757	98.969	4e-40
C65YPACXX150129:8:2106:13338:90552/1	101	101	1	smNRPS-CC	5875	563	663	98.02	1.11e-40
C65YPACXX150129:6:2111:7496:23754/1	101	101	1	smNRPS-CC	5875	5768	5868	99.01	2.39e-42
C65YPACXX150129:8:1305:20507:48162/1	101	1	101	smNRPS-CC	5875	645	745	99.01	2.39e-42
C65YPACXX150129:6:1307:19476:44543/2	70	67	4	smNRPS-CB	5945	3003	3066	96.875	4.17e-20
C65YPACXX150129:6:2310:18823:76452/2	77	1	77	smNRPS-CB	5945	3556	3632	97.403	2.47e-27
C65YPACXX150129:7:2213:1407:101310/2	86	86	1	smNRPS-CB	5945	3750	3835	97.674	2.46e-32
C65YPACXX150129:8:1314:16206:53053/1	87	1	87	smNRPS-CB	5945	2817	2903	97.701	6.83e-33
C65YPACXX150129:6:2310:18823:76452/1	101	101	2	smNRPS-CB	5945	4219	4318	96	8.77e-37
C65YPACXX150129:7:2213:1407:101310/1	101	1	101	smNRPS-CB	5945	3660	3760	96.04	2.44e-37
C65YPACXX150129:8:1110:16592:20803/1	96	1	96	smNRPS-CB	5945	4800	4895	97.917	6.78e-38
C65YPACXX150129:7:1205:18365:30372/2	101	1	101	smNRPS-CB	5945	3693	3793	97.03	5.24e-39
C65YPACXX150129:6:1101:15414:16795/2	96	1	96	smNRPS-CB	5945	2930	3025	98.958	1.46e-39
C65YPACXX150129:6:2111:7496:23754/2	100	100	1	smNRPS-CB	5945	324	423	98	4.05e-40
C65YPACXX150129:6:1301:11161:12815/1	101	1	100	smNRPS-CB	5945	3731	3830	98	4.05e-40
C65YPACXX150129:6:1116:17895:18375/2	101	101	1	smNRPS-CB	5945	5249	5349	98.02	1.13e-40
C65YPACXX150129:7:2316:11626:66111/2	101	101	1	smNRPS-CB	5945	5249	5349	98.02	1.13e-40
C65YPACXX150129:6:2212:5618:99792/2	101	101	1	smNRPS-CB	5945	5249	5349	98.02	1.13e-40
C65YPACXX150129:8:1110:16592:20803/2	101	101	1	smNRPS-CB	5945	4824	4924	98.02	1.13e-40
C65YPACXX150129:7:1105:16341:8093/1	101	1	101	smNRPS-CB	5945	2049	2149	98.02	1.13e-40
C65YPACXX150129:7:1105:16341:8093/2	101	101	1	smNRPS-CB	5945	2067	2167	98.02	1.13e-40
C65YPACXX150129:6:2102:4461:61872/2	101	101	1	smNRPS-CB	5945	525	625	98.02	1.13e-40
C65YPACXX150129:8:1215:15968:57035/1	101	1	101	smNRPS-CB	5945	2049	2149	98.02	1.13e-40
C65YPACXX150129:8:1215:15968:57035/2	101	101	1	smNRPS-CB	5945	2067	2167	98.02	1.13e-40
C65YPACXX150129:6:1101:15414:16795/1	101	100	1	smNRPS-CB	5945	3333	3432	99	8.71e-42
C65YPACXX150129:8:2216:13655:92772/1	101	100	1	smNRPS-CB	5945	3333	3432	99	8.71e-42
C65YPACXX150129:7:1205:18365:30372/1	101	101	1	smNRPS-CB	5945	4076	4176	99.01	2.42e-42
C65YPACXX150129:8:2113:10091:17365/2	101	1	101	smNRPS-CB	5945	602	702	99.01	2.42e-42
C65YPACXX150129:6:2102:4461:61872/1	101	1	101	smNRPS-CB	5945	407	507	99.01	2.42e-42
C65YPACXX150129:8:2113:10091:17365/1	101	101	1	smNRPS-CB	5945	790	890	100	5.2e-44
C65YPACXX150129:6:1101:20596:24171/1	101	101	1	smNRPS-CB	5945	1372	1472	100	5.2e-44
