C8G6HANXX160303:8:1208:13918:59805/2	76	76	1	smNRPS-CC	5875	4353	4428	98.684	1.57e-28
C8G6HANXX160303:5:1107:15552:78907/1	74	74	1	smNRPS-CC	5875	3949	4022	100	4.36e-29
C8G6HANXX160303:7:1103:6899:79837/1	79	1	79	smNRPS-CC	5875	4333	4412	98.75	3.37e-30
C8G6HANXX160303:7:1103:6899:79837/2	84	84	1	smNRPS-CC	5875	4613	4696	98.81	5.6e-33
C8G6HANXX160303:7:2213:3729:15801/1	99	99	1	smNRPS-CC	5875	4712	4810	95.96	2.59e-36
C8G6HANXX160303:8:1302:4295:95437/1	100	1	100	smNRPS-CC	5875	4667	4766	97	1.55e-38
C8G6HANXX160303:3:2301:2991:36144/2	101	101	1	smNRPS-CC	5875	721	820	97.03	1.55e-38
C8G6HANXX160303:7:1201:10020:79192/1	100	100	1	smNRPS-CC	5875	4265	4365	97.03	1.55e-38
C8G6HANXX160303:5:2210:14317:38719/2	95	1	95	smNRPS-CC	5875	2594	2688	98.947	4.3e-39
C8G6HANXX160303:5:2112:17201:65427/2	101	98	1	smNRPS-CC	5875	744	841	97.959	4.3e-39
C8G6HANXX160303:6:1201:20249:77332/1	101	101	1	smNRPS-CC	5875	4649	4749	97.03	4.3e-39
C8G6HANXX160303:6:1309:7754:22996/1	98	1	98	smNRPS-CC	5875	4317	4415	97.98	4.3e-39
C8G6HANXX160303:7:2213:3729:15801/2	101	3	101	smNRPS-CC	5875	4638	4736	97.98	1.2e-39
C8G6HANXX160303:6:1207:13186:94275/2	101	101	2	smNRPS-CC	5875	676	774	98	1.2e-39
C8G6HANXX160303:5:2210:14317:38719/1	97	97	1	smNRPS-CC	5875	2659	2755	98.969	3.32e-40
C8G6HANXX160303:4:2315:6852:33159/1	100	1	100	smNRPS-CC	5875	2864	2963	98	3.32e-40
C8G6HANXX160303:3:2111:18345:77054/1	100	100	1	smNRPS-CC	5875	3633	3732	98	3.32e-40
C8G6HANXX160303:3:2302:15027:78949/1	101	101	1	smNRPS-CC	5875	5513	5613	98.02	9.24e-41
C8G6HANXX160303:8:1302:4295:95437/2	101	101	1	smNRPS-CC	5875	4858	4958	98.02	9.24e-41
C8G6HANXX160303:7:1201:10020:79192/2	101	1	101	smNRPS-CC	5875	4246	4346	98.02	9.24e-41
C8G6HANXX160303:4:2116:12665:19802/1	99	1	99	smNRPS-CC	5875	1077	1175	98.99	2.57e-41
C8G6HANXX160303:4:2116:12665:19802/2	99	99	1	smNRPS-CC	5875	1092	1190	98.99	2.57e-41
C8G6HANXX160303:6:1201:20249:77332/2	101	1	101	smNRPS-CC	5875	4603	4703	99.01	1.99e-42
C8G6HANXX160303:3:2302:15027:78949/2	101	1	101	smNRPS-CC	5875	5458	5558	99.01	1.99e-42
C8G6HANXX160303:3:2111:18345:77054/2	101	1	101	smNRPS-CC	5875	3573	3673	99.01	1.99e-42
C8G6HANXX160303:6:1309:7754:22996/2	101	101	1	smNRPS-CC	5875	4407	4507	99.01	1.99e-42
C8G6HANXX160303:3:2301:2991:36144/1	99	1	99	smNRPS-CC	5875	392	490	100	5.52e-43
C8G6HANXX160303:4:2315:6852:33159/2	101	101	1	smNRPS-CC	5875	2949	3049	100	4.27e-44
C8G6HANXX160303:5:2307:18295:63298/1	101	1	60	smNRPS-CB	5945	5886	5945	96.667	5.79e-18
C8G6HANXX160303:4:2205:10784:90634/2	101	48	101	smNRPS-CB	5945	1	54	100	5.79e-18
C8G6HANXX160303:7:2106:21361:97586/2	101	48	101	smNRPS-CB	5945	1	54	100	5.79e-18
C8G6HANXX160303:5:2307:18295:63298/2	101	64	4	smNRPS-CB	5945	5885	5945	96.721	1.61e-18
C8G6HANXX160303:5:2210:21030:80596/2	80	80	1	smNRPS-CB	5945	2852	2931	98.75	9.48e-31
C8G6HANXX160303:4:1106:1619:85512/1	101	101	1	smNRPS-CB	5945	5560	5660	95.05	9.42e-36
C8G6HANXX160303:7:2313:12728:32632/1	101	101	1	smNRPS-CB	5945	5560	5660	95.05	9.42e-36
C8G6HANXX160303:7:2116:9250:2755/2	101	101	1	smNRPS-CB	5945	5558	5658	95.05	9.42e-36
C8G6HANXX160303:8:1307:19984:10640/2	101	1	101	smNRPS-CB	5945	5624	5724	96.04	2.02e-37
C8G6HANXX160303:8:2303:6354:94695/1	101	101	1	smNRPS-CB	5945	1236	1336	96.04	2.02e-37
C8G6HANXX160303:6:2207:5417:10072/1	100	100	1	smNRPS-CB	5945	3479	3578	97	1.56e-38
C8G6HANXX160303:7:2106:21361:97586/1	94	94	1	smNRPS-CB	5945	27	120	98.936	1.56e-38
C8G6HANXX160303:3:2106:21159:9914/1	91	91	1	smNRPS-CB	5945	5021	5111	100	1.56e-38
C8G6HANXX160303:7:2307:18838:3995/1	98	1	98	smNRPS-CB	5945	3572	3669	97.959	4.35e-39
C8G6HANXX160303:8:1307:19984:10640/1	99	99	1	smNRPS-CB	5945	5665	5763	97.98	1.21e-39
C8G6HANXX160303:5:2112:17201:65427/1	99	99	1	smNRPS-CB	5945	5242	5342	98.02	3.36e-40
C8G6HANXX160303:4:2205:10784:90634/1	100	100	1	smNRPS-CB	5945	26	125	98	3.36e-40
C8G6HANXX160303:7:2116:9250:2755/1	100	1	100	smNRPS-CB	5945	5518	5617	98	3.36e-40
C8G6HANXX160303:6:1301:17140:12533/1	100	1	100	smNRPS-CB	5945	1965	2064	98	3.36e-40
C8G6HANXX160303:6:2207:5417:10072/2	101	1	101	smNRPS-CB	5945	3287	3387	98.02	9.35e-41
C8G6HANXX160303:3:2115:14916:50008/2	101	1	101	smNRPS-CB	5945	2477	2577	98.02	9.35e-41
C8G6HANXX160303:4:2111:17025:46933/1	99	99	1	smNRPS-CB	5945	2369	2467	98.99	2.6e-41
C8G6HANXX160303:6:1207:13186:94275/1	101	101	1	smNRPS-CB	5945	5242	5344	98.058	2.6e-41
C8G6HANXX160303:7:1203:5369:39547/1	100	1	100	smNRPS-CB	5945	88	187	99	7.23e-42
C8G6HANXX160303:3:2115:14916:50008/1	101	101	2	smNRPS-CB	5945	2667	2766	99	7.23e-42
C8G6HANXX160303:4:1107:8105:25500/1	100	1	100	smNRPS-CB	5945	4105	4204	99	7.23e-42
C8G6HANXX160303:7:1203:5369:39547/2	101	101	1	smNRPS-CB	5945	94	194	99.01	2.01e-42
C8G6HANXX160303:4:1107:8105:25500/2	101	101	1	smNRPS-CB	5945	4138	4238	99.01	2.01e-42
C8G6HANXX160303:4:1106:1619:85512/2	101	1	101	smNRPS-CB	5945	5357	5457	99.01	2.01e-42
C8G6HANXX160303:5:2210:21030:80596/1	101	1	101	smNRPS-CB	5945	2634	2734	99.01	2.01e-42
C8G6HANXX160303:7:2313:12728:32632/2	101	1	101	smNRPS-CB	5945	5357	5457	99.01	2.01e-42
C8G6HANXX160303:3:2106:21159:9914/2	101	1	101	smNRPS-CB	5945	5010	5110	99.01	2.01e-42
C8G6HANXX160303:3:2314:15100:24697/2	101	101	1	smNRPS-CB	5945	4148	4248	99.01	2.01e-42
C8G6HANXX160303:6:2203:14366:13483/1	101	1	101	smNRPS-CB	5945	5106	5206	99.01	2.01e-42
C8G6HANXX160303:4:1206:5714:79313/1	99	1	99	smNRPS-CB	5945	333	431	100	5.59e-43
C8G6HANXX160303:3:2314:15100:24697/1	99	1	99	smNRPS-CB	5945	4028	4126	100	5.59e-43
C8G6HANXX160303:6:2104:16192:38311/1	99	1	99	smNRPS-CB	5945	498	596	100	5.59e-43
C8G6HANXX160303:4:1206:5714:79313/2	101	101	1	smNRPS-CB	5945	478	578	100	4.32e-44
C8G6HANXX160303:4:2111:17025:46933/2	101	1	101	smNRPS-CB	5945	2243	2343	100	4.32e-44
C8G6HANXX160303:7:2307:18838:3995/2	101	101	1	smNRPS-CB	5945	3767	3867	100	4.32e-44
C8G6HANXX160303:6:2104:16192:38311/2	101	101	1	smNRPS-CB	5945	694	794	100	4.32e-44
C8G6HANXX160303:6:1301:17140:12533/2	101	101	1	smNRPS-CB	5945	2121	2221	100	4.32e-44
C8G6HANXX160303:6:2203:14366:13483/2	101	101	1	smNRPS-CB	5945	5256	5356	100	4.32e-44
