C662FACXX150129:5:1304:2369:72374/2	64	2	64	smNRPS-CC	5875	3661	3723	96.825	1.45e-19
C662FACXX150129:4:1305:15034:24247/2	65	1	61	smNRPS-CC	5875	2357	2417	98.361	4.02e-20
C662FACXX150129:7:1109:7419:79144/1	63	63	1	smNRPS-CC	5875	5780	5842	98.413	3.11e-21
C662FACXX150129:5:1203:9483:20077/1	67	1	64	smNRPS-CC	5875	2360	2423	98.438	8.64e-22
C662FACXX150129:5:2309:18266:51378/2	68	1	66	smNRPS-CC	5875	2358	2423	98.485	6.68e-23
C662FACXX150129:7:1307:4080:3992/2	70	70	1	smNRPS-CC	5875	215	284	97.143	1.86e-23
C662FACXX150129:4:1205:1997:44032/1	64	64	1	smNRPS-CC	5875	3609	3672	100	1.86e-23
C662FACXX150129:6:1304:5446:30110/2	70	1	70	smNRPS-CC	5875	2696	2765	98.571	3.99e-25
C662FACXX150129:3:2309:18784:12899/1	101	1	68	smNRPS-CC	5875	5808	5875	100	1.11e-25
C662FACXX150129:7:2206:3864:20713/1	71	71	1	smNRPS-CC	5875	213	283	98.592	1.11e-25
C662FACXX150129:5:1101:8234:10794/1	72	72	1	smNRPS-CC	5875	3700	3771	98.611	3.09e-26
C662FACXX150129:4:2305:1843:2931/1	76	76	1	smNRPS-CC	5875	3843	3918	97.368	8.58e-27
C662FACXX150129:6:1116:9161:27939/2	73	73	1	smNRPS-CC	5875	4836	4908	98.63	8.58e-27
C662FACXX150129:3:1205:11143:45343/1	77	1	77	smNRPS-CC	5875	5252	5328	97.403	2.38e-27
C662FACXX150129:7:2209:1228:58430/1	74	74	1	smNRPS-CC	5875	1145	1218	98.649	2.38e-27
C662FACXX150129:5:2110:11497:83214/2	71	1	71	smNRPS-CC	5875	5460	5530	100	2.38e-27
C662FACXX150129:7:1106:9492:79963/2	74	74	1	smNRPS-CC	5875	3019	3092	98.649	2.38e-27
C662FACXX150129:7:2212:15968:88605/1	77	77	1	smNRPS-CC	5875	923	999	97.403	2.38e-27
C662FACXX150129:3:2313:11706:76564/2	75	75	1	smNRPS-CC	5875	292	366	98.667	6.63e-28
C662FACXX150129:6:2116:10674:25086/2	75	1	75	smNRPS-CC	5875	4861	4935	98.667	6.63e-28
C662FACXX150129:7:2312:9586:29180/1	72	1	72	smNRPS-CC	5875	5785	5856	100	6.63e-28
C662FACXX150129:4:1106:11887:33232/2	72	72	1	smNRPS-CC	5875	1533	1604	100	6.63e-28
C662FACXX150129:3:2313:11706:76564/1	101	26	101	smNRPS-CC	5875	1	76	98.684	1.84e-28
C662FACXX150129:4:2305:1843:2931/2	82	1	81	smNRPS-CC	5875	3838	3918	97.531	1.43e-29
C662FACXX150129:6:1215:15575:100529/1	76	1	76	smNRPS-CC	5875	1861	1936	100	3.96e-30
C662FACXX150129:6:2106:14484:11544/1	76	1	76	smNRPS-CC	5875	1861	1936	100	3.96e-30
C662FACXX150129:4:1107:19329:46911/2	77	76	1	smNRPS-CC	5875	3351	3426	100	3.96e-30
C662FACXX150129:7:2209:1228:58430/2	77	1	77	smNRPS-CC	5875	1070	1146	100	1.1e-30
C662FACXX150129:5:2204:19800:27140/2	78	1	78	smNRPS-CC	5875	4646	4723	100	3.06e-31
C662FACXX150129:2:2111:8007:46879/2	101	24	101	smNRPS-CC	5875	1	78	100	3.06e-31
C662FACXX150129:5:2203:14524:73879/1	79	79	1	smNRPS-CC	5875	1815	1893	100	8.52e-32
C662FACXX150129:5:2310:8648:18254/2	86	86	1	smNRPS-CC	5875	2749	2834	97.674	2.37e-32
C662FACXX150129:3:2303:4319:60387/2	87	1	87	smNRPS-CC	5875	4312	4399	97.727	6.58e-33
C662FACXX150129:3:2212:1966:98192/1	82	82	1	smNRPS-CC	5875	412	493	100	1.83e-33
C662FACXX150129:4:2209:18860:51371/1	94	94	10	smNRPS-CC	5875	1563	1647	98.824	1.83e-33
C662FACXX150129:4:2106:17567:62111/2	92	1	92	smNRPS-CC	5875	4284	4376	96.774	5.09e-34
C662FACXX150129:7:1304:4495:12368/1	93	93	1	smNRPS-CC	5875	702	793	96.774	5.09e-34
C662FACXX150129:3:2212:4942:40971/2	87	87	1	smNRPS-CC	5875	3591	3677	98.851	1.42e-34
C662FACXX150129:6:1308:16848:100924/2	87	1	87	smNRPS-CC	5875	2143	2229	98.851	1.42e-34
C662FACXX150129:5:2102:9195:50393/2	90	90	1	smNRPS-CC	5875	412	501	97.778	1.42e-34
C662FACXX150129:2:2110:3275:85096/1	85	84	1	smNRPS-CC	5875	1213	1296	100	1.42e-34
C662FACXX150129:7:1315:10571:101173/2	87	1	87	smNRPS-CC	5875	3112	3198	98.851	1.42e-34
C662FACXX150129:3:1207:11998:82994/1	89	1	89	smNRPS-CC	5875	2409	2497	98.876	1.09e-35
C662FACXX150129:4:1209:6182:38904/1	86	1	86	smNRPS-CC	5875	4528	4613	100	1.09e-35
C662FACXX150129:5:2110:9645:82815/1	101	1	101	smNRPS-CC	5875	1474	1574	95.05	1.09e-35
C662FACXX150129:7:1206:4043:10370/2	96	1	96	smNRPS-CC	5875	2305	2400	96.875	3.04e-36
C662FACXX150129:6:2106:14484:11544/2	87	87	1	smNRPS-CC	5875	2023	2109	100	3.04e-36
C662FACXX150129:3:2314:13117:85825/2	93	1	93	smNRPS-CC	5875	2360	2452	97.849	3.04e-36
C662FACXX150129:6:2308:3042:43575/1	94	1	94	smNRPS-CC	5875	2907	3000	97.872	8.46e-37
C662FACXX150129:6:1215:15575:100529/2	88	88	1	smNRPS-CC	5875	2022	2109	100	8.46e-37
C662FACXX150129:4:1107:7932:40794/2	91	91	1	smNRPS-CC	5875	5675	5765	98.901	8.46e-37
C662FACXX150129:2:2313:3853:14514/1	101	92	1	smNRPS-CC	5875	3039	3130	98.913	2.35e-37
C662FACXX150129:3:2307:15953:8130/1	101	92	1	smNRPS-CC	5875	2409	2500	98.913	2.35e-37
C662FACXX150129:3:2307:15953:8130/2	101	1	92	smNRPS-CC	5875	2409	2500	98.913	2.35e-37
C662FACXX150129:3:2204:16592:33004/2	92	1	92	smNRPS-CC	5875	3506	3597	98.913	2.35e-37
C662FACXX150129:7:1215:3334:93652/1	101	95	1	smNRPS-CC	5875	2689	2783	97.895	2.35e-37
C662FACXX150129:6:1116:10089:35965/1	99	98	1	smNRPS-CC	5875	1195	1292	96.939	2.35e-37
C662FACXX150129:2:2313:3853:14514/2	101	1	96	smNRPS-CC	5875	3039	3135	97.938	6.54e-38
C662FACXX150129:3:2111:19223:51790/1	101	101	1	smNRPS-CC	5875	571	673	96.117	6.54e-38
C662FACXX150129:4:2315:8676:14869/2	101	1	90	smNRPS-CC	5875	5786	5875	100	6.54e-38
C662FACXX150129:4:1209:6182:38904/2	96	96	1	smNRPS-CC	5875	4669	4764	97.917	6.54e-38
C662FACXX150129:2:1310:10520:45331/2	99	99	1	smNRPS-CC	5875	5231	5329	96.97	6.54e-38
C662FACXX150129:7:1312:20270:89195/1	96	1	96	smNRPS-CC	5875	410	505	97.917	6.54e-38
C662FACXX150129:2:2203:8475:18878/1	96	1	96	smNRPS-CC	5875	2305	2400	97.917	6.54e-38
C662FACXX150129:6:1305:11791:88960/1	99	99	1	smNRPS-CC	5875	1196	1294	96.97	6.54e-38
C662FACXX150129:6:1115:14723:95883/1	101	1	91	smNRPS-CC	5875	5785	5875	100	1.82e-38
C662FACXX150129:3:2306:3036:8619/2	101	1	101	smNRPS-CC	5875	729	828	97.03	1.82e-38
C662FACXX150129:7:2204:16755:66438/2	101	1	101	smNRPS-CC	5875	705	804	97.03	1.82e-38
C662FACXX150129:2:1212:18929:92569/1	101	1	91	smNRPS-CC	5875	5785	5875	100	1.82e-38
C662FACXX150129:5:2113:2310:56623/1	94	1	91	smNRPS-CC	5875	5785	5875	100	1.82e-38
C662FACXX150129:5:2110:5793:18148/2	100	1	100	smNRPS-CC	5875	3643	3742	97	1.82e-38
C662FACXX150129:3:2105:6281:27977/2	100	100	1	smNRPS-CC	5875	1192	1291	97	1.82e-38
C662FACXX150129:4:1308:15576:65559/1	100	100	1	smNRPS-CC	5875	1185	1284	97	1.82e-38
C662FACXX150129:3:2303:15145:39243/1	101	101	1	smNRPS-CC	5875	703	802	97.03	1.82e-38
C662FACXX150129:5:1212:15397:74349/2	101	1	101	smNRPS-CC	5875	4954	5054	97.03	5.05e-39
C662FACXX150129:3:2315:18069:12855/2	101	101	1	smNRPS-CC	5875	1192	1292	97.03	5.05e-39
C662FACXX150129:5:2110:11497:83214/1	95	95	1	smNRPS-CC	5875	5471	5565	98.947	5.05e-39
C662FACXX150129:6:1116:9161:27939/1	100	3	100	smNRPS-CC	5875	4748	4845	97.959	5.05e-39
C662FACXX150129:4:2206:18388:37257/2	101	1	101	smNRPS-CC	5875	5293	5393	97.03	5.05e-39
C662FACXX150129:7:2103:10943:2996/2	101	101	1	smNRPS-CC	5875	3654	3754	97.03	5.05e-39
C662FACXX150129:3:1215:14364:43185/1	101	101	1	smNRPS-CC	5875	3731	3831	97.03	5.05e-39
C662FACXX150129:6:2316:18403:27474/1	101	1	101	smNRPS-CC	5875	4712	4812	97.03	5.05e-39
C662FACXX150129:6:2316:18403:27474/2	101	101	1	smNRPS-CC	5875	4815	4915	97.03	5.05e-39
C662FACXX150129:2:1201:11089:26794/2	101	1	101	smNRPS-CC	5875	5288	5388	97.03	5.05e-39
C662FACXX150129:5:1107:1863:24508/1	101	1	101	smNRPS-CC	5875	4289	4389	97.03	5.05e-39
C662FACXX150129:3:1307:15765:85876/2	101	101	1	smNRPS-CC	5875	3654	3754	97.03	5.05e-39
C662FACXX150129:2:1304:16512:68054/1	101	101	1	smNRPS-CC	5875	1191	1291	97.03	5.05e-39
C662FACXX150129:6:1215:12749:3856/2	98	98	1	smNRPS-CC	5875	474	571	97.959	5.05e-39
C662FACXX150129:4:2116:11738:62919/2	101	1	101	smNRPS-CC	5875	1172	1272	97.03	5.05e-39
C662FACXX150129:2:2113:2266:82425/1	95	95	1	smNRPS-CC	5875	1909	2003	98.947	5.05e-39
C662FACXX150129:4:2312:17214:49494/1	95	1	95	smNRPS-CC	5875	5042	5136	98.947	5.05e-39
C662FACXX150129:7:2316:11118:2472/1	101	101	1	smNRPS-CC	5875	470	570	97.03	5.05e-39
C662FACXX150129:2:1311:8771:99151/1	101	101	1	smNRPS-CC	5875	393	493	97.03	5.05e-39
C662FACXX150129:5:2106:6783:79498/1	96	1	96	smNRPS-CC	5875	5319	5414	98.958	1.41e-39
C662FACXX150129:6:2308:3042:43575/2	93	93	1	smNRPS-CC	5875	2967	3059	100	1.41e-39
C662FACXX150129:4:2204:15440:60034/2	99	1	99	smNRPS-CC	5875	4314	4413	98	1.41e-39
C662FACXX150129:6:1308:16848:100924/1	96	96	1	smNRPS-CC	5875	2160	2255	98.958	1.41e-39
C662FACXX150129:4:1205:11704:61157/2	96	96	1	smNRPS-CC	5875	2552	2647	98.958	1.41e-39
C662FACXX150129:5:1316:10202:41624/1	96	1	96	smNRPS-CC	5875	3171	3266	98.958	1.41e-39
C662FACXX150129:6:1102:11807:92679/2	100	100	2	smNRPS-CC	5875	3813	3911	97.98	1.41e-39
C662FACXX150129:4:1107:19329:46911/1	96	1	96	smNRPS-CC	5875	2827	2922	98.958	1.41e-39
C662FACXX150129:4:2201:4440:53454/2	94	94	1	smNRPS-CC	5875	12	105	100	3.91e-40
C662FACXX150129:3:1205:11143:45343/2	101	100	1	smNRPS-CC	5875	5264	5363	98	3.91e-40
C662FACXX150129:3:2303:4319:60387/1	101	100	1	smNRPS-CC	5875	4312	4412	98.02	3.91e-40
C662FACXX150129:5:2209:20245:74062/2	100	1	100	smNRPS-CC	5875	4345	4445	98.02	3.91e-40
C662FACXX150129:3:1103:13421:78040/1	101	1	97	smNRPS-CC	5875	1551	1647	98.969	3.91e-40
C662FACXX150129:7:1207:11040:28553/2	97	1	97	smNRPS-CC	5875	914	1010	98.969	3.91e-40
C662FACXX150129:4:2309:1528:28006/1	101	101	1	smNRPS-CC	5875	5301	5401	98.02	1.09e-40
C662FACXX150129:5:2204:19800:27140/1	101	101	1	smNRPS-CC	5875	5189	5289	98.02	1.09e-40
C662FACXX150129:6:2211:2266:19282/1	101	101	1	smNRPS-CC	5875	2934	3034	98.02	1.09e-40
C662FACXX150129:5:2103:19883:7401/1	101	101	1	smNRPS-CC	5875	5265	5365	98.02	1.09e-40
C662FACXX150129:5:2302:7222:96982/2	101	1	101	smNRPS-CC	5875	2609	2709	98.02	1.09e-40
C662FACXX150129:5:2207:15845:18025/2	95	1	95	smNRPS-CC	5875	1725	1819	100	1.09e-40
C662FACXX150129:4:2204:15440:60034/1	101	101	1	smNRPS-CC	5875	4330	4431	98.039	1.09e-40
C662FACXX150129:5:2309:18266:51378/1	101	101	1	smNRPS-CC	5875	2590	2690	98.02	1.09e-40
C662FACXX150129:6:2205:8385:50758/1	101	101	4	smNRPS-CC	5875	5778	5875	98.98	1.09e-40
C662FACXX150129:4:2201:6242:89333/2	101	101	1	smNRPS-CC	5875	4318	4419	98.039	1.09e-40
C662FACXX150129:4:2106:17567:62111/1	101	101	1	smNRPS-CC	5875	4340	4441	98.039	1.09e-40
C662FACXX150129:6:2312:8070:32628/1	101	1	101	smNRPS-CC	5875	4628	4728	98.02	1.09e-40
C662FACXX150129:6:2308:16583:36439/1	101	1	101	smNRPS-CC	5875	3740	3840	98.02	1.09e-40
C662FACXX150129:6:2308:16583:36439/2	101	101	1	smNRPS-CC	5875	3966	4066	98.02	1.09e-40
C662FACXX150129:3:1213:4247:10145/1	101	101	1	smNRPS-CC	5875	4328	4429	98.039	1.09e-40
C662FACXX150129:2:2307:16570:96933/2	101	1	101	smNRPS-CC	5875	2305	2405	98.02	1.09e-40
C662FACXX150129:2:1115:4242:42560/1	101	101	1	smNRPS-CC	5875	4667	4767	98.02	1.09e-40
C662FACXX150129:6:1216:12567:71292/1	101	101	1	smNRPS-CC	5875	4337	4438	98.039	1.09e-40
C662FACXX150129:6:1216:12567:71292/2	101	1	101	smNRPS-CC	5875	4314	4415	98.039	1.09e-40
C662FACXX150129:7:2201:9438:3467/2	95	95	1	smNRPS-CC	5875	4464	4558	100	1.09e-40
C662FACXX150129:4:1113:9088:34781/1	101	101	1	smNRPS-CC	5875	5526	5626	98.02	1.09e-40
C662FACXX150129:2:2208:13997:99910/1	101	101	1	smNRPS-CC	5875	4670	4770	98.02	1.09e-40
C662FACXX150129:2:2208:13997:99910/2	101	1	101	smNRPS-CC	5875	4661	4761	98.02	1.09e-40
C662FACXX150129:2:2111:8007:46879/1	98	98	1	smNRPS-CC	5875	368	465	98.98	1.09e-40
C662FACXX150129:3:2204:16592:33004/1	101	101	1	smNRPS-CC	5875	3702	3802	98.02	1.09e-40
C662FACXX150129:5:2105:3772:13591/1	101	101	1	smNRPS-CC	5875	4769	4869	98.02	1.09e-40
C662FACXX150129:5:2110:5793:18148/1	101	101	1	smNRPS-CC	5875	3667	3767	98.02	1.09e-40
C662FACXX150129:3:2306:4117:15902/1	101	1	101	smNRPS-CC	5875	5542	5642	98.02	1.09e-40
C662FACXX150129:3:2306:4944:61282/1	101	101	1	smNRPS-CC	5875	5526	5626	98.02	1.09e-40
C662FACXX150129:3:2306:4944:61282/2	101	1	101	smNRPS-CC	5875	5341	5441	98.02	1.09e-40
C662FACXX150129:4:1107:7932:40794/1	101	1	101	smNRPS-CC	5875	5509	5609	98.02	1.09e-40
C662FACXX150129:6:1205:5756:13703/2	101	1	101	smNRPS-CC	5875	2606	2706	98.02	1.09e-40
C662FACXX150129:4:1201:8813:89162/1	101	1	101	smNRPS-CC	5875	4868	4968	98.02	1.09e-40
C662FACXX150129:6:1207:20530:64712/1	101	101	1	smNRPS-CC	5875	3667	3767	98.02	1.09e-40
C662FACXX150129:7:2116:20932:76451/1	101	101	1	smNRPS-CC	5875	4328	4429	98.039	1.09e-40
C662FACXX150129:5:2316:15946:42091/1	101	1	101	smNRPS-CC	5875	343	443	98.02	1.09e-40
C662FACXX150129:2:2313:16076:9330/1	101	101	1	smNRPS-CC	5875	452	552	98.02	1.09e-40
C662FACXX150129:4:1301:14668:84367/1	101	1	101	smNRPS-CC	5875	2624	2724	98.02	1.09e-40
C662FACXX150129:4:2306:1808:38680/1	99	1	99	smNRPS-CC	5875	2984	3082	98.99	3.02e-41
C662FACXX150129:5:2302:18598:42615/2	99	99	1	smNRPS-CC	5875	2549	2647	98.99	3.02e-41
C662FACXX150129:2:1115:4242:42560/2	101	3	101	smNRPS-CC	5875	4638	4736	98.99	3.02e-41
C662FACXX150129:3:2306:4117:15902/2	99	99	1	smNRPS-CC	5875	5587	5685	98.99	3.02e-41
C662FACXX150129:5:2312:12958:36875/1	96	1	96	smNRPS-CC	5875	4070	4165	100	3.02e-41
C662FACXX150129:6:1105:15001:88818/2	99	99	1	smNRPS-CC	5875	2581	2679	98.99	3.02e-41
C662FACXX150129:3:2208:14985:100530/2	100	97	1	smNRPS-CC	5875	3913	4009	100	8.4e-42
C662FACXX150129:6:2312:8070:32628/2	101	101	2	smNRPS-CC	5875	4839	4938	99	8.4e-42
C662FACXX150129:4:1305:15034:24247/1	101	100	1	smNRPS-CC	5875	2419	2518	99	8.4e-42
C662FACXX150129:4:1302:6800:26202/2	101	1	100	smNRPS-CC	5875	4839	4938	99	8.4e-42
C662FACXX150129:3:1215:14364:43185/2	101	2	101	smNRPS-CC	5875	3570	3669	99	8.4e-42
C662FACXX150129:3:2305:15254:93450/2	101	2	101	smNRPS-CC	5875	5282	5381	99	8.4e-42
C662FACXX150129:7:1115:9256:19792/2	97	1	97	smNRPS-CC	5875	3074	3170	100	8.4e-42
C662FACXX150129:3:1207:11998:82994/2	101	101	1	smNRPS-CC	5875	2420	2520	99.01	2.33e-42
C662FACXX150129:6:2211:2266:19282/2	101	1	101	smNRPS-CC	5875	2512	2612	99.01	2.33e-42
C662FACXX150129:4:2216:8660:34676/2	101	101	1	smNRPS-CC	5875	4222	4322	99.01	2.33e-42
C662FACXX150129:5:1304:2369:72374/1	101	101	1	smNRPS-CC	5875	3937	4037	99.01	2.33e-42
C662FACXX150129:2:2211:18678:29884/2	101	101	1	smNRPS-CC	5875	634	734	99.01	2.33e-42
C662FACXX150129:5:2302:7222:96982/1	101	101	1	smNRPS-CC	5875	3009	3109	99.01	2.33e-42
C662FACXX150129:3:2208:14985:100530/1	101	1	101	smNRPS-CC	5875	3559	3659	99.01	2.33e-42
C662FACXX150129:7:1115:17781:31168/2	101	101	1	smNRPS-CC	5875	4583	4683	99.01	2.33e-42
C662FACXX150129:5:1212:15397:74349/1	101	101	1	smNRPS-CC	5875	5049	5149	99.01	2.33e-42
C662FACXX150129:5:2207:15845:18025/1	101	101	1	smNRPS-CC	5875	2094	2194	99.01	2.33e-42
C662FACXX150129:6:2313:8771:42653/1	101	101	1	smNRPS-CC	5875	130	230	99.01	2.33e-42
C662FACXX150129:5:1302:8713:47820/1	101	101	1	smNRPS-CC	5875	2934	3034	99.01	2.33e-42
C662FACXX150129:5:2209:20245:74062/1	101	101	1	smNRPS-CC	5875	4400	4500	99.01	2.33e-42
C662FACXX150129:7:2215:15227:12174/2	101	101	1	smNRPS-CC	5875	4583	4683	99.01	2.33e-42
C662FACXX150129:6:2211:14995:52540/1	101	101	1	smNRPS-CC	5875	3191	3291	99.01	2.33e-42
C662FACXX150129:2:2207:19420:66980/1	101	1	101	smNRPS-CC	5875	5319	5419	99.01	2.33e-42
C662FACXX150129:3:2306:3036:8619/1	101	101	1	smNRPS-CC	5875	962	1062	99.01	2.33e-42
C662FACXX150129:5:1210:10101:47302/2	101	1	101	smNRPS-CC	5875	125	225	99.01	2.33e-42
C662FACXX150129:2:2316:9809:72119/1	101	1	101	smNRPS-CC	5875	4404	4504	99.01	2.33e-42
C662FACXX150129:2:2316:9809:72119/2	101	101	1	smNRPS-CC	5875	4593	4693	99.01	2.33e-42
C662FACXX150129:4:2306:1808:38680/2	101	101	1	smNRPS-CC	5875	3001	3101	99.01	2.33e-42
C662FACXX150129:2:2305:18272:98119/2	101	101	1	smNRPS-CC	5875	4583	4683	99.01	2.33e-42
C662FACXX150129:7:2211:5735:92477/1	101	1	101	smNRPS-CC	5875	3910	4010	99.01	2.33e-42
C662FACXX150129:7:2211:5735:92477/2	101	101	1	smNRPS-CC	5875	3940	4040	99.01	2.33e-42
C662FACXX150129:4:2304:10362:65027/1	101	1	101	smNRPS-CC	5875	1782	1882	99.01	2.33e-42
C662FACXX150129:4:2304:10362:65027/2	101	101	1	smNRPS-CC	5875	1807	1907	99.01	2.33e-42
C662FACXX150129:7:2103:10943:2996/1	101	1	101	smNRPS-CC	5875	3575	3675	99.01	2.33e-42
C662FACXX150129:2:2311:10331:88736/2	101	101	1	smNRPS-CC	5875	5178	5278	99.01	2.33e-42
C662FACXX150129:4:1113:9088:34781/2	101	1	101	smNRPS-CC	5875	5341	5441	99.01	2.33e-42
C662FACXX150129:2:2106:18048:71822/1	101	101	1	smNRPS-CC	5875	2934	3034	99.01	2.33e-42
C662FACXX150129:4:1201:5632:75257/1	101	101	1	smNRPS-CC	5875	2109	2209	99.01	2.33e-42
C662FACXX150129:7:1106:9492:79963/1	101	1	101	smNRPS-CC	5875	2767	2867	99.01	2.33e-42
C662FACXX150129:2:1216:9460:60750/1	101	101	1	smNRPS-CC	5875	4918	5018	99.01	2.33e-42
C662FACXX150129:2:1216:9460:60750/2	101	1	101	smNRPS-CC	5875	4918	5018	99.01	2.33e-42
C662FACXX150129:5:2216:6380:17741/2	98	1	98	smNRPS-CC	5875	2432	2529	100	2.33e-42
C662FACXX150129:5:2105:3772:13591/2	101	1	101	smNRPS-CC	5875	4601	4701	99.01	2.33e-42
C662FACXX150129:3:2303:8200:63060/1	101	101	1	smNRPS-CC	5875	637	737	99.01	2.33e-42
C662FACXX150129:3:2212:1966:98192/2	101	1	101	smNRPS-CC	5875	343	443	99.01	2.33e-42
C662FACXX150129:6:1102:11807:92679/1	101	1	101	smNRPS-CC	5875	3795	3895	99.01	2.33e-42
C662FACXX150129:5:2312:12958:36875/2	101	101	1	smNRPS-CC	5875	4212	4312	99.01	2.33e-42
C662FACXX150129:3:1203:10450:46621/1	101	1	101	smNRPS-CC	5875	2409	2509	99.01	2.33e-42
C662FACXX150129:3:1203:10450:46621/2	101	101	1	smNRPS-CC	5875	2420	2520	99.01	2.33e-42
C662FACXX150129:3:1316:19475:74040/1	101	1	101	smNRPS-CC	5875	772	872	99.01	2.33e-42
C662FACXX150129:3:1307:15765:85876/1	101	1	101	smNRPS-CC	5875	3190	3290	99.01	2.33e-42
C662FACXX150129:5:2314:20148:35927/1	101	1	101	smNRPS-CC	5875	4834	4934	99.01	2.33e-42
C662FACXX150129:5:2314:20148:35927/2	101	101	1	smNRPS-CC	5875	4907	5007	99.01	2.33e-42
C662FACXX150129:7:2111:12800:56700/2	101	101	1	smNRPS-CC	5875	899	999	99.01	2.33e-42
C662FACXX150129:3:1105:10331:33506/2	101	101	1	smNRPS-CC	5875	4583	4683	99.01	2.33e-42
C662FACXX150129:2:2206:9717:82518/2	101	101	1	smNRPS-CC	5875	4616	4716	99.01	2.33e-42
C662FACXX150129:6:1205:5756:13703/1	101	101	1	smNRPS-CC	5875	2982	3082	99.01	2.33e-42
C662FACXX150129:7:1207:11040:28553/1	101	101	1	smNRPS-CC	5875	1176	1276	99.01	2.33e-42
C662FACXX150129:5:1103:17697:6315/1	101	101	1	smNRPS-CC	5875	3229	3329	99.01	2.33e-42
C662FACXX150129:7:1207:18432:22025/1	101	101	1	smNRPS-CC	5875	4400	4500	99.01	2.33e-42
C662FACXX150129:3:2304:19398:71692/1	101	1	101	smNRPS-CC	5875	5040	5140	99.01	2.33e-42
C662FACXX150129:2:1106:14633:56620/1	101	1	101	smNRPS-CC	5875	3571	3671	99.01	2.33e-42
C662FACXX150129:4:1216:20721:41740/1	101	101	1	smNRPS-CC	5875	5341	5441	99.01	2.33e-42
C662FACXX150129:7:2210:4437:69268/2	101	101	1	smNRPS-CC	5875	5703	5803	99.01	2.33e-42
C662FACXX150129:5:2206:17647:33404/1	100	1	99	smNRPS-CC	5875	2432	2530	100	6.49e-43
C662FACXX150129:2:2108:1551:36804/1	101	1	99	smNRPS-CC	5875	2432	2530	100	6.49e-43
C662FACXX150129:5:1103:17697:6315/2	101	1	99	smNRPS-CC	5875	3147	3245	100	6.49e-43
C662FACXX150129:2:2305:18272:98119/1	100	1	100	smNRPS-CC	5875	4430	4529	100	1.8e-43
C662FACXX150129:4:1302:6800:26202/1	101	100	1	smNRPS-CC	5875	4940	5039	100	1.8e-43
C662FACXX150129:5:2206:17647:33404/2	101	100	1	smNRPS-CC	5875	2431	2530	100	1.8e-43
C662FACXX150129:7:1308:10318:70515/1	100	100	1	smNRPS-CC	5875	4890	4989	100	1.8e-43
C662FACXX150129:2:2108:1551:36804/2	101	100	1	smNRPS-CC	5875	2431	2530	100	1.8e-43
C662FACXX150129:7:1306:6294:54218/1	101	101	2	smNRPS-CC	5875	5163	5262	100	1.8e-43
C662FACXX150129:4:2201:4440:53454/1	101	1	101	smNRPS-CC	5875	5	105	100	5.02e-44
C662FACXX150129:5:2106:6783:79498/2	101	101	1	smNRPS-CC	5875	5400	5500	100	5.02e-44
C662FACXX150129:3:1211:6630:73401/1	101	101	1	smNRPS-CC	5875	1490	1590	100	5.02e-44
C662FACXX150129:3:1211:6630:73401/2	101	1	101	smNRPS-CC	5875	1308	1408	100	5.02e-44
C662FACXX150129:4:1214:16831:55413/2	101	101	1	smNRPS-CC	5875	1831	1931	100	5.02e-44
C662FACXX150129:3:2309:18826:81740/1	101	1	101	smNRPS-CC	5875	1958	2058	100	5.02e-44
C662FACXX150129:3:2309:18826:81740/2	101	101	1	smNRPS-CC	5875	2180	2280	100	5.02e-44
C662FACXX150129:4:2216:8660:34676/1	101	1	101	smNRPS-CC	5875	4146	4246	100	5.02e-44
C662FACXX150129:5:2103:19883:7401/2	101	1	101	smNRPS-CC	5875	5149	5249	100	5.02e-44
C662FACXX150129:3:2111:19223:51790/2	101	1	101	smNRPS-CC	5875	433	533	100	5.02e-44
C662FACXX150129:7:1115:17781:31168/1	101	1	101	smNRPS-CC	5875	4430	4530	100	5.02e-44
C662FACXX150129:4:2212:8003:25637/1	101	101	1	smNRPS-CC	5875	787	887	100	5.02e-44
C662FACXX150129:4:2212:8003:25637/2	101	1	101	smNRPS-CC	5875	464	564	100	5.02e-44
C662FACXX150129:5:1302:8713:47820/2	101	1	101	smNRPS-CC	5875	2512	2612	100	5.02e-44
C662FACXX150129:3:2316:19533:91331/1	101	1	101	smNRPS-CC	5875	5009	5109	100	5.02e-44
C662FACXX150129:3:2316:19533:91331/2	101	101	1	smNRPS-CC	5875	5057	5157	100	5.02e-44
C662FACXX150129:7:2215:15227:12174/1	101	1	101	smNRPS-CC	5875	4430	4530	100	5.02e-44
C662FACXX150129:3:2212:4942:40971/1	101	1	101	smNRPS-CC	5875	3120	3220	100	5.02e-44
C662FACXX150129:6:2211:14995:52540/2	101	1	101	smNRPS-CC	5875	3109	3209	100	5.02e-44
C662FACXX150129:2:2207:19420:66980/2	101	101	1	smNRPS-CC	5875	5400	5500	100	5.02e-44
C662FACXX150129:4:2201:6242:89333/1	101	1	101	smNRPS-CC	5875	4150	4250	100	5.02e-44
C662FACXX150129:7:2204:16755:66438/1	101	101	1	smNRPS-CC	5875	872	972	100	5.02e-44
C662FACXX150129:5:1210:10101:47302/1	101	101	1	smNRPS-CC	5875	238	338	100	5.02e-44
C662FACXX150129:3:1309:15522:70731/1	101	1	101	smNRPS-CC	5875	5009	5109	100	5.02e-44
C662FACXX150129:3:1309:15522:70731/2	101	101	1	smNRPS-CC	5875	5057	5157	100	5.02e-44
C662FACXX150129:3:2104:5507:77843/1	101	1	101	smNRPS-CC	5875	4072	4172	100	5.02e-44
C662FACXX150129:3:2104:5507:77843/2	101	101	1	smNRPS-CC	5875	4095	4195	100	5.02e-44
C662FACXX150129:2:2207:8545:67817/1	101	1	101	smNRPS-CC	5875	832	932	100	5.02e-44
C662FACXX150129:2:2207:8545:67817/2	101	101	1	smNRPS-CC	5875	1009	1109	100	5.02e-44
C662FACXX150129:3:1213:4247:10145/2	101	1	101	smNRPS-CC	5875	4103	4203	100	5.02e-44
C662FACXX150129:5:2302:18598:42615/1	101	1	101	smNRPS-CC	5875	2432	2532	100	5.02e-44
C662FACXX150129:4:2116:6531:10152/1	101	101	1	smNRPS-CC	5875	942	1042	100	5.02e-44
C662FACXX150129:4:2116:6531:10152/2	101	1	101	smNRPS-CC	5875	901	1001	100	5.02e-44
C662FACXX150129:4:2207:19754:74736/1	101	1	101	smNRPS-CC	5875	833	933	100	5.02e-44
C662FACXX150129:4:2207:19754:74736/2	101	101	1	smNRPS-CC	5875	870	970	100	5.02e-44
C662FACXX150129:7:2201:9438:3467/1	101	1	101	smNRPS-CC	5875	4443	4543	100	5.02e-44
C662FACXX150129:3:2305:15254:93450/1	101	101	1	smNRPS-CC	5875	5417	5517	100	5.02e-44
C662FACXX150129:4:1205:11704:61157/1	101	1	101	smNRPS-CC	5875	2432	2532	100	5.02e-44
C662FACXX150129:2:2311:10331:88736/1	101	1	101	smNRPS-CC	5875	5081	5181	100	5.02e-44
C662FACXX150129:2:1106:8338:16110/1	101	1	101	smNRPS-CC	5875	615	715	100	5.02e-44
C662FACXX150129:4:1106:11887:33232/1	101	1	101	smNRPS-CC	5875	1389	1489	100	5.02e-44
C662FACXX150129:4:1201:5632:75257/2	101	1	101	smNRPS-CC	5875	1923	2023	100	5.02e-44
C662FACXX150129:7:1115:9256:19792/1	101	101	1	smNRPS-CC	5875	3261	3361	100	5.02e-44
C662FACXX150129:5:1213:15962:44818/1	101	101	1	smNRPS-CC	5875	1793	1893	100	5.02e-44
C662FACXX150129:5:1213:15962:44818/2	101	1	101	smNRPS-CC	5875	1787	1887	100	5.02e-44
C662FACXX150129:5:1316:10202:41624/2	101	101	1	smNRPS-CC	5875	3297	3397	100	5.02e-44
C662FACXX150129:5:2216:6380:17741/1	101	101	1	smNRPS-CC	5875	2947	3047	100	5.02e-44
C662FACXX150129:7:1308:10318:70515/2	101	1	101	smNRPS-CC	5875	4861	4961	100	5.02e-44
C662FACXX150129:3:1316:19475:74040/2	101	101	1	smNRPS-CC	5875	804	904	100	5.02e-44
C662FACXX150129:6:1204:15314:78304/1	101	1	101	smNRPS-CC	5875	5009	5109	100	5.02e-44
C662FACXX150129:6:1204:15314:78304/2	101	101	1	smNRPS-CC	5875	5057	5157	100	5.02e-44
C662FACXX150129:7:2111:12800:56700/1	101	1	101	smNRPS-CC	5875	831	931	100	5.02e-44
C662FACXX150129:4:1109:18248:63447/1	101	1	101	smNRPS-CC	5875	833	933	100	5.02e-44
C662FACXX150129:4:1109:18248:63447/2	101	101	1	smNRPS-CC	5875	870	970	100	5.02e-44
C662FACXX150129:3:1105:10331:33506/1	101	1	101	smNRPS-CC	5875	4430	4530	100	5.02e-44
C662FACXX150129:2:2206:9717:82518/1	101	1	101	smNRPS-CC	5875	4527	4627	100	5.02e-44
C662FACXX150129:7:1306:6294:54218/2	101	1	101	smNRPS-CC	5875	5097	5197	100	5.02e-44
C662FACXX150129:2:1310:10520:45331/1	101	1	101	smNRPS-CC	5875	5113	5213	100	5.02e-44
C662FACXX150129:3:2212:11764:53014/1	101	101	1	smNRPS-CC	5875	2051	2151	100	5.02e-44
C662FACXX150129:2:2316:13147:82965/1	101	1	101	smNRPS-CC	5875	1077	1177	100	5.02e-44
C662FACXX150129:4:2116:7004:78136/2	101	1	101	smNRPS-CC	5875	1787	1887	100	5.02e-44
C662FACXX150129:7:2212:17015:92706/2	101	1	101	smNRPS-CC	5875	431	531	100	5.02e-44
C662FACXX150129:2:1205:15721:35315/2	90	1	52	smNRPS-CB	5945	5894	5945	96.154	1.91e-13
C662FACXX150129:7:2310:2256:24575/1	101	1	52	smNRPS-CB	5945	5894	5945	96.154	1.91e-13
C662FACXX150129:2:1112:11592:95103/2	96	1	52	smNRPS-CB	5945	5894	5945	96.154	1.91e-13
C662FACXX150129:3:1202:4467:99628/2	72	66	1	smNRPS-CB	5945	5491	5557	95.522	1.46e-19
C662FACXX150129:7:1112:2858:56542/2	68	68	1	smNRPS-CB	5945	1640	1707	95.588	1.13e-20
C662FACXX150129:5:2209:2956:43580/2	63	63	1	smNRPS-CB	5945	80	142	98.413	3.14e-21
C662FACXX150129:4:1211:15511:54165/2	68	1	66	smNRPS-CB	5945	2029	2094	96.97	3.14e-21
C662FACXX150129:7:2303:18173:28104/2	69	69	1	smNRPS-CB	5945	4899	4967	95.652	3.14e-21
C662FACXX150129:6:2205:8385:50758/2	63	61	1	smNRPS-CB	5945	734	794	100	8.74e-22
C662FACXX150129:2:1102:3808:23585/2	65	65	1	smNRPS-CB	5945	1151	1215	98.462	2.43e-22
C662FACXX150129:6:2104:13642:52534/1	67	67	1	smNRPS-CB	5945	4106	4172	98.507	1.88e-23
C662FACXX150129:6:1315:2020:60115/1	69	1	67	smNRPS-CB	5945	2672	2738	98.507	1.88e-23
C662FACXX150129:5:2311:12094:19087/2	71	71	1	smNRPS-CB	5945	4186	4256	97.183	5.22e-24
C662FACXX150129:4:1102:4200:77408/1	68	68	1	smNRPS-CB	5945	3938	4005	98.529	5.22e-24
C662FACXX150129:2:1301:1348:98104/2	69	69	1	smNRPS-CB	5945	4056	4124	98.551	1.45e-24
C662FACXX150129:3:2216:18873:53496/1	66	66	1	smNRPS-CB	5945	2993	3058	100	1.45e-24
C662FACXX150129:3:2309:18784:12899/2	101	23	88	smNRPS-CB	5945	1	66	100	1.45e-24
C662FACXX150129:6:1209:10861:58205/2	66	1	66	smNRPS-CB	5945	854	919	100	1.45e-24
C662FACXX150129:5:2303:8823:33476/1	77	1	72	smNRPS-CB	5945	4860	4931	97.222	1.45e-24
C662FACXX150129:5:2116:8230:37564/2	72	72	1	smNRPS-CB	5945	5178	5249	97.222	1.45e-24
C662FACXX150129:5:1113:5554:11896/2	70	1	70	smNRPS-CB	5945	3635	3704	98.571	4.04e-25
C662FACXX150129:5:2309:2279:37387/1	76	73	1	smNRPS-CB	5945	3556	3628	97.26	4.04e-25
C662FACXX150129:5:2208:19527:23939/1	76	76	1	smNRPS-CB	5945	3695	3770	96.053	4.04e-25
C662FACXX150129:7:1112:18360:37199/2	71	71	1	smNRPS-CB	5945	2506	2576	98.592	1.12e-25
C662FACXX150129:5:2109:12935:41381/2	72	71	1	smNRPS-CB	5945	1145	1215	98.592	1.12e-25
C662FACXX150129:2:2203:15259:32076/1	69	1	68	smNRPS-CB	5945	3075	3142	100	1.12e-25
C662FACXX150129:6:1207:2798:19803/1	75	75	1	smNRPS-CB	5945	3083	3157	97.333	3.12e-26
C662FACXX150129:7:1315:9759:73539/2	81	1	81	smNRPS-CB	5945	3832	3912	95.062	3.12e-26
C662FACXX150129:4:1114:12655:92363/2	87	82	1	smNRPS-CB	5945	3830	3911	95.122	8.68e-27
C662FACXX150129:7:2106:17558:80879/1	73	73	1	smNRPS-CB	5945	3326	3398	98.63	8.68e-27
C662FACXX150129:5:1205:10891:56580/2	73	73	1	smNRPS-CB	5945	913	985	98.63	8.68e-27
C662FACXX150129:6:2303:7284:30075/2	75	75	1	smNRPS-CB	5945	2777	2851	98.667	6.71e-28
C662FACXX150129:5:2101:15401:53992/2	81	1	81	smNRPS-CB	5945	1288	1368	96.296	6.71e-28
C662FACXX150129:7:1106:2673:32880/1	81	81	1	smNRPS-CB	5945	1648	1728	96.296	6.71e-28
C662FACXX150129:4:1111:19401:13555/2	78	1	78	smNRPS-CB	5945	1048	1125	97.436	6.71e-28
C662FACXX150129:2:2106:18048:71822/2	77	77	2	smNRPS-CB	5945	2990	3065	98.684	1.87e-28
C662FACXX150129:6:1203:12582:21782/2	78	78	3	smNRPS-CB	5945	3536	3611	98.684	1.87e-28
C662FACXX150129:7:2201:15663:99954/2	76	76	1	smNRPS-CB	5945	3045	3120	98.684	1.87e-28
C662FACXX150129:3:2316:11268:87184/1	73	1	73	smNRPS-CB	5945	2919	2991	100	1.87e-28
C662FACXX150129:5:1113:5554:11896/1	88	81	1	smNRPS-CB	5945	3632	3711	97.531	5.19e-29
C662FACXX150129:2:1208:11521:87958/2	77	1	77	smNRPS-CB	5945	4024	4100	98.701	5.19e-29
C662FACXX150129:3:2203:8583:64521/1	77	1	77	smNRPS-CB	5945	3488	3564	98.701	5.19e-29
C662FACXX150129:7:2216:3677:63704/2	74	74	1	smNRPS-CB	5945	5751	5824	100	5.19e-29
C662FACXX150129:3:2114:14065:4541/1	84	1	78	smNRPS-CB	5945	1411	1488	98.718	1.44e-29
C662FACXX150129:3:2315:20244:31579/1	80	78	1	smNRPS-CB	5945	122	199	98.718	1.44e-29
C662FACXX150129:6:2104:13642:52534/2	79	1	79	smNRPS-CB	5945	3938	4016	98.734	4.01e-30
C662FACXX150129:3:1216:7067:85681/2	76	76	1	smNRPS-CB	5945	3166	3241	100	4.01e-30
C662FACXX150129:5:1207:16039:82904/1	79	1	79	smNRPS-CB	5945	3507	3585	98.734	4.01e-30
C662FACXX150129:4:1306:1753:85020/1	82	1	82	smNRPS-CB	5945	2084	2165	97.561	4.01e-30
C662FACXX150129:4:1203:13907:94004/1	76	76	1	smNRPS-CB	5945	3376	3451	100	4.01e-30
C662FACXX150129:7:1314:3836:4465/1	79	1	79	smNRPS-CB	5945	2439	2517	98.734	4.01e-30
C662FACXX150129:4:2302:18230:18096/2	83	1	83	smNRPS-CB	5945	318	400	97.59	1.11e-30
C662FACXX150129:2:1304:16512:68054/2	86	86	1	smNRPS-CB	5945	4895	4980	96.512	1.11e-30
C662FACXX150129:4:1111:14995:65675/1	89	89	1	smNRPS-CB	5945	3813	3901	95.506	1.11e-30
C662FACXX150129:7:2201:15663:99954/1	83	1	83	smNRPS-CB	5945	2583	2665	97.59	1.11e-30
C662FACXX150129:4:1201:1977:50019/1	80	77	1	smNRPS-CB	5945	2096	2172	100	1.11e-30
C662FACXX150129:5:2203:1440:20905/1	80	1	80	smNRPS-CB	5945	2817	2896	98.75	1.11e-30
C662FACXX150129:6:2201:5689:14730/2	84	84	1	smNRPS-CB	5945	1995	2078	97.619	3.1e-31
C662FACXX150129:2:1114:10329:64033/2	79	1	79	smNRPS-CB	5945	3434	3512	100	8.62e-32
C662FACXX150129:5:1203:19412:10877/2	88	88	1	smNRPS-CB	5945	4898	4985	96.591	8.62e-32
C662FACXX150129:2:1116:1636:8881/1	85	85	1	smNRPS-CB	5945	2795	2879	97.647	8.62e-32
C662FACXX150129:6:1108:11713:37160/2	89	89	1	smNRPS-CB	5945	4897	4985	96.629	2.4e-32
C662FACXX150129:2:2116:12249:32417/1	89	1	89	smNRPS-CB	5945	5654	5742	96.629	2.4e-32
C662FACXX150129:5:1211:1290:97497/2	83	1	83	smNRPS-CB	5945	2896	2978	98.795	2.4e-32
C662FACXX150129:2:2110:13885:38666/2	81	81	1	smNRPS-CB	5945	5051	5131	100	6.66e-33
C662FACXX150129:3:2307:2961:16211/1	90	1	90	smNRPS-CB	5945	4564	4653	96.667	6.66e-33
C662FACXX150129:7:2302:1199:73980/1	90	1	90	smNRPS-CB	5945	5654	5743	96.667	6.66e-33
C662FACXX150129:7:2310:11203:76419/2	82	82	1	smNRPS-CB	5945	2303	2384	100	1.85e-33
C662FACXX150129:4:2314:4335:68599/2	88	88	1	smNRPS-CB	5945	1500	1587	97.727	1.85e-33
C662FACXX150129:4:2306:15214:96949/2	91	91	1	smNRPS-CB	5945	3700	3790	96.703	1.85e-33
C662FACXX150129:7:2203:10096:84332/2	84	1	82	smNRPS-CB	5945	4088	4169	100	1.85e-33
C662FACXX150129:5:2211:7423:8975/1	88	88	1	smNRPS-CB	5945	4176	4263	97.727	1.85e-33
C662FACXX150129:3:1206:8422:34185/2	83	1	83	smNRPS-CB	5945	4084	4166	100	5.15e-34
C662FACXX150129:3:2315:18069:12855/1	92	92	1	smNRPS-CB	5945	4889	4980	96.739	5.15e-34
C662FACXX150129:3:1308:6936:93668/2	86	1	86	smNRPS-CB	5945	2745	2830	98.837	5.15e-34
C662FACXX150129:4:2302:18230:18096/1	87	86	1	smNRPS-CB	5945	379	464	98.837	5.15e-34
C662FACXX150129:5:2116:17464:12253/1	101	1	92	smNRPS-CB	5945	3284	3376	96.774	5.15e-34
C662FACXX150129:6:1215:20690:62035/1	86	1	86	smNRPS-CB	5945	2672	2757	98.837	5.15e-34
C662FACXX150129:3:1212:15878:86797/2	86	86	3	smNRPS-CB	5945	627	710	100	1.43e-34
C662FACXX150129:7:2203:10096:84332/1	90	90	1	smNRPS-CB	5945	4159	4248	97.778	1.43e-34
C662FACXX150129:3:2212:17156:90991/1	101	101	1	smNRPS-CB	5945	1725	1821	95.05	1.43e-34
C662FACXX150129:7:2102:7147:43478/2	90	90	1	smNRPS-CB	5945	705	794	97.778	1.43e-34
C662FACXX150129:2:1202:13644:32356/2	96	1	96	smNRPS-CB	5945	4709	4804	95.833	1.43e-34
C662FACXX150129:3:1306:9719:35396/1	101	93	1	smNRPS-CB	5945	1636	1728	96.774	1.43e-34
C662FACXX150129:3:1306:9719:35396/2	101	1	93	smNRPS-CB	5945	1636	1728	96.774	1.43e-34
C662FACXX150129:6:1302:4814:67711/1	90	90	1	smNRPS-CB	5945	1047	1136	97.778	1.43e-34
C662FACXX150129:7:2111:9369:77954/1	90	90	1	smNRPS-CB	5945	3746	3835	97.778	1.43e-34
C662FACXX150129:3:2310:3003:10616/1	93	93	1	smNRPS-CB	5945	2019	2111	96.774	1.43e-34
C662FACXX150129:2:1108:18433:66705/2	101	1	101	smNRPS-CB	5945	1820	1919	95.05	3.98e-35
C662FACXX150129:6:1313:10620:77787/1	101	1	91	smNRPS-CB	5945	704	794	97.802	3.98e-35
C662FACXX150129:6:1313:10620:77787/2	101	91	1	smNRPS-CB	5945	704	794	97.802	3.98e-35
C662FACXX150129:6:2210:5707:25511/2	101	1	101	smNRPS-CB	5945	1820	1919	95.05	3.98e-35
C662FACXX150129:4:1211:15511:54165/1	91	91	1	smNRPS-CB	5945	2035	2125	97.802	3.98e-35
C662FACXX150129:3:1108:13596:88758/2	101	101	2	smNRPS-CB	5945	5581	5680	95	3.98e-35
C662FACXX150129:5:2306:20403:72721/2	96	94	1	smNRPS-CB	5945	1122	1215	96.809	3.98e-35
C662FACXX150129:5:2308:6600:77873/1	100	1	100	smNRPS-CB	5945	5580	5679	95	3.98e-35
C662FACXX150129:6:1307:2176:1993/2	89	85	1	smNRPS-CB	5945	2938	3022	100	3.98e-35
C662FACXX150129:7:1313:7757:33751/1	101	1	91	smNRPS-CB	5945	704	794	97.802	3.98e-35
C662FACXX150129:7:1313:7757:33751/2	101	91	1	smNRPS-CB	5945	704	794	97.802	3.98e-35
C662FACXX150129:6:2203:17619:16305/2	85	1	85	smNRPS-CB	5945	994	1078	100	3.98e-35
C662FACXX150129:6:2214:4887:95710/1	101	100	1	smNRPS-CB	5945	4372	4471	95	3.98e-35
C662FACXX150129:3:2105:6281:27977/1	97	97	1	smNRPS-CB	5945	4707	4803	95.876	3.98e-35
C662FACXX150129:3:1208:13364:99950/2	101	101	2	smNRPS-CB	5945	5581	5680	95	3.98e-35
C662FACXX150129:7:1305:15746:35004/1	101	101	1	smNRPS-CB	5945	3797	3897	95.05	1.11e-35
C662FACXX150129:3:2312:3891:80845/1	101	1	101	smNRPS-CB	5945	5607	5707	95.05	1.11e-35
C662FACXX150129:7:2206:3330:33588/2	101	101	1	smNRPS-CB	5945	5628	5728	95.05	1.11e-35
C662FACXX150129:3:1108:13596:88758/1	101	1	101	smNRPS-CB	5945	5549	5649	95.05	1.11e-35
C662FACXX150129:5:2306:20403:72721/1	101	1	95	smNRPS-CB	5945	1123	1217	96.842	1.11e-35
C662FACXX150129:2:2110:13885:38666/1	101	1	101	smNRPS-CB	5945	4711	4811	95.05	1.11e-35
C662FACXX150129:4:1116:18939:11849/1	86	86	1	smNRPS-CB	5945	3206	3291	100	1.11e-35
C662FACXX150129:4:1210:1502:36404/1	101	1	101	smNRPS-CB	5945	5548	5648	95.05	1.11e-35
C662FACXX150129:4:1208:8278:68754/2	101	1	101	smNRPS-CB	5945	5631	5731	95.05	1.11e-35
C662FACXX150129:4:2302:11551:40772/2	95	95	1	smNRPS-CB	5945	1636	1730	96.842	1.11e-35
C662FACXX150129:3:1208:13364:99950/1	101	1	101	smNRPS-CB	5945	5549	5649	95.05	1.11e-35
C662FACXX150129:4:1215:16931:21592/1	101	1	101	smNRPS-CB	5945	5580	5680	95.05	1.11e-35
C662FACXX150129:3:2104:1492:62766/2	86	1	86	smNRPS-CB	5945	134	219	100	1.11e-35
C662FACXX150129:4:2115:16745:10522/2	98	98	1	smNRPS-CB	5945	4583	4680	95.918	1.11e-35
C662FACXX150129:2:1111:14125:34133/1	89	89	1	smNRPS-CB	5945	3787	3875	98.876	1.11e-35
C662FACXX150129:4:1313:6462:64331/2	96	1	96	smNRPS-CB	5945	4166	4261	96.875	3.08e-36
C662FACXX150129:4:2312:8257:55573/2	87	1	87	smNRPS-CB	5945	2250	2336	100	3.08e-36
C662FACXX150129:7:1113:14322:70288/2	97	97	1	smNRPS-CB	5945	4162	4258	96.907	8.56e-37
C662FACXX150129:6:2316:18336:53854/2	88	88	1	smNRPS-CB	5945	2251	2338	100	8.56e-37
C662FACXX150129:4:2103:5509:16698/1	97	1	97	smNRPS-CB	5945	3866	3962	96.907	8.56e-37
C662FACXX150129:6:2215:10364:89107/1	91	1	91	smNRPS-CB	5945	2169	2259	98.901	8.56e-37
C662FACXX150129:7:1303:13285:32931/2	97	97	1	smNRPS-CB	5945	4956	5052	96.907	8.56e-37
C662FACXX150129:5:2306:15872:55838/2	94	1	94	smNRPS-CB	5945	2450	2543	97.872	8.56e-37
C662FACXX150129:3:2102:2911:6195/2	88	88	1	smNRPS-CB	5945	180	267	100	8.56e-37
C662FACXX150129:2:1208:11521:87958/1	91	91	1	smNRPS-CB	5945	4084	4174	98.901	8.56e-37
C662FACXX150129:3:1111:5483:23430/2	100	1	100	smNRPS-CB	5945	3857	3956	96	8.56e-37
C662FACXX150129:6:2215:5663:75002/2	101	97	1	smNRPS-CB	5945	2075	2171	96.907	8.56e-37
C662FACXX150129:3:2115:7531:8668/1	101	1	101	smNRPS-CB	5945	3587	3687	96.04	2.38e-37
C662FACXX150129:7:1305:15746:35004/2	95	1	95	smNRPS-CB	5945	3654	3748	97.895	2.38e-37
C662FACXX150129:2:1208:19821:20760/2	101	1	101	smNRPS-CB	5945	3832	3932	96.04	2.38e-37
C662FACXX150129:5:2209:2956:43580/1	95	1	95	smNRPS-CB	5945	32	126	97.895	2.38e-37
C662FACXX150129:6:2101:20246:63959/1	101	1	101	smNRPS-CB	5945	3832	3932	96.04	2.38e-37
C662FACXX150129:5:2213:19401:88154/1	101	1	101	smNRPS-CB	5945	3673	3773	96.04	2.38e-37
C662FACXX150129:7:2206:3330:33588/1	101	1	101	smNRPS-CB	5945	5544	5644	96.04	2.38e-37
C662FACXX150129:7:1312:7667:89288/2	101	101	1	smNRPS-CB	5945	1244	1344	96.04	2.38e-37
C662FACXX150129:3:1215:8063:33735/2	101	101	1	smNRPS-CB	5945	4582	4682	96.04	2.38e-37
C662FACXX150129:3:2113:10750:13736/1	101	101	1	smNRPS-CB	5945	3824	3924	96.04	2.38e-37
C662FACXX150129:4:2208:15618:98572/1	101	101	1	smNRPS-CB	5945	3667	3767	96.04	2.38e-37
C662FACXX150129:5:2215:5797:44415/1	101	101	1	smNRPS-CB	5945	1049	1149	96.04	2.38e-37
C662FACXX150129:5:1106:4373:66209/2	101	101	1	smNRPS-CB	5945	3796	3896	96.04	2.38e-37
C662FACXX150129:6:2107:5334:46501/2	101	1	101	smNRPS-CB	5945	3802	3902	96.04	2.38e-37
C662FACXX150129:4:2316:19114:2294/1	101	1	101	smNRPS-CB	5945	1075	1175	96.04	2.38e-37
C662FACXX150129:5:1303:18188:28732/2	101	1	101	smNRPS-CB	5945	3834	3934	96.04	2.38e-37
C662FACXX150129:2:2305:3032:65011/2	100	100	3	smNRPS-CB	5945	4568	4665	96.939	2.38e-37
C662FACXX150129:3:2110:14279:21968/1	101	1	101	smNRPS-CB	5945	4965	5065	96.04	2.38e-37
C662FACXX150129:2:1203:7094:36030/1	101	101	1	smNRPS-CB	5945	1134	1234	96.04	2.38e-37
C662FACXX150129:4:1210:6690:46192/2	101	1	101	smNRPS-CB	5945	4570	4670	96.04	2.38e-37
C662FACXX150129:4:2110:18853:42287/1	101	1	101	smNRPS-CB	5945	1999	2099	96.04	2.38e-37
C662FACXX150129:6:2212:1517:4352/1	101	1	101	smNRPS-CB	5945	5668	5768	96.04	2.38e-37
C662FACXX150129:3:1111:5483:23430/1	101	101	1	smNRPS-CB	5945	3862	3962	96.04	2.38e-37
C662FACXX150129:6:2202:2279:99459/2	101	101	1	smNRPS-CB	5945	1675	1775	96.04	2.38e-37
C662FACXX150129:4:2304:4386:3502/2	101	101	1	smNRPS-CB	5945	3796	3896	96.04	2.38e-37
C662FACXX150129:3:2303:8200:63060/2	96	95	1	smNRPS-CB	5945	5517	5611	97.895	2.38e-37
C662FACXX150129:5:1310:9056:67750/2	95	1	95	smNRPS-CB	5945	2593	2687	97.895	2.38e-37
C662FACXX150129:4:2312:8257:55573/1	98	98	1	smNRPS-CB	5945	2693	2790	96.939	2.38e-37
C662FACXX150129:7:2207:20383:26603/2	92	1	92	smNRPS-CB	5945	1879	1970	98.913	2.38e-37
C662FACXX150129:7:1301:12143:52887/1	101	101	1	smNRPS-CB	5945	3660	3760	96.04	2.38e-37
C662FACXX150129:3:2110:8066:97821/2	101	101	1	smNRPS-CB	5945	5658	5758	96.04	2.38e-37
C662FACXX150129:5:1212:10019:97092/1	101	101	1	smNRPS-CB	5945	4985	5085	96.04	2.38e-37
C662FACXX150129:4:1312:8819:82063/2	101	101	1	smNRPS-CB	5945	1115	1215	96.04	2.38e-37
C662FACXX150129:3:2105:11383:27471/1	101	101	1	smNRPS-CB	5945	4854	4954	96.04	2.38e-37
C662FACXX150129:2:2313:11017:37358/2	101	101	1	smNRPS-CB	5945	1652	1752	96.04	2.38e-37
C662FACXX150129:7:1315:4855:60106/2	101	101	1	smNRPS-CB	5945	1113	1213	96.04	2.38e-37
C662FACXX150129:7:2111:9369:77954/2	101	1	95	smNRPS-CB	5945	3053	3147	97.895	2.38e-37
C662FACXX150129:5:1309:8809:38322/2	101	101	1	smNRPS-CB	5945	4539	4639	96.04	2.38e-37
C662FACXX150129:2:1310:8324:44919/1	101	101	1	smNRPS-CB	5945	1049	1149	96.04	2.38e-37
C662FACXX150129:3:2216:12157:100743/1	101	101	1	smNRPS-CB	5945	3686	3786	96.04	2.38e-37
C662FACXX150129:5:2312:13862:28744/1	101	1	101	smNRPS-CB	5945	1464	1564	96.04	2.38e-37
C662FACXX150129:3:2313:11637:52080/2	95	95	1	smNRPS-CB	5945	1232	1326	97.895	2.38e-37
C662FACXX150129:2:1216:14880:97773/1	101	94	1	smNRPS-CB	5945	768	860	98.936	6.62e-38
C662FACXX150129:4:2208:15618:98572/2	99	1	99	smNRPS-CB	5945	3605	3703	96.97	6.62e-38
C662FACXX150129:3:2307:2961:16211/2	101	101	3	smNRPS-CB	5945	4567	4665	96.97	6.62e-38
C662FACXX150129:5:1307:13207:95154/2	96	1	96	smNRPS-CB	5945	4126	4221	97.917	6.62e-38
C662FACXX150129:5:1303:18188:28732/1	101	96	1	smNRPS-CB	5945	3886	3981	97.917	6.62e-38
C662FACXX150129:5:2313:9955:92820/2	93	1	93	smNRPS-CB	5945	3763	3855	98.925	6.62e-38
C662FACXX150129:2:1202:13644:32356/1	90	90	1	smNRPS-CB	5945	5023	5112	100	6.62e-38
C662FACXX150129:4:2110:18853:42287/2	101	99	1	smNRPS-CB	5945	2006	2104	96.97	6.62e-38
C662FACXX150129:2:2205:6530:86420/2	96	1	96	smNRPS-CB	5945	2578	2673	97.917	6.62e-38
C662FACXX150129:7:2207:20383:26603/1	96	96	1	smNRPS-CB	5945	1981	2076	97.917	6.62e-38
C662FACXX150129:3:2105:10576:90760/2	93	93	1	smNRPS-CB	5945	1024	1116	98.925	6.62e-38
C662FACXX150129:3:1206:11676:18005/1	96	1	96	smNRPS-CB	5945	4007	4102	97.917	6.62e-38
C662FACXX150129:7:1212:10506:22568/1	99	99	1	smNRPS-CB	5945	3686	3784	96.97	6.62e-38
C662FACXX150129:4:2211:16335:16741/1	93	1	93	smNRPS-CB	5945	3924	4016	98.925	6.62e-38
C662FACXX150129:6:2210:16987:4374/1	93	93	1	smNRPS-CB	5945	76	168	98.925	6.62e-38
C662FACXX150129:7:2302:16356:26595/1	101	91	1	smNRPS-CB	5945	604	694	100	1.84e-38
C662FACXX150129:5:1212:4928:47754/1	97	97	1	smNRPS-CB	5945	3639	3735	97.938	1.84e-38
C662FACXX150129:7:1212:7748:94255/1	97	97	1	smNRPS-CB	5945	2076	2172	97.938	1.84e-38
C662FACXX150129:5:1112:6982:83626/2	100	100	1	smNRPS-CB	5945	1263	1362	97	1.84e-38
C662FACXX150129:5:2314:19470:51328/2	100	1	100	smNRPS-CB	5945	5003	5102	97	1.84e-38
C662FACXX150129:4:1114:9736:72654/2	100	1	100	smNRPS-CB	5945	1273	1372	97	1.84e-38
C662FACXX150129:4:1215:3305:92648/1	100	1	100	smNRPS-CB	5945	1188	1287	97	1.84e-38
C662FACXX150129:4:1215:3305:92648/2	98	97	1	smNRPS-CB	5945	1223	1319	97.938	1.84e-38
C662FACXX150129:4:2310:5542:56412/1	100	100	1	smNRPS-CB	5945	4895	4994	97	1.84e-38
C662FACXX150129:2:1209:4694:7173/2	100	100	1	smNRPS-CB	5945	3536	3635	97	1.84e-38
C662FACXX150129:5:2110:9645:82815/2	98	1	97	smNRPS-CB	5945	4178	4274	97.938	1.84e-38
C662FACXX150129:6:1106:4103:80806/1	94	94	1	smNRPS-CB	5945	3912	4005	98.936	1.84e-38
C662FACXX150129:4:2216:4183:79099/2	97	1	97	smNRPS-CB	5945	461	557	97.938	1.84e-38
C662FACXX150129:4:2309:1528:28006/2	101	101	1	smNRPS-CB	5945	515	615	97.03	5.11e-39
C662FACXX150129:3:1305:5703:37135/2	101	1	101	smNRPS-CB	5945	516	616	97.03	5.11e-39
C662FACXX150129:6:1212:8720:28994/1	101	1	101	smNRPS-CB	5945	1835	1935	97.03	5.11e-39
C662FACXX150129:3:2102:8467:69567/2	101	101	1	smNRPS-CB	5945	3538	3638	97.03	5.11e-39
C662FACXX150129:7:1310:18177:61344/1	101	101	1	smNRPS-CB	5945	3272	3372	97.03	5.11e-39
C662FACXX150129:7:1310:18177:61344/2	101	1	101	smNRPS-CB	5945	3060	3160	97.03	5.11e-39
C662FACXX150129:4:1212:19112:2273/2	95	95	1	smNRPS-CB	5945	2778	2872	98.947	5.11e-39
C662FACXX150129:6:2202:9967:42290/1	101	101	1	smNRPS-CB	5945	1467	1567	97.03	5.11e-39
C662FACXX150129:6:2202:9967:42290/2	101	1	101	smNRPS-CB	5945	1254	1354	97.03	5.11e-39
C662FACXX150129:6:2101:20246:63959/2	101	101	1	smNRPS-CB	5945	3851	3951	97.03	5.11e-39
C662FACXX150129:7:1113:14322:70288/1	101	1	101	smNRPS-CB	5945	3864	3964	97.03	5.11e-39
C662FACXX150129:6:2309:5473:79023/2	101	101	1	smNRPS-CB	5945	5002	5102	97.03	5.11e-39
C662FACXX150129:6:2316:18336:53854/1	101	1	101	smNRPS-CB	5945	1847	1947	97.03	5.11e-39
C662FACXX150129:3:2212:17156:90991/2	101	1	101	smNRPS-CB	5945	1680	1780	97.03	5.11e-39
C662FACXX150129:5:2105:10496:79338/1	101	101	1	smNRPS-CB	5945	3528	3628	97.03	5.11e-39
C662FACXX150129:3:2113:10750:13736/2	101	1	101	smNRPS-CB	5945	3790	3890	97.03	5.11e-39
C662FACXX150129:2:2108:10785:81236/1	101	1	101	smNRPS-CB	5945	642	742	97.03	5.11e-39
C662FACXX150129:2:1101:10324:30904/1	98	98	1	smNRPS-CB	5945	698	795	97.959	5.11e-39
C662FACXX150129:5:1214:15960:73573/2	101	1	101	smNRPS-CB	5945	3060	3160	97.03	5.11e-39
C662FACXX150129:3:2204:13923:68182/1	101	1	101	smNRPS-CB	5945	3862	3962	97.03	5.11e-39
C662FACXX150129:4:1116:18939:11849/2	98	1	98	smNRPS-CB	5945	3100	3197	97.959	5.11e-39
C662FACXX150129:2:1315:12662:38988/1	101	101	1	smNRPS-CB	5945	4155	4255	97.03	5.11e-39
C662FACXX150129:2:1216:7786:91655/2	101	101	1	smNRPS-CB	5945	3062	3162	97.03	5.11e-39
C662FACXX150129:6:2107:5334:46501/1	101	101	1	smNRPS-CB	5945	4163	4263	97.03	5.11e-39
C662FACXX150129:5:2308:6600:77873/2	101	101	1	smNRPS-CB	5945	5650	5750	97.03	5.11e-39
C662FACXX150129:2:2116:11941:78660/2	98	1	98	smNRPS-CB	5945	437	534	97.959	5.11e-39
C662FACXX150129:3:1213:3999:32262/1	101	101	1	smNRPS-CB	5945	3849	3949	97.03	5.11e-39
C662FACXX150129:5:1307:13207:95154/1	101	101	1	smNRPS-CB	5945	4161	4261	97.03	5.11e-39
C662FACXX150129:4:1302:13685:80398/2	98	1	98	smNRPS-CB	5945	4019	4116	97.959	5.11e-39
C662FACXX150129:6:1116:8599:72464/1	101	101	1	smNRPS-CB	5945	4895	4995	97.03	5.11e-39
C662FACXX150129:6:1116:8599:72464/2	101	1	101	smNRPS-CB	5945	4892	4992	97.03	5.11e-39
C662FACXX150129:2:2305:3032:65011/1	101	1	101	smNRPS-CB	5945	4564	4664	97.03	5.11e-39
C662FACXX150129:3:1203:10038:50559/1	101	1	101	smNRPS-CB	5945	1481	1581	97.03	5.11e-39
C662FACXX150129:5:1102:1679:85420/2	101	1	98	smNRPS-CB	5945	5123	5220	97.959	5.11e-39
C662FACXX150129:5:2309:2279:37387/2	93	2	93	smNRPS-CB	5945	3150	3241	100	5.11e-39
C662FACXX150129:6:2116:10674:25086/1	97	1	95	smNRPS-CB	5945	921	1015	98.947	5.11e-39
C662FACXX150129:6:2311:7916:6451/2	101	101	1	smNRPS-CB	5945	2476	2576	97.03	5.11e-39
C662FACXX150129:3:2206:7157:31425/2	101	101	1	smNRPS-CB	5945	4992	5092	97.03	5.11e-39
C662FACXX150129:4:1212:8649:90418/2	101	101	1	smNRPS-CB	5945	1398	1498	97.03	5.11e-39
C662FACXX150129:6:2307:12412:13666/2	101	1	101	smNRPS-CB	5945	5001	5101	97.03	5.11e-39
C662FACXX150129:3:1209:9548:49960/2	101	1	101	smNRPS-CB	5945	1680	1780	97.03	5.11e-39
C662FACXX150129:6:2214:4887:95710/2	101	1	101	smNRPS-CB	5945	4178	4278	97.03	5.11e-39
C662FACXX150129:6:2114:10248:3328/1	101	101	1	smNRPS-CB	5945	5136	5236	97.03	5.11e-39
C662FACXX150129:4:2106:3639:25215/1	101	98	1	smNRPS-CB	5945	1145	1242	97.959	5.11e-39
C662FACXX150129:3:2211:12541:49216/1	101	1	101	smNRPS-CB	5945	4889	4989	97.03	5.11e-39
C662FACXX150129:7:1301:12143:52887/2	101	1	101	smNRPS-CB	5945	3587	3687	97.03	5.11e-39
C662FACXX150129:7:1112:18079:30470/2	98	1	95	smNRPS-CB	5945	552	646	98.947	5.11e-39
C662FACXX150129:4:1215:16931:21592/2	101	101	1	smNRPS-CB	5945	5660	5760	97.03	5.11e-39
C662FACXX150129:4:1110:3349:79224/2	92	92	1	smNRPS-CB	5945	5735	5826	100	5.11e-39
C662FACXX150129:6:1215:12749:3856/1	101	101	1	smNRPS-CB	5945	5521	5621	97.03	5.11e-39
C662FACXX150129:2:1315:16749:14000/1	101	101	1	smNRPS-CB	5945	3062	3162	97.03	5.11e-39
C662FACXX150129:3:2309:5838:96304/1	101	101	1	smNRPS-CB	5945	505	605	97.03	5.11e-39
C662FACXX150129:3:2105:11383:27471/2	101	1	101	smNRPS-CB	5945	4560	4660	97.03	5.11e-39
C662FACXX150129:2:2313:11017:37358/1	101	1	101	smNRPS-CB	5945	1510	1610	97.03	5.11e-39
C662FACXX150129:2:1101:3894:18792/1	101	101	1	smNRPS-CB	5945	1249	1349	97.03	5.11e-39
C662FACXX150129:2:1101:3894:18792/2	101	1	101	smNRPS-CB	5945	1207	1307	97.03	5.11e-39
C662FACXX150129:3:1216:7067:85681/1	101	1	101	smNRPS-CB	5945	3061	3161	97.03	5.11e-39
C662FACXX150129:3:1213:2049:99349/1	95	95	1	smNRPS-CB	5945	3270	3364	98.947	5.11e-39
C662FACXX150129:7:1311:14066:72196/1	95	1	95	smNRPS-CB	5945	562	656	98.947	5.11e-39
C662FACXX150129:4:2213:15994:51537/1	101	1	101	smNRPS-CB	5945	3790	3890	97.03	5.11e-39
C662FACXX150129:4:1214:4531:84402/1	101	101	1	smNRPS-CB	5945	1191	1291	97.03	5.11e-39
C662FACXX150129:6:2103:10662:65031/1	101	1	101	smNRPS-CB	5945	1479	1579	97.03	5.11e-39
C662FACXX150129:7:1113:13768:58065/1	101	1	101	smNRPS-CB	5945	3605	3705	97.03	5.11e-39
C662FACXX150129:6:2212:17323:2617/1	101	101	1	smNRPS-CB	5945	5494	5594	97.03	5.11e-39
C662FACXX150129:7:2105:11127:25564/1	101	1	101	smNRPS-CB	5945	4993	5093	97.03	5.11e-39
C662FACXX150129:2:2108:20411:40054/2	101	101	1	smNRPS-CB	5945	1248	1348	97.03	5.11e-39
C662FACXX150129:7:2302:16356:26595/2	101	1	93	smNRPS-CB	5945	604	696	100	1.42e-39
C662FACXX150129:4:2315:12013:36686/2	99	99	1	smNRPS-CB	5945	2562	2660	97.98	1.42e-39
C662FACXX150129:5:1212:4928:47754/2	99	1	99	smNRPS-CB	5945	3613	3711	97.98	1.42e-39
C662FACXX150129:6:2303:7284:30075/1	99	1	99	smNRPS-CB	5945	2482	2580	97.98	1.42e-39
C662FACXX150129:7:2305:1363:63871/1	101	1	96	smNRPS-CB	5945	5039	5135	98.969	1.42e-39
C662FACXX150129:7:2305:1363:63871/2	101	93	1	smNRPS-CB	5945	5039	5131	100	1.42e-39
C662FACXX150129:2:1112:6330:86462/2	96	96	1	smNRPS-CB	5945	548	643	98.958	1.42e-39
C662FACXX150129:4:2112:10441:32429/1	100	96	1	smNRPS-CB	5945	548	643	98.958	1.42e-39
C662FACXX150129:5:1315:18125:76499/1	101	93	1	smNRPS-CB	5945	2917	3009	100	1.42e-39
C662FACXX150129:5:1315:18125:76499/2	101	1	93	smNRPS-CB	5945	2917	3009	100	1.42e-39
C662FACXX150129:6:2201:5689:14730/1	101	3	101	smNRPS-CB	5945	1847	1945	97.98	1.42e-39
C662FACXX150129:6:2307:12412:13666/1	101	99	1	smNRPS-CB	5945	5014	5112	97.98	1.42e-39
C662FACXX150129:4:2116:5341:10351/2	99	1	99	smNRPS-CB	5945	1936	2034	97.98	1.42e-39
C662FACXX150129:6:2102:15743:28363/1	96	1	96	smNRPS-CB	5945	406	501	98.958	1.42e-39
C662FACXX150129:2:1306:4729:45925/2	99	1	99	smNRPS-CB	5945	3032	3130	97.98	1.42e-39
C662FACXX150129:5:2108:12700:80674/2	101	101	3	smNRPS-CB	5945	481	579	97.98	1.42e-39
C662FACXX150129:4:1111:14995:65675/2	99	1	99	smNRPS-CB	5945	3615	3713	97.98	1.42e-39
C662FACXX150129:3:2309:5838:96304/2	93	1	93	smNRPS-CB	5945	134	226	100	1.42e-39
C662FACXX150129:2:1113:16212:49162/1	99	99	1	smNRPS-CB	5945	4799	4897	97.98	1.42e-39
C662FACXX150129:7:2106:7407:26713/1	101	1	99	smNRPS-CB	5945	1177	1275	97.98	1.42e-39
C662FACXX150129:6:1107:13767:72252/2	99	1	99	smNRPS-CB	5945	2871	2969	97.98	1.42e-39
C662FACXX150129:5:2103:18849:87513/1	100	100	1	smNRPS-CB	5945	3072	3171	98	3.95e-40
C662FACXX150129:2:2311:9124:97836/2	97	97	1	smNRPS-CB	5945	2653	2749	98.969	3.95e-40
C662FACXX150129:2:1208:19821:20760/1	101	100	1	smNRPS-CB	5945	3886	3985	98	3.95e-40
C662FACXX150129:6:2101:16804:49636/2	100	1	100	smNRPS-CB	5945	5491	5590	98	3.95e-40
C662FACXX150129:6:2109:5060:98361/2	97	97	1	smNRPS-CB	5945	2866	2962	98.969	3.95e-40
C662FACXX150129:5:1112:6982:83626/1	100	1	100	smNRPS-CB	5945	1175	1274	98	3.95e-40
C662FACXX150129:6:1101:13182:70849/1	101	94	1	smNRPS-CB	5945	5733	5826	100	3.95e-40
C662FACXX150129:6:1101:13182:70849/2	101	1	94	smNRPS-CB	5945	5733	5826	100	3.95e-40
C662FACXX150129:6:2304:9183:75016/1	97	97	1	smNRPS-CB	5945	948	1044	98.969	3.95e-40
C662FACXX150129:7:2311:2526:90735/2	100	1	100	smNRPS-CB	5945	316	415	98	3.95e-40
C662FACXX150129:4:2112:10441:32429/2	101	2	98	smNRPS-CB	5945	548	644	98.969	3.95e-40
C662FACXX150129:7:2116:4613:71719/2	100	100	1	smNRPS-CB	5945	696	795	98	3.95e-40
C662FACXX150129:6:1203:12582:21782/1	97	1	97	smNRPS-CB	5945	3364	3460	98.969	3.95e-40
C662FACXX150129:5:1302:9980:31366/1	98	97	1	smNRPS-CB	5945	548	644	98.969	3.95e-40
C662FACXX150129:3:2105:14765:59013/2	94	1	94	smNRPS-CB	5945	134	227	100	3.95e-40
C662FACXX150129:2:2116:12249:32417/2	97	97	1	smNRPS-CB	5945	5835	5931	98.969	3.95e-40
C662FACXX150129:2:2108:13146:83481/1	100	100	1	smNRPS-CB	5945	268	367	98	3.95e-40
C662FACXX150129:7:1315:4855:60106/1	100	1	100	smNRPS-CB	5945	704	803	98	3.95e-40
C662FACXX150129:5:1210:1544:28549/1	101	1	97	smNRPS-CB	5945	3339	3435	98.969	3.95e-40
C662FACXX150129:5:1210:1544:28549/2	101	97	1	smNRPS-CB	5945	3339	3435	98.969	3.95e-40
C662FACXX150129:2:1111:14125:34133/2	94	1	94	smNRPS-CB	5945	3429	3522	100	3.95e-40
C662FACXX150129:2:1204:7831:35999/2	101	1	101	smNRPS-CB	5945	1699	1798	98.02	3.95e-40
C662FACXX150129:6:1114:6648:41932/1	101	1	97	smNRPS-CB	5945	3786	3882	98.969	3.95e-40
C662FACXX150129:5:2103:18849:87513/2	101	1	101	smNRPS-CB	5945	2817	2917	98.02	1.1e-40
C662FACXX150129:3:2115:7531:8668/2	101	101	1	smNRPS-CB	5945	3996	4096	98.02	1.1e-40
C662FACXX150129:3:1313:19675:46028/1	101	101	1	smNRPS-CB	5945	2779	2879	98.02	1.1e-40
C662FACXX150129:3:1313:19675:46028/2	101	1	101	smNRPS-CB	5945	2754	2854	98.02	1.1e-40
C662FACXX150129:3:1305:5703:37135/1	101	101	1	smNRPS-CB	5945	695	795	98.02	1.1e-40
C662FACXX150129:5:2202:11498:6883/1	101	101	1	smNRPS-CB	5945	2078	2178	98.02	1.1e-40
C662FACXX150129:5:2202:11498:6883/2	101	1	101	smNRPS-CB	5945	1977	2077	98.02	1.1e-40
C662FACXX150129:3:1212:15878:86797/1	101	1	101	smNRPS-CB	5945	366	466	98.02	1.1e-40
C662FACXX150129:4:1202:6767:29730/1	101	1	101	smNRPS-CB	5945	3282	3382	98.02	1.1e-40
C662FACXX150129:4:1202:6767:29730/2	101	101	1	smNRPS-CB	5945	3282	3382	98.02	1.1e-40
C662FACXX150129:7:1311:17295:95601/1	101	1	101	smNRPS-CB	5945	3359	3459	98.02	1.1e-40
C662FACXX150129:3:1211:10773:4204/2	101	1	101	smNRPS-CB	5945	5102	5202	98.02	1.1e-40
C662FACXX150129:3:1311:12080:37913/1	101	101	1	smNRPS-CB	5945	2751	2851	98.02	1.1e-40
C662FACXX150129:3:1311:12080:37913/2	101	1	101	smNRPS-CB	5945	2634	2734	98.02	1.1e-40
C662FACXX150129:4:2205:5236:46142/2	101	101	1	smNRPS-CB	5945	1398	1498	98.02	1.1e-40
C662FACXX150129:3:2112:6475:4255/1	101	1	101	smNRPS-CB	5945	3283	3383	98.02	1.1e-40
C662FACXX150129:7:2315:6273:3925/1	101	101	1	smNRPS-CB	5945	694	794	98.02	1.1e-40
C662FACXX150129:7:2315:6273:3925/2	101	1	101	smNRPS-CB	5945	461	561	98.02	1.1e-40
C662FACXX150129:6:1212:8720:28994/2	101	101	1	smNRPS-CB	5945	1963	2063	98.02	1.1e-40
C662FACXX150129:4:2314:4335:68599/1	101	1	101	smNRPS-CB	5945	1457	1557	98.02	1.1e-40
C662FACXX150129:4:1212:19112:2273/1	101	1	101	smNRPS-CB	5945	2672	2772	98.02	1.1e-40
C662FACXX150129:4:2315:12013:36686/1	101	1	101	smNRPS-CB	5945	2439	2539	98.02	1.1e-40
C662FACXX150129:2:2301:12351:85682/1	101	1	101	smNRPS-CB	5945	2467	2567	98.02	1.1e-40
C662FACXX150129:2:2301:12351:85682/2	101	101	1	smNRPS-CB	5945	2476	2576	98.02	1.1e-40
C662FACXX150129:4:2306:15214:96949/1	101	1	101	smNRPS-CB	5945	3648	3748	98.02	1.1e-40
C662FACXX150129:7:2102:6746:75025/1	101	101	1	smNRPS-CB	5945	5191	5291	98.02	1.1e-40
C662FACXX150129:5:2210:11130:80898/2	101	1	101	smNRPS-CB	5945	5099	5199	98.02	1.1e-40
C662FACXX150129:7:1309:17446:70564/1	101	1	101	smNRPS-CB	5945	1936	2036	98.02	1.1e-40
C662FACXX150129:7:1309:17446:70564/2	101	101	1	smNRPS-CB	5945	1969	2069	98.02	1.1e-40
C662FACXX150129:7:1212:7748:94255/2	101	1	101	smNRPS-CB	5945	2055	2155	98.02	1.1e-40
C662FACXX150129:6:2307:14846:39991/2	101	1	101	smNRPS-CB	5945	2744	2844	98.02	1.1e-40
C662FACXX150129:7:1101:12181:68373/2	101	101	1	smNRPS-CB	5945	2446	2546	98.02	1.1e-40
C662FACXX150129:4:1107:9871:40262/2	101	1	101	smNRPS-CB	5945	2713	2813	98.02	1.1e-40
C662FACXX150129:2:1112:6330:86462/1	101	1	101	smNRPS-CB	5945	456	556	98.02	1.1e-40
C662FACXX150129:5:2311:12094:19087/1	101	1	101	smNRPS-CB	5945	4146	4246	98.02	1.1e-40
C662FACXX150129:5:1209:11979:61517/1	101	1	101	smNRPS-CB	5945	1936	2036	98.02	1.1e-40
C662FACXX150129:2:2108:10785:81236/2	101	101	1	smNRPS-CB	5945	853	953	98.02	1.1e-40
C662FACXX150129:5:1214:15960:73573/1	101	101	1	smNRPS-CB	5945	3272	3372	98.02	1.1e-40
C662FACXX150129:2:2114:14460:89661/2	101	101	1	smNRPS-CB	5945	285	385	98.02	1.1e-40
C662FACXX150129:3:2204:13923:68182/2	101	101	1	smNRPS-CB	5945	3962	4062	98.02	1.1e-40
C662FACXX150129:2:1315:12662:38988/2	101	1	101	smNRPS-CB	5945	4119	4219	98.02	1.1e-40
C662FACXX150129:4:2206:18388:37257/1	101	1	101	smNRPS-CB	5945	373	473	98.02	1.1e-40
C662FACXX150129:4:2207:7537:88346/2	101	1	101	smNRPS-CB	5945	2744	2844	98.02	1.1e-40
C662FACXX150129:2:2116:11941:78660/1	101	101	1	smNRPS-CB	5945	544	644	98.02	1.1e-40
C662FACXX150129:2:1301:1348:98104/1	101	1	101	smNRPS-CB	5945	3948	4048	98.02	1.1e-40
C662FACXX150129:2:1116:9000:32447/2	101	1	101	smNRPS-CB	5945	1946	2046	98.02	1.1e-40
C662FACXX150129:4:2316:19114:2294/2	101	101	1	smNRPS-CB	5945	1155	1255	98.02	1.1e-40
C662FACXX150129:5:1114:5881:89350/1	101	101	1	smNRPS-CB	5945	2438	2538	98.02	1.1e-40
C662FACXX150129:6:2205:2908:66491/2	101	1	101	smNRPS-CB	5945	3139	3239	98.02	1.1e-40
C662FACXX150129:2:1209:14959:56742/2	101	1	101	smNRPS-CB	5945	2051	2151	98.02	1.1e-40
C662FACXX150129:7:2313:20254:43167/1	101	1	101	smNRPS-CB	5945	2822	2922	98.02	1.1e-40
C662FACXX150129:7:2204:13617:53875/2	101	1	101	smNRPS-CB	5945	5102	5202	98.02	1.1e-40
C662FACXX150129:3:1101:2980:77539/1	101	101	1	smNRPS-CB	5945	5161	5261	98.02	1.1e-40
C662FACXX150129:3:1101:2980:77539/2	101	1	101	smNRPS-CB	5945	5104	5204	98.02	1.1e-40
C662FACXX150129:3:1201:10272:74845/1	101	101	1	smNRPS-CB	5945	1510	1610	98.02	1.1e-40
C662FACXX150129:3:1201:10272:74845/2	101	1	101	smNRPS-CB	5945	1411	1511	98.02	1.1e-40
C662FACXX150129:4:2209:14950:55583/1	101	1	101	smNRPS-CB	5945	631	731	98.02	1.1e-40
C662FACXX150129:2:1106:8338:16110/2	101	1	101	smNRPS-CB	5945	5104	5204	98.02	1.1e-40
C662FACXX150129:4:1210:6690:46192/1	101	101	1	smNRPS-CB	5945	4824	4924	98.02	1.1e-40
C662FACXX150129:4:1114:9736:72654/1	98	98	1	smNRPS-CB	5945	1368	1465	98.98	1.1e-40
C662FACXX150129:2:1201:11089:26794/1	101	1	101	smNRPS-CB	5945	454	554	98.02	1.1e-40
C662FACXX150129:5:1302:9980:31366/2	101	1	101	smNRPS-CB	5945	437	537	98.02	1.1e-40
C662FACXX150129:2:2205:6530:86420/1	101	101	1	smNRPS-CB	5945	2704	2804	98.02	1.1e-40
C662FACXX150129:5:1107:1863:24508/2	101	1	101	smNRPS-CB	5945	1455	1555	98.02	1.1e-40
C662FACXX150129:4:1311:15374:72717/2	101	101	1	smNRPS-CB	5945	2550	2650	98.02	1.1e-40
C662FACXX150129:7:1216:7400:92288/2	101	1	101	smNRPS-CB	5945	1173	1273	98.02	1.1e-40
C662FACXX150129:2:2209:11582:55270/2	101	101	1	smNRPS-CB	5945	332	432	98.02	1.1e-40
C662FACXX150129:6:2114:10248:3328/2	101	1	101	smNRPS-CB	5945	5010	5110	98.02	1.1e-40
C662FACXX150129:3:2105:14765:59013/1	101	101	1	smNRPS-CB	5945	364	464	98.02	1.1e-40
C662FACXX150129:7:1115:13968:44237/1	101	1	101	smNRPS-CB	5945	3079	3179	98.02	1.1e-40
C662FACXX150129:4:2210:19487:55100/1	101	1	98	smNRPS-CB	5945	223	320	98.98	1.1e-40
C662FACXX150129:4:2210:19487:55100/2	101	98	1	smNRPS-CB	5945	223	320	98.98	1.1e-40
C662FACXX150129:2:2112:9752:3427/2	101	101	1	smNRPS-CB	5945	3616	3716	98.02	1.1e-40
C662FACXX150129:7:1112:18079:30470/1	101	98	1	smNRPS-CB	5945	549	646	98.98	1.1e-40
C662FACXX150129:3:2204:20423:45070/2	101	101	1	smNRPS-CB	5945	3616	3716	98.02	1.1e-40
C662FACXX150129:5:2210:9808:18144/1	101	1	101	smNRPS-CB	5945	4121	4221	98.02	1.1e-40
C662FACXX150129:5:2108:12700:80674/1	101	1	101	smNRPS-CB	5945	329	429	98.02	1.1e-40
C662FACXX150129:5:2315:2775:41563/2	101	1	101	smNRPS-CB	5945	1957	2057	98.02	1.1e-40
C662FACXX150129:4:1308:16596:45597/1	101	1	101	smNRPS-CB	5945	1847	1947	98.02	1.1e-40
C662FACXX150129:3:2203:8583:64521/2	101	98	1	smNRPS-CB	5945	3488	3585	98.98	1.1e-40
C662FACXX150129:2:1315:16749:14000/2	101	1	101	smNRPS-CB	5945	2760	2860	98.02	1.1e-40
C662FACXX150129:2:1306:13260:76591/1	101	1	101	smNRPS-CB	5945	3136	3236	98.02	1.1e-40
C662FACXX150129:7:1216:7164:42301/1	101	101	1	smNRPS-CB	5945	2761	2861	98.02	1.1e-40
C662FACXX150129:6:1209:10861:58205/1	101	101	1	smNRPS-CB	5945	1226	1326	98.02	1.1e-40
C662FACXX150129:5:1209:14753:78830/1	101	1	101	smNRPS-CB	5945	2552	2652	98.02	1.1e-40
C662FACXX150129:5:1311:3898:45486/1	101	1	98	smNRPS-CB	5945	3050	3147	98.98	1.1e-40
C662FACXX150129:2:1112:16446:2572/1	101	1	101	smNRPS-CB	5945	3731	3831	98.02	1.1e-40
C662FACXX150129:6:2316:3605:56031/1	101	1	101	smNRPS-CB	5945	3625	3725	98.02	1.1e-40
C662FACXX150129:2:1216:11235:54282/1	101	101	1	smNRPS-CB	5945	1437	1537	98.02	1.1e-40
C662FACXX150129:3:2314:5399:26567/1	101	101	1	smNRPS-CB	5945	562	662	98.02	1.1e-40
C662FACXX150129:5:2312:5738:31719/1	101	101	1	smNRPS-CB	5945	2822	2922	98.02	1.1e-40
C662FACXX150129:5:1314:18711:21458/1	101	101	1	smNRPS-CB	5945	2829	2929	98.02	1.1e-40
C662FACXX150129:7:1204:8689:53281/2	101	98	1	smNRPS-CB	5945	2090	2187	98.98	1.1e-40
C662FACXX150129:4:1213:12517:26659/2	101	3	101	smNRPS-CB	5945	5014	5112	98.99	3.06e-41
C662FACXX150129:5:2314:19470:51328/1	101	99	1	smNRPS-CB	5945	5014	5112	98.99	3.06e-41
C662FACXX150129:7:2104:6836:59974/2	101	101	3	smNRPS-CB	5945	3513	3611	98.99	3.06e-41
C662FACXX150129:6:1113:17093:68932/1	99	1	99	smNRPS-CB	5945	549	647	98.99	3.06e-41
C662FACXX150129:6:1113:17093:68932/2	99	99	1	smNRPS-CB	5945	714	812	98.99	3.06e-41
C662FACXX150129:4:2209:14950:55583/2	99	99	1	smNRPS-CB	5945	929	1027	98.99	3.06e-41
C662FACXX150129:4:1212:8649:90418/1	99	1	99	smNRPS-CB	5945	1318	1416	98.99	3.06e-41
C662FACXX150129:7:2114:16806:72970/2	96	96	1	smNRPS-CB	5945	2971	3066	100	3.06e-41
C662FACXX150129:4:2102:6191:39078/2	100	100	1	smNRPS-CB	5945	3512	3611	99	8.5e-42
C662FACXX150129:6:1312:9016:10073/2	101	97	1	smNRPS-CB	5945	2954	3050	100	8.5e-42
C662FACXX150129:3:1111:11667:50669/1	101	101	2	smNRPS-CB	5945	2667	2766	99	8.5e-42
C662FACXX150129:3:1111:11667:50669/2	100	1	100	smNRPS-CB	5945	2285	2384	99	8.5e-42
C662FACXX150129:4:2216:13618:72679/1	101	100	1	smNRPS-CB	5945	5694	5793	99	8.5e-42
C662FACXX150129:5:1113:19906:48688/1	101	101	2	smNRPS-CB	5945	2667	2766	99	8.5e-42
C662FACXX150129:3:1111:6581:12118/2	97	97	1	smNRPS-CB	5945	2949	3045	100	8.5e-42
C662FACXX150129:3:1301:17405:43012/2	100	100	1	smNRPS-CB	5945	3264	3363	99	8.5e-42
C662FACXX150129:6:2311:7916:6451/1	100	1	100	smNRPS-CB	5945	2330	2429	99	8.5e-42
C662FACXX150129:3:1205:13806:30226/1	101	100	1	smNRPS-CB	5945	5694	5793	99	8.5e-42
C662FACXX150129:6:1101:2957:29145/1	100	1	100	smNRPS-CB	5945	3898	3997	99	8.5e-42
C662FACXX150129:2:2112:9752:3427/1	101	1	100	smNRPS-CB	5945	3512	3611	99	8.5e-42
C662FACXX150129:3:2204:20423:45070/1	101	1	100	smNRPS-CB	5945	3512	3611	99	8.5e-42
C662FACXX150129:4:1308:16596:45597/2	97	97	1	smNRPS-CB	5945	2242	2338	100	8.5e-42
C662FACXX150129:4:2316:7147:73577/1	101	101	2	smNRPS-CB	5945	2667	2766	99	8.5e-42
C662FACXX150129:2:1210:14234:7272/1	100	100	1	smNRPS-CB	5945	2775	2874	99	8.5e-42
C662FACXX150129:7:2305:7017:97393/1	97	97	1	smNRPS-CB	5945	2932	3028	100	8.5e-42
C662FACXX150129:7:2213:5931:40559/1	101	1	100	smNRPS-CB	5945	3512	3611	99	8.5e-42
C662FACXX150129:4:2105:2121:13131/1	101	1	101	smNRPS-CB	5945	2872	2972	99.01	2.36e-42
C662FACXX150129:3:1316:4234:45125/1	101	1	101	smNRPS-CB	5945	575	675	99.01	2.36e-42
C662FACXX150129:6:1312:9016:10073/1	101	1	98	smNRPS-CB	5945	2954	3051	100	2.36e-42
C662FACXX150129:3:1108:10665:94992/1	101	101	1	smNRPS-CB	5945	2369	2469	99.01	2.36e-42
C662FACXX150129:5:2314:5040:68321/1	101	101	1	smNRPS-CB	5945	233	333	99.01	2.36e-42
C662FACXX150129:5:2314:5040:68321/2	101	1	101	smNRPS-CB	5945	191	291	99.01	2.36e-42
C662FACXX150129:5:1314:15712:90005/1	101	1	101	smNRPS-CB	5945	718	818	99.01	2.36e-42
C662FACXX150129:3:1211:10773:4204/1	101	101	1	smNRPS-CB	5945	5317	5417	99.01	2.36e-42
C662FACXX150129:7:2310:11203:76419/1	101	1	101	smNRPS-CB	5945	1921	2021	99.01	2.36e-42
C662FACXX150129:4:2205:5236:46142/1	101	1	101	smNRPS-CB	5945	1318	1418	99.01	2.36e-42
C662FACXX150129:3:2112:6475:4255/2	101	101	1	smNRPS-CB	5945	3351	3451	99.01	2.36e-42
C662FACXX150129:2:2211:18678:29884/1	101	101	1	smNRPS-CB	5945	5263	5363	99.01	2.36e-42
C662FACXX150129:3:2102:8467:69567/1	101	1	101	smNRPS-CB	5945	3460	3560	99.01	2.36e-42
C662FACXX150129:2:2311:9124:97836/1	101	1	101	smNRPS-CB	5945	2306	2406	99.01	2.36e-42
C662FACXX150129:3:1208:5826:85470/2	99	2	99	smNRPS-CB	5945	3150	3247	100	2.36e-42
C662FACXX150129:2:1108:18433:66705/1	101	101	1	smNRPS-CB	5945	1861	1961	99.01	2.36e-42
C662FACXX150129:7:2102:6746:75025/2	101	1	98	smNRPS-CB	5945	5049	5146	100	2.36e-42
C662FACXX150129:6:2210:5707:25511/1	101	101	1	smNRPS-CB	5945	1861	1961	99.01	2.36e-42
C662FACXX150129:7:2213:2195:90603/2	101	101	1	smNRPS-CB	5945	2369	2469	99.01	2.36e-42
C662FACXX150129:4:1109:2539:82746/1	101	1	101	smNRPS-CB	5945	3214	3314	99.01	2.36e-42
C662FACXX150129:4:1109:2539:82746/2	101	101	1	smNRPS-CB	5945	3482	3582	99.01	2.36e-42
C662FACXX150129:7:1112:18360:37199/1	101	1	101	smNRPS-CB	5945	2330	2430	99.01	2.36e-42
C662FACXX150129:4:1208:15586:80243/1	101	101	1	smNRPS-CB	5945	1385	1485	99.01	2.36e-42
C662FACXX150129:4:1208:15586:80243/2	101	1	101	smNRPS-CB	5945	1354	1454	99.01	2.36e-42
C662FACXX150129:5:2213:19401:88154/2	101	101	1	smNRPS-CB	5945	3915	4015	99.01	2.36e-42
C662FACXX150129:3:1308:6936:93668/1	101	101	1	smNRPS-CB	5945	3267	3367	99.01	2.36e-42
C662FACXX150129:7:1312:7667:89288/1	101	1	101	smNRPS-CB	5945	899	999	99.01	2.36e-42
C662FACXX150129:6:2307:14846:39991/1	101	101	1	smNRPS-CB	5945	2801	2901	99.01	2.36e-42
C662FACXX150129:4:1107:9871:40262/1	101	101	1	smNRPS-CB	5945	2837	2937	99.01	2.36e-42
C662FACXX150129:6:2309:5473:79023/1	101	1	101	smNRPS-CB	5945	4738	4838	99.01	2.36e-42
C662FACXX150129:5:2105:10496:79338/2	101	1	101	smNRPS-CB	5945	3505	3605	99.01	2.36e-42
C662FACXX150129:7:2311:2526:90735/1	101	101	1	smNRPS-CB	5945	898	998	99.01	2.36e-42
C662FACXX150129:2:2114:14460:89661/1	101	1	101	smNRPS-CB	5945	223	323	99.01	2.36e-42
C662FACXX150129:5:1106:4373:66209/1	101	1	101	smNRPS-CB	5945	3773	3873	99.01	2.36e-42
C662FACXX150129:3:2301:20133:35444/1	101	1	101	smNRPS-CB	5945	997	1097	99.01	2.36e-42
C662FACXX150129:3:2301:20133:35444/2	101	101	1	smNRPS-CB	5945	1012	1112	99.01	2.36e-42
C662FACXX150129:7:2104:6836:59974/1	101	1	101	smNRPS-CB	5945	3257	3357	99.01	2.36e-42
C662FACXX150129:2:1106:10528:48803/1	101	101	1	smNRPS-CB	5945	110	210	99.01	2.36e-42
C662FACXX150129:2:1106:10528:48803/2	101	1	101	smNRPS-CB	5945	86	186	99.01	2.36e-42
C662FACXX150129:2:2307:16570:96933/1	101	1	101	smNRPS-CB	5945	3358	3458	99.01	2.36e-42
C662FACXX150129:3:2211:7092:5997/1	101	1	101	smNRPS-CB	5945	389	489	99.01	2.36e-42
C662FACXX150129:3:2211:7092:5997/2	101	101	1	smNRPS-CB	5945	614	714	99.01	2.36e-42
C662FACXX150129:4:2207:7537:88346/1	101	101	1	smNRPS-CB	5945	2801	2901	99.01	2.36e-42
C662FACXX150129:7:1206:4043:10370/1	101	1	101	smNRPS-CB	5945	3015	3115	99.01	2.36e-42
C662FACXX150129:5:2212:10840:25730/1	101	1	101	smNRPS-CB	5945	84	184	99.01	2.36e-42
C662FACXX150129:5:2212:10840:25730/2	101	101	1	smNRPS-CB	5945	201	301	99.01	2.36e-42
C662FACXX150129:3:1213:3999:32262/2	101	1	101	smNRPS-CB	5945	3779	3879	99.01	2.36e-42
C662FACXX150129:4:1302:13685:80398/1	101	101	1	smNRPS-CB	5945	4096	4196	99.01	2.36e-42
C662FACXX150129:5:1114:5881:89350/2	101	1	101	smNRPS-CB	5945	2346	2446	99.01	2.36e-42
C662FACXX150129:4:1313:6462:64331/1	101	1	101	smNRPS-CB	5945	4032	4132	99.01	2.36e-42
C662FACXX150129:2:2116:12754:37184/1	101	1	101	smNRPS-CB	5945	2339	2439	99.01	2.36e-42
C662FACXX150129:2:2116:12754:37184/2	101	101	1	smNRPS-CB	5945	2520	2620	99.01	2.36e-42
C662FACXX150129:4:2202:17784:91237/2	101	1	101	smNRPS-CB	5945	5704	5804	99.01	2.36e-42
C662FACXX150129:5:2313:9955:92820/1	101	101	1	smNRPS-CB	5945	3915	4015	99.01	2.36e-42
C662FACXX150129:6:2205:2908:66491/1	101	101	1	smNRPS-CB	5945	3244	3344	99.01	2.36e-42
C662FACXX150129:5:2101:15401:53992/1	101	101	1	smNRPS-CB	5945	1346	1446	99.01	2.36e-42
C662FACXX150129:3:1203:10038:50559/2	101	101	1	smNRPS-CB	5945	1525	1625	99.01	2.36e-42
C662FACXX150129:6:2215:10364:89107/2	101	101	1	smNRPS-CB	5945	2176	2276	99.01	2.36e-42
C662FACXX150129:3:2110:14279:21968/2	101	101	1	smNRPS-CB	5945	5056	5156	99.01	2.36e-42
C662FACXX150129:7:2313:20254:43167/2	101	101	1	smNRPS-CB	5945	2874	2974	99.01	2.36e-42
C662FACXX150129:6:1202:18529:21815/1	101	101	1	smNRPS-CB	5945	1538	1638	99.01	2.36e-42
C662FACXX150129:6:1202:18529:21815/2	101	1	101	smNRPS-CB	5945	1299	1399	99.01	2.36e-42
C662FACXX150129:7:1303:13285:32931/1	101	1	101	smNRPS-CB	5945	4778	4879	99.02	2.36e-42
C662FACXX150129:5:1314:8333:68714/2	101	101	1	smNRPS-CB	5945	2369	2469	99.01	2.36e-42
C662FACXX150129:7:2204:13617:53875/1	101	101	1	smNRPS-CB	5945	5317	5417	99.01	2.36e-42
C662FACXX150129:2:2108:20320:13333/2	101	1	101	smNRPS-CB	5945	3011	3111	99.01	2.36e-42
C662FACXX150129:5:2306:15872:55838/1	101	101	1	smNRPS-CB	5945	2908	3008	99.01	2.36e-42
C662FACXX150129:3:2206:7157:31425/1	101	1	101	smNRPS-CB	5945	4793	4893	99.01	2.36e-42
C662FACXX150129:6:2203:17619:16305/1	101	101	1	smNRPS-CB	5945	994	1094	99.01	2.36e-42
C662FACXX150129:6:2202:2279:99459/1	101	1	101	smNRPS-CB	5945	1552	1652	99.01	2.36e-42
C662FACXX150129:7:1112:2858:56542/1	101	1	101	smNRPS-CB	5945	1552	1652	99.01	2.36e-42
C662FACXX150129:4:2304:4386:3502/1	101	1	101	smNRPS-CB	5945	3773	3873	99.01	2.36e-42
C662FACXX150129:5:1310:9056:67750/1	101	101	1	smNRPS-CB	5945	2844	2944	99.01	2.36e-42
C662FACXX150129:4:1311:15374:72717/1	101	1	101	smNRPS-CB	5945	2517	2617	99.01	2.36e-42
C662FACXX150129:7:1216:7400:92288/1	101	101	1	smNRPS-CB	5945	1385	1485	99.01	2.36e-42
C662FACXX150129:2:2209:11582:55270/1	101	1	101	smNRPS-CB	5945	223	323	99.01	2.36e-42
C662FACXX150129:6:1108:11713:37160/1	101	1	101	smNRPS-CB	5945	4793	4893	99.01	2.36e-42
C662FACXX150129:4:2106:3639:25215/2	101	1	101	smNRPS-CB	5945	976	1076	99.01	2.36e-42
C662FACXX150129:2:1214:5697:31802/1	101	1	101	smNRPS-CB	5945	186	286	99.01	2.36e-42
C662FACXX150129:2:1214:5697:31802/2	101	101	1	smNRPS-CB	5945	217	317	99.01	2.36e-42
C662FACXX150129:3:2211:12541:49216/2	101	101	1	smNRPS-CB	5945	5084	5184	99.01	2.36e-42
C662FACXX150129:7:1115:13968:44237/2	101	101	1	smNRPS-CB	5945	3249	3349	99.01	2.36e-42
C662FACXX150129:4:2310:5542:56412/2	101	1	101	smNRPS-CB	5945	4793	4893	99.01	2.36e-42
C662FACXX150129:6:1208:13033:93583/2	101	1	101	smNRPS-CB	5945	3364	3464	99.01	2.36e-42
C662FACXX150129:3:2303:11421:42892/1	101	101	1	smNRPS-CB	5945	90	190	99.01	2.36e-42
C662FACXX150129:2:1209:4694:7173/1	101	1	101	smNRPS-CB	5945	3258	3358	99.01	2.36e-42
C662FACXX150129:3:2105:10576:90760/1	101	1	101	smNRPS-CB	5945	937	1037	99.01	2.36e-42
C662FACXX150129:2:1306:4729:45925/1	101	101	1	smNRPS-CB	5945	3044	3144	99.01	2.36e-42
C662FACXX150129:5:1203:19412:10877/1	101	1	101	smNRPS-CB	5945	4793	4893	99.01	2.36e-42
C662FACXX150129:5:2216:6112:52814/1	101	1	101	smNRPS-CB	5945	1359	1459	99.01	2.36e-42
C662FACXX150129:7:1216:7164:42301/2	98	1	98	smNRPS-CB	5945	2301	2398	100	2.36e-42
C662FACXX150129:4:1312:8819:82063/1	101	1	101	smNRPS-CB	5945	978	1078	99.01	2.36e-42
C662FACXX150129:2:2108:13146:83481/2	101	1	101	smNRPS-CB	5945	111	211	99.01	2.36e-42
C662FACXX150129:4:1308:15576:65559/2	98	98	1	smNRPS-CB	5945	4747	4844	100	2.36e-42
C662FACXX150129:6:2310:17124:15093/1	101	1	101	smNRPS-CB	5945	92	192	99.01	2.36e-42
C662FACXX150129:6:2212:2618:66978/1	101	101	1	smNRPS-CB	5945	2357	2457	99.01	2.36e-42
C662FACXX150129:6:1201:20728:24840/1	101	101	1	smNRPS-CB	5945	912	1012	99.01	2.36e-42
C662FACXX150129:7:1308:6285:46934/1	101	1	101	smNRPS-CB	5945	2809	2909	99.01	2.36e-42
C662FACXX150129:3:2214:6479:29668/1	101	101	1	smNRPS-CB	5945	1005	1105	99.01	2.36e-42
C662FACXX150129:6:1202:3433:33625/1	101	101	1	smNRPS-CB	5945	1005	1105	99.01	2.36e-42
C662FACXX150129:5:2213:13105:84365/2	101	1	101	smNRPS-CB	5945	2891	2991	99.01	2.36e-42
C662FACXX150129:7:1101:12181:68373/1	99	1	99	smNRPS-CB	5945	2154	2252	100	6.57e-43
C662FACXX150129:3:2215:18006:59472/1	101	99	1	smNRPS-CB	5945	734	832	100	6.57e-43
C662FACXX150129:3:2215:18006:59472/2	101	1	99	smNRPS-CB	5945	612	710	100	6.57e-43
C662FACXX150129:5:1113:19906:48688/2	101	3	101	smNRPS-CB	5945	2528	2626	100	6.57e-43
C662FACXX150129:7:2116:4613:71719/1	101	1	99	smNRPS-CB	5945	612	710	100	6.57e-43
C662FACXX150129:4:2302:11551:40772/1	101	3	101	smNRPS-CB	5945	1561	1659	100	6.57e-43
C662FACXX150129:2:1306:13260:76591/2	99	99	1	smNRPS-CB	5945	3165	3263	100	6.57e-43
C662FACXX150129:4:2105:2121:13131/2	100	100	1	smNRPS-CB	5945	3198	3297	100	1.83e-43
C662FACXX150129:4:2102:6191:39078/1	101	1	100	smNRPS-CB	5945	3455	3554	100	1.83e-43
C662FACXX150129:6:1305:5636:33770/1	101	1	100	smNRPS-CB	5945	3209	3308	100	1.83e-43
C662FACXX150129:6:2115:10651:4283/2	101	2	101	smNRPS-CB	5945	3150	3249	100	1.83e-43
C662FACXX150129:3:1316:4234:45125/2	101	101	1	smNRPS-CB	5945	766	866	100	5.08e-44
C662FACXX150129:3:1108:10665:94992/2	101	1	101	smNRPS-CB	5945	2127	2227	100	5.08e-44
C662FACXX150129:5:1314:15712:90005/2	101	101	1	smNRPS-CB	5945	735	835	100	5.08e-44
C662FACXX150129:7:1311:17295:95601/2	101	101	1	smNRPS-CB	5945	3381	3481	100	5.08e-44
C662FACXX150129:3:1208:5826:85470/1	101	101	1	smNRPS-CB	5945	3159	3259	100	5.08e-44
C662FACXX150129:3:1108:1565:84193/2	101	1	101	smNRPS-CB	5945	3429	3529	100	5.08e-44
C662FACXX150129:2:2103:5348:62971/1	101	1	101	smNRPS-CB	5945	5802	5902	100	5.08e-44
C662FACXX150129:6:2101:16804:49636/1	101	101	1	smNRPS-CB	5945	5804	5904	100	5.08e-44
C662FACXX150129:4:1213:12517:26659/1	101	101	1	smNRPS-CB	5945	5031	5131	100	5.08e-44
C662FACXX150129:5:2210:11130:80898/1	101	101	1	smNRPS-CB	5945	5263	5363	100	5.08e-44
C662FACXX150129:6:2109:5060:98361/1	101	1	101	smNRPS-CB	5945	2264	2364	100	5.08e-44
C662FACXX150129:7:2213:2195:90603/1	101	1	101	smNRPS-CB	5945	2261	2361	100	5.08e-44
C662FACXX150129:6:1214:11711:62104/1	101	1	101	smNRPS-CB	5945	5732	5832	100	5.08e-44
C662FACXX150129:3:2312:8992:15101/1	101	1	101	smNRPS-CB	5945	5275	5375	100	5.08e-44
C662FACXX150129:3:2312:8992:15101/2	101	101	1	smNRPS-CB	5945	5302	5402	100	5.08e-44
C662FACXX150129:5:1209:11979:61517/2	101	101	1	smNRPS-CB	5945	2114	2214	100	5.08e-44
C662FACXX150129:5:2215:5797:44415/2	101	1	101	smNRPS-CB	5945	827	927	100	5.08e-44
C662FACXX150129:2:1101:10324:30904/2	101	1	101	smNRPS-CB	5945	597	697	100	5.08e-44
C662FACXX150129:6:2304:9183:75016/2	101	1	101	smNRPS-CB	5945	836	936	100	5.08e-44
C662FACXX150129:2:1216:7786:91655/1	101	1	101	smNRPS-CB	5945	2921	3021	100	5.08e-44
C662FACXX150129:3:1111:6581:12118/1	101	1	101	smNRPS-CB	5945	2935	3035	100	5.08e-44
C662FACXX150129:3:2310:8556:89652/1	101	1	101	smNRPS-CB	5945	5732	5832	100	5.08e-44
C662FACXX150129:7:2102:7147:43478/1	101	1	101	smNRPS-CB	5945	602	702	100	5.08e-44
C662FACXX150129:2:1116:9000:32447/1	101	101	1	smNRPS-CB	5945	2188	2288	100	5.08e-44
C662FACXX150129:6:1305:5636:33770/2	101	101	1	smNRPS-CB	5945	3374	3474	100	5.08e-44
C662FACXX150129:4:2202:17784:91237/1	101	101	1	smNRPS-CB	5945	5710	5810	100	5.08e-44
C662FACXX150129:3:1301:17405:43012/1	101	1	101	smNRPS-CB	5945	3172	3272	100	5.08e-44
C662FACXX150129:4:1204:16059:89488/1	101	1	101	smNRPS-CB	5945	848	948	100	5.08e-44
C662FACXX150129:4:1204:16059:89488/2	101	101	1	smNRPS-CB	5945	853	953	100	5.08e-44
C662FACXX150129:6:2115:10651:4283/1	101	101	1	smNRPS-CB	5945	3159	3259	100	5.08e-44
C662FACXX150129:2:1209:14959:56742/1	101	101	1	smNRPS-CB	5945	2103	2203	100	5.08e-44
C662FACXX150129:5:1102:1679:85420/1	101	101	1	smNRPS-CB	5945	5283	5383	100	5.08e-44
C662FACXX150129:5:1314:8333:68714/1	101	1	101	smNRPS-CB	5945	2261	2361	100	5.08e-44
C662FACXX150129:2:1203:7094:36030/2	101	1	101	smNRPS-CB	5945	786	886	100	5.08e-44
C662FACXX150129:2:2108:20320:13333/1	101	101	1	smNRPS-CB	5945	3153	3253	100	5.08e-44
C662FACXX150129:3:2102:2911:6195/1	101	1	101	smNRPS-CB	5945	160	260	100	5.08e-44
C662FACXX150129:2:2107:10414:53791/2	101	1	101	smNRPS-CB	5945	5715	5815	100	5.08e-44
C662FACXX150129:4:1208:8278:68754/1	101	101	1	smNRPS-CB	5945	5817	5917	100	5.08e-44
C662FACXX150129:5:2105:15469:87690/1	101	101	1	smNRPS-CB	5945	2954	3054	100	5.08e-44
C662FACXX150129:5:2105:15469:87690/2	101	1	101	smNRPS-CB	5945	2954	3054	100	5.08e-44
C662FACXX150129:3:2216:18873:53496/2	101	1	101	smNRPS-CB	5945	2949	3049	100	5.08e-44
C662FACXX150129:6:1116:10089:35965/2	101	101	1	smNRPS-CB	5945	5260	5360	100	5.08e-44
C662FACXX150129:4:2116:5341:10351/1	101	101	1	smNRPS-CB	5945	2113	2213	100	5.08e-44
C662FACXX150129:2:1102:3808:23585/1	101	1	101	smNRPS-CB	5945	860	960	100	5.08e-44
C662FACXX150129:4:2201:17226:85002/2	101	101	1	smNRPS-CB	5945	5722	5822	100	5.08e-44
C662FACXX150129:6:1208:13033:93583/1	101	101	1	smNRPS-CB	5945	3381	3481	100	5.08e-44
C662FACXX150129:5:2109:12935:41381/1	101	1	101	smNRPS-CB	5945	860	960	100	5.08e-44
C662FACXX150129:6:2102:15743:28363/2	101	101	1	smNRPS-CB	5945	745	845	100	5.08e-44
C662FACXX150129:5:2315:2775:41563/1	101	101	1	smNRPS-CB	5945	2155	2255	100	5.08e-44
C662FACXX150129:5:1211:1290:97497/1	101	101	1	smNRPS-CB	5945	3200	3300	100	5.08e-44
C662FACXX150129:3:1216:15053:28505/1	101	101	1	smNRPS-CB	5945	2209	2309	100	5.08e-44
C662FACXX150129:3:1216:15053:28505/2	101	1	101	smNRPS-CB	5945	2169	2269	100	5.08e-44
C662FACXX150129:6:1302:4814:67711/2	101	1	101	smNRPS-CB	5945	880	980	100	5.08e-44
C662FACXX150129:7:2101:11977:65347/1	101	101	1	smNRPS-CB	5945	3192	3292	100	5.08e-44
C662FACXX150129:7:2101:11977:65347/2	101	1	101	smNRPS-CB	5945	3154	3254	100	5.08e-44
C662FACXX150129:5:1205:10891:56580/1	101	1	101	smNRPS-CB	5945	852	952	100	5.08e-44
C662FACXX150129:3:2101:9222:23775/1	101	101	1	smNRPS-CB	5945	3190	3290	100	5.08e-44
C662FACXX150129:5:1105:12606:65657/1	101	101	1	smNRPS-CB	5945	3386	3486	100	5.08e-44
C662FACXX150129:7:2310:20597:40359/1	101	1	101	smNRPS-CB	5945	3423	3523	100	5.08e-44
C662FACXX150129:4:2314:12221:68699/2	101	101	1	smNRPS-CB	5945	2176	2276	100	5.08e-44
