C90P4ANXX160330:5:1205:8412:73476/2	98	1	98	smNRPS-CC	5875	2308	2405	98.98	3.66e-41
C90P4ANXX160330:2:2210:8411:83079/1	64	1	64	smNRPS-CB	5945	3630	3693	96.875	1.37e-20
C90P4ANXX160330:4:2209:4450:37997/2	99	99	1	smNRPS-CB	5945	1563	1661	95.96	1.04e-36
C90P4ANXX160330:3:1109:12420:41125/1	99	91	1	smNRPS-CB	5945	2378	2467	98.901	1.04e-36
C90P4ANXX160330:1:2101:8005:72039/1	99	99	1	smNRPS-CB	5945	5181	5279	96.97	2.23e-38
C90P4ANXX160330:1:2309:18757:69877/1	91	1	91	smNRPS-CB	5945	1392	1482	100	6.2e-39
C90P4ANXX160330:4:2103:18018:21626/1	97	1	97	smNRPS-CB	5945	4457	4553	98.969	1.33e-40
C90P4ANXX160330:2:2209:9493:80656/1	100	1	100	smNRPS-CB	5945	3712	3811	98	1.33e-40
C90P4ANXX160330:1:2101:8005:72039/2	101	1	101	smNRPS-CB	5945	5041	5141	98.02	3.71e-41
C90P4ANXX160330:1:2309:4318:2510/1	101	101	1	smNRPS-CB	5945	121	221	98.02	3.71e-41
C90P4ANXX160330:1:2309:4318:2510/2	101	1	101	smNRPS-CB	5945	106	206	98.02	3.71e-41
C90P4ANXX160330:2:2214:14923:32141/1	100	1	100	smNRPS-CB	5945	2518	2617	99	2.86e-42
C90P4ANXX160330:2:2214:14923:32141/2	101	101	1	smNRPS-CB	5945	2520	2620	99.01	7.96e-43
C90P4ANXX160330:4:2103:18018:21626/2	101	101	1	smNRPS-CB	5945	4562	4662	99.01	7.96e-43
C90P4ANXX160330:1:2309:18757:69877/2	100	100	1	smNRPS-CB	5945	1564	1663	100	6.16e-44
C90P4ANXX160330:4:2209:4450:37997/1	101	1	101	smNRPS-CB	5945	1382	1482	100	1.71e-44
