C662FACXX150129:7:2209:1413:68311/2	51	51	1	smNRPS-CC	5875	1897	1947	100	1.92e-16
C662FACXX150129:2:1212:16195:43994/2	72	72	1	smNRPS-CC	5875	4969	5040	98.611	1.9e-26
C662FACXX150129:3:2113:9945:39208/1	101	1	92	smNRPS-CC	5875	3270	3361	96.739	3.13e-34
C662FACXX150129:3:2113:9945:39208/2	101	101	1	smNRPS-CC	5875	3406	3506	95.05	6.72e-36
C662FACXX150129:6:1308:5137:89005/1	100	100	1	smNRPS-CC	5875	1339	1438	96	5.2e-37
C662FACXX150129:5:1211:8880:12779/1	101	2	101	smNRPS-CC	5875	3595	3694	96	5.2e-37
C662FACXX150129:3:1205:8809:41108/1	101	101	1	smNRPS-CC	5875	4481	4581	96.04	1.45e-37
C662FACXX150129:4:2307:12444:33846/2	101	101	1	smNRPS-CC	5875	2189	2289	97.03	3.11e-39
C662FACXX150129:4:1110:11896:67561/1	101	1	101	smNRPS-CC	5875	4653	4753	98.02	6.68e-41
C662FACXX150129:7:2109:17032:97285/2	101	1	101	smNRPS-CC	5875	2867	2967	98.02	6.68e-41
C662FACXX150129:7:2109:17032:97285/1	101	101	1	smNRPS-CC	5875	3030	3130	99.01	1.43e-42
C662FACXX150129:4:1110:11896:67561/2	101	101	1	smNRPS-CC	5875	4964	5064	100	3.08e-44
C662FACXX150129:3:1106:11940:10780/1	101	1	101	smNRPS-CC	5875	5009	5109	100	3.08e-44
C662FACXX150129:5:2107:10795:99079/2	71	71	1	smNRPS-CB	5945	3565	3635	97.183	3.21e-24
C662FACXX150129:4:2307:12444:33846/1	101	101	1	smNRPS-CB	5945	4161	4261	95.05	6.8e-36
C662FACXX150129:3:1205:8809:41108/2	95	95	1	smNRPS-CB	5945	1539	1633	96.842	6.8e-36
C662FACXX150129:5:2107:10795:99079/1	101	1	101	smNRPS-CB	5945	3275	3375	96.04	1.46e-37
C662FACXX150129:3:2306:8913:67159/2	101	100	1	smNRPS-CB	5945	5517	5616	98	2.43e-40
C662FACXX150129:3:2306:8913:67159/1	101	1	101	smNRPS-CB	5945	5481	5581	98.02	6.76e-41
C662FACXX150129:4:2112:14294:73200/2	101	1	101	smNRPS-CB	5945	1400	1500	99.01	1.45e-42
C662FACXX150129:2:1105:17704:45985/1	101	101	1	smNRPS-CB	5945	162	262	100	3.12e-44
C662FACXX150129:7:1111:10851:36139/1	101	101	1	smNRPS-CB	5945	886	986	100	3.12e-44
C662FACXX150129:6:2303:8241:98243/1	101	101	1	smNRPS-CB	5945	486	586	100	3.12e-44
