C662FACXX150129:5:1214:7809:83728/2	101	1	101	smNRPS-CC	5875	1479	1579	95.05	1.08e-35
C662FACXX150129:5:1214:7809:83728/1	101	101	11	smNRPS-CC	5875	1557	1647	98.901	8.34e-37
C662FACXX150129:5:2212:12657:39022/1	101	101	1	smNRPS-CC	5875	3424	3524	98.02	1.07e-40
C662FACXX150129:5:2212:12657:39022/2	101	1	101	smNRPS-CC	5875	3321	3421	100	4.95e-44
C662FACXX150129:4:2110:16944:14469/2	84	1	84	smNRPS-CB	5945	5350	5433	98.81	6.57e-33
C662FACXX150129:4:2110:16944:14469/1	93	93	1	smNRPS-CB	5945	5496	5588	97.849	3.03e-36
C662FACXX150129:4:1311:6317:59595/2	101	94	1	smNRPS-CB	5945	2321	2413	98.936	6.52e-38
C662FACXX150129:4:2213:13067:80127/2	100	100	1	smNRPS-CB	5945	2790	2889	99	8.38e-42
C662FACXX150129:2:2212:14188:61435/1	101	1	101	smNRPS-CB	5945	641	741	99.01	2.33e-42
C662FACXX150129:4:2213:13067:80127/1	101	1	101	smNRPS-CB	5945	2758	2858	99.01	2.33e-42
C662FACXX150129:4:1105:3029:77048/1	101	101	1	smNRPS-CB	5945	4168	4268	100	5.01e-44
C662FACXX150129:4:1105:3029:77048/2	101	1	101	smNRPS-CB	5945	4119	4219	100	5.01e-44
C662FACXX150129:2:2212:14188:61435/2	101	101	1	smNRPS-CB	5945	826	926	100	5.01e-44
