C662FACXX150129:4:1201:8418:54014/2	79	1	79	smNRPS-CC	5875	4950	5028	100	7.69e-32
C662FACXX150129:4:1113:11773:33717/1	82	1	82	smNRPS-CC	5875	4146	4227	100	1.65e-33
C662FACXX150129:7:1111:6751:48050/2	83	1	83	smNRPS-CC	5875	3225	3307	100	4.6e-34
C662FACXX150129:6:1311:20913:64676/1	84	1	84	smNRPS-CC	5875	3657	3740	100	1.28e-34
C662FACXX150129:7:2204:2639:89879/2	85	1	85	smNRPS-CC	5875	4550	4634	100	3.55e-35
C662FACXX150129:6:1111:4632:76855/1	87	1	87	smNRPS-CC	5875	2415	2501	100	2.75e-36
C662FACXX150129:7:2312:14026:25199/1	101	101	1	smNRPS-CC	5875	4326	4426	97.03	4.56e-39
C662FACXX150129:4:1206:11629:40447/1	98	1	98	smNRPS-CC	5875	4695	4792	97.959	4.56e-39
C662FACXX150129:4:2215:19662:97846/2	93	93	1	smNRPS-CC	5875	52	144	100	1.27e-39
C662FACXX150129:7:2214:12192:50617/2	96	1	96	smNRPS-CC	5875	119	214	100	2.73e-41
C662FACXX150129:7:1111:6751:48050/1	96	96	1	smNRPS-CC	5875	3914	4009	100	2.73e-41
C662FACXX150129:3:2310:13783:18608/2	97	97	1	smNRPS-CC	5875	3781	3877	100	7.58e-42
C662FACXX150129:6:1111:4632:76855/2	97	97	1	smNRPS-CC	5875	2728	2824	100	7.58e-42
C662FACXX150129:7:1203:20940:72143/1	97	1	97	smNRPS-CC	5875	3645	3741	100	7.58e-42
C662FACXX150129:4:1112:17567:10554/2	98	98	1	smNRPS-CC	5875	2442	2539	100	2.11e-42
C662FACXX150129:7:1103:14217:51766/2	101	101	1	smNRPS-CC	5875	4524	4624	99.01	2.11e-42
C662FACXX150129:5:1204:2269:3217/2	101	1	101	smNRPS-CC	5875	4074	4174	99.01	2.11e-42
C662FACXX150129:7:2302:2281:67977/2	101	101	1	smNRPS-CC	5875	4056	4156	99.01	2.11e-42
C662FACXX150129:7:2216:14100:47745/2	101	1	101	smNRPS-CC	5875	1566	1666	99.01	2.11e-42
C662FACXX150129:5:1112:2512:14807/1	101	101	1	smNRPS-CC	5875	1654	1754	99.01	2.11e-42
C662FACXX150129:2:1207:3312:31903/1	101	101	1	smNRPS-CC	5875	4698	4798	99.01	2.11e-42
C662FACXX150129:4:1112:17567:10554/1	99	1	99	smNRPS-CC	5875	2364	2462	100	5.86e-43
C662FACXX150129:3:2109:19066:77272/1	99	1	99	smNRPS-CC	5875	4067	4165	100	5.86e-43
C662FACXX150129:4:1212:8149:5376/2	100	100	1	smNRPS-CC	5875	552	651	100	1.63e-43
C662FACXX150129:7:2216:14100:47745/1	100	100	1	smNRPS-CC	5875	1961	2060	100	1.63e-43
C662FACXX150129:7:2312:14026:25199/2	101	1	101	smNRPS-CC	5875	4088	4188	100	4.53e-44
C662FACXX150129:3:2305:14546:100057/1	101	101	1	smNRPS-CC	5875	4198	4298	100	4.53e-44
C662FACXX150129:3:2305:14546:100057/2	101	1	101	smNRPS-CC	5875	4102	4202	100	4.53e-44
C662FACXX150129:7:2214:12192:50617/1	101	101	1	smNRPS-CC	5875	430	530	100	4.53e-44
C662FACXX150129:4:2304:6062:24513/1	101	1	101	smNRPS-CC	5875	5040	5140	100	4.53e-44
C662FACXX150129:4:2304:6062:24513/2	101	101	1	smNRPS-CC	5875	5303	5403	100	4.53e-44
C662FACXX150129:3:2310:13783:18608/1	101	1	101	smNRPS-CC	5875	3504	3604	100	4.53e-44
C662FACXX150129:7:2206:11484:7373/1	101	1	101	smNRPS-CC	5875	4004	4104	100	4.53e-44
C662FACXX150129:7:2206:11484:7373/2	101	101	1	smNRPS-CC	5875	4319	4419	100	4.53e-44
C662FACXX150129:4:1212:8149:5376/1	101	1	101	smNRPS-CC	5875	489	589	100	4.53e-44
C662FACXX150129:4:1201:8418:54014/1	101	101	1	smNRPS-CC	5875	4952	5052	100	4.53e-44
C662FACXX150129:3:2109:19066:77272/2	101	101	1	smNRPS-CC	5875	4351	4451	100	4.53e-44
C662FACXX150129:5:1208:8841:13238/1	101	1	101	smNRPS-CC	5875	4418	4518	100	4.53e-44
C662FACXX150129:5:1208:8841:13238/2	101	101	1	smNRPS-CC	5875	4524	4624	100	4.53e-44
C662FACXX150129:5:2205:16974:98176/1	101	101	1	smNRPS-CC	5875	4952	5052	100	4.53e-44
C662FACXX150129:5:2205:16974:98176/2	101	1	101	smNRPS-CC	5875	4874	4974	100	4.53e-44
C662FACXX150129:7:1212:8860:29076/1	101	101	1	smNRPS-CC	5875	3636	3736	100	4.53e-44
C662FACXX150129:7:1212:8860:29076/2	101	1	101	smNRPS-CC	5875	3359	3459	100	4.53e-44
C662FACXX150129:7:2204:2639:89879/1	101	101	1	smNRPS-CC	5875	4972	5072	100	4.53e-44
C662FACXX150129:2:1302:20012:99465/1	101	1	101	smNRPS-CC	5875	2305	2405	100	4.53e-44
C662FACXX150129:2:1302:20012:99465/2	101	101	1	smNRPS-CC	5875	2356	2456	100	4.53e-44
C662FACXX150129:7:1103:14217:51766/1	101	1	101	smNRPS-CC	5875	4418	4518	100	4.53e-44
C662FACXX150129:6:1105:3357:46550/1	101	1	101	smNRPS-CC	5875	4065	4165	100	4.53e-44
C662FACXX150129:6:1105:3357:46550/2	101	101	1	smNRPS-CC	5875	4192	4292	100	4.53e-44
C662FACXX150129:5:1204:2269:3217/1	101	101	1	smNRPS-CC	5875	4146	4246	100	4.53e-44
C662FACXX150129:7:2302:2281:67977/1	101	1	101	smNRPS-CC	5875	3843	3943	100	4.53e-44
C662FACXX150129:5:1112:2512:14807/2	101	1	101	smNRPS-CC	5875	1643	1743	100	4.53e-44
C662FACXX150129:6:2104:6295:17528/1	101	1	101	smNRPS-CC	5875	3011	3111	100	4.53e-44
C662FACXX150129:6:2104:6295:17528/2	101	101	1	smNRPS-CC	5875	3283	3383	100	4.53e-44
C662FACXX150129:2:2206:15200:58515/1	101	1	101	smNRPS-CC	5875	4065	4165	100	4.53e-44
C662FACXX150129:3:2102:10904:19673/1	101	101	1	smNRPS-CB	5945	4382	4482	99.01	2.13e-42
C662FACXX150129:3:2102:10904:19673/2	101	1	101	smNRPS-CB	5945	4229	4329	100	4.59e-44
