C662FACXX150129:3:1115:5506:52714/2	82	1	82	smNRPS-CC	5875	5775	5856	98.78	1.38e-32
C662FACXX150129:4:2102:17368:85387/1	101	101	1	smNRPS-CC	5875	393	493	97.03	8.16e-40
C662FACXX150129:7:2215:11423:90193/1	69	69	1	smNRPS-CB	5945	4123	4191	100	5.04e-27
C662FACXX150129:5:1301:5550:88151/1	77	77	1	smNRPS-CB	5945	2796	2872	98.701	8.38e-30
C662FACXX150129:4:1114:2613:24671/2	78	78	1	smNRPS-CB	5945	585	662	98.718	2.33e-30
C662FACXX150129:2:2116:18558:57266/1	78	78	1	smNRPS-CB	5945	1588	1665	98.718	2.33e-30
C662FACXX150129:3:1210:2765:3736/2	77	77	1	smNRPS-CB	5945	1836	1912	100	1.8e-31
C662FACXX150129:3:2309:18923:94906/2	83	83	1	smNRPS-CB	5945	2386	2469	97.619	1.8e-31
C662FACXX150129:2:2116:18558:57266/2	82	1	82	smNRPS-CB	5945	1437	1518	98.78	1.39e-32
C662FACXX150129:4:1308:5492:46411/2	81	1	81	smNRPS-CB	5945	1704	1784	100	1.08e-33
C662FACXX150129:4:2102:17368:85387/2	101	101	1	smNRPS-CB	5945	5549	5649	95.05	1.79e-36
C662FACXX150129:5:1210:16181:9110/1	101	1	101	smNRPS-CB	5945	4617	4718	95.098	1.79e-36
C662FACXX150129:4:2204:19258:76889/2	101	1	93	smNRPS-CB	5945	3943	4035	97.849	4.97e-37
C662FACXX150129:3:2115:14634:100339/2	100	100	1	smNRPS-CB	5945	1433	1532	96	1.38e-37
C662FACXX150129:4:2204:19258:76889/1	101	94	1	smNRPS-CB	5945	3942	4035	97.872	1.38e-37
C662FACXX150129:3:2115:14634:100339/1	101	1	101	smNRPS-CB	5945	1102	1202	96.04	3.84e-38
C662FACXX150129:2:2101:8106:56723/2	101	1	101	smNRPS-CB	5945	4926	5026	96.04	3.84e-38
C662FACXX150129:7:2213:10706:78716/2	101	101	3	smNRPS-CB	5945	3513	3611	96.97	1.07e-38
C662FACXX150129:6:1305:13734:30134/1	95	93	1	smNRPS-CB	5945	968	1060	98.925	1.07e-38
C662FACXX150129:5:2313:11879:88270/1	97	1	97	smNRPS-CB	5945	3703	3799	97.938	2.97e-39
C662FACXX150129:3:2202:6732:86769/2	97	1	97	smNRPS-CB	5945	359	455	97.938	2.97e-39
C662FACXX150129:3:1315:11294:24972/1	94	1	94	smNRPS-CB	5945	2758	2851	98.936	2.97e-39
C662FACXX150129:5:2201:2261:94116/2	91	91	1	smNRPS-CB	5945	2124	2214	100	2.97e-39
C662FACXX150129:5:2313:11879:88270/2	101	101	1	smNRPS-CB	5945	3851	3951	97.03	8.26e-40
C662FACXX150129:7:1207:6813:73252/1	101	1	101	smNRPS-CB	5945	3598	3698	97.03	8.26e-40
C662FACXX150129:7:1207:6813:73252/2	101	101	1	smNRPS-CB	5945	3616	3716	97.03	8.26e-40
C662FACXX150129:3:1113:15358:39882/2	101	1	101	smNRPS-CB	5945	1273	1373	97.03	8.26e-40
C662FACXX150129:3:1207:17997:51847/2	101	1	101	smNRPS-CB	5945	2479	2579	98.02	1.78e-41
C662FACXX150129:3:2202:6732:86769/1	101	101	1	smNRPS-CB	5945	430	530	98.02	1.78e-41
C662FACXX150129:3:1113:15358:39882/1	101	101	1	smNRPS-CB	5945	1418	1518	98.02	1.78e-41
C662FACXX150129:5:2110:16094:59406/2	101	1	101	smNRPS-CB	5945	3874	3974	98.02	1.78e-41
C662FACXX150129:5:2201:2261:94116/1	101	1	101	smNRPS-CB	5945	1853	1953	98.02	1.78e-41
C662FACXX150129:6:2307:15780:19650/2	101	1	101	smNRPS-CB	5945	3445	3545	98.02	1.78e-41
C662FACXX150129:4:1114:2613:24671/1	100	1	100	smNRPS-CB	5945	420	519	99	1.37e-42
C662FACXX150129:3:1207:17997:51847/1	101	101	1	smNRPS-CB	5945	2550	2650	99.01	3.82e-43
C662FACXX150129:7:2213:10706:78716/1	101	1	101	smNRPS-CB	5945	3364	3464	99.01	3.82e-43
C662FACXX150129:4:1102:10217:84300/1	101	101	1	smNRPS-CB	5945	1005	1105	99.01	3.82e-43
C662FACXX150129:4:1102:10217:84300/2	101	1	101	smNRPS-CB	5945	887	987	99.01	3.82e-43
C662FACXX150129:2:2101:8106:56723/1	98	98	1	smNRPS-CB	5945	5034	5131	100	3.82e-43
C662FACXX150129:7:2309:16070:81861/1	101	101	1	smNRPS-CB	5945	2829	2929	99.01	3.82e-43
C662FACXX150129:5:2110:16094:59406/1	99	99	1	smNRPS-CB	5945	3927	4025	100	1.06e-43
C662FACXX150129:3:2309:18923:94906/1	101	1	101	smNRPS-CB	5945	2108	2208	100	8.2e-45
C662FACXX150129:3:1315:11294:24972/2	101	101	1	smNRPS-CB	5945	3034	3134	100	8.2e-45
C662FACXX150129:6:2315:8978:22214/1	101	1	101	smNRPS-CB	5945	791	891	100	8.2e-45
C662FACXX150129:6:2315:8978:22214/2	101	101	1	smNRPS-CB	5945	793	893	100	8.2e-45
