C8G6HANXX160303:3:2108:6487:6321/2	100	93	1	smNRPS-CC	5875	488	579	96.774	4.23e-34
C8G6HANXX160303:7:1209:15357:49361/1	99	1	99	smNRPS-CC	5875	1913	2011	95.96	2.53e-36
C8G6HANXX160303:7:1209:15357:49361/2	101	101	2	smNRPS-CC	5875	1949	2048	97	1.51e-38
C8G6HANXX160303:5:1213:18815:87481/1	101	101	1	smNRPS-CC	5875	387	487	97.03	4.2e-39
C8G6HANXX160303:6:2108:10234:2638/1	101	95	1	smNRPS-CC	5875	1551	1645	98.947	4.2e-39
C8G6HANXX160303:5:1216:8201:69512/2	72	1	71	smNRPS-CB	5945	2024	2094	95.775	2.02e-22
C8G6HANXX160303:7:1212:18634:56111/2	74	1	74	smNRPS-CB	5945	822	895	100	4.31e-29
C8G6HANXX160303:5:1209:5503:87373/2	77	74	1	smNRPS-CB	5945	4023	4096	100	4.31e-29
C8G6HANXX160303:6:1212:20620:8299/2	101	97	1	smNRPS-CB	5945	2324	2420	95.876	3.31e-35
C8G6HANXX160303:8:2205:8829:59726/2	93	1	93	smNRPS-CB	5945	414	506	97.849	2.56e-36
C8G6HANXX160303:4:1304:8197:87180/2	96	96	1	smNRPS-CB	5945	3129	3224	97.917	5.49e-38
C8G6HANXX160303:8:2309:10256:27900/1	101	101	1	smNRPS-CB	5945	3608	3708	97.03	4.25e-39
C8G6HANXX160303:4:1304:8197:87180/1	101	1	101	smNRPS-CB	5945	3059	3159	97.03	4.25e-39
C8G6HANXX160303:8:2205:8829:59726/1	99	99	1	smNRPS-CB	5945	459	557	97.98	1.18e-39
C8G6HANXX160303:4:1208:13920:59636/1	99	1	99	smNRPS-CB	5945	1839	1937	97.98	1.18e-39
C8G6HANXX160303:7:1212:18634:56111/1	100	94	1	smNRPS-CB	5945	822	915	100	3.28e-40
C8G6HANXX160303:6:1309:14107:65560/2	100	100	1	smNRPS-CB	5945	2447	2546	98	3.28e-40
C8G6HANXX160303:3:1212:4747:60606/1	100	1	97	smNRPS-CB	5945	995	1091	98.969	3.28e-40
C8G6HANXX160303:3:1112:20265:28590/2	94	94	1	smNRPS-CB	5945	4098	4191	100	3.28e-40
C8G6HANXX160303:6:1216:20064:91798/1	101	1	101	smNRPS-CB	5945	5110	5210	98.02	9.13e-41
C8G6HANXX160303:6:1216:20064:91798/2	101	101	1	smNRPS-CB	5945	5153	5253	98.02	9.13e-41
C8G6HANXX160303:3:2209:10287:10387/2	101	1	101	smNRPS-CB	5945	2055	2155	98.02	9.13e-41
C8G6HANXX160303:6:1309:14107:65560/1	101	1	101	smNRPS-CB	5945	2427	2527	98.02	9.13e-41
C8G6HANXX160303:5:1209:5503:87373/1	101	1	101	smNRPS-CB	5945	3971	4071	98.02	9.13e-41
C8G6HANXX160303:4:1208:13920:59636/2	101	98	1	smNRPS-CB	5945	1847	1944	98.98	9.13e-41
C8G6HANXX160303:4:1311:8129:67370/1	101	101	1	smNRPS-CB	5945	459	559	98.02	9.13e-41
C8G6HANXX160303:5:1111:1521:56965/1	97	97	1	smNRPS-CB	5945	5191	5287	100	7.06e-42
C8G6HANXX160303:4:2212:21211:72715/1	100	100	1	smNRPS-CB	5945	4883	4982	99	7.06e-42
C8G6HANXX160303:3:1205:5536:30353/1	101	101	1	smNRPS-CB	5945	1939	2039	99.01	1.96e-42
C8G6HANXX160303:3:2209:10287:10387/1	101	101	1	smNRPS-CB	5945	2484	2584	99.01	1.96e-42
C8G6HANXX160303:3:2108:13356:100577/1	101	101	1	smNRPS-CB	5945	2396	2496	99.01	1.96e-42
C8G6HANXX160303:8:2309:10256:27900/2	101	1	101	smNRPS-CB	5945	3343	3443	99.01	1.96e-42
C8G6HANXX160303:3:1212:4747:60606/2	101	101	1	smNRPS-CB	5945	1140	1240	99.01	1.96e-42
C8G6HANXX160303:4:1311:8129:67370/2	101	1	101	smNRPS-CB	5945	414	514	99.01	1.96e-42
C8G6HANXX160303:6:1205:13953:54710/1	101	1	101	smNRPS-CB	5945	186	286	99.01	1.96e-42
C8G6HANXX160303:6:1205:13953:54710/2	101	101	1	smNRPS-CB	5945	343	443	99.01	1.96e-42
C8G6HANXX160303:5:2315:17961:66852/1	99	99	1	smNRPS-CB	5945	4592	4690	100	5.46e-43
C8G6HANXX160303:3:1205:14326:15154/1	100	1	100	smNRPS-CB	5945	5690	5789	100	1.52e-43
C8G6HANXX160303:3:1205:5536:30353/2	101	1	101	smNRPS-CB	5945	1879	1979	100	4.22e-44
C8G6HANXX160303:3:2108:13356:100577/2	101	1	101	smNRPS-CB	5945	2301	2401	100	4.22e-44
C8G6HANXX160303:5:1111:1521:56965/2	101	1	101	smNRPS-CB	5945	5143	5243	100	4.22e-44
C8G6HANXX160303:5:2315:17961:66852/2	101	1	101	smNRPS-CB	5945	4579	4679	100	4.22e-44
C8G6HANXX160303:4:2212:21211:72715/2	101	1	101	smNRPS-CB	5945	4760	4860	100	4.22e-44
