C65YPACXX150129:7:1207:18757:11324/2	81	73	1	smNRPS-CC	5875	1269	1341	95.89	1.47e-23
C65YPACXX150129:7:1113:2059:91528/1	101	1	100	smNRPS-CC	5875	1483	1582	96	6.71e-37
C65YPACXX150129:6:1103:5557:67708/1	101	1	101	smNRPS-CC	5875	4289	4389	97.03	4.01e-39
C65YPACXX150129:7:1113:2059:91528/2	101	99	1	smNRPS-CC	5875	1536	1634	97.98	1.11e-39
C65YPACXX150129:8:1313:9904:24709/2	101	1	101	smNRPS-CC	5875	1199	1299	98.02	8.61e-41
C65YPACXX150129:7:1206:2426:52193/2	101	1	101	smNRPS-CC	5875	2305	2405	99.01	1.85e-42
C65YPACXX150129:8:1116:6311:94409/2	101	1	101	smNRPS-CC	5875	2305	2405	99.01	1.85e-42
C65YPACXX150129:6:1209:5640:47532/2	101	1	101	smNRPS-CC	5875	457	557	99.01	1.85e-42
C65YPACXX150129:6:2113:3076:79550/1	101	101	3	smNRPS-CC	5875	1222	1320	100	5.15e-43
C65YPACXX150129:6:1304:4192:7366/1	101	1	100	smNRPS-CC	5875	5073	5172	100	1.43e-43
C65YPACXX150129:6:1201:19677:97410/1	101	101	1	smNRPS-CC	5875	5178	5278	100	3.98e-44
C65YPACXX150129:6:1201:19677:97410/2	101	1	101	smNRPS-CC	5875	5164	5264	100	3.98e-44
C65YPACXX150129:6:1304:4192:7366/2	101	101	1	smNRPS-CC	5875	5072	5172	100	3.98e-44
C65YPACXX150129:7:1112:14146:54653/2	66	1	66	smNRPS-CB	5945	994	1059	100	1.15e-24
C65YPACXX150129:6:1104:5671:89482/2	70	1	70	smNRPS-CB	5945	994	1063	100	6.88e-27
C65YPACXX150129:6:2110:15969:67710/2	75	75	1	smNRPS-CB	5945	1141	1215	98.667	5.32e-28
C65YPACXX150129:6:2204:5547:42004/2	83	1	83	smNRPS-CB	5945	1831	1913	96.386	4.11e-29
C65YPACXX150129:7:1114:1877:35718/2	92	1	92	smNRPS-CB	5945	3283	3374	96.739	4.08e-34
C65YPACXX150129:8:2109:5167:77676/1	101	101	1	smNRPS-CB	5945	5599	5699	95.05	8.78e-36
C65YPACXX150129:7:2204:11198:44224/1	101	3	101	smNRPS-CB	5945	4923	5021	95.96	2.44e-36
C65YPACXX150129:6:1214:18010:23719/2	90	90	1	smNRPS-CB	5945	1077	1166	98.889	2.44e-36
C65YPACXX150129:7:1109:2290:61127/2	93	1	88	smNRPS-CB	5945	1004	1091	100	6.79e-37
C65YPACXX150129:6:1314:1209:40855/1	101	1	91	smNRPS-CB	5945	2377	2467	98.901	6.79e-37
C65YPACXX150129:6:1314:1209:40855/2	101	91	1	smNRPS-CB	5945	2377	2467	98.901	6.79e-37
C65YPACXX150129:8:1203:13822:61413/2	101	1	91	smNRPS-CB	5945	1497	1587	98.901	6.79e-37
C65YPACXX150129:8:2116:17600:66842/2	101	1	91	smNRPS-CB	5945	326	416	98.901	6.79e-37
C65YPACXX150129:8:1203:13822:61413/1	101	92	1	smNRPS-CB	5945	1496	1587	98.913	1.89e-37
C65YPACXX150129:8:2116:17600:66842/1	101	96	1	smNRPS-CB	5945	321	415	97.917	1.89e-37
C65YPACXX150129:7:1107:3976:58233/1	101	1	92	smNRPS-CB	5945	3390	3481	98.913	1.89e-37
C65YPACXX150129:7:1107:3976:58233/2	101	92	1	smNRPS-CB	5945	3390	3481	98.913	1.89e-37
C65YPACXX150129:7:2314:6656:46824/1	101	101	1	smNRPS-CB	5945	3853	3953	96.04	1.89e-37
C65YPACXX150129:6:2113:3076:79550/2	101	101	1	smNRPS-CB	5945	4854	4954	96.04	1.89e-37
C65YPACXX150129:7:1114:5658:91678/1	96	1	96	smNRPS-CB	5945	93	188	97.917	5.25e-38
C65YPACXX150129:7:1206:2426:52193/1	101	2	101	smNRPS-CB	5945	3466	3565	97	1.46e-38
C65YPACXX150129:8:1116:6311:94409/1	101	2	101	smNRPS-CB	5945	3466	3565	97	1.46e-38
C65YPACXX150129:8:2309:17886:12159/1	101	100	1	smNRPS-CB	5945	3685	3784	97	1.46e-38
C65YPACXX150129:6:1204:18898:17152/2	97	1	97	smNRPS-CB	5945	5784	5880	97.938	1.46e-38
C65YPACXX150129:7:1114:1877:35718/1	101	100	1	smNRPS-CB	5945	3685	3784	97	1.46e-38
C65YPACXX150129:6:1103:5557:67708/2	101	1	101	smNRPS-CB	5945	1457	1557	97.03	4.06e-39
C65YPACXX150129:7:2306:19605:42659/1	101	101	1	smNRPS-CB	5945	3796	3896	97.03	4.06e-39
C65YPACXX150129:8:2309:17886:12159/2	101	1	101	smNRPS-CB	5945	3281	3381	97.03	4.06e-39
C65YPACXX150129:8:2301:4551:52402/1	101	1	101	smNRPS-CB	5945	3294	3394	97.03	4.06e-39
C65YPACXX150129:8:2301:4551:52402/2	101	101	1	smNRPS-CB	5945	3420	3520	97.03	4.06e-39
C65YPACXX150129:8:2303:6449:24445/1	101	101	1	smNRPS-CB	5945	1181	1281	97.03	4.06e-39
C65YPACXX150129:7:2108:8486:20425/1	101	1	101	smNRPS-CB	5945	2021	2121	97.03	4.06e-39
C65YPACXX150129:6:1313:3775:50798/1	101	1	101	smNRPS-CB	5945	3056	3156	97.03	4.06e-39
C65YPACXX150129:6:1313:3775:50798/2	101	101	1	smNRPS-CB	5945	3272	3372	97.03	4.06e-39
C65YPACXX150129:8:1101:18861:54604/1	101	1	101	smNRPS-CB	5945	517	617	97.03	4.06e-39
C65YPACXX150129:6:1206:6989:92356/2	101	101	1	smNRPS-CB	5945	5134	5234	97.03	4.06e-39
C65YPACXX150129:8:1110:11559:23417/1	101	101	1	smNRPS-CB	5945	4567	4667	97.03	4.06e-39
C65YPACXX150129:7:2109:5725:93305/1	101	101	1	smNRPS-CB	5945	3272	3372	97.03	4.06e-39
C65YPACXX150129:6:1115:20936:40022/1	101	1	101	smNRPS-CB	5945	5125	5225	97.03	4.06e-39
C65YPACXX150129:7:2315:4911:27466/2	93	93	1	smNRPS-CB	5945	2260	2352	100	1.13e-39
C65YPACXX150129:7:2312:12866:27378/1	101	1	99	smNRPS-CB	5945	5652	5750	97.98	1.13e-39
C65YPACXX150129:7:2312:12866:27378/2	101	99	1	smNRPS-CB	5945	5652	5750	97.98	1.13e-39
C65YPACXX150129:7:1209:11035:7965/1	101	1	99	smNRPS-CB	5945	5652	5750	97.98	1.13e-39
C65YPACXX150129:7:1209:11035:7965/2	101	99	1	smNRPS-CB	5945	5652	5750	97.98	1.13e-39
C65YPACXX150129:7:1210:11166:82278/2	100	1	100	smNRPS-CB	5945	420	519	98	3.14e-40
C65YPACXX150129:7:2204:16606:66405/1	100	1	100	smNRPS-CB	5945	2450	2549	98	3.14e-40
C65YPACXX150129:8:1313:2885:84001/2	101	1	101	smNRPS-CB	5945	93	193	98.02	8.72e-41
C65YPACXX150129:8:2313:11536:62181/2	101	1	101	smNRPS-CB	5945	3104	3204	98.02	8.72e-41
C65YPACXX150129:7:2302:4181:36368/1	101	101	1	smNRPS-CB	5945	3944	4044	98.02	8.72e-41
C65YPACXX150129:7:2302:4181:36368/2	101	1	101	smNRPS-CB	5945	3942	4042	98.02	8.72e-41
C65YPACXX150129:7:2315:4911:27466/1	101	1	101	smNRPS-CB	5945	2031	2131	98.02	8.72e-41
C65YPACXX150129:8:2109:5167:77676/2	101	1	101	smNRPS-CB	5945	5481	5581	98.02	8.72e-41
C65YPACXX150129:7:1301:7413:58806/1	101	101	1	smNRPS-CB	5945	3266	3366	98.02	8.72e-41
C65YPACXX150129:8:2116:4434:100541/1	101	101	1	smNRPS-CB	5945	3112	3212	98.02	8.72e-41
C65YPACXX150129:7:1202:8235:44151/1	101	1	101	smNRPS-CB	5945	5193	5293	98.02	8.72e-41
C65YPACXX150129:6:2201:12874:38968/2	101	101	1	smNRPS-CB	5945	907	1007	98.02	8.72e-41
C65YPACXX150129:7:2108:8486:20425/2	101	101	1	smNRPS-CB	5945	2542	2642	98.02	8.72e-41
C65YPACXX150129:8:1110:8706:61320/1	101	1	101	smNRPS-CB	5945	2634	2734	98.02	8.72e-41
C65YPACXX150129:8:2305:14980:13169/1	101	101	1	smNRPS-CB	5945	3935	4035	98.02	8.72e-41
C65YPACXX150129:6:2204:5547:42004/1	101	101	1	smNRPS-CB	5945	2540	2640	98.02	8.72e-41
C65YPACXX150129:6:1206:6989:92356/1	101	1	101	smNRPS-CB	5945	5010	5110	98.02	8.72e-41
C65YPACXX150129:8:2304:14685:34246/1	101	101	1	smNRPS-CB	5945	1165	1265	98.02	8.72e-41
C65YPACXX150129:7:2303:1258:41534/1	101	1	101	smNRPS-CB	5945	913	1013	98.02	8.72e-41
C65YPACXX150129:8:2303:6449:24445/2	99	1	99	smNRPS-CB	5945	674	772	98.99	2.42e-41
C65YPACXX150129:6:2113:13867:78242/1	101	99	1	smNRPS-CB	5945	2498	2596	98.99	2.42e-41
C65YPACXX150129:8:1313:2885:84001/1	100	100	1	smNRPS-CB	5945	208	307	99	6.74e-42
C65YPACXX150129:7:2306:19605:42659/2	100	1	100	smNRPS-CB	5945	3556	3655	99	6.74e-42
C65YPACXX150129:7:2102:7762:74903/1	101	1	100	smNRPS-CB	5945	2782	2881	99	6.74e-42
C65YPACXX150129:8:1110:11559:23417/2	100	1	100	smNRPS-CB	5945	4174	4273	99	6.74e-42
C65YPACXX150129:7:2204:11198:44224/2	101	101	1	smNRPS-CB	5945	5079	5179	99.01	1.87e-42
C65YPACXX150129:6:1104:5671:89482/1	101	101	1	smNRPS-CB	5945	1088	1188	99.01	1.87e-42
C65YPACXX150129:7:1112:14146:54653/1	101	101	1	smNRPS-CB	5945	1088	1188	99.01	1.87e-42
C65YPACXX150129:6:2310:1109:34549/1	101	101	1	smNRPS-CB	5945	2974	3074	99.01	1.87e-42
C65YPACXX150129:8:1314:8215:6567/2	101	101	1	smNRPS-CB	5945	4091	4191	99.01	1.87e-42
C65YPACXX150129:8:1110:8706:61320/2	101	101	1	smNRPS-CB	5945	2797	2897	99.01	1.87e-42
C65YPACXX150129:7:2212:3558:40430/1	101	101	1	smNRPS-CB	5945	315	415	99.01	1.87e-42
C65YPACXX150129:7:2212:3558:40430/2	101	1	101	smNRPS-CB	5945	314	414	99.01	1.87e-42
C65YPACXX150129:7:2102:7762:74903/2	101	101	1	smNRPS-CB	5945	2781	2881	99.01	1.87e-42
C65YPACXX150129:6:2209:18941:30784/1	101	101	1	smNRPS-CB	5945	1105	1205	99.01	1.87e-42
C65YPACXX150129:6:2209:18941:30784/2	101	1	101	smNRPS-CB	5945	1068	1168	99.01	1.87e-42
C65YPACXX150129:6:1209:5640:47532/1	101	1	101	smNRPS-CB	5945	5355	5455	99.01	1.87e-42
C65YPACXX150129:6:2110:15969:67710/1	101	1	101	smNRPS-CB	5945	1029	1129	99.01	1.87e-42
C65YPACXX150129:7:2204:12018:45644/1	101	101	1	smNRPS-CB	5945	3399	3499	99.01	1.87e-42
C65YPACXX150129:7:2204:12018:45644/2	101	1	101	smNRPS-CB	5945	3337	3437	99.01	1.87e-42
C65YPACXX150129:6:1208:9996:62614/1	98	98	1	smNRPS-CB	5945	2967	3064	100	1.87e-42
C65YPACXX150129:6:2209:1935:59050/1	101	1	101	smNRPS-CB	5945	2612	2712	99.01	1.87e-42
C65YPACXX150129:8:1316:14372:70315/1	101	1	101	smNRPS-CB	5945	4104	4204	99.01	1.87e-42
C65YPACXX150129:7:2314:6656:46824/2	99	1	99	smNRPS-CB	5945	3783	3881	100	5.21e-43
C65YPACXX150129:8:2313:11536:62181/1	101	101	1	smNRPS-CB	5945	3156	3256	100	4.03e-44
C65YPACXX150129:7:1108:9564:72391/1	101	1	101	smNRPS-CB	5945	822	922	100	4.03e-44
C65YPACXX150129:7:1108:9564:72391/2	101	101	1	smNRPS-CB	5945	830	930	100	4.03e-44
C65YPACXX150129:6:1104:18819:60214/1	101	101	1	smNRPS-CB	5945	4029	4129	100	4.03e-44
C65YPACXX150129:6:2310:1109:34549/2	101	1	101	smNRPS-CB	5945	2853	2953	100	4.03e-44
C65YPACXX150129:7:1301:8966:39202/1	101	101	1	smNRPS-CB	5945	3298	3398	100	4.03e-44
C65YPACXX150129:7:1301:8966:39202/2	101	1	101	smNRPS-CB	5945	3282	3382	100	4.03e-44
C65YPACXX150129:6:2215:17986:84060/1	101	101	1	smNRPS-CB	5945	3298	3398	100	4.03e-44
C65YPACXX150129:6:2215:17986:84060/2	101	1	101	smNRPS-CB	5945	3282	3382	100	4.03e-44
C65YPACXX150129:7:1301:7413:58806/2	101	1	101	smNRPS-CB	5945	3177	3277	100	4.03e-44
C65YPACXX150129:7:1210:11166:82278/1	101	101	1	smNRPS-CB	5945	585	685	100	4.03e-44
C65YPACXX150129:8:2116:4434:100541/2	101	1	101	smNRPS-CB	5945	2966	3066	100	4.03e-44
C65YPACXX150129:7:1202:8235:44151/2	101	101	1	smNRPS-CB	5945	5294	5394	100	4.03e-44
C65YPACXX150129:6:2201:12874:38968/1	101	1	101	smNRPS-CB	5945	715	815	100	4.03e-44
C65YPACXX150129:6:1214:18010:23719/1	101	1	101	smNRPS-CB	5945	834	934	100	4.03e-44
C65YPACXX150129:8:1314:8215:6567/1	101	1	101	smNRPS-CB	5945	4059	4159	100	4.03e-44
C65YPACXX150129:8:2305:14980:13169/2	101	1	101	smNRPS-CB	5945	3764	3864	100	4.03e-44
C65YPACXX150129:7:1301:8065:93704/1	101	101	1	smNRPS-CB	5945	3298	3398	100	4.03e-44
C65YPACXX150129:7:1301:8065:93704/2	101	1	101	smNRPS-CB	5945	3282	3382	100	4.03e-44
C65YPACXX150129:8:1101:18861:54604/2	101	101	1	smNRPS-CB	5945	788	888	100	4.03e-44
