C8G6HANXX160303:5:2210:13628:72438/1	101	1	69	smNRPS-CC	5875	5807	5875	100	2.09e-26
C8G6HANXX160303:7:1204:19322:43501/2	93	1	93	smNRPS-CC	5875	1263	1355	95.699	4.47e-33
C8G6HANXX160303:6:1313:9519:67968/1	98	96	1	smNRPS-CC	5875	1506	1601	95.833	9.6e-35
C8G6HANXX160303:8:1105:7799:77529/2	100	1	96	smNRPS-CC	5875	4272	4368	96.907	2.06e-36
C8G6HANXX160303:5:2201:19910:12305/1	99	1	99	smNRPS-CC	5875	1277	1375	95.96	2.06e-36
C8G6HANXX160303:5:1313:18879:100772/2	99	1	99	smNRPS-CC	5875	1283	1381	95.96	2.06e-36
C8G6HANXX160303:6:1313:9519:67968/2	101	1	98	smNRPS-CC	5875	1263	1360	96.939	1.6e-37
C8G6HANXX160303:7:1109:5025:89905/2	101	101	1	smNRPS-CC	5875	590	690	96.04	1.6e-37
C8G6HANXX160303:8:1105:7799:77529/1	100	98	1	smNRPS-CC	5875	4269	4367	96.97	1.6e-37
C8G6HANXX160303:5:1205:2107:55746/1	101	1	101	smNRPS-CC	5875	1177	1277	96.04	1.6e-37
C8G6HANXX160303:4:2303:11639:71951/1	101	101	1	smNRPS-CC	5875	1285	1385	96.04	1.6e-37
C8G6HANXX160303:4:2303:11639:71951/2	101	1	101	smNRPS-CC	5875	1281	1381	96.04	1.6e-37
C8G6HANXX160303:3:2204:5031:39663/2	101	1	94	smNRPS-CC	5875	1554	1647	98.936	1.23e-38
C8G6HANXX160303:7:1313:9181:38846/2	100	100	1	smNRPS-CC	5875	4288	4388	97.03	1.23e-38
C8G6HANXX160303:7:2112:4369:75904/2	101	101	1	smNRPS-CC	5875	395	495	97.03	3.43e-39
C8G6HANXX160303:6:1210:9060:62895/1	100	1	100	smNRPS-CC	5875	123	222	98	2.65e-40
C8G6HANXX160303:7:1204:19322:43501/1	100	100	1	smNRPS-CC	5875	1541	1640	98	2.65e-40
C8G6HANXX160303:8:2104:17812:46614/1	98	98	1	smNRPS-CC	5875	1192	1289	98.98	7.37e-41
C8G6HANXX160303:8:2104:17812:46614/2	101	1	101	smNRPS-CC	5875	1172	1272	98.02	7.37e-41
C8G6HANXX160303:5:1309:9605:36843/2	101	1	101	smNRPS-CC	5875	2305	2405	99.01	1.58e-42
C8G6HANXX160303:7:1109:5025:89905/1	101	1	101	smNRPS-CC	5875	499	599	99.01	1.58e-42
C8G6HANXX160303:7:1313:9181:38846/1	100	1	100	smNRPS-CC	5875	4077	4176	100	1.22e-43
C8G6HANXX160303:5:1104:12320:24803/1	100	1	100	smNRPS-CC	5875	3094	3193	100	1.22e-43
C8G6HANXX160303:6:1210:9060:62895/2	101	101	1	smNRPS-CC	5875	353	453	100	3.4e-44
C8G6HANXX160303:5:1104:12320:24803/2	101	101	1	smNRPS-CC	5875	3128	3228	100	3.4e-44
C8G6HANXX160303:8:2211:13993:56841/2	99	1	69	smNRPS-CB	5945	5862	5930	95.652	2.13e-21
C8G6HANXX160303:4:2216:7997:54872/1	64	64	1	smNRPS-CB	5945	1636	1699	98.438	5.93e-22
C8G6HANXX160303:8:2211:13993:56841/1	101	68	1	smNRPS-CB	5945	5860	5927	97.059	1.65e-22
C8G6HANXX160303:5:2210:13628:72438/2	101	37	101	smNRPS-CB	5945	1	65	100	3.54e-24
C8G6HANXX160303:4:1107:1646:82478/1	74	73	1	smNRPS-CB	5945	4505	4577	97.26	2.74e-25
C8G6HANXX160303:3:2311:2787:93840/1	89	86	3	smNRPS-CB	5945	3528	3611	97.619	2.1e-31
C8G6HANXX160303:3:1210:20754:33887/1	82	82	1	smNRPS-CB	5945	2360	2441	98.78	5.85e-32
C8G6HANXX160303:3:1101:13106:63200/1	99	91	1	smNRPS-CB	5945	4988	5078	96.703	1.26e-33
C8G6HANXX160303:6:1115:6776:9194/2	93	93	1	smNRPS-CB	5945	1476	1568	96.774	9.72e-35
C8G6HANXX160303:3:1101:13106:63200/2	101	1	93	smNRPS-CB	5945	4988	5080	96.774	9.72e-35
C8G6HANXX160303:5:2210:20167:83240/1	100	100	1	smNRPS-CB	5945	4480	4579	95	2.7e-35
C8G6HANXX160303:7:1102:14052:98096/1	100	96	1	smNRPS-CB	5945	4884	4978	96.875	7.51e-36
C8G6HANXX160303:3:2303:4786:40455/2	89	89	1	smNRPS-CB	5945	2162	2250	98.876	7.51e-36
C8G6HANXX160303:8:1114:20327:48124/1	92	92	1	smNRPS-CB	5945	4530	4621	97.826	7.51e-36
C8G6HANXX160303:4:1103:1576:96633/1	89	89	1	smNRPS-CB	5945	137	225	98.876	7.51e-36
C8G6HANXX160303:7:1102:14052:98096/2	101	1	93	smNRPS-CB	5945	4887	4979	97.849	2.09e-36
C8G6HANXX160303:6:2312:17048:22022/2	98	1	98	smNRPS-CB	5945	4988	5085	96.939	1.61e-37
C8G6HANXX160303:7:1201:7662:92314/2	98	1	98	smNRPS-CB	5945	3686	3783	96.939	1.61e-37
C8G6HANXX160303:6:1302:11598:44174/1	99	99	1	smNRPS-CB	5945	1485	1583	96.97	4.49e-38
C8G6HANXX160303:8:1307:11529:58884/1	101	99	1	smNRPS-CB	5945	2006	2104	96.97	4.49e-38
C8G6HANXX160303:6:2305:16027:56454/1	99	1	99	smNRPS-CB	5945	4948	5046	96.97	4.49e-38
C8G6HANXX160303:6:1109:15154:86827/2	99	99	1	smNRPS-CB	5945	4842	4940	96.97	4.49e-38
C8G6HANXX160303:7:1305:6548:92365/2	99	1	99	smNRPS-CB	5945	1084	1182	96.97	4.49e-38
C8G6HANXX160303:3:1309:6445:74578/2	100	1	100	smNRPS-CB	5945	2465	2564	97	1.25e-38
C8G6HANXX160303:7:2309:7422:55743/1	101	94	1	smNRPS-CB	5945	3350	3443	98.936	1.25e-38
C8G6HANXX160303:7:2309:7422:55743/2	101	1	94	smNRPS-CB	5945	3351	3444	98.936	1.25e-38
C8G6HANXX160303:4:1211:18266:64572/2	100	100	1	smNRPS-CB	5945	3840	3939	97	1.25e-38
C8G6HANXX160303:7:2112:4369:75904/1	100	100	1	smNRPS-CB	5945	5658	5757	97	1.25e-38
C8G6HANXX160303:8:2107:5621:16033/1	94	94	1	smNRPS-CB	5945	2311	2404	98.936	1.25e-38
C8G6HANXX160303:6:2312:17048:22022/1	101	101	1	smNRPS-CB	5945	5002	5102	97.03	3.47e-39
C8G6HANXX160303:6:2310:9978:81485/1	101	1	101	smNRPS-CB	5945	4972	5072	97.03	3.47e-39
C8G6HANXX160303:6:1302:11598:44174/2	101	1	101	smNRPS-CB	5945	1479	1579	97.03	3.47e-39
C8G6HANXX160303:8:1216:20739:23020/1	101	101	1	smNRPS-CB	5945	4849	4949	97.03	3.47e-39
C8G6HANXX160303:8:2214:18222:27146/1	101	101	1	smNRPS-CB	5945	5670	5770	97.03	3.47e-39
C8G6HANXX160303:8:2210:12724:35069/2	101	101	1	smNRPS-CB	5945	491	591	97.03	3.47e-39
C8G6HANXX160303:3:1309:6445:74578/1	101	101	1	smNRPS-CB	5945	2484	2584	97.03	3.47e-39
C8G6HANXX160303:3:1208:11579:70921/1	95	1	95	smNRPS-CB	5945	640	734	98.947	3.47e-39
C8G6HANXX160303:6:2305:16027:56454/2	101	101	1	smNRPS-CB	5945	4968	5068	97.03	3.47e-39
C8G6HANXX160303:4:1116:15079:12112/1	98	1	98	smNRPS-CB	5945	3240	3337	97.959	3.47e-39
C8G6HANXX160303:3:1116:8013:28155/1	99	99	2	smNRPS-CB	5945	5848	5945	97.959	3.47e-39
C8G6HANXX160303:6:1115:6776:9194/1	100	1	100	smNRPS-CB	5945	1401	1500	98	2.68e-40
C8G6HANXX160303:3:1208:11579:70921/2	97	97	1	smNRPS-CB	5945	654	750	98.969	2.68e-40
C8G6HANXX160303:4:2112:14455:60928/2	101	101	1	smNRPS-CB	5945	3266	3366	98.02	7.46e-41
C8G6HANXX160303:6:2310:9978:81485/2	101	101	1	smNRPS-CB	5945	5089	5189	98.02	7.46e-41
C8G6HANXX160303:5:2209:5078:78469/2	101	101	1	smNRPS-CB	5945	93	193	98.02	7.46e-41
C8G6HANXX160303:7:1106:2523:45361/2	101	101	1	smNRPS-CB	5945	1018	1118	98.02	7.46e-41
C8G6HANXX160303:3:2113:10718:75266/2	101	1	101	smNRPS-CB	5945	3114	3214	98.02	7.46e-41
C8G6HANXX160303:8:2210:12724:35069/1	101	1	101	smNRPS-CB	5945	454	554	98.02	7.46e-41
C8G6HANXX160303:4:1211:18266:64572/1	101	1	101	smNRPS-CB	5945	3718	3818	98.02	7.46e-41
C8G6HANXX160303:4:1201:3570:87388/1	101	101	1	smNRPS-CB	5945	3098	3198	98.02	7.46e-41
C8G6HANXX160303:4:1201:3570:87388/2	101	1	101	smNRPS-CB	5945	3097	3197	98.02	7.46e-41
C8G6HANXX160303:8:1307:11529:58884/2	101	1	101	smNRPS-CB	5945	1959	2059	98.02	7.46e-41
C8G6HANXX160303:5:1105:8674:42297/1	101	1	101	smNRPS-CB	5945	3104	3204	98.02	7.46e-41
C8G6HANXX160303:5:1105:8674:42297/2	101	101	1	smNRPS-CB	5945	3122	3222	98.02	7.46e-41
C8G6HANXX160303:4:2203:5997:27160/2	101	1	101	smNRPS-CB	5945	3126	3226	98.02	7.46e-41
C8G6HANXX160303:3:2104:16859:28941/1	101	101	1	smNRPS-CB	5945	3626	3726	98.02	7.46e-41
C8G6HANXX160303:8:2116:20162:99306/2	98	98	1	smNRPS-CB	5945	682	779	98.98	7.46e-41
C8G6HANXX160303:6:2106:20992:63202/1	98	1	98	smNRPS-CB	5945	564	661	98.98	7.46e-41
C8G6HANXX160303:3:2303:8907:57238/2	101	1	101	smNRPS-CB	5945	3117	3217	98.02	7.46e-41
C8G6HANXX160303:4:1103:9433:40000/2	101	1	101	smNRPS-CB	5945	2061	2161	98.02	7.46e-41
C8G6HANXX160303:3:2206:18738:26741/1	98	98	1	smNRPS-CB	5945	1557	1654	98.98	7.46e-41
C8G6HANXX160303:8:2302:16541:93104/1	100	1	100	smNRPS-CB	5945	787	886	99	5.76e-42
C8G6HANXX160303:8:2302:16541:93104/2	100	100	1	smNRPS-CB	5945	896	995	99	5.76e-42
C8G6HANXX160303:8:1202:8539:82189/1	100	1	100	smNRPS-CB	5945	998	1097	99	5.76e-42
C8G6HANXX160303:3:2303:4786:40455/1	101	1	97	smNRPS-CB	5945	2155	2251	100	5.76e-42
C8G6HANXX160303:4:2203:5997:27160/1	101	100	1	smNRPS-CB	5945	3333	3432	99	5.76e-42
C8G6HANXX160303:4:1103:9433:40000/1	97	97	1	smNRPS-CB	5945	2114	2210	100	5.76e-42
C8G6HANXX160303:7:1106:2523:45361/1	98	1	98	smNRPS-CB	5945	939	1036	100	1.6e-42
C8G6HANXX160303:5:1309:9605:36843/1	101	1	101	smNRPS-CB	5945	3484	3584	99.01	1.6e-42
C8G6HANXX160303:8:1202:8539:82189/2	101	101	1	smNRPS-CB	5945	1160	1260	99.01	1.6e-42
C8G6HANXX160303:5:1211:13061:13195/1	101	1	101	smNRPS-CB	5945	792	892	99.01	1.6e-42
C8G6HANXX160303:8:1210:5364:16952/2	98	98	1	smNRPS-CB	5945	980	1077	100	1.6e-42
C8G6HANXX160303:3:2104:16859:28941/2	101	1	101	smNRPS-CB	5945	3494	3594	99.01	1.6e-42
C8G6HANXX160303:8:2116:20162:99306/1	101	1	101	smNRPS-CB	5945	634	734	99.01	1.6e-42
C8G6HANXX160303:3:2207:20737:3537/1	101	1	101	smNRPS-CB	5945	562	662	99.01	1.6e-42
C8G6HANXX160303:4:1310:3419:87692/1	101	1	101	smNRPS-CB	5945	634	734	99.01	1.6e-42
C8G6HANXX160303:4:1310:3419:87692/2	101	101	1	smNRPS-CB	5945	653	753	99.01	1.6e-42
C8G6HANXX160303:4:2303:9050:8487/1	101	1	101	smNRPS-CB	5945	218	318	99.01	1.6e-42
C8G6HANXX160303:4:2303:9050:8487/2	101	101	1	smNRPS-CB	5945	242	342	99.01	1.6e-42
C8G6HANXX160303:7:2116:6356:80507/1	98	1	98	smNRPS-CB	5945	838	935	100	1.6e-42
C8G6HANXX160303:5:1314:14725:6539/1	99	1	99	smNRPS-CB	5945	5781	5879	100	4.46e-43
C8G6HANXX160303:6:1202:13464:40322/1	100	1	99	smNRPS-CB	5945	3784	3882	100	4.46e-43
C8G6HANXX160303:8:1210:5364:16952/1	100	1	100	smNRPS-CB	5945	817	916	100	1.24e-43
C8G6HANXX160303:7:2213:6216:62631/1	101	2	101	smNRPS-CB	5945	1861	1960	100	1.24e-43
C8G6HANXX160303:7:2213:9275:92559/2	100	100	1	smNRPS-CB	5945	978	1077	100	1.24e-43
C8G6HANXX160303:5:2314:14095:94020/1	100	1	100	smNRPS-CB	5945	5827	5926	100	1.24e-43
C8G6HANXX160303:4:2112:14455:60928/1	101	1	101	smNRPS-CB	5945	2919	3019	100	3.45e-44
C8G6HANXX160303:7:1201:7662:92314/1	101	101	1	smNRPS-CB	5945	3770	3870	100	3.45e-44
C8G6HANXX160303:3:2113:10718:75266/1	101	101	1	smNRPS-CB	5945	3173	3273	100	3.45e-44
C8G6HANXX160303:8:1216:20739:23020/2	101	1	101	smNRPS-CB	5945	4785	4885	100	3.45e-44
C8G6HANXX160303:5:2303:4437:8294/1	101	1	101	smNRPS-CB	5945	2997	3097	100	3.45e-44
C8G6HANXX160303:5:2303:4437:8294/2	101	101	1	smNRPS-CB	5945	3012	3112	100	3.45e-44
C8G6HANXX160303:7:1108:13793:12871/1	101	101	1	smNRPS-CB	5945	3443	3543	100	3.45e-44
C8G6HANXX160303:7:1108:13793:12871/2	101	1	101	smNRPS-CB	5945	3380	3480	100	3.45e-44
C8G6HANXX160303:8:1108:15035:39322/1	101	1	101	smNRPS-CB	5945	2896	2996	100	3.45e-44
C8G6HANXX160303:8:1108:15035:39322/2	101	101	1	smNRPS-CB	5945	3007	3107	100	3.45e-44
C8G6HANXX160303:5:1211:13061:13195/2	101	101	1	smNRPS-CB	5945	846	946	100	3.45e-44
C8G6HANXX160303:6:1305:13363:74954/2	101	101	1	smNRPS-CB	5945	1861	1961	100	3.45e-44
C8G6HANXX160303:3:2207:20737:3537/2	101	101	1	smNRPS-CB	5945	835	935	100	3.45e-44
C8G6HANXX160303:7:2213:6216:62631/2	101	101	1	smNRPS-CB	5945	2096	2196	100	3.45e-44
C8G6HANXX160303:7:2213:9275:92559/1	101	1	101	smNRPS-CB	5945	816	916	100	3.45e-44
C8G6HANXX160303:6:2106:20992:63202/2	101	101	1	smNRPS-CB	5945	835	935	100	3.45e-44
C8G6HANXX160303:3:2303:8907:57238/1	101	101	1	smNRPS-CB	5945	3173	3273	100	3.45e-44
