C662FACXX150129:2:1207:20229:62148/1	72	1	72	smNRPS-CC	5875	5580	5651	98.611	9.72e-27
C662FACXX150129:7:1213:18336:74251/2	78	1	78	smNRPS-CC	5875	1917	1994	100	9.65e-32
C662FACXX150129:2:2216:17596:71144/1	101	1	101	smNRPS-CC	5875	4745	4845	97.03	1.59e-39
C662FACXX150129:4:2212:17342:47688/1	100	1	100	smNRPS-CC	5875	4661	4760	98	1.23e-40
C662FACXX150129:2:2301:6850:53995/1	101	101	1	smNRPS-CC	5875	2883	2983	98.02	3.42e-41
C662FACXX150129:7:1213:18336:74251/1	101	101	1	smNRPS-CC	5875	2350	2450	98.02	3.42e-41
C662FACXX150129:4:1202:19357:83672/2	101	1	101	smNRPS-CC	5875	2861	2961	98.02	3.42e-41
C662FACXX150129:2:2216:17596:71144/2	101	101	1	smNRPS-CC	5875	4858	4958	98.02	3.42e-41
C662FACXX150129:7:1105:6525:35071/1	101	101	3	smNRPS-CC	5875	3593	3691	98.99	9.51e-42
C662FACXX150129:2:2301:6850:53995/2	101	1	101	smNRPS-CC	5875	2788	2888	99.01	7.35e-43
C662FACXX150129:6:2210:2444:82808/2	101	1	101	smNRPS-CC	5875	4022	4122	99.01	7.35e-43
C662FACXX150129:4:1202:19357:83672/1	101	101	1	smNRPS-CC	5875	3002	3102	99.01	7.35e-43
C662FACXX150129:7:1105:6525:35071/2	101	1	101	smNRPS-CC	5875	3492	3592	99.01	7.35e-43
C662FACXX150129:4:1310:20722:56093/1	101	101	1	smNRPS-CC	5875	3002	3102	99.01	7.35e-43
C662FACXX150129:5:1114:9745:59423/1	101	101	1	smNRPS-CC	5875	3056	3156	99.01	7.35e-43
C662FACXX150129:7:1306:13347:11030/2	99	99	1	smNRPS-CC	5875	1080	1178	100	2.04e-43
C662FACXX150129:6:2210:2444:82808/1	101	101	1	smNRPS-CC	5875	4056	4156	100	1.58e-44
C662FACXX150129:7:1306:13347:11030/1	101	1	101	smNRPS-CC	5875	843	943	100	1.58e-44
