C65YPACXX150129:8:1207:2075:19795/2	76	76	1	smNRPS-CC	5875	1315	1390	96.053	3.56e-25
C65YPACXX150129:6:2206:9578:53177/2	76	1	76	smNRPS-CC	5875	1278	1353	96.053	3.56e-25
C65YPACXX150129:7:2209:11465:6521/2	71	1	71	smNRPS-CC	5875	3690	3760	98.592	9.9e-26
C65YPACXX150129:7:2308:18771:53028/1	68	1	68	smNRPS-CC	5875	638	705	100	9.9e-26
C65YPACXX150129:6:1107:6539:87249/2	73	73	2	smNRPS-CC	5875	2763	2834	98.611	2.75e-26
C65YPACXX150129:6:1106:19748:94966/2	75	1	75	smNRPS-CC	5875	1105	1179	97.333	2.75e-26
C65YPACXX150129:8:2314:3173:60810/1	73	73	1	smNRPS-CC	5875	4250	4322	98.63	7.66e-27
C65YPACXX150129:7:2303:13668:46973/2	70	1	70	smNRPS-CC	5875	935	1004	100	7.66e-27
C65YPACXX150129:8:1106:6081:54611/2	80	1	80	smNRPS-CC	5875	2477	2556	96.25	2.13e-27
C65YPACXX150129:7:1210:16868:38319/1	72	1	72	smNRPS-CC	5875	2927	2998	100	5.92e-28
C65YPACXX150129:8:1305:5329:67613/1	75	75	1	smNRPS-CC	5875	1872	1946	100	1.27e-29
C65YPACXX150129:6:1203:16410:71017/2	76	76	2	smNRPS-CC	5875	530	604	100	1.27e-29
C65YPACXX150129:8:2105:19040:91882/2	85	1	82	smNRPS-CC	5875	1252	1333	97.561	3.54e-30
C65YPACXX150129:6:1101:9039:85013/2	77	77	1	smNRPS-CC	5875	5454	5530	100	9.83e-31
C65YPACXX150129:6:2209:2139:32110/2	89	1	89	smNRPS-CC	5875	4365	4453	95.506	9.83e-31
C65YPACXX150129:6:2115:4425:73016/1	101	1	81	smNRPS-CC	5875	5795	5875	98.765	2.73e-31
C65YPACXX150129:6:1209:2560:100707/1	81	1	81	smNRPS-CC	5875	4866	4946	98.765	2.73e-31
C65YPACXX150129:7:2304:18860:52679/1	79	79	1	smNRPS-CC	5875	5437	5515	100	7.6e-32
C65YPACXX150129:7:1108:18006:80925/2	89	1	79	smNRPS-CC	5875	5797	5875	100	7.6e-32
C65YPACXX150129:8:1316:12611:36740/2	86	1	86	smNRPS-CC	5875	438	523	97.674	2.11e-32
C65YPACXX150129:7:1201:20745:45318/1	80	80	1	smNRPS-CC	5875	4052	4131	100	2.11e-32
C65YPACXX150129:7:2207:11402:101069/1	101	1	81	smNRPS-CC	5875	5795	5875	100	5.88e-33
C65YPACXX150129:8:1107:16639:35031/2	101	1	81	smNRPS-CC	5875	5795	5875	100	5.88e-33
C65YPACXX150129:7:1107:12037:48165/2	82	82	1	smNRPS-CC	5875	1850	1931	100	1.63e-33
C65YPACXX150129:7:1114:5359:25013/1	84	84	1	smNRPS-CC	5875	1130	1213	100	1.26e-34
C65YPACXX150129:6:2316:11085:100753/2	100	100	1	smNRPS-CC	5875	4668	4767	95	3.51e-35
C65YPACXX150129:6:1209:7579:80612/2	101	101	1	smNRPS-CC	5875	4625	4725	95.05	9.77e-36
C65YPACXX150129:8:1101:9453:95652/2	101	101	1	smNRPS-CC	5875	1482	1582	95.05	9.77e-36
C65YPACXX150129:8:1115:4721:11530/1	101	1	101	smNRPS-CC	5875	1509	1609	95.05	9.77e-36
C65YPACXX150129:8:1106:12673:44308/1	101	1	101	smNRPS-CC	5875	2787	2887	95.05	9.77e-36
C65YPACXX150129:7:2112:7421:23651/2	101	101	1	smNRPS-CC	5875	2749	2849	95.05	9.77e-36
C65YPACXX150129:6:2112:16288:72973/1	101	1	101	smNRPS-CC	5875	1509	1609	95.05	9.77e-36
C65YPACXX150129:8:2105:19040:91882/1	101	101	10	smNRPS-CC	5875	1556	1647	97.826	9.77e-36
C65YPACXX150129:8:2213:2231:79963/1	101	101	1	smNRPS-CC	5875	4665	4765	95.05	9.77e-36
C65YPACXX150129:8:2203:6726:32690/1	101	1	101	smNRPS-CC	5875	2787	2887	95.05	9.77e-36
C65YPACXX150129:8:1310:19045:63602/2	101	1	101	smNRPS-CC	5875	1511	1611	95.05	9.77e-36
C65YPACXX150129:6:2314:3172:63389/2	101	1	101	smNRPS-CC	5875	4800	4900	95.05	9.77e-36
C65YPACXX150129:7:2303:15940:64129/2	101	1	101	smNRPS-CC	5875	1522	1622	95.05	9.77e-36
C65YPACXX150129:7:1111:16273:48628/1	101	101	1	smNRPS-CC	5875	1475	1575	95.05	9.77e-36
C65YPACXX150129:7:1111:16273:48628/2	101	1	101	smNRPS-CC	5875	1474	1574	95.05	9.77e-36
C65YPACXX150129:6:2107:7643:55804/2	101	1	101	smNRPS-CC	5875	3655	3755	95.05	9.77e-36
C65YPACXX150129:7:2101:16759:25964/1	101	1	101	smNRPS-CC	5875	1524	1624	95.05	9.77e-36
C65YPACXX150129:8:2311:3434:100787/1	101	1	101	smNRPS-CC	5875	3801	3901	95.05	9.77e-36
C65YPACXX150129:7:1111:12757:86207/2	101	101	10	smNRPS-CC	5875	1556	1647	97.826	9.77e-36
C65YPACXX150129:8:2207:8800:90929/1	96	1	96	smNRPS-CC	5875	1144	1239	96.875	2.72e-36
C65YPACXX150129:6:2103:6721:34311/1	101	99	1	smNRPS-CC	5875	5405	5503	95.96	2.72e-36
C65YPACXX150129:7:2106:10362:96363/2	101	99	1	smNRPS-CC	5875	5687	5785	95.96	2.72e-36
C65YPACXX150129:6:2215:5973:64678/2	94	93	1	smNRPS-CC	5875	2901	2993	97.849	2.72e-36
C65YPACXX150129:6:2205:17521:24471/1	101	1	87	smNRPS-CC	5875	5789	5875	100	2.72e-36
C65YPACXX150129:6:2105:19816:76358/1	90	1	90	smNRPS-CC	5875	4305	4394	98.889	2.72e-36
C65YPACXX150129:8:1105:18713:5672/2	100	1	100	smNRPS-CC	5875	5552	5651	96	7.55e-37
C65YPACXX150129:6:1105:4361:15735/1	101	2	101	smNRPS-CC	5875	4469	4568	96	7.55e-37
C65YPACXX150129:8:1116:15820:100588/1	97	97	1	smNRPS-CC	5875	1257	1353	96.907	7.55e-37
C65YPACXX150129:8:2213:2231:79963/2	92	1	91	smNRPS-CC	5875	4190	4280	98.901	7.55e-37
C65YPACXX150129:8:2301:5758:71855/1	88	88	1	smNRPS-CC	5875	5519	5606	100	7.55e-37
C65YPACXX150129:7:1303:8987:64867/1	88	1	88	smNRPS-CC	5875	3518	3605	100	7.55e-37
C65YPACXX150129:6:2109:9348:88170/1	101	1	101	smNRPS-CC	5875	4443	4543	96.04	2.1e-37
C65YPACXX150129:6:2109:9348:88170/2	101	101	1	smNRPS-CC	5875	4471	4571	96.04	2.1e-37
C65YPACXX150129:8:2105:12042:97188/2	101	101	1	smNRPS-CC	5875	2937	3037	96.04	2.1e-37
C65YPACXX150129:7:2308:20349:77719/1	101	101	1	smNRPS-CC	5875	1297	1397	96.04	2.1e-37
C65YPACXX150129:6:2202:17351:17233/2	95	1	95	smNRPS-CC	5875	1177	1271	97.895	2.1e-37
C65YPACXX150129:6:1304:4706:84248/1	101	101	1	smNRPS-CC	5875	1785	1885	96.04	2.1e-37
C65YPACXX150129:7:1114:6680:79630/2	101	1	101	smNRPS-CC	5875	5552	5652	96.04	2.1e-37
C65YPACXX150129:6:1315:13220:44289/2	101	101	1	smNRPS-CC	5875	1774	1874	96.04	2.1e-37
C65YPACXX150129:6:1214:6963:29867/1	101	96	1	smNRPS-CC	5875	2435	2530	97.917	5.84e-38
C65YPACXX150129:7:2112:14398:72317/1	99	99	1	smNRPS-CC	5875	2159	2257	96.97	5.84e-38
C65YPACXX150129:7:2209:11465:6521/1	91	91	1	smNRPS-CC	5875	4182	4272	100	1.62e-38
C65YPACXX150129:7:2304:4578:26255/1	101	2	101	smNRPS-CC	5875	1536	1635	97	1.62e-38
C65YPACXX150129:6:2103:17221:12960/1	101	1	91	smNRPS-CC	5875	5785	5875	100	1.62e-38
C65YPACXX150129:7:2201:16524:49224/2	100	1	100	smNRPS-CC	5875	389	488	97	1.62e-38
C65YPACXX150129:7:1111:5193:79777/1	100	100	1	smNRPS-CC	5875	2510	2609	97	1.62e-38
C65YPACXX150129:7:2304:18860:52679/2	98	1	98	smNRPS-CC	5875	5120	5217	97.959	4.51e-39
C65YPACXX150129:8:1116:4350:10826/2	101	1	101	smNRPS-CC	5875	2305	2405	97.03	4.51e-39
C65YPACXX150129:7:1111:7705:66323/1	101	101	1	smNRPS-CC	5875	2092	2192	97.03	4.51e-39
C65YPACXX150129:6:2210:6873:80475/2	101	1	92	smNRPS-CC	5875	3537	3628	100	4.51e-39
C65YPACXX150129:7:1216:6241:76120/2	95	1	95	smNRPS-CC	5875	3910	4004	98.947	4.51e-39
C65YPACXX150129:7:2305:18985:25502/1	101	101	1	smNRPS-CC	5875	1260	1360	97.03	4.51e-39
C65YPACXX150129:6:2103:6721:34311/2	101	1	101	smNRPS-CC	5875	5311	5411	97.03	4.51e-39
C65YPACXX150129:7:1312:11957:43529/2	101	98	1	smNRPS-CC	5875	4324	4421	97.959	4.51e-39
C65YPACXX150129:8:1215:4427:90401/2	101	101	1	smNRPS-CC	5875	1161	1261	97.03	4.51e-39
C65YPACXX150129:7:1210:14278:72899/1	101	101	1	smNRPS-CC	5875	1171	1271	97.03	4.51e-39
C65YPACXX150129:6:1106:19748:94966/1	101	101	1	smNRPS-CC	5875	1123	1223	97.03	4.51e-39
C65YPACXX150129:7:1205:6272:11546/1	101	1	101	smNRPS-CC	5875	408	508	97.03	4.51e-39
C65YPACXX150129:8:1115:1505:97077/2	101	101	1	smNRPS-CC	5875	1134	1234	97.03	4.51e-39
C65YPACXX150129:7:1302:6057:13897/2	95	1	95	smNRPS-CC	5875	3900	3994	98.947	4.51e-39
C65YPACXX150129:8:2105:12042:97188/1	101	1	101	smNRPS-CC	5875	2897	2997	97.03	4.51e-39
C65YPACXX150129:6:1201:15765:84393/2	101	92	1	smNRPS-CC	5875	5458	5549	100	4.51e-39
C65YPACXX150129:8:1315:2833:55872/1	101	1	101	smNRPS-CC	5875	1167	1267	97.03	4.51e-39
C65YPACXX150129:7:2214:20578:68881/2	101	1	101	smNRPS-CC	5875	1253	1353	97.03	4.51e-39
C65YPACXX150129:6:2209:13766:83122/1	101	98	1	smNRPS-CC	5875	1199	1296	97.959	4.51e-39
C65YPACXX150129:8:2305:17123:8455/2	101	1	101	smNRPS-CC	5875	1533	1633	97.03	4.51e-39
C65YPACXX150129:8:1210:13688:65278/2	101	101	1	smNRPS-CC	5875	1790	1890	97.03	4.51e-39
C65YPACXX150129:7:2209:15949:41937/2	96	1	96	smNRPS-CC	5875	2216	2311	98.958	1.25e-39
C65YPACXX150129:7:1314:13387:50583/1	101	99	1	smNRPS-CC	5875	2435	2533	97.98	1.25e-39
C65YPACXX150129:7:2303:13668:46973/1	93	93	1	smNRPS-CC	5875	1649	1741	100	1.25e-39
C65YPACXX150129:8:2206:19616:28495/1	101	1	93	smNRPS-CC	5875	4866	4958	100	1.25e-39
C65YPACXX150129:8:2206:19616:28495/2	101	93	1	smNRPS-CC	5875	4866	4958	100	1.25e-39
C65YPACXX150129:8:1212:8138:22498/1	96	96	1	smNRPS-CC	5875	3610	3705	98.958	1.25e-39
C65YPACXX150129:8:1204:6959:48250/1	93	93	1	smNRPS-CC	5875	1003	1095	100	1.25e-39
C65YPACXX150129:6:2210:6873:80475/1	101	98	1	smNRPS-CC	5875	3532	3628	98.98	3.49e-40
C65YPACXX150129:8:1115:13509:59844/2	94	1	94	smNRPS-CC	5875	1046	1139	100	3.49e-40
C65YPACXX150129:7:1305:1567:58225/1	101	101	2	smNRPS-CC	5875	4312	4411	98	3.49e-40
C65YPACXX150129:8:2206:2427:23924/1	101	1	101	smNRPS-CC	5875	2143	2243	98.02	9.7e-41
C65YPACXX150129:6:1208:3292:42149/1	101	101	1	smNRPS-CC	5875	1196	1296	98.02	9.7e-41
C65YPACXX150129:6:2108:7501:91497/1	101	1	101	smNRPS-CC	5875	5081	5181	98.02	9.7e-41
C65YPACXX150129:7:1301:14420:46895/1	101	101	1	smNRPS-CC	5875	5301	5401	98.02	9.7e-41
C65YPACXX150129:6:2308:1723:8509/1	101	101	1	smNRPS-CC	5875	415	515	98.02	9.7e-41
C65YPACXX150129:8:2305:18920:93629/1	101	1	101	smNRPS-CC	5875	1177	1277	98.02	9.7e-41
C65YPACXX150129:7:2305:18985:25502/2	101	1	101	smNRPS-CC	5875	1218	1318	98.02	9.7e-41
C65YPACXX150129:6:2104:9310:19785/2	101	101	1	smNRPS-CC	5875	1191	1291	98.02	9.7e-41
C65YPACXX150129:7:2101:20134:53537/2	101	101	1	smNRPS-CC	5875	1191	1291	98.02	9.7e-41
C65YPACXX150129:7:2112:7421:23651/1	101	1	101	smNRPS-CC	5875	2699	2799	98.02	9.7e-41
C65YPACXX150129:8:1102:4774:96995/2	101	101	4	smNRPS-CC	5875	5778	5875	98.98	9.7e-41
C65YPACXX150129:7:1107:17300:28682/2	101	1	101	smNRPS-CC	5875	4289	4389	98.02	9.7e-41
C65YPACXX150129:7:2315:5361:80375/1	101	101	1	smNRPS-CC	5875	470	570	98.02	9.7e-41
C65YPACXX150129:8:2314:10401:24315/2	101	101	1	smNRPS-CC	5875	5321	5421	98.02	9.7e-41
C65YPACXX150129:7:1201:9286:8842/1	101	101	1	smNRPS-CC	5875	4187	4287	98.02	9.7e-41
C65YPACXX150129:7:1212:5434:87154/1	101	1	101	smNRPS-CC	5875	421	521	98.02	9.7e-41
C65YPACXX150129:6:2314:3172:63389/1	101	101	1	smNRPS-CC	5875	5072	5172	98.02	9.7e-41
C65YPACXX150129:8:1112:6454:13306/2	101	101	1	smNRPS-CC	5875	1191	1291	98.02	9.7e-41
C65YPACXX150129:7:2102:2096:29349/1	101	4	101	smNRPS-CC	5875	2660	2757	98.98	9.7e-41
C65YPACXX150129:6:1201:15765:84393/1	101	1	98	smNRPS-CC	5875	5458	5555	98.98	9.7e-41
C65YPACXX150129:7:1115:2258:21058/2	101	1	101	smNRPS-CC	5875	4289	4389	98.02	9.7e-41
C65YPACXX150129:7:2302:11502:59585/2	101	1	98	smNRPS-CC	5875	461	558	98.98	9.7e-41
C65YPACXX150129:7:1111:5193:79777/2	101	1	101	smNRPS-CC	5875	2436	2536	98.02	9.7e-41
C65YPACXX150129:7:2308:11477:69046/1	101	1	101	smNRPS-CC	5875	464	564	98.02	9.7e-41
C65YPACXX150129:8:2103:16370:48502/2	101	101	1	smNRPS-CC	5875	470	570	98.02	9.7e-41
C65YPACXX150129:8:1304:5320:45666/2	101	101	1	smNRPS-CC	5875	1236	1336	98.02	9.7e-41
C65YPACXX150129:8:1311:14329:51853/1	101	1	101	smNRPS-CC	5875	5306	5406	98.02	9.7e-41
C65YPACXX150129:8:2214:12505:68386/1	101	1	101	smNRPS-CC	5875	4289	4389	98.02	9.7e-41
C65YPACXX150129:7:2211:16291:37088/1	95	95	1	smNRPS-CC	5875	4744	4838	100	9.7e-41
C65YPACXX150129:8:2207:13674:95794/2	96	1	96	smNRPS-CC	5875	784	879	100	2.7e-41
C65YPACXX150129:6:2215:5973:64678/1	99	1	99	smNRPS-CC	5875	2709	2807	98.99	2.7e-41
C65YPACXX150129:8:2101:9596:7395/2	97	1	97	smNRPS-CC	5875	2352	2448	100	7.5e-42
C65YPACXX150129:8:2207:13674:95794/1	97	97	1	smNRPS-CC	5875	999	1095	100	7.5e-42
C65YPACXX150129:8:1211:7910:82214/2	100	1	100	smNRPS-CC	5875	2362	2461	99	7.5e-42
C65YPACXX150129:6:1106:2149:59701/1	101	101	1	smNRPS-CC	5875	4175	4275	99.01	2.08e-42
C65YPACXX150129:8:2312:12999:69940/1	101	101	1	smNRPS-CC	5875	1220	1320	99.01	2.08e-42
C65YPACXX150129:8:1102:4774:96995/1	101	1	101	smNRPS-CC	5875	5775	5875	99.01	2.08e-42
C65YPACXX150129:8:1207:6592:38839/1	101	101	1	smNRPS-CC	5875	5768	5868	99.01	2.08e-42
C65YPACXX150129:6:2205:16830:58395/2	101	1	101	smNRPS-CC	5875	5311	5411	99.01	2.08e-42
C65YPACXX150129:7:1205:6272:11546/2	101	98	1	smNRPS-CC	5875	446	543	100	2.08e-42
C65YPACXX150129:7:2112:18782:78348/2	101	101	1	smNRPS-CC	5875	509	609	99.01	2.08e-42
C65YPACXX150129:6:1310:12848:70060/1	101	101	1	smNRPS-CC	5875	1231	1331	99.01	2.08e-42
C65YPACXX150129:7:2102:2096:29349/2	101	101	1	smNRPS-CC	5875	2669	2769	99.01	2.08e-42
C65YPACXX150129:7:1316:12414:87939/1	101	101	1	smNRPS-CC	5875	1231	1331	99.01	2.08e-42
C65YPACXX150129:8:2101:7898:15930/1	101	1	101	smNRPS-CC	5875	1213	1313	99.01	2.08e-42
C65YPACXX150129:7:2116:11781:101004/2	101	101	1	smNRPS-CC	5875	3822	3922	99.01	2.08e-42
C65YPACXX150129:8:1304:5320:45666/1	101	1	101	smNRPS-CC	5875	1226	1326	99.01	2.08e-42
C65YPACXX150129:6:2305:13406:31045/1	101	101	1	smNRPS-CC	5875	1228	1328	99.01	2.08e-42
C65YPACXX150129:7:1113:3345:85192/1	101	1	101	smNRPS-CC	5875	2709	2809	99.01	2.08e-42
C65YPACXX150129:7:1104:4341:12367/1	101	101	1	smNRPS-CC	5875	1862	1962	99.01	2.08e-42
C65YPACXX150129:6:1204:11381:75220/1	99	1	99	smNRPS-CC	5875	1623	1721	100	5.79e-43
C65YPACXX150129:7:2101:9458:51540/1	99	99	1	smNRPS-CC	5875	4321	4419	100	5.79e-43
C65YPACXX150129:7:1302:6057:13897/1	100	100	1	smNRPS-CC	5875	4272	4371	100	1.61e-43
C65YPACXX150129:7:2212:4694:74732/1	100	1	100	smNRPS-CC	5875	5321	5420	100	1.61e-43
C65YPACXX150129:8:2115:3945:43284/2	100	100	1	smNRPS-CC	5875	1987	2086	100	1.61e-43
C65YPACXX150129:6:1116:4296:66174/1	101	1	101	smNRPS-CC	5875	4834	4934	100	4.48e-44
C65YPACXX150129:6:1116:4296:66174/2	101	101	1	smNRPS-CC	5875	5410	5510	100	4.48e-44
C65YPACXX150129:7:1103:8894:69152/1	101	101	1	smNRPS-CC	5875	2430	2530	100	4.48e-44
C65YPACXX150129:7:1103:8894:69152/2	101	1	101	smNRPS-CC	5875	2078	2178	100	4.48e-44
C65YPACXX150129:7:2209:15949:41937/1	101	101	1	smNRPS-CC	5875	2747	2847	100	4.48e-44
C65YPACXX150129:8:1110:11847:74454/1	101	101	1	smNRPS-CC	5875	334	434	100	4.48e-44
C65YPACXX150129:8:1110:11847:74454/2	101	1	101	smNRPS-CC	5875	297	397	100	4.48e-44
C65YPACXX150129:6:1101:9039:85013/1	101	1	101	smNRPS-CC	5875	5107	5207	100	4.48e-44
C65YPACXX150129:7:2207:2855:34859/1	101	1	101	smNRPS-CC	5875	2927	3027	100	4.48e-44
C65YPACXX150129:7:2207:2855:34859/2	101	101	1	smNRPS-CC	5875	3321	3421	100	4.48e-44
C65YPACXX150129:8:2101:9596:7395/1	101	101	1	smNRPS-CC	5875	2439	2539	100	4.48e-44
C65YPACXX150129:7:1113:11197:33454/1	101	101	1	smNRPS-CC	5875	571	671	100	4.48e-44
C65YPACXX150129:7:1113:11197:33454/2	101	1	101	smNRPS-CC	5875	476	576	100	4.48e-44
C65YPACXX150129:6:1204:11381:75220/2	101	101	1	smNRPS-CC	5875	1648	1748	100	4.48e-44
C65YPACXX150129:7:2105:8550:51063/1	101	101	1	smNRPS-CC	5875	334	434	100	4.48e-44
C65YPACXX150129:7:2105:8550:51063/2	101	1	101	smNRPS-CC	5875	297	397	100	4.48e-44
C65YPACXX150129:7:1216:6241:76120/1	101	101	1	smNRPS-CC	5875	3937	4037	100	4.48e-44
C65YPACXX150129:6:1106:2149:59701/2	101	1	101	smNRPS-CC	5875	4051	4151	100	4.48e-44
C65YPACXX150129:7:2208:3577:20881/1	101	101	1	smNRPS-CC	5875	933	1033	100	4.48e-44
C65YPACXX150129:7:2208:3577:20881/2	101	1	101	smNRPS-CC	5875	794	894	100	4.48e-44
C65YPACXX150129:8:1108:4019:31962/1	101	101	1	smNRPS-CC	5875	5359	5459	100	4.48e-44
C65YPACXX150129:8:1108:4019:31962/2	101	1	101	smNRPS-CC	5875	5261	5361	100	4.48e-44
C65YPACXX150129:6:2205:8217:13459/1	101	1	101	smNRPS-CC	5875	5658	5758	100	4.48e-44
C65YPACXX150129:6:2205:8217:13459/2	101	101	1	smNRPS-CC	5875	5742	5842	100	4.48e-44
C65YPACXX150129:8:1208:5798:100860/1	101	101	1	smNRPS-CC	5875	1072	1172	100	4.48e-44
C65YPACXX150129:8:1208:5798:100860/2	101	1	101	smNRPS-CC	5875	888	988	100	4.48e-44
C65YPACXX150129:8:2310:4655:100646/1	101	101	1	smNRPS-CC	5875	5323	5423	100	4.48e-44
C65YPACXX150129:8:2310:4655:100646/2	101	1	101	smNRPS-CC	5875	5321	5421	100	4.48e-44
C65YPACXX150129:7:2313:20207:44826/1	101	101	1	smNRPS-CC	5875	2954	3054	100	4.48e-44
C65YPACXX150129:7:2313:20207:44826/2	101	1	101	smNRPS-CC	5875	2751	2851	100	4.48e-44
C65YPACXX150129:6:2315:2104:8171/1	101	101	1	smNRPS-CC	5875	4458	4558	100	4.48e-44
C65YPACXX150129:6:2315:2104:8171/2	101	1	101	smNRPS-CC	5875	4353	4453	100	4.48e-44
C65YPACXX150129:8:2313:7935:22687/1	101	101	1	smNRPS-CC	5875	5270	5370	100	4.48e-44
C65YPACXX150129:8:2313:7935:22687/2	101	1	101	smNRPS-CC	5875	5082	5182	100	4.48e-44
C65YPACXX150129:7:1201:9286:8842/2	101	1	101	smNRPS-CC	5875	4019	4119	100	4.48e-44
C65YPACXX150129:8:2208:19743:50964/1	101	101	1	smNRPS-CC	5875	2155	2255	100	4.48e-44
C65YPACXX150129:8:2208:19743:50964/2	101	1	101	smNRPS-CC	5875	2078	2178	100	4.48e-44
C65YPACXX150129:8:1211:7910:82214/1	101	101	1	smNRPS-CC	5875	2532	2632	100	4.48e-44
C65YPACXX150129:6:2313:6612:75234/1	101	101	1	smNRPS-CC	5875	2982	3082	100	4.48e-44
C65YPACXX150129:6:2313:6612:75234/2	101	1	101	smNRPS-CC	5875	2807	2907	100	4.48e-44
C65YPACXX150129:7:1316:9545:17604/1	101	1	101	smNRPS-CC	5875	2214	2314	100	4.48e-44
C65YPACXX150129:7:1316:9545:17604/2	101	101	1	smNRPS-CC	5875	2430	2530	100	4.48e-44
C65YPACXX150129:8:2307:5973:20344/1	101	101	1	smNRPS-CC	5875	5229	5329	100	4.48e-44
C65YPACXX150129:8:2307:5973:20344/2	101	1	101	smNRPS-CC	5875	4950	5050	100	4.48e-44
C65YPACXX150129:7:1212:14846:90519/1	101	1	101	smNRPS-CC	5875	774	874	100	4.48e-44
C65YPACXX150129:7:1212:14846:90519/2	101	101	1	smNRPS-CC	5875	921	1021	100	4.48e-44
C65YPACXX150129:7:2301:12113:37767/1	101	101	1	smNRPS-CC	5875	4858	4958	100	4.48e-44
C65YPACXX150129:7:2301:12113:37767/2	101	1	101	smNRPS-CC	5875	4839	4939	100	4.48e-44
C65YPACXX150129:7:2101:9458:51540/2	101	1	101	smNRPS-CC	5875	4314	4414	100	4.48e-44
C65YPACXX150129:7:2108:16112:71254/2	101	101	1	smNRPS-CC	5875	4069	4169	100	4.48e-44
C65YPACXX150129:8:2105:5073:22314/2	101	101	1	smNRPS-CC	5875	1844	1944	100	4.48e-44
C65YPACXX150129:7:2212:4694:74732/2	101	101	1	smNRPS-CC	5875	5430	5530	100	4.48e-44
C65YPACXX150129:8:1215:1521:25302/1	101	101	1	smNRPS-CC	5875	297	397	100	4.48e-44
C65YPACXX150129:8:1215:1521:25302/2	101	1	101	smNRPS-CC	5875	275	375	100	4.48e-44
C65YPACXX150129:7:2111:7736:58781/1	101	1	101	smNRPS-CC	5875	4302	4402	100	4.48e-44
C65YPACXX150129:7:2111:7736:58781/2	101	101	1	smNRPS-CC	5875	4324	4424	100	4.48e-44
C65YPACXX150129:7:2116:11781:101004/1	101	1	101	smNRPS-CC	5875	3720	3820	100	4.48e-44
C65YPACXX150129:8:1307:10492:27909/1	101	1	101	smNRPS-CC	5875	4712	4812	100	4.48e-44
C65YPACXX150129:8:1307:10492:27909/2	101	101	1	smNRPS-CC	5875	4800	4900	100	4.48e-44
C65YPACXX150129:8:1115:13509:59844/1	101	101	1	smNRPS-CC	5875	1143	1243	100	4.48e-44
C65YPACXX150129:7:2308:11477:69046/2	101	101	1	smNRPS-CC	5875	625	725	100	4.48e-44
C65YPACXX150129:6:2107:20295:92615/1	101	1	101	smNRPS-CC	5875	4661	4761	100	4.48e-44
C65YPACXX150129:6:2107:20295:92615/2	101	101	1	smNRPS-CC	5875	4858	4958	100	4.48e-44
C65YPACXX150129:6:2201:10003:90921/1	101	101	1	smNRPS-CC	5875	995	1095	100	4.48e-44
C65YPACXX150129:6:2201:10003:90921/2	101	1	101	smNRPS-CC	5875	784	884	100	4.48e-44
C65YPACXX150129:6:1304:4315:78792/1	101	101	1	smNRPS-CC	5875	5202	5302	100	4.48e-44
C65YPACXX150129:6:1304:4315:78792/2	101	1	101	smNRPS-CC	5875	4860	4960	100	4.48e-44
C65YPACXX150129:7:1108:17369:21038/2	101	101	1	smNRPS-CC	5875	1587	1687	100	4.48e-44
C65YPACXX150129:6:2309:15808:30964/1	101	1	101	smNRPS-CC	5875	3574	3674	100	4.48e-44
C65YPACXX150129:8:1107:16639:35031/1	101	51	101	smNRPS-CB	5945	1	51	100	2.83e-16
C65YPACXX150129:6:1109:14361:60807/2	101	48	101	smNRPS-CB	5945	1	54	100	6.08e-18
C65YPACXX150129:6:1311:4238:100436/2	101	48	101	smNRPS-CB	5945	1	54	100	6.08e-18
C65YPACXX150129:7:2116:9731:32753/2	61	61	1	smNRPS-CB	5945	4166	4226	98.361	3.63e-20
C65YPACXX150129:7:1214:20655:6947/2	58	1	58	smNRPS-CB	5945	2297	2354	100	3.63e-20
C65YPACXX150129:7:2215:4676:59482/1	67	1	67	smNRPS-CB	5945	3654	3720	97.015	7.8e-22
C65YPACXX150129:7:2308:18771:53028/2	79	5	79	smNRPS-CB	5945	4720	4794	96	1.3e-24
C65YPACXX150129:7:2214:13104:38451/1	72	72	1	smNRPS-CB	5945	3964	4035	97.222	1.3e-24
C65YPACXX150129:8:1311:14329:51853/2	101	33	98	smNRPS-CB	5945	1	66	100	1.3e-24
C65YPACXX150129:6:2205:16830:58395/1	101	32	101	smNRPS-CB	5945	1	70	98.571	3.6e-25
C65YPACXX150129:7:2302:1777:28193/2	73	1	73	smNRPS-CB	5945	3649	3721	97.26	3.6e-25
C65YPACXX150129:8:1112:18783:2930/2	71	71	1	smNRPS-CB	5945	1336	1406	98.592	1e-25
C65YPACXX150129:7:1310:15442:8453/1	80	80	1	smNRPS-CB	5945	3549	3628	95	1e-25
C65YPACXX150129:7:2307:2376:88696/2	75	5	75	smNRPS-CB	5945	3801	3871	98.592	1e-25
C65YPACXX150129:8:2216:7740:32034/2	69	69	1	smNRPS-CB	5945	1713	1781	100	2.79e-26
C65YPACXX150129:8:2213:10645:78928/2	72	72	1	smNRPS-CB	5945	1485	1556	98.611	2.79e-26
C65YPACXX150129:7:1103:7175:76822/2	73	1	73	smNRPS-CB	5945	2864	2936	98.63	7.75e-27
C65YPACXX150129:7:2302:1777:28193/1	79	76	1	smNRPS-CB	5945	3718	3793	97.368	7.75e-27
C65YPACXX150129:7:2201:14915:3620/2	75	75	1	smNRPS-CB	5945	4102	4176	98.667	5.99e-28
C65YPACXX150129:7:2302:4380:63131/2	78	78	1	smNRPS-CB	5945	3739	3816	97.436	5.99e-28
C65YPACXX150129:7:1304:19266:22354/2	81	81	1	smNRPS-CB	5945	4899	4979	96.296	5.99e-28
C65YPACXX150129:7:1101:12367:97785/2	77	1	77	smNRPS-CB	5945	1567	1643	98.701	4.63e-29
C65YPACXX150129:6:2208:4803:81355/1	77	77	1	smNRPS-CB	5945	461	537	98.701	4.63e-29
C65YPACXX150129:8:2215:19440:40539/1	77	77	1	smNRPS-CB	5945	1331	1407	98.701	4.63e-29
C65YPACXX150129:6:1103:1339:75437/2	78	1	75	smNRPS-CB	5945	3899	3973	100	1.29e-29
C65YPACXX150129:8:1105:10186:95591/2	78	1	78	smNRPS-CB	5945	4119	4196	98.718	1.29e-29
C65YPACXX150129:8:1214:16084:11065/2	83	83	3	smNRPS-CB	5945	3531	3611	97.531	1.29e-29
C65YPACXX150129:6:1110:15026:101099/2	76	76	1	smNRPS-CB	5945	2111	2186	100	3.58e-30
C65YPACXX150129:7:1112:13750:50299/2	79	79	1	smNRPS-CB	5945	651	729	98.734	3.58e-30
C65YPACXX150129:8:1204:9914:76002/2	79	1	79	smNRPS-CB	5945	3340	3418	98.734	3.58e-30
C65YPACXX150129:6:1103:1339:75437/1	76	76	1	smNRPS-CB	5945	4059	4134	100	3.58e-30
C65YPACXX150129:6:1215:2160:38819/2	76	76	1	smNRPS-CB	5945	5037	5112	100	3.58e-30
C65YPACXX150129:8:1104:2558:91528/2	86	86	1	smNRPS-CB	5945	3699	3784	96.512	9.95e-31
C65YPACXX150129:6:2307:17945:80001/1	83	1	83	smNRPS-CB	5945	3330	3412	97.59	9.95e-31
C65YPACXX150129:7:1304:9986:47232/2	77	77	1	smNRPS-CB	5945	4046	4122	100	9.95e-31
C65YPACXX150129:7:2201:5012:2696/1	81	81	2	smNRPS-CB	5945	1480	1559	98.75	9.95e-31
C65YPACXX150129:7:1202:12164:94848/2	88	88	1	smNRPS-CB	5945	3697	3784	96.591	7.69e-32
C65YPACXX150129:6:2315:2504:87466/1	85	85	1	smNRPS-CB	5945	3412	3496	97.647	7.69e-32
C65YPACXX150129:8:1104:10213:91994/1	101	1	85	smNRPS-CB	5945	5861	5945	97.647	7.69e-32
C65YPACXX150129:7:1316:19283:75211/1	81	1	79	smNRPS-CB	5945	127	205	100	7.69e-32
C65YPACXX150129:8:1316:12611:36740/1	92	1	92	smNRPS-CB	5945	5157	5248	95.652	2.14e-32
C65YPACXX150129:8:2110:8605:65978/2	83	1	83	smNRPS-CB	5945	5343	5425	98.795	2.14e-32
C65YPACXX150129:8:1104:10213:91994/2	101	88	3	smNRPS-CB	5945	5860	5945	97.674	2.14e-32
C65YPACXX150129:7:1316:19283:75211/2	83	83	1	smNRPS-CB	5945	235	317	98.795	2.14e-32
C65YPACXX150129:6:2202:10744:17138/1	86	1	86	smNRPS-CB	5945	2063	2148	97.674	2.14e-32
C65YPACXX150129:6:2104:17548:100358/2	81	81	1	smNRPS-CB	5945	1572	1652	100	5.95e-33
C65YPACXX150129:6:2116:9328:8300/2	81	81	1	smNRPS-CB	5945	815	895	100	5.95e-33
C65YPACXX150129:8:2203:2372:76947/2	85	85	1	smNRPS-CB	5945	548	632	98.824	1.65e-33
C65YPACXX150129:7:1316:1576:97727/1	88	1	88	smNRPS-CB	5945	3615	3702	97.727	1.65e-33
C65YPACXX150129:8:2207:8800:90929/2	101	1	92	smNRPS-CB	5945	4653	4744	96.739	4.6e-34
C65YPACXX150129:6:2303:2053:86867/2	92	92	1	smNRPS-CB	5945	3695	3786	96.739	4.6e-34
C65YPACXX150129:6:2210:19324:3156/1	86	86	1	smNRPS-CB	5945	3027	3112	98.837	4.6e-34
C65YPACXX150129:7:2316:14094:86398/1	89	89	1	smNRPS-CB	5945	3278	3366	97.753	4.6e-34
C65YPACXX150129:6:2315:7844:70612/1	84	84	1	smNRPS-CB	5945	2954	3037	100	1.28e-34
C65YPACXX150129:7:2106:14565:90011/1	101	93	1	smNRPS-CB	5945	2076	2168	96.774	1.28e-34
C65YPACXX150129:8:2106:19117:80683/2	92	3	92	smNRPS-CB	5945	3069	3158	97.778	1.28e-34
C65YPACXX150129:7:1109:11764:11340/2	87	87	1	smNRPS-CB	5945	2786	2872	98.851	1.28e-34
C65YPACXX150129:6:2205:3583:34987/1	90	1	90	smNRPS-CB	5945	1158	1247	97.778	1.28e-34
C65YPACXX150129:6:1309:18347:3193/1	89	1	87	smNRPS-CB	5945	34	120	98.851	1.28e-34
C65YPACXX150129:7:2310:1327:30981/1	101	91	1	smNRPS-CB	5945	2562	2652	97.802	3.55e-35
C65YPACXX150129:8:2311:2830:62544/2	101	101	2	smNRPS-CB	5945	5581	5680	95	3.55e-35
C65YPACXX150129:7:2314:1117:24714/1	88	1	88	smNRPS-CB	5945	94	181	98.864	3.55e-35
C65YPACXX150129:7:1316:12414:87939/2	94	94	1	smNRPS-CB	5945	4901	4994	96.809	3.55e-35
C65YPACXX150129:7:1210:11156:7079/2	91	1	91	smNRPS-CB	5945	3635	3725	97.802	3.55e-35
C65YPACXX150129:7:2310:1327:30981/2	101	1	92	smNRPS-CB	5945	2562	2653	97.826	9.88e-36
C65YPACXX150129:8:2113:15661:101113/2	101	1	101	smNRPS-CB	5945	4711	4811	95.05	9.88e-36
C65YPACXX150129:6:2207:8714:92497/2	101	1	101	smNRPS-CB	5945	2103	2203	95.05	9.88e-36
C65YPACXX150129:6:1316:9098:81464/2	101	101	1	smNRPS-CB	5945	5548	5648	95.05	9.88e-36
C65YPACXX150129:7:1111:7705:66323/2	101	101	1	smNRPS-CB	5945	3832	3932	95.05	9.88e-36
C65YPACXX150129:7:2101:20134:53537/1	101	101	1	smNRPS-CB	5945	4701	4801	95.05	9.88e-36
C65YPACXX150129:8:1215:4427:90401/1	101	101	1	smNRPS-CB	5945	4693	4793	95.05	9.88e-36
C65YPACXX150129:7:1310:4662:98069/2	92	92	1	smNRPS-CB	5945	1471	1562	97.826	9.88e-36
C65YPACXX150129:6:1202:11559:60265/2	101	101	1	smNRPS-CB	5945	5573	5673	95.05	9.88e-36
C65YPACXX150129:6:2312:5242:45101/2	86	86	1	smNRPS-CB	5945	2973	3058	100	9.88e-36
C65YPACXX150129:8:2210:3395:82959/1	101	101	1	smNRPS-CB	5945	5576	5676	95.05	9.88e-36
C65YPACXX150129:8:2115:6903:10331/1	101	1	101	smNRPS-CB	5945	4927	5027	95.05	9.88e-36
C65YPACXX150129:6:2207:12546:89329/1	101	1	101	smNRPS-CB	5945	5613	5713	95.05	9.88e-36
C65YPACXX150129:6:2116:15139:71461/2	101	92	1	smNRPS-CB	5945	651	742	97.826	9.88e-36
C65YPACXX150129:6:1206:17513:54527/1	101	1	95	smNRPS-CB	5945	3832	3926	96.842	9.88e-36
C65YPACXX150129:6:1206:17513:54527/2	101	95	1	smNRPS-CB	5945	3831	3925	96.842	9.88e-36
C65YPACXX150129:6:1315:13220:44289/1	101	101	1	smNRPS-CB	5945	4148	4248	95.05	9.88e-36
C65YPACXX150129:8:2112:5730:88668/2	101	1	101	smNRPS-CB	5945	2103	2203	95.05	9.88e-36
C65YPACXX150129:8:2108:20468:32457/2	101	1	101	smNRPS-CB	5945	4702	4802	95.05	9.88e-36
C65YPACXX150129:6:2204:5090:88260/1	101	1	101	smNRPS-CB	5945	4711	4811	95.05	9.88e-36
C65YPACXX150129:8:2315:15004:58705/1	92	1	92	smNRPS-CB	5945	3260	3351	97.826	9.88e-36
C65YPACXX150129:8:1111:9236:97477/1	96	1	96	smNRPS-CB	5945	359	454	96.875	2.75e-36
C65YPACXX150129:8:2311:13730:42798/2	87	1	87	smNRPS-CB	5945	2961	3047	100	2.75e-36
C65YPACXX150129:8:2104:11597:15945/2	96	1	96	smNRPS-CB	5945	3862	3957	96.875	2.75e-36
C65YPACXX150129:7:2106:14565:90011/2	101	1	93	smNRPS-CB	5945	2076	2168	97.849	2.75e-36
C65YPACXX150129:7:2106:10362:96363/1	101	99	1	smNRPS-CB	5945	236	334	95.96	2.75e-36
C65YPACXX150129:6:2308:14288:16719/2	99	99	1	smNRPS-CB	5945	4879	4977	95.96	2.75e-36
C65YPACXX150129:6:2301:20542:69160/1	101	93	1	smNRPS-CB	5945	2076	2168	97.849	2.75e-36
C65YPACXX150129:6:2301:20542:69160/2	101	1	93	smNRPS-CB	5945	2076	2168	97.849	2.75e-36
C65YPACXX150129:7:1215:4758:81674/1	99	99	1	smNRPS-CB	5945	5620	5718	95.96	2.75e-36
C65YPACXX150129:7:2108:16112:71254/1	101	99	1	smNRPS-CB	5945	2111	2209	95.96	2.75e-36
C65YPACXX150129:8:2103:16370:48502/1	96	96	1	smNRPS-CB	5945	5673	5768	96.875	2.75e-36
C65YPACXX150129:6:1301:10330:11182/2	90	1	90	smNRPS-CB	5945	223	312	98.889	2.75e-36
C65YPACXX150129:7:2215:12240:53325/1	101	99	1	smNRPS-CB	5945	236	334	95.96	2.75e-36
C65YPACXX150129:7:1116:12872:34053/1	96	1	96	smNRPS-CB	5945	3610	3705	96.875	2.75e-36
C65YPACXX150129:6:1208:12086:87920/2	88	1	88	smNRPS-CB	5945	822	909	100	7.64e-37
C65YPACXX150129:8:1206:5908:78198/1	100	1	100	smNRPS-CB	5945	5628	5727	96	7.64e-37
C65YPACXX150129:8:1109:1752:14072/1	101	100	1	smNRPS-CB	5945	4872	4971	96	7.64e-37
C65YPACXX150129:8:1116:4350:10826/1	101	1	101	smNRPS-CB	5945	3479	3579	96.04	2.12e-37
C65YPACXX150129:8:2113:15661:101113/1	101	101	1	smNRPS-CB	5945	4871	4971	96.04	2.12e-37
C65YPACXX150129:7:1102:14768:91133/2	95	95	1	smNRPS-CB	5945	1468	1562	97.895	2.12e-37
C65YPACXX150129:6:2303:2053:86867/1	101	1	101	smNRPS-CB	5945	3660	3760	96.04	2.12e-37
C65YPACXX150129:6:1303:19226:31691/1	101	1	101	smNRPS-CB	5945	3488	3588	96.04	2.12e-37
C65YPACXX150129:7:1307:15387:70059/2	89	89	1	smNRPS-CB	5945	2194	2282	100	2.12e-37
C65YPACXX150129:7:1312:12035:11978/2	101	101	1	smNRPS-CB	5945	3878	3978	96.04	2.12e-37
C65YPACXX150129:7:2310:14390:70541/1	101	1	101	smNRPS-CB	5945	3429	3529	96.04	2.12e-37
C65YPACXX150129:7:2310:14390:70541/2	101	101	1	smNRPS-CB	5945	3452	3552	96.04	2.12e-37
C65YPACXX150129:6:1107:4520:32190/1	101	1	101	smNRPS-CB	5945	3666	3766	96.04	2.12e-37
C65YPACXX150129:8:1116:15820:100588/2	101	101	1	smNRPS-CB	5945	4847	4947	96.04	2.12e-37
C65YPACXX150129:7:1102:1635:23297/1	101	98	1	smNRPS-CB	5945	3713	3810	96.939	2.12e-37
C65YPACXX150129:8:1101:18405:19690/1	101	101	1	smNRPS-CB	5945	3535	3635	96.04	2.12e-37
C65YPACXX150129:8:1101:18405:19690/2	101	1	101	smNRPS-CB	5945	3535	3635	96.04	2.12e-37
C65YPACXX150129:8:2304:9944:9538/2	101	1	101	smNRPS-CB	5945	3435	3535	96.04	2.12e-37
C65YPACXX150129:7:2303:8916:75515/1	101	1	101	smNRPS-CB	5945	3488	3588	96.04	2.12e-37
C65YPACXX150129:7:2303:8916:75515/2	101	101	1	smNRPS-CB	5945	3490	3590	96.04	2.12e-37
C65YPACXX150129:6:2203:13862:42086/2	101	1	101	smNRPS-CB	5945	3478	3578	96.04	2.12e-37
C65YPACXX150129:6:2202:17693:25819/1	101	101	1	smNRPS-CB	5945	3662	3762	96.04	2.12e-37
C65YPACXX150129:8:2106:19117:80683/1	95	95	1	smNRPS-CB	5945	3310	3404	97.895	2.12e-37
C65YPACXX150129:6:2111:19473:74132/1	101	1	101	smNRPS-CB	5945	3660	3760	96.04	2.12e-37
C65YPACXX150129:7:2111:17180:81621/1	101	101	1	smNRPS-CB	5945	5633	5733	96.04	2.12e-37
C65YPACXX150129:8:1302:18482:36725/2	101	101	1	smNRPS-CB	5945	3671	3771	96.04	2.12e-37
C65YPACXX150129:7:1311:3036:41042/1	101	101	1	smNRPS-CB	5945	3679	3779	96.04	2.12e-37
C65YPACXX150129:7:1304:19266:22354/1	101	1	101	smNRPS-CB	5945	4483	4583	96.04	2.12e-37
C65YPACXX150129:6:2207:4031:47389/2	101	101	1	smNRPS-CB	5945	3425	3525	96.04	2.12e-37
C65YPACXX150129:8:1302:17767:54970/1	101	101	1	smNRPS-CB	5945	3523	3623	96.04	2.12e-37
C65YPACXX150129:7:2303:15940:64129/1	101	1	101	smNRPS-CB	5945	4218	4318	96.04	2.12e-37
C65YPACXX150129:6:2112:11264:69303/2	101	95	1	smNRPS-CB	5945	100	194	97.895	2.12e-37
C65YPACXX150129:6:2114:18644:66709/1	101	98	1	smNRPS-CB	5945	4975	5072	96.939	2.12e-37
C65YPACXX150129:6:2114:18644:66709/2	101	1	98	smNRPS-CB	5945	4975	5072	96.939	2.12e-37
C65YPACXX150129:7:1115:16786:27964/2	101	101	1	smNRPS-CB	5945	3425	3525	96.04	2.12e-37
C65YPACXX150129:7:1103:7175:76822/1	101	101	1	smNRPS-CB	5945	3436	3536	96.04	2.12e-37
C65YPACXX150129:6:1211:6406:69278/1	101	101	1	smNRPS-CB	5945	3447	3547	96.04	2.12e-37
C65YPACXX150129:6:1211:6406:69278/2	101	1	101	smNRPS-CB	5945	3435	3535	96.04	2.12e-37
C65YPACXX150129:7:1301:11695:62589/1	101	101	1	smNRPS-CB	5945	5633	5733	96.04	2.12e-37
C65YPACXX150129:7:2203:19751:97859/1	101	101	1	smNRPS-CB	5945	5633	5733	96.04	2.12e-37
C65YPACXX150129:8:1306:6868:86184/2	101	1	101	smNRPS-CB	5945	3258	3358	96.04	2.12e-37
C65YPACXX150129:7:1112:14450:91520/1	101	1	101	smNRPS-CB	5945	3488	3588	96.04	2.12e-37
C65YPACXX150129:7:1112:14450:91520/2	101	101	1	smNRPS-CB	5945	3490	3590	96.04	2.12e-37
C65YPACXX150129:8:1109:1752:14072/2	101	1	101	smNRPS-CB	5945	4872	4972	96.04	2.12e-37
C65YPACXX150129:7:2302:12948:91151/2	101	101	1	smNRPS-CB	5945	3671	3771	96.04	2.12e-37
C65YPACXX150129:6:2311:18659:38016/2	101	101	1	smNRPS-CB	5945	4582	4682	96.04	2.12e-37
C65YPACXX150129:8:1210:9945:16049/1	101	101	1	smNRPS-CB	5945	3441	3541	96.04	2.12e-37
C65YPACXX150129:8:1302:19829:99592/1	95	95	1	smNRPS-CB	5945	1477	1571	97.895	2.12e-37
C65YPACXX150129:7:1116:3893:17438/1	101	1	101	smNRPS-CB	5945	1087	1187	96.04	2.12e-37
C65YPACXX150129:8:1214:18489:98954/1	101	101	1	smNRPS-CB	5945	3441	3541	96.04	2.12e-37
C65YPACXX150129:8:2109:2827:34643/2	101	1	101	smNRPS-CB	5945	3435	3535	96.04	2.12e-37
C65YPACXX150129:7:1203:2532:10535/2	101	101	6	smNRPS-CB	5945	4836	4931	97.917	5.91e-38
C65YPACXX150129:7:2211:19021:34987/1	96	96	1	smNRPS-CB	5945	1992	2087	97.917	5.91e-38
C65YPACXX150129:6:2316:14103:50292/1	101	1	99	smNRPS-CB	5945	3875	3973	96.97	5.91e-38
C65YPACXX150129:7:1102:1635:23297/2	101	1	99	smNRPS-CB	5945	3713	3811	96.97	5.91e-38
C65YPACXX150129:6:1106:8178:81239/2	101	3	101	smNRPS-CB	5945	5502	5600	96.97	5.91e-38
C65YPACXX150129:7:1304:9986:47232/1	101	3	101	smNRPS-CB	5945	3685	3783	96.97	5.91e-38
C65YPACXX150129:7:1110:17568:36141/1	99	1	99	smNRPS-CB	5945	3282	3380	96.97	5.91e-38
C65YPACXX150129:8:1213:6412:71797/1	101	96	1	smNRPS-CB	5945	1962	2057	97.917	5.91e-38
C65YPACXX150129:8:1213:6412:71797/2	101	1	96	smNRPS-CB	5945	1962	2057	97.917	5.91e-38
C65YPACXX150129:8:2314:1372:38541/2	93	93	1	smNRPS-CB	5945	1642	1734	98.925	5.91e-38
C65YPACXX150129:6:2211:9944:89471/1	101	3	101	smNRPS-CB	5945	3685	3783	96.97	5.91e-38
C65YPACXX150129:7:2108:20402:62583/1	99	99	1	smNRPS-CB	5945	1157	1255	96.97	5.91e-38
C65YPACXX150129:8:2202:16126:98918/1	101	3	101	smNRPS-CB	5945	3685	3783	96.97	5.91e-38
C65YPACXX150129:8:2206:2427:23924/2	101	1	97	smNRPS-CB	5945	3579	3675	97.938	1.64e-38
C65YPACXX150129:7:2106:1942:58508/2	91	1	91	smNRPS-CB	5945	776	866	100	1.64e-38
C65YPACXX150129:6:2313:11253:86118/2	97	1	97	smNRPS-CB	5945	1173	1269	97.938	1.64e-38
C65YPACXX150129:8:2116:1725:101278/1	94	94	1	smNRPS-CB	5945	2377	2470	98.936	1.64e-38
C65YPACXX150129:8:1105:17407:90007/2	94	1	94	smNRPS-CB	5945	2912	3005	98.936	1.64e-38
C65YPACXX150129:8:1210:8564:9410/2	97	94	1	smNRPS-CB	5945	2834	2927	98.936	1.64e-38
C65YPACXX150129:6:1310:12848:70060/2	91	91	1	smNRPS-CB	5945	5022	5112	100	1.64e-38
C65YPACXX150129:8:1304:17617:75391/1	95	95	2	smNRPS-CB	5945	4155	4248	98.936	1.64e-38
C65YPACXX150129:8:2202:5338:52400/1	101	97	1	smNRPS-CB	5945	2449	2545	97.938	1.64e-38
C65YPACXX150129:8:2202:5338:52400/2	101	1	97	smNRPS-CB	5945	2449	2545	97.938	1.64e-38
C65YPACXX150129:7:1314:4794:51001/1	97	97	1	smNRPS-CB	5945	461	557	97.938	1.64e-38
C65YPACXX150129:8:2204:14175:91289/2	99	99	3	smNRPS-CB	5945	3515	3611	97.938	1.64e-38
C65YPACXX150129:7:2202:7561:19666/2	94	94	1	smNRPS-CB	5945	5838	5931	98.936	1.64e-38
C65YPACXX150129:7:2306:15286:80089/1	98	98	2	smNRPS-CB	5945	1992	2088	97.938	1.64e-38
C65YPACXX150129:6:1310:14569:20700/1	101	94	1	smNRPS-CB	5945	1425	1518	98.936	1.64e-38
C65YPACXX150129:7:1214:20655:6947/1	97	97	1	smNRPS-CB	5945	2374	2470	97.938	1.64e-38
C65YPACXX150129:6:2114:18509:67096/1	98	97	1	smNRPS-CB	5945	3613	3709	97.938	1.64e-38
C65YPACXX150129:6:2110:10115:93675/1	94	94	1	smNRPS-CB	5945	1612	1705	98.936	1.64e-38
C65YPACXX150129:7:1312:18766:73784/2	101	1	100	smNRPS-CB	5945	4560	4659	97	1.64e-38
C65YPACXX150129:7:2305:6639:70106/2	101	1	101	smNRPS-CB	5945	3832	3932	97.03	4.57e-39
C65YPACXX150129:6:2103:12343:90918/1	101	1	101	smNRPS-CB	5945	3864	3964	97.03	4.57e-39
C65YPACXX150129:7:2314:8309:9633/1	101	1	101	smNRPS-CB	5945	1959	2059	97.03	4.57e-39
C65YPACXX150129:7:1310:3157:86982/1	101	1	101	smNRPS-CB	5945	500	600	97.03	4.57e-39
C65YPACXX150129:8:2114:15718:89115/1	101	101	1	smNRPS-CB	5945	492	592	97.03	4.57e-39
C65YPACXX150129:6:1203:15091:17957/1	101	1	98	smNRPS-CB	5945	1178	1275	97.959	4.57e-39
C65YPACXX150129:6:1203:15091:17957/2	101	101	1	smNRPS-CB	5945	1236	1336	97.03	4.57e-39
C65YPACXX150129:6:2112:1505:36898/1	101	1	101	smNRPS-CB	5945	3605	3705	97.03	4.57e-39
C65YPACXX150129:6:1107:4520:32190/2	101	101	1	smNRPS-CB	5945	3703	3803	97.03	4.57e-39
C65YPACXX150129:6:2207:18217:82749/2	101	101	1	smNRPS-CB	5945	5521	5621	97.03	4.57e-39
C65YPACXX150129:7:2211:19021:34987/2	101	1	101	smNRPS-CB	5945	1866	1966	97.03	4.57e-39
C65YPACXX150129:7:2211:12322:60536/2	101	101	1	smNRPS-CB	5945	4500	4600	97.03	4.57e-39
C65YPACXX150129:6:1309:18699:33440/1	101	101	1	smNRPS-CB	5945	3293	3393	97.03	4.57e-39
C65YPACXX150129:7:1206:2887:21538/1	101	1	101	smNRPS-CB	5945	4555	4655	97.03	4.57e-39
C65YPACXX150129:7:1206:2887:21538/2	101	101	1	smNRPS-CB	5945	4582	4682	97.03	4.57e-39
C65YPACXX150129:8:1309:2129:11461/2	101	1	101	smNRPS-CB	5945	1180	1280	97.03	4.57e-39
C65YPACXX150129:6:2101:19193:20265/2	101	101	1	smNRPS-CB	5945	5641	5741	97.03	4.57e-39
C65YPACXX150129:8:1210:16501:36716/1	101	1	101	smNRPS-CB	5945	1108	1208	97.03	4.57e-39
C65YPACXX150129:8:1210:16501:36716/2	101	101	1	smNRPS-CB	5945	1113	1213	97.03	4.57e-39
C65YPACXX150129:8:2311:2830:62544/1	101	1	101	smNRPS-CB	5945	5509	5609	97.03	4.57e-39
C65YPACXX150129:8:1113:13035:73669/1	101	1	101	smNRPS-CB	5945	3706	3806	97.03	4.57e-39
C65YPACXX150129:7:2315:5361:80375/2	101	101	1	smNRPS-CB	5945	5513	5613	97.03	4.57e-39
C65YPACXX150129:8:2307:9571:38395/1	101	1	101	smNRPS-CB	5945	1107	1207	97.03	4.57e-39
C65YPACXX150129:8:2307:9571:38395/2	101	101	1	smNRPS-CB	5945	1278	1378	97.03	4.57e-39
C65YPACXX150129:8:2315:5165:71785/2	101	101	1	smNRPS-CB	5945	4567	4667	97.03	4.57e-39
C65YPACXX150129:6:2203:6059:70302/1	101	98	1	smNRPS-CB	5945	1826	1923	97.959	4.57e-39
C65YPACXX150129:7:1305:17470:42881/2	101	1	101	smNRPS-CB	5945	3294	3394	97.03	4.57e-39
C65YPACXX150129:6:1304:6764:65827/1	101	101	1	smNRPS-CB	5945	3872	3972	97.03	4.57e-39
C65YPACXX150129:6:1304:6764:65827/2	101	1	101	smNRPS-CB	5945	3827	3927	97.03	4.57e-39
C65YPACXX150129:7:2305:17488:7228/2	101	1	101	smNRPS-CB	5945	3065	3165	97.03	4.57e-39
C65YPACXX150129:6:1208:12086:87920/1	101	101	1	smNRPS-CB	5945	1308	1408	97.03	4.57e-39
C65YPACXX150129:6:2111:19473:74132/2	101	101	1	smNRPS-CB	5945	3686	3786	97.03	4.57e-39
C65YPACXX150129:8:1105:17407:90007/1	101	101	1	smNRPS-CB	5945	3240	3340	97.03	4.57e-39
C65YPACXX150129:8:1310:19045:63602/1	101	1	101	smNRPS-CB	5945	4197	4297	97.03	4.57e-39
C65YPACXX150129:8:1113:10678:67903/2	101	1	98	smNRPS-CB	5945	3201	3298	97.98	4.57e-39
C65YPACXX150129:7:2302:4380:63131/1	101	1	101	smNRPS-CB	5945	3579	3679	97.03	4.57e-39
C65YPACXX150129:6:1211:9621:69061/2	101	101	1	smNRPS-CB	5945	4560	4660	97.03	4.57e-39
C65YPACXX150129:6:1109:14593:53824/2	101	101	1	smNRPS-CB	5945	1214	1314	97.03	4.57e-39
C65YPACXX150129:7:1311:3036:41042/2	101	1	101	smNRPS-CB	5945	3603	3703	97.03	4.57e-39
C65YPACXX150129:6:2203:13559:85023/1	101	101	1	smNRPS-CB	5945	5678	5778	97.03	4.57e-39
C65YPACXX150129:7:2204:8053:46715/1	101	101	1	smNRPS-CB	5945	3514	3614	97.03	4.57e-39
C65YPACXX150129:7:2114:15595:43184/1	101	1	101	smNRPS-CB	5945	3471	3571	97.03	4.57e-39
C65YPACXX150129:8:2314:7161:86192/2	101	101	1	smNRPS-CB	5945	3865	3965	97.03	4.57e-39
C65YPACXX150129:8:2115:6903:10331/2	101	101	1	smNRPS-CB	5945	4947	5047	97.03	4.57e-39
C65YPACXX150129:7:2301:12264:25102/1	101	1	101	smNRPS-CB	5945	495	595	97.03	4.57e-39
C65YPACXX150129:7:2301:12264:25102/2	101	101	1	smNRPS-CB	5945	515	615	97.03	4.57e-39
C65YPACXX150129:7:1305:5169:77447/1	101	1	101	smNRPS-CB	5945	1232	1332	97.03	4.57e-39
C65YPACXX150129:7:1305:5169:77447/2	101	101	1	smNRPS-CB	5945	1234	1334	97.03	4.57e-39
C65YPACXX150129:6:2112:11264:69303/1	101	1	95	smNRPS-CB	5945	100	194	98.947	4.57e-39
C65YPACXX150129:7:2311:1160:72610/1	101	1	101	smNRPS-CB	5945	3625	3725	97.03	4.57e-39
C65YPACXX150129:7:1314:15027:82830/2	101	1	101	smNRPS-CB	5945	5673	5773	97.03	4.57e-39
C65YPACXX150129:7:2214:13104:38451/2	101	1	101	smNRPS-CB	5945	3832	3932	97.03	4.57e-39
C65YPACXX150129:6:1108:19278:30954/1	101	1	101	smNRPS-CB	5945	3058	3158	97.03	4.57e-39
C65YPACXX150129:7:1115:2258:21058/1	101	1	101	smNRPS-CB	5945	1207	1307	97.03	4.57e-39
C65YPACXX150129:6:1104:3219:35607/2	101	1	101	smNRPS-CB	5945	2017	2117	97.03	4.57e-39
C65YPACXX150129:7:1111:2790:60240/2	101	1	101	smNRPS-CB	5945	3605	3705	97.03	4.57e-39
C65YPACXX150129:6:2210:11058:6739/1	101	1	101	smNRPS-CB	5945	3813	3913	97.03	4.57e-39
C65YPACXX150129:7:1110:6616:92955/1	101	1	101	smNRPS-CB	5945	1205	1305	97.03	4.57e-39
C65YPACXX150129:7:1116:6860:15750/1	101	1	101	smNRPS-CB	5945	3562	3662	97.03	4.57e-39
C65YPACXX150129:6:2111:5358:2918/1	101	101	1	smNRPS-CB	5945	3278	3378	97.03	4.57e-39
C65YPACXX150129:6:1105:7436:38086/2	101	101	1	smNRPS-CB	5945	4957	5057	97.03	4.57e-39
C65YPACXX150129:7:2107:14926:21591/2	101	101	1	smNRPS-CB	5945	4582	4682	97.03	4.57e-39
C65YPACXX150129:8:1207:20345:3775/1	101	101	1	smNRPS-CB	5945	3272	3372	97.03	4.57e-39
C65YPACXX150129:7:2314:4947:79124/1	101	101	1	smNRPS-CB	5945	5002	5102	97.03	4.57e-39
C65YPACXX150129:7:2314:4947:79124/2	101	1	101	smNRPS-CB	5945	4982	5082	97.03	4.57e-39
C65YPACXX150129:7:1309:13102:96420/1	101	1	101	smNRPS-CB	5945	4953	5053	97.03	4.57e-39
C65YPACXX150129:7:2214:20578:68881/1	101	1	101	smNRPS-CB	5945	4550	4650	97.03	4.57e-39
C65YPACXX150129:7:2114:8362:62666/2	101	101	1	smNRPS-CB	5945	3274	3374	97.03	4.57e-39
C65YPACXX150129:6:2316:4815:85729/1	101	1	101	smNRPS-CB	5945	5001	5101	97.03	4.57e-39
C65YPACXX150129:6:2301:13091:33478/1	101	1	101	smNRPS-CB	5945	1482	1582	97.03	4.57e-39
C65YPACXX150129:8:2213:13601:98044/1	101	101	1	smNRPS-CB	5945	5655	5755	97.03	4.57e-39
C65YPACXX150129:6:2311:18659:38016/1	101	1	101	smNRPS-CB	5945	4555	4655	97.03	4.57e-39
C65YPACXX150129:7:1211:18650:40138/1	101	101	1	smNRPS-CB	5945	910	1010	97.03	4.57e-39
C65YPACXX150129:6:2210:12977:15277/1	101	1	101	smNRPS-CB	5945	1285	1385	97.03	4.57e-39
C65YPACXX150129:8:2213:10645:78928/1	101	1	101	smNRPS-CB	5945	1074	1174	97.03	4.57e-39
C65YPACXX150129:7:1116:2826:43402/1	101	1	101	smNRPS-CB	5945	3691	3791	97.03	4.57e-39
C65YPACXX150129:6:1213:18767:89494/1	101	1	101	smNRPS-CB	5945	3610	3710	97.03	4.57e-39
C65YPACXX150129:8:2210:14960:90026/1	101	1	101	smNRPS-CB	5945	3299	3399	97.03	4.57e-39
C65YPACXX150129:8:2107:14518:4350/1	95	95	1	smNRPS-CB	5945	768	862	98.947	4.57e-39
C65YPACXX150129:6:2113:4818:40896/1	101	1	101	smNRPS-CB	5945	3615	3715	97.03	4.57e-39
C65YPACXX150129:8:2112:18350:8191/1	101	101	1	smNRPS-CB	5945	1464	1564	97.03	4.57e-39
C65YPACXX150129:8:1307:13854:58159/1	101	101	1	smNRPS-CB	5945	3832	3932	97.03	4.57e-39
C65YPACXX150129:8:1303:5178:29760/2	101	1	101	smNRPS-CB	5945	3608	3708	97.03	4.57e-39
C65YPACXX150129:6:1315:1132:97904/2	101	101	1	smNRPS-CB	5945	3272	3372	97.03	4.57e-39
C65YPACXX150129:8:1211:11097:67945/2	101	1	101	smNRPS-CB	5945	827	927	97.03	4.57e-39
C65YPACXX150129:7:2314:11980:36808/2	101	101	1	smNRPS-CB	5945	3825	3925	97.03	4.57e-39
C65YPACXX150129:6:2312:8082:91721/1	101	99	1	smNRPS-CB	5945	3737	3835	97.98	1.27e-39
C65YPACXX150129:6:2312:8082:91721/2	101	1	99	smNRPS-CB	5945	3737	3835	97.98	1.27e-39
C65YPACXX150129:6:1308:5279:70624/1	101	99	1	smNRPS-CB	5945	3737	3835	97.98	1.27e-39
C65YPACXX150129:6:1308:5279:70624/2	101	1	99	smNRPS-CB	5945	3737	3835	97.98	1.27e-39
C65YPACXX150129:7:1203:2532:10535/1	101	3	101	smNRPS-CB	5945	4723	4821	97.98	1.27e-39
C65YPACXX150129:6:1303:19226:31691/2	101	101	3	smNRPS-CB	5945	3513	3611	97.98	1.27e-39
C65YPACXX150129:6:2203:13862:42086/1	99	99	1	smNRPS-CB	5945	3637	3735	97.98	1.27e-39
C65YPACXX150129:8:2203:12924:21936/2	96	1	96	smNRPS-CB	5945	738	833	98.958	1.27e-39
C65YPACXX150129:7:1309:2544:35755/2	96	96	1	smNRPS-CB	5945	2389	2484	98.958	1.27e-39
C65YPACXX150129:7:1111:11753:93191/1	101	1	96	smNRPS-CB	5945	1594	1689	98.958	1.27e-39
C65YPACXX150129:7:1111:11753:93191/2	101	96	1	smNRPS-CB	5945	1594	1689	98.958	1.27e-39
C65YPACXX150129:7:1311:4492:4359/2	101	101	3	smNRPS-CB	5945	3513	3611	97.98	1.27e-39
C65YPACXX150129:7:1311:4308:17434/2	99	1	99	smNRPS-CB	5945	541	639	97.98	1.27e-39
C65YPACXX150129:8:2205:9642:70465/1	101	101	3	smNRPS-CB	5945	4499	4597	97.98	1.27e-39
C65YPACXX150129:6:2210:11058:6739/2	99	99	1	smNRPS-CB	5945	3932	4030	97.98	1.27e-39
C65YPACXX150129:6:1109:20631:17918/1	101	99	1	smNRPS-CB	5945	3737	3835	97.98	1.27e-39
C65YPACXX150129:6:1109:20631:17918/2	101	1	99	smNRPS-CB	5945	3737	3835	97.98	1.27e-39
C65YPACXX150129:8:2205:14034:59892/2	96	96	1	smNRPS-CB	5945	1925	2020	98.958	1.27e-39
C65YPACXX150129:6:2302:9138:55331/2	101	101	3	smNRPS-CB	5945	22	120	97.98	1.27e-39
C65YPACXX150129:7:2215:12430:49262/1	101	1	99	smNRPS-CB	5945	2476	2574	97.98	1.27e-39
C65YPACXX150129:7:2215:12430:49262/2	101	99	1	smNRPS-CB	5945	2476	2574	97.98	1.27e-39
C65YPACXX150129:6:1313:1425:57778/1	93	1	93	smNRPS-CB	5945	2268	2360	100	1.27e-39
C65YPACXX150129:7:2314:8309:9633/2	101	101	2	smNRPS-CB	5945	1989	2088	98	3.53e-40
C65YPACXX150129:8:2212:10203:49976/1	100	100	1	smNRPS-CB	5945	3512	3611	98	3.53e-40
C65YPACXX150129:8:2208:10109:58458/2	100	100	1	smNRPS-CB	5945	1309	1408	98	3.53e-40
C65YPACXX150129:7:2201:14915:3620/1	101	2	101	smNRPS-CB	5945	3621	3720	98	3.53e-40
C65YPACXX150129:6:2307:17945:80001/2	101	100	1	smNRPS-CB	5945	3333	3432	98	3.53e-40
C65YPACXX150129:7:1112:19561:72579/1	101	100	1	smNRPS-CB	5945	4522	4621	98	3.53e-40
C65YPACXX150129:6:2315:2504:87466/2	97	1	97	smNRPS-CB	5945	3366	3462	98.969	3.53e-40
C65YPACXX150129:8:2203:12924:21936/1	100	100	1	smNRPS-CB	5945	1303	1402	98	3.53e-40
C65YPACXX150129:7:2110:8345:65262/1	99	97	1	smNRPS-CB	5945	2090	2186	98.969	3.53e-40
C65YPACXX150129:6:1316:15017:41864/2	100	1	100	smNRPS-CB	5945	5121	5220	98	3.53e-40
C65YPACXX150129:8:2314:7161:86192/1	100	1	100	smNRPS-CB	5945	3727	3826	98	3.53e-40
C65YPACXX150129:7:1215:4758:81674/2	100	1	100	smNRPS-CB	5945	5481	5580	98	3.53e-40
C65YPACXX150129:7:1111:2790:60240/1	101	101	2	smNRPS-CB	5945	3654	3753	98	3.53e-40
C65YPACXX150129:7:2109:7881:21222/2	94	1	94	smNRPS-CB	5945	1904	1997	100	3.53e-40
C65YPACXX150129:6:2310:1192:21258/2	97	97	1	smNRPS-CB	5945	652	748	98.969	3.53e-40
C65YPACXX150129:7:2301:7042:98260/2	100	1	100	smNRPS-CB	5945	5481	5580	98	3.53e-40
C65YPACXX150129:8:1207:20345:3775/2	101	1	97	smNRPS-CB	5945	3051	3147	98.969	3.53e-40
C65YPACXX150129:6:1310:14569:20700/2	101	1	97	smNRPS-CB	5945	1425	1521	98.969	3.53e-40
C65YPACXX150129:8:2116:20889:98504/1	94	1	94	smNRPS-CB	5945	602	695	100	3.53e-40
C65YPACXX150129:7:1101:12367:97785/1	101	101	1	smNRPS-CB	5945	2078	2178	98.02	9.81e-41
C65YPACXX150129:6:1312:17366:81597/1	101	1	101	smNRPS-CB	5945	5104	5204	98.02	9.81e-41
C65YPACXX150129:8:2303:16139:34736/1	101	1	101	smNRPS-CB	5945	1479	1579	98.02	9.81e-41
C65YPACXX150129:8:1211:14144:30492/1	101	1	101	smNRPS-CB	5945	4493	4593	98.02	9.81e-41
C65YPACXX150129:8:1211:14144:30492/2	101	101	1	smNRPS-CB	5945	4493	4593	98.02	9.81e-41
C65YPACXX150129:7:2207:18257:84321/2	101	1	101	smNRPS-CB	5945	1957	2057	98.02	9.81e-41
C65YPACXX150129:7:2305:6639:70106/1	101	101	1	smNRPS-CB	5945	3935	4035	98.02	9.81e-41
C65YPACXX150129:6:2110:15225:28708/1	101	101	1	smNRPS-CB	5945	3396	3496	98.02	9.81e-41
C65YPACXX150129:8:2208:4458:11658/1	101	1	101	smNRPS-CB	5945	1957	2057	98.02	9.81e-41
C65YPACXX150129:7:2106:1942:58508/1	101	101	1	smNRPS-CB	5945	1343	1443	98.02	9.81e-41
C65YPACXX150129:7:1102:14768:91133/1	101	1	101	smNRPS-CB	5945	1158	1258	98.02	9.81e-41
C65YPACXX150129:6:1316:9098:81464/1	101	1	101	smNRPS-CB	5945	5481	5581	98.02	9.81e-41
C65YPACXX150129:8:2314:3927:99016/1	101	101	1	smNRPS-CB	5945	353	453	98.02	9.81e-41
C65YPACXX150129:7:1307:15387:70059/1	101	1	101	smNRPS-CB	5945	2061	2161	98.02	9.81e-41
C65YPACXX150129:6:2313:11253:86118/1	101	101	1	smNRPS-CB	5945	1307	1407	98.02	9.81e-41
C65YPACXX150129:8:2204:8109:26931/1	101	1	101	smNRPS-CB	5945	1318	1418	98.02	9.81e-41
C65YPACXX150129:6:1110:3667:49908/1	101	101	1	smNRPS-CB	5945	3124	3224	98.02	9.81e-41
C65YPACXX150129:8:2212:12337:35795/2	101	101	1	smNRPS-CB	5945	811	911	98.02	9.81e-41
C65YPACXX150129:6:2308:1723:8509/2	101	101	1	smNRPS-CB	5945	5489	5589	98.02	9.81e-41
C65YPACXX150129:7:2304:4578:26255/2	101	1	101	smNRPS-CB	5945	3957	4057	98.02	9.81e-41
C65YPACXX150129:6:1116:4016:48840/1	101	1	101	smNRPS-CB	5945	2817	2917	98.02	9.81e-41
C65YPACXX150129:6:1107:6539:87249/1	101	101	1	smNRPS-CB	5945	3562	3662	98.02	9.81e-41
C65YPACXX150129:8:1115:4721:11530/2	101	1	101	smNRPS-CB	5945	3932	4032	98.02	9.81e-41
C65YPACXX150129:6:2207:18217:82749/1	101	1	101	smNRPS-CB	5945	5183	5283	98.02	9.81e-41
C65YPACXX150129:8:1204:9914:76002/1	101	101	1	smNRPS-CB	5945	3789	3889	98.02	9.81e-41
C65YPACXX150129:6:2307:14275:76891/1	101	1	101	smNRPS-CB	5945	3736	3836	98.02	9.81e-41
C65YPACXX150129:8:2115:11329:44211/2	101	101	1	smNRPS-CB	5945	4493	4593	98.02	9.81e-41
C65YPACXX150129:8:2311:13730:42798/1	101	101	1	smNRPS-CB	5945	3256	3356	98.02	9.81e-41
C65YPACXX150129:7:1312:11957:43529/1	101	101	1	smNRPS-CB	5945	1530	1630	98.02	9.81e-41
C65YPACXX150129:6:2116:6179:2847/2	101	1	101	smNRPS-CB	5945	2063	2163	98.02	9.81e-41
C65YPACXX150129:8:1212:10294:100380/2	97	3	97	smNRPS-CB	5945	275	369	100	9.81e-41
C65YPACXX150129:7:1204:7578:100483/1	101	101	4	smNRPS-CB	5945	1044	1141	98.98	9.81e-41
C65YPACXX150129:7:2312:3721:38024/1	101	101	1	smNRPS-CB	5945	915	1015	98.02	9.81e-41
C65YPACXX150129:7:1206:11298:8999/1	101	1	101	smNRPS-CB	5945	2562	2662	98.02	9.81e-41
C65YPACXX150129:7:1206:11298:8999/2	101	101	1	smNRPS-CB	5945	2576	2676	98.02	9.81e-41
C65YPACXX150129:8:2210:18386:14827/1	101	1	101	smNRPS-CB	5945	2481	2581	98.02	9.81e-41
C65YPACXX150129:8:2304:9944:9538/1	101	101	1	smNRPS-CB	5945	3735	3835	98.02	9.81e-41
C65YPACXX150129:7:2112:7735:7687/1	101	1	101	smNRPS-CB	5945	3330	3430	98.02	9.81e-41
C65YPACXX150129:8:1301:1408:73174/1	101	101	1	smNRPS-CB	5945	4161	4261	98.02	9.81e-41
C65YPACXX150129:7:2201:16524:49224/1	101	1	101	smNRPS-CB	5945	5163	5263	98.02	9.81e-41
C65YPACXX150129:7:1305:17470:42881/1	101	101	1	smNRPS-CB	5945	3399	3499	98.02	9.81e-41
C65YPACXX150129:6:2202:17693:25819/2	101	1	101	smNRPS-CB	5945	3635	3735	98.02	9.81e-41
C65YPACXX150129:8:2110:11756:5328/1	101	1	101	smNRPS-CB	5945	2595	2695	98.02	9.81e-41
C65YPACXX150129:7:2305:17488:7228/1	101	101	1	smNRPS-CB	5945	3080	3180	98.02	9.81e-41
C65YPACXX150129:8:2208:7400:47809/2	101	1	101	smNRPS-CB	5945	5099	5199	98.02	9.81e-41
C65YPACXX150129:6:2211:3321:10204/1	101	1	101	smNRPS-CB	5945	1957	2057	98.02	9.81e-41
C65YPACXX150129:7:2214:9393:76224/2	101	101	1	smNRPS-CB	5945	3235	3335	98.02	9.81e-41
C65YPACXX150129:7:1310:4662:98069/1	101	1	101	smNRPS-CB	5945	1305	1405	98.02	9.81e-41
C65YPACXX150129:8:1302:18482:36725/1	101	1	101	smNRPS-CB	5945	3635	3735	98.02	9.81e-41
C65YPACXX150129:6:1202:11559:60265/1	101	1	101	smNRPS-CB	5945	5104	5204	98.02	9.81e-41
C65YPACXX150129:8:2113:16417:8316/2	101	1	101	smNRPS-CB	5945	5106	5206	98.02	9.81e-41
C65YPACXX150129:8:1210:8564:9410/1	101	1	101	smNRPS-CB	5945	2549	2649	98.02	9.81e-41
C65YPACXX150129:8:2210:2340:20954/2	101	1	101	smNRPS-CB	5945	2051	2151	98.02	9.81e-41
C65YPACXX150129:8:2314:9593:41352/1	101	101	1	smNRPS-CB	5945	750	850	98.02	9.81e-41
C65YPACXX150129:7:1311:4492:4359/1	101	1	101	smNRPS-CB	5945	3330	3430	98.02	9.81e-41
C65YPACXX150129:8:2303:9399:82368/1	101	1	101	smNRPS-CB	5945	382	482	98.02	9.81e-41
C65YPACXX150129:8:2303:9399:82368/2	101	101	1	smNRPS-CB	5945	695	795	98.02	9.81e-41
C65YPACXX150129:8:2107:4650:27129/1	101	101	1	smNRPS-CB	5945	1165	1265	98.02	9.81e-41
C65YPACXX150129:7:2204:8053:46715/2	101	1	101	smNRPS-CB	5945	3506	3606	98.02	9.81e-41
C65YPACXX150129:6:1215:4813:86474/2	101	1	101	smNRPS-CB	5945	532	632	98.02	9.81e-41
C65YPACXX150129:6:1215:3049:79962/2	101	1	101	smNRPS-CB	5945	3899	3999	98.02	9.81e-41
C65YPACXX150129:7:2114:15595:43184/2	101	101	1	smNRPS-CB	5945	3636	3736	98.02	9.81e-41
C65YPACXX150129:7:1105:12679:62713/2	101	1	101	smNRPS-CB	5945	1318	1418	98.02	9.81e-41
C65YPACXX150129:8:2208:5897:21947/1	101	1	101	smNRPS-CB	5945	1936	2036	98.02	9.81e-41
C65YPACXX150129:8:2208:5897:21947/2	101	101	1	smNRPS-CB	5945	2455	2555	98.02	9.81e-41
C65YPACXX150129:7:2102:12293:25681/1	101	101	1	smNRPS-CB	5945	5488	5588	98.02	9.81e-41
C65YPACXX150129:7:2102:12293:25681/2	101	1	101	smNRPS-CB	5945	5341	5441	98.02	9.81e-41
C65YPACXX150129:7:1103:7894:75719/1	101	1	101	smNRPS-CB	5945	2553	2653	98.02	9.81e-41
C65YPACXX150129:8:1212:18470:43697/1	101	1	101	smNRPS-CB	5945	3324	3424	98.02	9.81e-41
C65YPACXX150129:6:2214:14280:99980/1	101	1	101	smNRPS-CB	5945	2549	2649	98.02	9.81e-41
C65YPACXX150129:6:2214:14280:99980/2	101	101	1	smNRPS-CB	5945	2827	2927	98.02	9.81e-41
C65YPACXX150129:8:1302:17767:54970/2	101	1	101	smNRPS-CB	5945	3507	3607	98.02	9.81e-41
C65YPACXX150129:7:2311:1160:72610/2	101	101	1	smNRPS-CB	5945	3644	3744	98.02	9.81e-41
C65YPACXX150129:8:2207:8734:5881/1	101	101	1	smNRPS-CB	5945	1937	2037	98.02	9.81e-41
C65YPACXX150129:6:1309:14344:24338/2	101	101	1	smNRPS-CB	5945	5488	5588	98.02	9.81e-41
C65YPACXX150129:8:1315:1077:54029/1	95	95	1	smNRPS-CB	5945	1383	1477	100	9.81e-41
C65YPACXX150129:8:1315:1077:54029/2	101	1	101	smNRPS-CB	5945	1313	1413	98.02	9.81e-41
C65YPACXX150129:6:1310:12571:14316/2	101	101	1	smNRPS-CB	5945	3071	3171	98.02	9.81e-41
C65YPACXX150129:6:2314:1952:23673/1	101	101	1	smNRPS-CB	5945	5488	5588	98.02	9.81e-41
C65YPACXX150129:6:2314:1952:23673/2	101	1	101	smNRPS-CB	5945	5481	5581	98.02	9.81e-41
C65YPACXX150129:8:1206:15954:32137/1	101	1	101	smNRPS-CB	5945	40	140	98.02	9.81e-41
C65YPACXX150129:8:2215:13848:23391/1	101	101	1	smNRPS-CB	5945	3266	3366	98.02	9.81e-41
C65YPACXX150129:8:1208:16625:55570/2	101	1	101	smNRPS-CB	5945	4793	4893	98.02	9.81e-41
C65YPACXX150129:8:2201:12055:19214/1	101	1	101	smNRPS-CB	5945	5104	5204	98.02	9.81e-41
C65YPACXX150129:8:1214:18770:22549/2	101	1	101	smNRPS-CB	5945	2529	2629	98.02	9.81e-41
C65YPACXX150129:6:2206:5452:23828/1	101	1	101	smNRPS-CB	5945	1306	1406	98.02	9.81e-41
C65YPACXX150129:6:2206:5452:23828/2	101	101	1	smNRPS-CB	5945	1306	1406	98.02	9.81e-41
C65YPACXX150129:7:2301:7042:98260/1	101	101	1	smNRPS-CB	5945	5488	5588	98.02	9.81e-41
C65YPACXX150129:7:2111:8373:88629/1	101	1	101	smNRPS-CB	5945	5104	5204	98.02	9.81e-41
C65YPACXX150129:7:1116:6860:15750/2	101	101	1	smNRPS-CB	5945	3641	3741	98.02	9.81e-41
C65YPACXX150129:7:1110:17568:36141/2	101	101	1	smNRPS-CB	5945	3386	3486	98.02	9.81e-41
C65YPACXX150129:8:2314:1372:38541/1	101	1	101	smNRPS-CB	5945	1308	1408	98.02	9.81e-41
C65YPACXX150129:7:1314:4794:51001/2	101	1	101	smNRPS-CB	5945	456	556	98.02	9.81e-41
C65YPACXX150129:7:1210:16946:92623/1	101	1	101	smNRPS-CB	5945	2822	2922	98.02	9.81e-41
C65YPACXX150129:6:1207:5038:74269/1	101	101	1	smNRPS-CB	5945	5488	5588	98.02	9.81e-41
C65YPACXX150129:8:1106:10038:75440/1	96	96	2	smNRPS-CB	5945	179	273	100	9.81e-41
C65YPACXX150129:7:2202:7561:19666/1	101	1	101	smNRPS-CB	5945	5689	5789	98.02	9.81e-41
C65YPACXX150129:7:1310:6771:68245/2	101	1	101	smNRPS-CB	5945	5104	5204	98.02	9.81e-41
C65YPACXX150129:7:2105:11841:40011/2	101	1	101	smNRPS-CB	5945	3079	3179	98.02	9.81e-41
C65YPACXX150129:7:2306:15286:80089/2	101	1	101	smNRPS-CB	5945	1959	2059	98.02	9.81e-41
C65YPACXX150129:6:2103:17286:82464/2	101	101	1	smNRPS-CB	5945	3937	4037	98.02	9.81e-41
C65YPACXX150129:8:2208:17923:83371/1	101	101	1	smNRPS-CB	5945	3388	3488	98.02	9.81e-41
C65YPACXX150129:6:2214:12520:39872/2	101	101	1	smNRPS-CB	5945	669	769	98.02	9.81e-41
C65YPACXX150129:8:2206:10811:62329/1	101	101	1	smNRPS-CB	5945	2542	2642	98.02	9.81e-41
C65YPACXX150129:8:2108:20468:32457/1	101	101	1	smNRPS-CB	5945	5007	5107	98.02	9.81e-41
C65YPACXX150129:7:2302:12948:91151/1	101	1	101	smNRPS-CB	5945	3635	3735	98.02	9.81e-41
C65YPACXX150129:8:2215:1096:38124/1	101	101	1	smNRPS-CB	5945	2825	2925	98.02	9.81e-41
C65YPACXX150129:7:2302:17094:40895/1	101	101	1	smNRPS-CB	5945	3134	3234	98.02	9.81e-41
C65YPACXX150129:7:2302:17094:40895/2	101	1	101	smNRPS-CB	5945	3104	3204	98.02	9.81e-41
C65YPACXX150129:8:2309:17310:82290/1	101	1	95	smNRPS-CB	5945	786	880	100	9.81e-41
C65YPACXX150129:8:2309:17310:82290/2	101	95	1	smNRPS-CB	5945	786	880	100	9.81e-41
C65YPACXX150129:6:1103:9292:5823/2	101	1	98	smNRPS-CB	5945	5844	5941	98.98	9.81e-41
C65YPACXX150129:8:2105:16139:4509/1	101	1	101	smNRPS-CB	5945	5099	5199	98.02	9.81e-41
C65YPACXX150129:7:2202:16947:90589/1	101	1	101	smNRPS-CB	5945	2080	2180	98.02	9.81e-41
C65YPACXX150129:7:2212:2922:46180/1	101	1	101	smNRPS-CB	5945	2422	2522	98.02	9.81e-41
C65YPACXX150129:8:1109:11518:45869/2	101	101	1	smNRPS-CB	5945	1939	2039	98.02	9.81e-41
C65YPACXX150129:7:2201:8931:75457/2	98	98	1	smNRPS-CB	5945	730	827	98.98	9.81e-41
C65YPACXX150129:8:2202:4479:53710/2	101	101	1	smNRPS-CB	5945	3266	3366	98.02	9.81e-41
C65YPACXX150129:6:2212:2708:66895/2	101	101	1	smNRPS-CB	5945	3249	3349	98.02	9.81e-41
C65YPACXX150129:7:2201:7930:33261/2	101	1	99	smNRPS-CB	5945	5843	5941	98.99	2.73e-41
C65YPACXX150129:6:1207:7904:30136/1	99	99	1	smNRPS-CB	5945	1636	1734	98.99	2.73e-41
C65YPACXX150129:7:1212:1150:76728/1	101	96	1	smNRPS-CB	5945	5807	5902	100	2.73e-41
C65YPACXX150129:7:1212:1150:76728/2	101	1	96	smNRPS-CB	5945	5807	5902	100	2.73e-41
C65YPACXX150129:6:2104:9310:19785/1	99	99	1	smNRPS-CB	5945	4802	4900	98.99	2.73e-41
C65YPACXX150129:7:1110:12350:36037/2	99	99	1	smNRPS-CB	5945	1609	1707	98.99	2.73e-41
C65YPACXX150129:7:2110:8345:65262/2	101	3	101	smNRPS-CB	5945	1847	1945	98.99	2.73e-41
C65YPACXX150129:8:1104:12360:81713/2	101	6	101	smNRPS-CB	5945	3757	3852	100	2.73e-41
C65YPACXX150129:8:1105:7993:101188/2	99	99	1	smNRPS-CB	5945	4812	4910	98.99	2.73e-41
C65YPACXX150129:8:2202:18391:93552/1	101	3	101	smNRPS-CB	5945	1561	1659	98.99	2.73e-41
C65YPACXX150129:8:2202:18391:93552/2	99	99	1	smNRPS-CB	5945	1609	1707	98.99	2.73e-41
C65YPACXX150129:7:2214:6802:84038/2	99	99	1	smNRPS-CB	5945	1609	1707	98.99	2.73e-41
C65YPACXX150129:6:2305:13406:31045/2	101	99	1	smNRPS-CB	5945	4746	4844	98.99	2.73e-41
C65YPACXX150129:7:2213:18461:71556/1	101	3	101	smNRPS-CB	5945	1328	1426	98.99	2.73e-41
C65YPACXX150129:8:1201:11109:28169/1	101	101	3	smNRPS-CB	5945	1461	1559	98.99	2.73e-41
C65YPACXX150129:6:1308:19716:81986/1	101	99	1	smNRPS-CB	5945	5014	5112	98.99	2.73e-41
C65YPACXX150129:6:1208:3292:42149/2	100	100	1	smNRPS-CB	5945	4782	4881	99	7.59e-42
C65YPACXX150129:6:1207:7934:24163/1	101	100	1	smNRPS-CB	5945	3333	3432	99	7.59e-42
C65YPACXX150129:7:2216:14963:99496/2	101	97	1	smNRPS-CB	5945	3150	3246	100	7.59e-42
C65YPACXX150129:7:2112:7735:7687/2	101	100	1	smNRPS-CB	5945	3333	3432	99	7.59e-42
C65YPACXX150129:8:1207:6592:38839/2	100	100	1	smNRPS-CB	5945	20	119	99	7.59e-42
C65YPACXX150129:8:1207:17445:31322/1	101	101	2	smNRPS-CB	5945	1042	1141	99	7.59e-42
C65YPACXX150129:8:1108:16648:92570/2	101	1	100	smNRPS-CB	5945	2397	2496	99	7.59e-42
C65YPACXX150129:6:1109:14593:53824/1	100	1	100	smNRPS-CB	5945	893	992	99	7.59e-42
C65YPACXX150129:8:2206:5005:65349/2	100	1	100	smNRPS-CB	5945	5744	5843	99	7.59e-42
C65YPACXX150129:8:2201:14023:41847/2	101	101	2	smNRPS-CB	5945	423	522	99	7.59e-42
C65YPACXX150129:7:1109:11764:11340/1	101	1	100	smNRPS-CB	5945	2427	2526	99	7.59e-42
C65YPACXX150129:7:2202:5718:36090/1	100	1	100	smNRPS-CB	5945	346	445	99	7.59e-42
C65YPACXX150129:8:2204:14175:91289/1	100	1	100	smNRPS-CB	5945	3364	3463	99	7.59e-42
C65YPACXX150129:7:1210:11156:7079/1	101	97	1	smNRPS-CB	5945	3757	3853	100	7.59e-42
C65YPACXX150129:6:1301:10330:11182/1	100	100	1	smNRPS-CB	5945	235	334	99	7.59e-42
C65YPACXX150129:8:2105:10171:91370/1	100	1	97	smNRPS-CB	5945	3786	3882	100	7.59e-42
C65YPACXX150129:7:2108:18784:85878/1	97	1	97	smNRPS-CB	5945	856	952	100	7.59e-42
C65YPACXX150129:8:2209:16147:32049/2	97	97	1	smNRPS-CB	5945	4033	4129	100	7.59e-42
C65YPACXX150129:8:1206:6018:83851/2	101	1	101	smNRPS-CB	5945	698	798	99.01	2.11e-42
C65YPACXX150129:8:2303:16139:34736/2	101	101	1	smNRPS-CB	5945	1542	1642	99.01	2.11e-42
C65YPACXX150129:6:1203:14689:100689/1	101	1	101	smNRPS-CB	5945	4811	4911	99.01	2.11e-42
C65YPACXX150129:6:1212:3219:42473/2	101	101	1	smNRPS-CB	5945	942	1042	99.01	2.11e-42
C65YPACXX150129:8:2203:3318:87335/1	101	1	101	smNRPS-CB	5945	1849	1949	99.01	2.11e-42
C65YPACXX150129:7:1310:18460:7139/1	101	101	1	smNRPS-CB	5945	94	194	99.01	2.11e-42
C65YPACXX150129:7:1310:18460:7139/2	101	1	101	smNRPS-CB	5945	71	171	99.01	2.11e-42
C65YPACXX150129:7:1209:15724:72805/1	101	1	101	smNRPS-CB	5945	2612	2712	99.01	2.11e-42
C65YPACXX150129:7:1209:15724:72805/2	101	101	1	smNRPS-CB	5945	2662	2762	99.01	2.11e-42
C65YPACXX150129:6:2306:2471:12586/1	101	101	1	smNRPS-CB	5945	2667	2767	99.01	2.11e-42
C65YPACXX150129:6:2306:2471:12586/2	101	1	101	smNRPS-CB	5945	2373	2473	99.01	2.11e-42
C65YPACXX150129:7:2312:1588:69021/1	101	1	101	smNRPS-CB	5945	1398	1498	99.01	2.11e-42
C65YPACXX150129:7:2312:1588:69021/2	101	101	1	smNRPS-CB	5945	1555	1655	99.01	2.11e-42
C65YPACXX150129:7:2207:18257:84321/1	101	101	1	smNRPS-CB	5945	2334	2434	99.01	2.11e-42
C65YPACXX150129:8:2301:10364:5975/2	101	101	1	smNRPS-CB	5945	1447	1547	99.01	2.11e-42
C65YPACXX150129:7:2202:5990:68563/2	101	101	1	smNRPS-CB	5945	318	418	99.01	2.11e-42
C65YPACXX150129:8:2315:5145:46060/1	101	1	101	smNRPS-CB	5945	2194	2294	99.01	2.11e-42
C65YPACXX150129:6:2110:15225:28708/2	101	1	101	smNRPS-CB	5945	3358	3458	99.01	2.11e-42
C65YPACXX150129:8:2113:19631:38377/1	101	101	1	smNRPS-CB	5945	4091	4191	99.01	2.11e-42
C65YPACXX150129:6:2103:12343:90918/2	101	101	1	smNRPS-CB	5945	4088	4188	99.01	2.11e-42
C65YPACXX150129:6:1110:14712:19426/2	101	1	101	smNRPS-CB	5945	705	805	99.01	2.11e-42
C65YPACXX150129:7:1116:10926:89292/1	101	1	101	smNRPS-CB	5945	94	194	99.01	2.11e-42
C65YPACXX150129:7:1116:10926:89292/2	101	101	1	smNRPS-CB	5945	267	367	99.01	2.11e-42
C65YPACXX150129:7:2315:12604:91451/1	101	101	1	smNRPS-CB	5945	3838	3938	99.01	2.11e-42
C65YPACXX150129:7:1310:3157:86982/2	101	101	1	smNRPS-CB	5945	679	779	99.01	2.11e-42
C65YPACXX150129:6:1212:11731:64288/1	101	1	101	smNRPS-CB	5945	3341	3441	99.01	2.11e-42
C65YPACXX150129:6:1212:11731:64288/2	101	101	1	smNRPS-CB	5945	3351	3451	99.01	2.11e-42
C65YPACXX150129:8:2114:15718:89115/2	101	1	101	smNRPS-CB	5945	406	506	99.01	2.11e-42
C65YPACXX150129:8:2314:3927:99016/2	101	1	101	smNRPS-CB	5945	186	286	99.01	2.11e-42
C65YPACXX150129:7:2113:6955:17290/2	101	1	101	smNRPS-CB	5945	3190	3290	99.01	2.11e-42
C65YPACXX150129:7:2213:12368:55217/1	101	1	101	smNRPS-CB	5945	309	409	99.01	2.11e-42
C65YPACXX150129:7:2213:12368:55217/2	101	101	1	smNRPS-CB	5945	648	748	99.01	2.11e-42
C65YPACXX150129:6:1309:7733:43479/1	101	101	1	smNRPS-CB	5945	3012	3112	99.01	2.11e-42
C65YPACXX150129:8:1112:2490:25930/1	101	1	101	smNRPS-CB	5945	1554	1654	99.01	2.11e-42
C65YPACXX150129:8:1112:2490:25930/2	101	101	1	smNRPS-CB	5945	1555	1655	99.01	2.11e-42
C65YPACXX150129:6:1110:3667:49908/2	101	1	101	smNRPS-CB	5945	2853	2953	99.01	2.11e-42
C65YPACXX150129:6:2112:1505:36898/2	101	101	1	smNRPS-CB	5945	3901	4001	99.01	2.11e-42
C65YPACXX150129:8:2109:7676:5253/1	101	1	101	smNRPS-CB	5945	634	734	99.01	2.11e-42
C65YPACXX150129:8:2109:7676:5253/2	101	101	1	smNRPS-CB	5945	648	748	99.01	2.11e-42
C65YPACXX150129:8:2203:2372:76947/1	101	1	101	smNRPS-CB	5945	409	509	99.01	2.11e-42
C65YPACXX150129:6:1109:14361:60807/1	101	101	1	smNRPS-CB	5945	68	168	99.01	2.11e-42
C65YPACXX150129:6:1116:4016:48840/2	101	101	1	smNRPS-CB	5945	3012	3112	99.01	2.11e-42
C65YPACXX150129:7:1112:13750:50299/1	101	1	101	smNRPS-CB	5945	263	363	99.01	2.11e-42
C65YPACXX150129:8:2208:10109:58458/1	101	1	101	smNRPS-CB	5945	937	1037	99.01	2.11e-42
C65YPACXX150129:7:2216:14963:99496/1	101	1	101	smNRPS-CB	5945	2881	2981	99.01	2.11e-42
C65YPACXX150129:7:2101:10297:4089/2	98	98	1	smNRPS-CB	5945	2250	2347	100	2.11e-42
C65YPACXX150129:7:1110:12350:36037/1	101	1	101	smNRPS-CB	5945	1542	1642	99.01	2.11e-42
C65YPACXX150129:6:2307:14275:76891/2	101	101	1	smNRPS-CB	5945	3986	4086	99.01	2.11e-42
C65YPACXX150129:7:1313:2251:64026/1	101	1	101	smNRPS-CB	5945	549	649	99.01	2.11e-42
C65YPACXX150129:7:1313:2251:64026/2	101	101	1	smNRPS-CB	5945	694	794	99.01	2.11e-42
C65YPACXX150129:7:2201:19241:24959/2	101	1	101	smNRPS-CB	5945	4002	4102	99.01	2.11e-42
C65YPACXX150129:7:2101:2226:79249/2	101	101	1	smNRPS-CB	5945	3353	3453	99.01	2.11e-42
C65YPACXX150129:6:2302:1322:84415/2	101	101	1	smNRPS-CB	5945	5307	5407	99.01	2.11e-42
C65YPACXX150129:6:2116:6179:2847/1	101	101	1	smNRPS-CB	5945	2115	2215	99.01	2.11e-42
C65YPACXX150129:8:1104:2558:91528/1	101	1	101	smNRPS-CB	5945	3360	3460	99.01	2.11e-42
C65YPACXX150129:8:1212:10294:100380/1	101	101	1	smNRPS-CB	5945	323	423	99.01	2.11e-42
C65YPACXX150129:7:1202:12164:94848/1	101	1	101	smNRPS-CB	5945	3360	3460	99.01	2.11e-42
C65YPACXX150129:7:2112:16664:21914/1	101	101	1	smNRPS-CB	5945	2425	2525	99.01	2.11e-42
C65YPACXX150129:8:2210:18386:14827/2	101	101	1	smNRPS-CB	5945	2644	2744	99.01	2.11e-42
C65YPACXX150129:8:1113:13035:73669/2	101	101	1	smNRPS-CB	5945	3901	4001	99.01	2.11e-42
C65YPACXX150129:8:2104:11597:15945/1	101	101	1	smNRPS-CB	5945	3895	3995	99.01	2.11e-42
C65YPACXX150129:8:1301:1408:73174/2	101	1	101	smNRPS-CB	5945	3915	4015	99.01	2.11e-42
C65YPACXX150129:7:2210:13532:23056/1	101	1	101	smNRPS-CB	5945	2729	2829	99.01	2.11e-42
C65YPACXX150129:7:2210:13532:23056/2	101	101	1	smNRPS-CB	5945	2842	2942	99.01	2.11e-42
C65YPACXX150129:8:2209:7648:88713/1	101	101	1	smNRPS-CB	5945	2975	3075	99.01	2.11e-42
C65YPACXX150129:8:2209:7648:88713/2	101	1	101	smNRPS-CB	5945	2871	2971	99.01	2.11e-42
C65YPACXX150129:8:2105:8998:36600/2	101	101	1	smNRPS-CB	5945	3012	3112	99.01	2.11e-42
C65YPACXX150129:6:2107:12792:35528/1	101	1	101	smNRPS-CB	5945	2758	2858	99.01	2.11e-42
C65YPACXX150129:6:2107:12792:35528/2	101	101	1	smNRPS-CB	5945	2789	2889	99.01	2.11e-42
C65YPACXX150129:6:2203:6059:70302/2	101	1	101	smNRPS-CB	5945	1589	1689	99.01	2.11e-42
C65YPACXX150129:7:1103:4292:40466/1	101	101	1	smNRPS-CB	5945	1867	1967	99.01	2.11e-42
C65YPACXX150129:7:1103:4292:40466/2	101	1	101	smNRPS-CB	5945	1639	1739	99.01	2.11e-42
C65YPACXX150129:6:1304:18436:98625/1	101	1	101	smNRPS-CB	5945	899	999	99.01	2.11e-42
C65YPACXX150129:6:1304:18436:98625/2	101	101	1	smNRPS-CB	5945	1010	1110	99.01	2.11e-42
C65YPACXX150129:8:2110:11756:5328/2	101	101	1	smNRPS-CB	5945	2799	2899	99.01	2.11e-42
C65YPACXX150129:8:1207:17445:31322/2	101	1	101	smNRPS-CB	5945	954	1054	99.01	2.11e-42
C65YPACXX150129:7:1307:10519:14188/2	101	1	101	smNRPS-CB	5945	4088	4188	99.01	2.11e-42
C65YPACXX150129:6:2215:6433:88447/2	101	101	1	smNRPS-CB	5945	944	1044	99.01	2.11e-42
C65YPACXX150129:7:1115:8376:44195/1	101	1	101	smNRPS-CB	5945	642	742	99.01	2.11e-42
C65YPACXX150129:7:1115:8376:44195/2	101	101	1	smNRPS-CB	5945	695	795	99.01	2.11e-42
C65YPACXX150129:8:1108:16648:92570/1	101	101	1	smNRPS-CB	5945	2767	2867	99.01	2.11e-42
C65YPACXX150129:7:2304:8153:12149/1	101	1	101	smNRPS-CB	5945	384	484	99.01	2.11e-42
C65YPACXX150129:7:2116:3287:60170/2	101	101	1	smNRPS-CB	5945	3012	3112	99.01	2.11e-42
C65YPACXX150129:7:2314:1117:24714/2	101	101	1	smNRPS-CB	5945	267	367	99.01	2.11e-42
C65YPACXX150129:7:1309:2544:35755/1	101	1	101	smNRPS-CB	5945	1847	1947	99.01	2.11e-42
C65YPACXX150129:6:2202:17212:14560/2	101	101	1	smNRPS-CB	5945	1653	1753	99.01	2.11e-42
C65YPACXX150129:6:2304:14193:17418/2	101	101	1	smNRPS-CB	5945	2374	2474	99.01	2.11e-42
C65YPACXX150129:7:2116:9731:32753/1	101	1	101	smNRPS-CB	5945	3915	4015	99.01	2.11e-42
C65YPACXX150129:7:1103:9046:91647/1	101	1	101	smNRPS-CB	5945	1554	1654	99.01	2.11e-42
C65YPACXX150129:7:1103:9046:91647/2	101	101	1	smNRPS-CB	5945	1555	1655	99.01	2.11e-42
C65YPACXX150129:7:2311:6735:90129/1	101	101	1	smNRPS-CB	5945	694	794	99.01	2.11e-42
C65YPACXX150129:6:2308:14288:16719/1	101	1	101	smNRPS-CB	5945	4793	4893	99.01	2.11e-42
C65YPACXX150129:8:1206:16504:10736/1	101	101	1	smNRPS-CB	5945	1644	1744	99.01	2.11e-42
C65YPACXX150129:8:1206:16504:10736/2	101	1	101	smNRPS-CB	5945	1547	1647	99.01	2.11e-42
C65YPACXX150129:6:2111:20282:69639/1	101	101	1	smNRPS-CB	5945	915	1015	99.01	2.11e-42
C65YPACXX150129:6:2111:20282:69639/2	101	1	101	smNRPS-CB	5945	914	1014	99.01	2.11e-42
C65YPACXX150129:8:1208:13271:35081/2	101	1	101	smNRPS-CB	5945	4119	4219	99.01	2.11e-42
C65YPACXX150129:7:1201:3607:61426/1	101	101	1	smNRPS-CB	5945	93	193	99.01	2.11e-42
C65YPACXX150129:8:2210:3395:82959/2	101	1	101	smNRPS-CB	5945	5353	5453	99.01	2.11e-42
C65YPACXX150129:7:1311:4308:17434/1	101	101	1	smNRPS-CB	5945	951	1051	99.01	2.11e-42
C65YPACXX150129:6:2313:2817:45214/1	101	101	1	smNRPS-CB	5945	2999	3099	99.01	2.11e-42
C65YPACXX150129:6:2313:2817:45214/2	101	1	101	smNRPS-CB	5945	2686	2786	99.01	2.11e-42
C65YPACXX150129:6:1215:2268:11614/2	101	1	101	smNRPS-CB	5945	338	438	99.01	2.11e-42
C65YPACXX150129:7:1116:1969:48373/1	101	101	1	smNRPS-CB	5945	5817	5917	99.01	2.11e-42
C65YPACXX150129:6:1215:4813:86474/1	101	101	1	smNRPS-CB	5945	623	723	99.01	2.11e-42
C65YPACXX150129:7:1103:7894:75719/2	101	101	1	smNRPS-CB	5945	2761	2861	99.01	2.11e-42
C65YPACXX150129:6:2207:12546:89329/2	101	101	1	smNRPS-CB	5945	5702	5802	99.01	2.11e-42
C65YPACXX150129:8:1212:18470:43697/2	101	101	1	smNRPS-CB	5945	3382	3482	99.01	2.11e-42
C65YPACXX150129:6:1314:5204:86876/1	101	101	1	smNRPS-CB	5945	3004	3104	99.01	2.11e-42
C65YPACXX150129:7:2101:5399:10266/1	101	1	101	smNRPS-CB	5945	322	422	99.01	2.11e-42
C65YPACXX150129:8:1112:6454:13306/1	101	101	1	smNRPS-CB	5945	4800	4900	99.01	2.11e-42
C65YPACXX150129:8:2312:20572:62127/1	101	1	101	smNRPS-CB	5945	309	409	99.01	2.11e-42
C65YPACXX150129:8:2312:20572:62127/2	101	101	1	smNRPS-CB	5945	648	748	99.01	2.11e-42
C65YPACXX150129:7:1108:15081:60205/1	101	101	1	smNRPS-CB	5945	268	368	99.01	2.11e-42
C65YPACXX150129:7:1108:15081:60205/2	101	1	101	smNRPS-CB	5945	255	355	99.01	2.11e-42
C65YPACXX150129:8:1116:2516:98140/1	101	1	101	smNRPS-CB	5945	94	194	99.01	2.11e-42
C65YPACXX150129:8:1116:2516:98140/2	101	101	1	smNRPS-CB	5945	267	367	99.01	2.11e-42
C65YPACXX150129:8:2201:14023:41847/1	101	1	101	smNRPS-CB	5945	238	338	99.01	2.11e-42
C65YPACXX150129:6:1311:15364:94676/1	101	1	101	smNRPS-CB	5945	4803	4903	99.01	2.11e-42
C65YPACXX150129:6:1311:15364:94676/2	101	101	1	smNRPS-CB	5945	4810	4910	99.01	2.11e-42
C65YPACXX150129:6:2115:16552:93379/1	101	101	1	smNRPS-CB	5945	623	723	99.01	2.11e-42
C65YPACXX150129:6:2115:16552:93379/2	101	1	101	smNRPS-CB	5945	616	716	99.01	2.11e-42
C65YPACXX150129:8:1203:19005:5200/1	101	101	1	smNRPS-CB	5945	2745	2845	99.01	2.11e-42
C65YPACXX150129:8:1206:15954:32137/2	101	101	1	smNRPS-CB	5945	229	329	99.01	2.11e-42
C65YPACXX150129:6:1108:19278:30954/2	101	101	1	smNRPS-CB	5945	3230	3330	99.01	2.11e-42
C65YPACXX150129:8:1208:16625:55570/1	101	101	1	smNRPS-CB	5945	5294	5394	99.01	2.11e-42
C65YPACXX150129:8:1214:18770:22549/1	101	101	1	smNRPS-CB	5945	2900	3000	99.01	2.11e-42
C65YPACXX150129:6:2310:1192:21258/1	101	1	101	smNRPS-CB	5945	309	409	99.01	2.11e-42
C65YPACXX150129:7:2302:11502:59585/1	101	1	101	smNRPS-CB	5945	5089	5189	99.01	2.11e-42
C65YPACXX150129:7:2202:5718:36090/2	101	101	1	smNRPS-CB	5945	381	481	99.01	2.11e-42
C65YPACXX150129:8:1105:7993:101188/1	101	1	101	smNRPS-CB	5945	4803	4903	99.01	2.11e-42
C65YPACXX150129:8:1107:8465:61386/1	101	1	101	smNRPS-CB	5945	3915	4015	99.01	2.11e-42
C65YPACXX150129:8:1107:8465:61386/2	101	101	1	smNRPS-CB	5945	3996	4096	99.01	2.11e-42
C65YPACXX150129:6:1105:7436:38086/1	101	1	101	smNRPS-CB	5945	4793	4893	99.01	2.11e-42
C65YPACXX150129:8:2110:3582:2047/1	101	101	1	smNRPS-CB	5945	684	784	99.01	2.11e-42
C65YPACXX150129:8:2110:3582:2047/2	101	1	101	smNRPS-CB	5945	562	662	99.01	2.11e-42
C65YPACXX150129:7:1116:5744:15109/1	101	101	1	smNRPS-CB	5945	3374	3474	99.01	2.11e-42
C65YPACXX150129:7:1116:5744:15109/2	101	1	101	smNRPS-CB	5945	3374	3474	99.01	2.11e-42
C65YPACXX150129:7:1210:16946:92623/2	101	101	1	smNRPS-CB	5945	3017	3117	99.01	2.11e-42
C65YPACXX150129:6:1207:5038:74269/2	101	1	101	smNRPS-CB	5945	5341	5441	99.01	2.11e-42
C65YPACXX150129:6:2208:4803:81355/2	101	1	101	smNRPS-CB	5945	79	179	99.01	2.11e-42
C65YPACXX150129:8:2205:14034:59892/1	101	1	101	smNRPS-CB	5945	1915	2015	99.01	2.11e-42
C65YPACXX150129:8:2310:15163:2315/1	101	101	1	smNRPS-CB	5945	2683	2783	99.01	2.11e-42
C65YPACXX150129:8:2310:15163:2315/2	101	1	101	smNRPS-CB	5945	2634	2734	99.01	2.11e-42
C65YPACXX150129:8:2312:8273:23105/1	101	101	1	smNRPS-CB	5945	1920	2020	99.01	2.11e-42
C65YPACXX150129:8:2312:8273:23105/2	101	1	101	smNRPS-CB	5945	1639	1739	99.01	2.11e-42
C65YPACXX150129:6:1214:3334:63456/1	101	1	101	smNRPS-CB	5945	5069	5169	99.01	2.11e-42
C65YPACXX150129:6:1214:3334:63456/2	101	101	1	smNRPS-CB	5945	5084	5184	99.01	2.11e-42
C65YPACXX150129:7:2211:9820:59686/1	101	1	101	smNRPS-CB	5945	1400	1500	99.01	2.11e-42
C65YPACXX150129:7:2211:9820:59686/2	101	101	1	smNRPS-CB	5945	1452	1552	99.01	2.11e-42
C65YPACXX150129:6:1208:18743:73492/1	101	101	1	smNRPS-CB	5945	381	481	99.01	2.11e-42
C65YPACXX150129:6:1208:18743:73492/2	101	1	101	smNRPS-CB	5945	326	426	99.01	2.11e-42
C65YPACXX150129:7:2202:9439:90413/1	101	101	1	smNRPS-CB	5945	2357	2457	99.01	2.11e-42
C65YPACXX150129:6:2301:13091:33478/2	101	101	1	smNRPS-CB	5945	2066	2166	99.01	2.11e-42
C65YPACXX150129:7:1311:3061:101305/1	101	101	1	smNRPS-CB	5945	4148	4248	99.01	2.11e-42
C65YPACXX150129:7:1311:3061:101305/2	101	1	101	smNRPS-CB	5945	4121	4221	99.01	2.11e-42
C65YPACXX150129:8:2215:1096:38124/2	101	1	101	smNRPS-CB	5945	2758	2858	99.01	2.11e-42
C65YPACXX150129:7:1211:18650:40138/2	101	1	101	smNRPS-CB	5945	852	952	99.01	2.11e-42
C65YPACXX150129:8:2216:7740:32034/1	101	1	101	smNRPS-CB	5945	1359	1459	99.01	2.11e-42
C65YPACXX150129:8:1210:9945:16049/2	101	1	101	smNRPS-CB	5945	3370	3470	99.01	2.11e-42
C65YPACXX150129:6:2104:10823:26718/1	101	101	1	smNRPS-CB	5945	942	1042	99.01	2.11e-42
C65YPACXX150129:7:2111:16604:31520/1	101	1	101	smNRPS-CB	5945	3358	3458	99.01	2.11e-42
C65YPACXX150129:8:2316:20308:57439/1	98	98	1	smNRPS-CB	5945	2191	2288	100	2.11e-42
C65YPACXX150129:8:2115:7759:6866/1	101	1	101	smNRPS-CB	5945	297	397	99.01	2.11e-42
C65YPACXX150129:7:1111:13783:73111/1	101	1	101	smNRPS-CB	5945	4074	4174	99.01	2.11e-42
C65YPACXX150129:8:1216:14172:77564/1	101	101	1	smNRPS-CB	5945	2837	2937	99.01	2.11e-42
C65YPACXX150129:6:2201:19327:73356/1	101	1	101	smNRPS-CB	5945	1359	1459	99.01	2.11e-42
C65YPACXX150129:7:1104:19712:31159/1	101	101	1	smNRPS-CB	5945	3034	3134	99.01	2.11e-42
C65YPACXX150129:7:1209:13434:50492/1	101	1	101	smNRPS-CB	5945	186	286	99.01	2.11e-42
C65YPACXX150129:6:2315:4065:18815/1	101	101	1	smNRPS-CB	5945	942	1042	99.01	2.11e-42
C65YPACXX150129:8:2209:20804:61118/1	101	1	101	smNRPS-CB	5945	322	422	99.01	2.11e-42
C65YPACXX150129:6:2116:13607:101311/1	101	101	1	smNRPS-CB	5945	920	1020	99.01	2.11e-42
C65YPACXX150129:6:1206:8108:49626/1	101	1	101	smNRPS-CB	5945	238	338	99.01	2.11e-42
C65YPACXX150129:7:2102:9904:24544/1	101	1	101	smNRPS-CB	5945	4007	4107	99.01	2.11e-42
C65YPACXX150129:8:2102:2137:45984/2	101	1	101	smNRPS-CB	5945	4017	4117	99.01	2.11e-42
C65YPACXX150129:7:1310:10955:35559/2	101	101	1	smNRPS-CB	5945	895	995	99.01	2.11e-42
C65YPACXX150129:6:2105:9202:73600/2	101	1	101	smNRPS-CB	5945	1328	1428	99.01	2.11e-42
C65YPACXX150129:8:2106:7730:20363/1	101	99	1	smNRPS-CB	5945	5288	5386	100	5.86e-43
C65YPACXX150129:8:2106:7730:20363/2	101	1	99	smNRPS-CB	5945	5288	5386	100	5.86e-43
C65YPACXX150129:8:2116:1725:101278/2	99	1	99	smNRPS-CB	5945	2295	2393	100	5.86e-43
C65YPACXX150129:6:1215:2268:11614/1	101	101	3	smNRPS-CB	5945	612	710	100	5.86e-43
C65YPACXX150129:8:1304:17617:75391/2	99	1	99	smNRPS-CB	5945	3765	3863	100	5.86e-43
C65YPACXX150129:6:1309:9089:32750/1	101	99	1	smNRPS-CB	5945	5260	5358	100	5.86e-43
C65YPACXX150129:6:1309:9089:32750/2	101	1	99	smNRPS-CB	5945	5260	5358	100	5.86e-43
C65YPACXX150129:8:2103:1523:88842/1	101	100	2	smNRPS-CB	5945	4787	4885	100	5.86e-43
C65YPACXX150129:8:2103:1523:88842/2	101	3	101	smNRPS-CB	5945	4787	4885	100	5.86e-43
C65YPACXX150129:6:1203:14689:100689/2	100	100	1	smNRPS-CB	5945	5250	5349	100	1.63e-43
C65YPACXX150129:8:2301:10364:5975/1	100	1	100	smNRPS-CB	5945	1390	1489	100	1.63e-43
C65YPACXX150129:6:2210:19324:3156/2	100	1	100	smNRPS-CB	5945	2955	3054	100	1.63e-43
C65YPACXX150129:8:2105:8998:36600/1	101	2	101	smNRPS-CB	5945	2915	3014	100	1.63e-43
C65YPACXX150129:7:2116:3287:60170/1	101	2	101	smNRPS-CB	5945	2915	3014	100	1.63e-43
C65YPACXX150129:8:2107:4650:27129/2	100	1	100	smNRPS-CB	5945	790	889	100	1.63e-43
C65YPACXX150129:7:2316:14094:86398/2	101	1	100	smNRPS-CB	5945	3209	3308	100	1.63e-43
C65YPACXX150129:7:2316:2050:81632/1	101	100	1	smNRPS-CB	5945	786	885	100	1.63e-43
C65YPACXX150129:7:2316:2050:81632/2	101	1	100	smNRPS-CB	5945	786	885	100	1.63e-43
C65YPACXX150129:8:1101:11959:65535/1	101	100	1	smNRPS-CB	5945	2919	3018	100	1.63e-43
C65YPACXX150129:8:1101:11959:65535/2	101	1	100	smNRPS-CB	5945	2919	3018	100	1.63e-43
C65YPACXX150129:7:2202:9439:90413/2	100	1	100	smNRPS-CB	5945	2246	2345	100	1.63e-43
C65YPACXX150129:8:1206:6018:83851/1	101	101	1	smNRPS-CB	5945	855	955	100	4.53e-44
C65YPACXX150129:6:1312:17366:81597/2	101	101	1	smNRPS-CB	5945	5301	5401	100	4.53e-44
C65YPACXX150129:6:1212:3219:42473/1	101	1	101	smNRPS-CB	5945	795	895	100	4.53e-44
C65YPACXX150129:6:1110:15026:101099/1	101	1	101	smNRPS-CB	5945	1895	1995	100	4.53e-44
C65YPACXX150129:8:2203:3318:87335/2	101	101	1	smNRPS-CB	5945	1865	1965	100	4.53e-44
C65YPACXX150129:7:2202:5990:68563/1	101	1	101	smNRPS-CB	5945	145	245	100	4.53e-44
C65YPACXX150129:8:2315:5145:46060/2	101	101	1	smNRPS-CB	5945	2204	2304	100	4.53e-44
C65YPACXX150129:8:2113:19631:38377/2	101	1	101	smNRPS-CB	5945	3779	3879	100	4.53e-44
C65YPACXX150129:8:2208:4458:11658/2	101	101	1	smNRPS-CB	5945	2113	2213	100	4.53e-44
C65YPACXX150129:6:1110:14712:19426/1	101	101	1	smNRPS-CB	5945	751	851	100	4.53e-44
C65YPACXX150129:7:2315:12604:91451/2	101	1	101	smNRPS-CB	5945	3490	3590	100	4.53e-44
C65YPACXX150129:8:1111:9236:97477/2	101	101	1	smNRPS-CB	5945	822	922	100	4.53e-44
C65YPACXX150129:8:1112:18783:2930/1	101	1	101	smNRPS-CB	5945	804	904	100	4.53e-44
C65YPACXX150129:8:2314:3173:60810/2	101	101	1	smNRPS-CB	5945	1572	1672	100	4.53e-44
C65YPACXX150129:7:1312:12035:11978/1	101	1	101	smNRPS-CB	5945	3770	3870	100	4.53e-44
C65YPACXX150129:7:2113:6955:17290/1	101	101	1	smNRPS-CB	5945	3200	3300	100	4.53e-44
C65YPACXX150129:8:2204:8109:26931/2	101	101	1	smNRPS-CB	5945	1387	1487	100	4.53e-44
C65YPACXX150129:6:1309:7733:43479/2	101	1	101	smNRPS-CB	5945	2954	3054	100	4.53e-44
C65YPACXX150129:7:1301:14420:46895/2	101	101	1	smNRPS-CB	5945	793	893	100	4.53e-44
C65YPACXX150129:8:2212:10203:49976/2	101	1	101	smNRPS-CB	5945	3154	3254	100	4.53e-44
C65YPACXX150129:6:1207:7904:30136/2	101	1	101	smNRPS-CB	5945	1584	1684	100	4.53e-44
C65YPACXX150129:7:2203:3426:38411/1	101	1	101	smNRPS-CB	5945	5770	5870	100	4.53e-44
C65YPACXX150129:8:1112:10985:16919/1	101	1	101	smNRPS-CB	5945	4042	4142	100	4.53e-44
C65YPACXX150129:6:2315:7844:70612/2	101	1	101	smNRPS-CB	5945	2924	3024	100	4.53e-44
C65YPACXX150129:6:1312:20462:32821/1	101	1	101	smNRPS-CB	5945	5023	5123	100	4.53e-44
C65YPACXX150129:6:1312:20462:32821/2	101	101	1	smNRPS-CB	5945	5039	5139	100	4.53e-44
C65YPACXX150129:6:1207:7934:24163/2	101	1	101	smNRPS-CB	5945	3177	3277	100	4.53e-44
C65YPACXX150129:7:1110:11559:45011/1	101	1	101	smNRPS-CB	5945	2143	2243	100	4.53e-44
C65YPACXX150129:7:1110:11559:45011/2	101	101	1	smNRPS-CB	5945	2243	2343	100	4.53e-44
C65YPACXX150129:6:2316:14103:50292/2	101	101	1	smNRPS-CB	5945	4029	4129	100	4.53e-44
C65YPACXX150129:7:2101:10297:4089/1	101	1	101	smNRPS-CB	5945	2195	2295	100	4.53e-44
C65YPACXX150129:7:2201:19241:24959/1	101	101	1	smNRPS-CB	5945	4047	4147	100	4.53e-44
C65YPACXX150129:7:2101:2226:79249/1	101	1	101	smNRPS-CB	5945	2966	3066	100	4.53e-44
C65YPACXX150129:6:2302:1322:84415/1	101	1	101	smNRPS-CB	5945	5283	5383	100	4.53e-44
C65YPACXX150129:6:1309:18699:33440/2	101	1	101	smNRPS-CB	5945	3202	3302	100	4.53e-44
C65YPACXX150129:6:1111:7900:6316/1	101	1	101	smNRPS-CB	5945	5823	5923	100	4.53e-44
C65YPACXX150129:7:1204:7578:100483/2	101	1	101	smNRPS-CB	5945	880	980	100	4.53e-44
C65YPACXX150129:7:2312:3721:38024/2	101	1	101	smNRPS-CB	5945	822	922	100	4.53e-44
C65YPACXX150129:6:1106:8178:81239/1	101	101	1	smNRPS-CB	5945	5802	5902	100	4.53e-44
C65YPACXX150129:8:1309:2129:11461/1	101	101	1	smNRPS-CB	5945	1382	1482	100	4.53e-44
C65YPACXX150129:6:2101:19193:20265/1	101	1	101	smNRPS-CB	5945	5285	5385	100	4.53e-44
C65YPACXX150129:7:2112:16664:21914/2	101	1	101	smNRPS-CB	5945	2308	2408	100	4.53e-44
C65YPACXX150129:7:1107:17300:28682/1	101	1	101	smNRPS-CB	5945	1376	1476	100	4.53e-44
C65YPACXX150129:6:1102:19336:6996/1	101	1	101	smNRPS-CB	5945	812	912	100	4.53e-44
C65YPACXX150129:6:1102:19336:6996/2	101	101	1	smNRPS-CB	5945	869	969	100	4.53e-44
C65YPACXX150129:8:2314:10401:24315/1	101	101	1	smNRPS-CB	5945	601	701	100	4.53e-44
C65YPACXX150129:7:2202:15794:12320/1	101	1	101	smNRPS-CB	5945	776	876	100	4.53e-44
C65YPACXX150129:7:2202:15794:12320/2	101	101	1	smNRPS-CB	5945	807	907	100	4.53e-44
C65YPACXX150129:8:2208:7400:47809/1	101	101	1	smNRPS-CB	5945	5244	5344	100	4.53e-44
C65YPACXX150129:6:2211:3321:10204/2	101	101	1	smNRPS-CB	5945	2113	2213	100	4.53e-44
C65YPACXX150129:6:2215:6433:88447/1	101	1	101	smNRPS-CB	5945	822	922	100	4.53e-44
C65YPACXX150129:6:2207:10269:15292/1	101	1	101	smNRPS-CB	5945	2194	2294	100	4.53e-44
C65YPACXX150129:6:2207:10269:15292/2	101	101	1	smNRPS-CB	5945	2204	2304	100	4.53e-44
C65YPACXX150129:7:2304:8153:12149/2	101	101	1	smNRPS-CB	5945	722	822	100	4.53e-44
C65YPACXX150129:7:2214:9393:76224/1	101	1	101	smNRPS-CB	5945	2949	3049	100	4.53e-44
C65YPACXX150129:7:1212:5434:87154/2	101	1	101	smNRPS-CB	5945	5283	5383	100	4.53e-44
C65YPACXX150129:7:2210:13209:65057/1	101	101	1	smNRPS-CB	5945	1861	1961	100	4.53e-44
C65YPACXX150129:7:2210:13209:65057/2	101	1	101	smNRPS-CB	5945	1567	1667	100	4.53e-44
C65YPACXX150129:6:2202:17212:14560/1	101	1	101	smNRPS-CB	5945	1368	1468	100	4.53e-44
C65YPACXX150129:6:2304:14193:17418/1	101	1	101	smNRPS-CB	5945	2269	2369	100	4.53e-44
C65YPACXX150129:8:2113:16417:8316/1	101	101	1	smNRPS-CB	5945	5238	5338	100	4.53e-44
C65YPACXX150129:6:2312:5242:45101/1	101	1	101	smNRPS-CB	5945	2919	3019	100	4.53e-44
C65YPACXX150129:7:2311:6735:90129/2	101	1	101	smNRPS-CB	5945	588	688	100	4.53e-44
C65YPACXX150129:6:1316:15017:41864/1	101	101	1	smNRPS-CB	5945	5284	5384	100	4.53e-44
C65YPACXX150129:8:2210:2340:20954/1	101	101	1	smNRPS-CB	5945	2247	2347	100	4.53e-44
C65YPACXX150129:6:2207:4031:47389/1	101	1	101	smNRPS-CB	5945	3190	3290	100	4.53e-44
C65YPACXX150129:7:1116:1969:48373/2	101	1	101	smNRPS-CB	5945	5751	5851	100	4.53e-44
C65YPACXX150129:7:1212:9662:11016/1	101	101	1	smNRPS-CB	5945	2238	2338	100	4.53e-44
C65YPACXX150129:7:1212:9662:11016/2	101	1	101	smNRPS-CB	5945	2211	2311	100	4.53e-44
C65YPACXX150129:6:1215:3049:79962/1	101	101	1	smNRPS-CB	5945	4034	4134	100	4.53e-44
C65YPACXX150129:6:2312:16120:56861/1	101	101	1	smNRPS-CB	5945	2166	2266	100	4.53e-44
C65YPACXX150129:6:2312:16120:56861/2	101	1	101	smNRPS-CB	5945	2096	2196	100	4.53e-44
C65YPACXX150129:7:1105:12679:62713/1	101	101	1	smNRPS-CB	5945	1584	1684	100	4.53e-44
C65YPACXX150129:8:2312:4535:75291/1	101	1	101	smNRPS-CB	5945	2269	2369	100	4.53e-44
C65YPACXX150129:8:2312:4535:75291/2	101	101	1	smNRPS-CB	5945	2300	2400	100	4.53e-44
C65YPACXX150129:6:1314:5204:86876/2	101	1	101	smNRPS-CB	5945	2922	3022	100	4.53e-44
C65YPACXX150129:7:2101:5399:10266/2	101	101	1	smNRPS-CB	5945	745	845	100	4.53e-44
C65YPACXX150129:7:1314:15027:82830/1	101	101	1	smNRPS-CB	5945	5819	5919	100	4.53e-44
C65YPACXX150129:8:2207:8734:5881/2	101	1	101	smNRPS-CB	5945	1897	1997	100	4.53e-44
C65YPACXX150129:8:2110:8605:65978/1	101	101	1	smNRPS-CB	5945	5773	5873	100	4.53e-44
C65YPACXX150129:6:1309:14344:24338/1	101	1	101	smNRPS-CB	5945	5298	5398	100	4.53e-44
C65YPACXX150129:6:1310:12571:14316/1	101	1	101	smNRPS-CB	5945	2919	3019	100	4.53e-44
C65YPACXX150129:8:1203:19005:5200/2	101	1	101	smNRPS-CB	5945	2219	2319	100	4.53e-44
C65YPACXX150129:7:1115:16786:27964/1	101	1	101	smNRPS-CB	5945	3190	3290	100	4.53e-44
C65YPACXX150129:6:2301:19871:53178/1	101	101	1	smNRPS-CB	5945	5258	5358	100	4.53e-44
C65YPACXX150129:6:2301:19871:53178/2	101	1	101	smNRPS-CB	5945	5046	5146	100	4.53e-44
C65YPACXX150129:6:1311:4238:100436/1	101	101	1	smNRPS-CB	5945	126	226	100	4.53e-44
C65YPACXX150129:6:1112:3642:81145/2	101	1	101	smNRPS-CB	5945	5784	5884	100	4.53e-44
C65YPACXX150129:8:2215:13848:23391/2	101	1	101	smNRPS-CB	5945	3190	3290	100	4.53e-44
C65YPACXX150129:8:2201:12055:19214/2	101	101	1	smNRPS-CB	5945	5301	5401	100	4.53e-44
C65YPACXX150129:6:1104:3219:35607/1	101	101	1	smNRPS-CB	5945	2117	2217	100	4.53e-44
C65YPACXX150129:7:2109:7881:21222/1	101	101	1	smNRPS-CB	5945	2104	2204	100	4.53e-44
C65YPACXX150129:7:1110:6616:92955/2	101	101	1	smNRPS-CB	5945	1363	1463	100	4.53e-44
C65YPACXX150129:7:2111:8373:88629/2	101	101	1	smNRPS-CB	5945	5301	5401	100	4.53e-44
C65YPACXX150129:6:2111:5358:2918/2	101	1	101	smNRPS-CB	5945	3204	3304	100	4.53e-44
C65YPACXX150129:6:2315:15589:7995/2	101	1	101	smNRPS-CB	5945	5774	5874	100	4.53e-44
C65YPACXX150129:7:1310:6771:68245/1	101	101	1	smNRPS-CB	5945	5263	5363	100	4.53e-44
C65YPACXX150129:7:1309:13102:96420/2	101	101	1	smNRPS-CB	5945	5302	5402	100	4.53e-44
C65YPACXX150129:7:2105:11841:40011/1	101	101	1	smNRPS-CB	5945	3169	3269	100	4.53e-44
C65YPACXX150129:6:2202:10744:17138/2	101	101	1	smNRPS-CB	5945	2182	2282	100	4.53e-44
C65YPACXX150129:6:2103:17286:82464/1	101	1	101	smNRPS-CB	5945	3759	3859	100	4.53e-44
C65YPACXX150129:7:2114:8362:62666/1	101	1	101	smNRPS-CB	5945	3154	3254	100	4.53e-44
C65YPACXX150129:6:2316:4815:85729/2	101	101	1	smNRPS-CB	5945	5021	5121	100	4.53e-44
C65YPACXX150129:8:2208:17923:83371/2	101	1	101	smNRPS-CB	5945	3190	3290	100	4.53e-44
C65YPACXX150129:8:2206:10811:62329/2	101	1	101	smNRPS-CB	5945	2202	2302	100	4.53e-44
C65YPACXX150129:7:2214:6802:84038/1	101	1	101	smNRPS-CB	5945	1578	1678	100	4.53e-44
C65YPACXX150129:6:2210:12977:15277/2	101	101	1	smNRPS-CB	5945	1577	1677	100	4.53e-44
C65YPACXX150129:6:2102:1699:18242/1	101	101	1	smNRPS-CB	5945	745	845	100	4.53e-44
C65YPACXX150129:6:2102:1699:18242/2	101	1	101	smNRPS-CB	5945	729	829	100	4.53e-44
C65YPACXX150129:7:1204:10356:87589/1	101	1	101	smNRPS-CB	5945	5291	5391	100	4.53e-44
C65YPACXX150129:7:1308:15214:52817/1	101	1	101	smNRPS-CB	5945	860	960	100	4.53e-44
C65YPACXX150129:6:1114:8653:82993/1	101	1	101	smNRPS-CB	5945	4027	4127	100	4.53e-44
C65YPACXX150129:8:1216:10881:29884/1	101	101	1	smNRPS-CB	5945	5796	5896	100	4.53e-44
C65YPACXX150129:7:1205:2340:37327/1	101	101	1	smNRPS-CB	5945	1390	1490	100	4.53e-44
C65YPACXX150129:8:1208:4698:86051/1	101	1	101	smNRPS-CB	5945	4042	4142	100	4.53e-44
C65YPACXX150129:6:1214:9990:78462/1	101	101	1	smNRPS-CB	5945	1387	1487	100	4.53e-44
C65YPACXX150129:8:1309:7418:7758/1	101	1	101	smNRPS-CB	5945	2315	2415	100	4.53e-44
