C662FACXX150129:5:2209:10704:37938/2	88	1	88	smNRPS-CC	5875	3908	3995	98.864	3.11e-35
C662FACXX150129:5:1106:11095:22884/1	101	1	101	smNRPS-CC	5875	1474	1574	95.05	8.65e-36
C662FACXX150129:4:1215:17326:96669/2	101	101	1	smNRPS-CC	5875	2971	3071	97.03	3.99e-39
C662FACXX150129:4:1103:8258:3094/2	96	96	1	smNRPS-CC	5875	1184	1279	98.958	1.11e-39
C662FACXX150129:3:1206:15347:82028/2	100	100	1	smNRPS-CC	5875	4779	4878	98	3.09e-40
C662FACXX150129:7:1108:6207:56766/1	101	1	101	smNRPS-CC	5875	4234	4334	98.02	8.58e-41
C662FACXX150129:6:2303:15522:99822/2	101	101	1	smNRPS-CC	5875	4779	4879	98.02	8.58e-41
C662FACXX150129:5:2209:10704:37938/1	101	101	1	smNRPS-CC	5875	4229	4329	98.02	8.58e-41
C662FACXX150129:3:1206:15347:82028/1	101	3	101	smNRPS-CC	5875	4638	4736	98.99	2.39e-41
C662FACXX150129:6:2303:15522:99822/1	101	3	101	smNRPS-CC	5875	4638	4736	98.99	2.39e-41
C662FACXX150129:4:1215:17326:96669/1	99	1	99	smNRPS-CC	5875	2915	3013	98.99	2.39e-41
C662FACXX150129:3:1305:8553:52945/2	101	1	101	smNRPS-CC	5875	1211	1311	99.01	1.85e-42
C662FACXX150129:4:1103:8258:3094/1	101	1	101	smNRPS-CC	5875	991	1091	100	3.97e-44
C662FACXX150129:2:2107:19403:8370/1	101	1	64	smNRPS-CB	5945	5882	5945	96.875	3.21e-20
C662FACXX150129:3:1115:18156:93448/2	64	1	64	smNRPS-CB	5945	3084	3147	100	1.48e-23
C662FACXX150129:3:1215:16319:44290/1	80	1	80	smNRPS-CB	5945	1311	1390	96.25	1.91e-27
C662FACXX150129:4:1202:5229:84434/1	88	88	1	smNRPS-CB	5945	3428	3515	95.455	3.17e-30
C662FACXX150129:7:2202:8638:71907/2	101	101	10	smNRPS-CB	5945	1736	1823	95.652	2.45e-31
C662FACXX150129:3:2204:1538:38800/1	86	86	1	smNRPS-CB	5945	3524	3609	97.674	1.89e-32
C662FACXX150129:4:2102:14500:40219/1	94	94	1	smNRPS-CB	5945	3516	3609	96.809	3.15e-35
C662FACXX150129:6:2213:19250:68116/2	94	94	2	smNRPS-CB	5945	1049	1141	97.849	2.43e-36
C662FACXX150129:3:1312:16088:37802/2	90	1	90	smNRPS-CB	5945	4099	4188	98.889	2.43e-36
C662FACXX150129:4:1308:14468:3313/2	100	1	100	smNRPS-CB	5945	1138	1237	96	6.76e-37
C662FACXX150129:3:2204:1538:38800/2	101	1	101	smNRPS-CB	5945	3443	3543	96.04	1.88e-37
C662FACXX150129:4:2102:14500:40219/2	101	1	101	smNRPS-CB	5945	3443	3543	96.04	1.88e-37
C662FACXX150129:6:2302:8130:97224/2	101	1	101	smNRPS-CB	5945	1847	1948	96.078	1.88e-37
C662FACXX150129:6:2302:8130:97224/1	97	97	1	smNRPS-CB	5945	1848	1944	97.938	1.45e-38
C662FACXX150129:5:2314:19644:77121/1	101	101	1	smNRPS-CB	5945	520	620	97.03	4.04e-39
C662FACXX150129:3:1305:8553:52945/1	101	1	101	smNRPS-CB	5945	4550	4650	97.03	4.04e-39
C662FACXX150129:3:1306:18266:79639/1	101	98	1	smNRPS-CB	5945	1847	1944	97.959	4.04e-39
C662FACXX150129:3:1306:18266:79639/2	101	1	101	smNRPS-CB	5945	1847	1948	97.059	4.04e-39
C662FACXX150129:3:1302:15770:101091/1	101	98	1	smNRPS-CB	5945	1847	1944	97.959	4.04e-39
C662FACXX150129:3:1302:15770:101091/2	101	1	101	smNRPS-CB	5945	1847	1948	97.059	4.04e-39
C662FACXX150129:2:1116:8789:21709/1	101	1	101	smNRPS-CB	5945	5667	5767	97.03	4.04e-39
C662FACXX150129:4:1308:14468:3313/1	101	101	1	smNRPS-CB	5945	1219	1319	97.03	4.04e-39
C662FACXX150129:4:1202:5229:84434/2	97	1	97	smNRPS-CB	5945	3050	3146	98.969	3.12e-40
C662FACXX150129:3:2109:13519:21026/1	97	1	97	smNRPS-CB	5945	4760	4856	98.969	3.12e-40
C662FACXX150129:2:1102:17651:26847/1	100	100	1	smNRPS-CB	5945	4157	4256	98	3.12e-40
C662FACXX150129:3:1115:18156:93448/1	95	95	1	smNRPS-CB	5945	3189	3283	100	8.69e-41
C662FACXX150129:5:1106:11095:22884/2	98	1	98	smNRPS-CB	5945	4099	4196	98.98	8.69e-41
C662FACXX150129:3:1110:6078:76548/2	101	1	101	smNRPS-CB	5945	1636	1736	98.02	8.69e-41
C662FACXX150129:7:2202:8638:71907/1	101	1	101	smNRPS-CB	5945	1634	1734	98.02	8.69e-41
C662FACXX150129:2:1209:12826:62415/2	101	101	1	smNRPS-CB	5945	3096	3196	98.02	8.69e-41
C662FACXX150129:7:1108:6207:56766/2	101	1	101	smNRPS-CB	5945	1500	1600	99.01	1.87e-42
C662FACXX150129:5:2107:11461:89354/1	101	101	1	smNRPS-CB	5945	1662	1762	99.01	1.87e-42
C662FACXX150129:5:2107:11461:89354/2	101	1	101	smNRPS-CB	5945	1536	1636	99.01	1.87e-42
C662FACXX150129:3:1215:16319:44290/2	101	101	1	smNRPS-CB	5945	1616	1716	99.01	1.87e-42
C662FACXX150129:6:1116:18139:11397/1	101	101	1	smNRPS-CB	5945	1662	1762	99.01	1.87e-42
C662FACXX150129:6:1116:18139:11397/2	101	1	101	smNRPS-CB	5945	1536	1636	99.01	1.87e-42
C662FACXX150129:3:2205:12957:62741/1	101	1	101	smNRPS-CB	5945	5742	5842	99.01	1.87e-42
C662FACXX150129:2:1116:8789:21709/2	101	101	1	smNRPS-CB	5945	5710	5810	99.01	1.87e-42
C662FACXX150129:6:2209:16002:30100/2	101	101	1	smNRPS-CB	5945	2369	2469	99.01	1.87e-42
C662FACXX150129:7:1105:1721:86169/1	101	1	101	smNRPS-CB	5945	5071	5171	99.01	1.87e-42
C662FACXX150129:7:2312:18973:68410/1	101	101	1	smNRPS-CB	5945	2667	2767	99.01	1.87e-42
C662FACXX150129:7:2312:18973:68410/2	101	1	101	smNRPS-CB	5945	2634	2734	99.01	1.87e-42
C662FACXX150129:2:1209:12826:62415/1	101	1	101	smNRPS-CB	5945	2809	2909	99.01	1.87e-42
C662FACXX150129:6:2213:19250:68116/1	101	1	101	smNRPS-CB	5945	937	1037	100	4.01e-44
C662FACXX150129:6:2209:16002:30100/1	101	1	101	smNRPS-CB	5945	2195	2295	100	4.01e-44
C662FACXX150129:7:1105:1721:86169/2	101	101	1	smNRPS-CB	5945	5284	5384	100	4.01e-44
