C662FACXX150129:3:2306:15010:44726/2	64	64	3	smNRPS-CC	5875	1259	1320	100	1.82e-22
C662FACXX150129:5:2115:2103:48502/1	95	94	33	smNRPS-CC	5875	5814	5875	100	1.82e-22
C662FACXX150129:5:2115:2103:48502/2	101	1	62	smNRPS-CC	5875	5814	5875	100	1.82e-22
C662FACXX150129:7:1205:17808:35101/2	101	1	69	smNRPS-CC	5875	5807	5875	98.551	1.09e-24
C662FACXX150129:2:1110:3603:97935/2	66	66	1	smNRPS-CC	5875	1226	1291	100	1.09e-24
C662FACXX150129:5:2313:16811:73835/2	76	76	3	smNRPS-CC	5875	1274	1347	97.297	8.41e-26
C662FACXX150129:7:1211:10800:83250/2	99	1	68	smNRPS-CC	5875	5808	5875	100	8.41e-26
C662FACXX150129:2:2303:8003:72445/1	79	79	1	smNRPS-CC	5875	1249	1327	98.734	3e-30
C662FACXX150129:6:1205:5420:94445/1	77	1	77	smNRPS-CC	5875	1226	1302	100	8.35e-31
C662FACXX150129:6:1303:8299:44108/2	101	1	79	smNRPS-CC	5875	5797	5875	100	6.45e-32
C662FACXX150129:5:2314:20411:10035/1	83	83	2	smNRPS-CC	5875	5794	5875	100	1.39e-33
C662FACXX150129:4:2109:17867:60068/2	90	1	90	smNRPS-CC	5875	5288	5377	97.778	1.07e-34
C662FACXX150129:3:1215:14330:22601/2	101	1	101	smNRPS-CC	5875	1514	1614	95.05	8.29e-36
C662FACXX150129:6:1104:16470:62208/1	101	1	101	smNRPS-CC	5875	1474	1574	95.05	8.29e-36
C662FACXX150129:2:2102:12242:47982/1	101	1	101	smNRPS-CC	5875	1511	1611	95.05	8.29e-36
C662FACXX150129:4:1105:4518:99334/1	101	1	101	smNRPS-CC	5875	1474	1574	95.05	8.29e-36
C662FACXX150129:4:1309:7877:88539/1	101	1	101	smNRPS-CC	5875	1511	1611	95.05	8.29e-36
C662FACXX150129:4:2112:5394:31588/2	101	1	98	smNRPS-CC	5875	455	552	96.939	1.78e-37
C662FACXX150129:7:1107:11533:92748/1	101	1	101	smNRPS-CC	5875	1533	1633	96.04	1.78e-37
C662FACXX150129:4:2112:5394:31588/1	96	96	1	smNRPS-CC	5875	457	552	97.917	4.95e-38
C662FACXX150129:6:1104:2326:29859/2	95	1	95	smNRPS-CC	5875	653	747	98.947	3.83e-39
C662FACXX150129:4:2303:11724:76322/2	101	101	1	smNRPS-CC	5875	1536	1636	97.03	3.83e-39
C662FACXX150129:2:2210:12659:100821/1	101	96	1	smNRPS-CC	5875	1551	1646	98.958	1.06e-39
C662FACXX150129:2:2102:12242:47982/2	101	101	5	smNRPS-CC	5875	1551	1647	98.969	2.96e-40
C662FACXX150129:4:1309:7877:88539/2	101	101	5	smNRPS-CC	5875	1551	1647	98.969	2.96e-40
C662FACXX150129:7:2315:18927:9825/1	101	1	101	smNRPS-CC	5875	403	503	98.02	8.23e-41
C662FACXX150129:5:1213:9744:48150/1	101	101	1	smNRPS-CC	5875	1186	1286	98.02	8.23e-41
C662FACXX150129:5:2313:16811:73835/1	101	1	99	smNRPS-CC	5875	1235	1333	98.99	2.29e-41
C662FACXX150129:6:2215:10825:43790/1	101	1	101	smNRPS-CC	5875	457	557	99.01	1.77e-42
C662FACXX150129:7:2208:4724:18371/2	101	101	1	smNRPS-CC	5875	1862	1962	99.01	1.77e-42
C662FACXX150129:7:1212:2919:71195/1	101	101	1	smNRPS-CC	5875	1214	1314	99.01	1.77e-42
C662FACXX150129:6:2210:10499:85726/2	101	101	1	smNRPS-CC	5875	612	712	100	3.8e-44
C662FACXX150129:5:1306:18934:76420/2	101	101	1	smNRPS-CC	5875	612	712	100	3.8e-44
C662FACXX150129:7:1205:17808:35101/1	101	48	101	smNRPS-CB	5945	1	54	100	5.16e-18
C662FACXX150129:2:2307:15137:95369/1	65	65	1	smNRPS-CB	5945	5128	5192	98.462	1.84e-22
C662FACXX150129:4:2203:18465:14054/1	68	1	68	smNRPS-CB	5945	1112	1179	97.059	1.84e-22
C662FACXX150129:2:2315:17084:24482/1	72	72	1	smNRPS-CB	5945	3303	3374	95.833	5.12e-23
C662FACXX150129:6:2307:18044:77737/1	69	1	69	smNRPS-CB	5945	3341	3409	97.101	5.12e-23
C662FACXX150129:3:2302:8488:30744/2	65	1	65	smNRPS-CB	5945	1007	1071	100	3.96e-24
C662FACXX150129:4:1307:2047:13629/2	68	1	68	smNRPS-CB	5945	1029	1096	98.529	3.96e-24
C662FACXX150129:2:2316:4853:84842/1	101	33	98	smNRPS-CB	5945	1	66	100	1.1e-24
C662FACXX150129:3:1205:17531:87765/1	101	33	98	smNRPS-CB	5945	1	66	100	1.1e-24
C662FACXX150129:6:1307:16839:68113/1	70	1	70	smNRPS-CB	5945	321	390	98.571	3.06e-25
C662FACXX150129:2:1115:13632:34007/1	67	1	67	smNRPS-CB	5945	288	354	100	3.06e-25
C662FACXX150129:2:2206:20951:51866/2	71	71	1	smNRPS-CB	5945	3003	3073	98.592	8.51e-26
C662FACXX150129:3:2205:15221:75030/1	68	68	1	smNRPS-CB	5945	138	205	100	8.51e-26
C662FACXX150129:6:2102:5061:24318/2	72	72	1	smNRPS-CB	5945	3002	3073	98.611	2.37e-26
C662FACXX150129:7:2312:10649:28851/1	72	72	1	smNRPS-CB	5945	5095	5166	98.611	2.37e-26
C662FACXX150129:7:2307:1764:80782/2	76	76	1	smNRPS-CB	5945	5142	5217	97.368	6.58e-27
C662FACXX150129:2:1101:8184:22400/1	82	1	82	smNRPS-CB	5945	4965	5047	95.181	6.58e-27
C662FACXX150129:2:1309:16276:65863/2	74	74	1	smNRPS-CB	5945	2396	2469	98.649	1.83e-27
C662FACXX150129:4:2215:14850:51216/1	72	1	72	smNRPS-CB	5945	827	898	100	5.09e-28
C662FACXX150129:3:2310:1647:27707/2	76	1	76	smNRPS-CB	5945	346	421	98.684	1.41e-28
C662FACXX150129:2:2303:8003:72445/2	82	82	1	smNRPS-CB	5945	4899	4980	96.341	1.41e-28
C662FACXX150129:7:2215:5149:22362/1	82	1	82	smNRPS-CB	5945	1102	1183	97.561	3.04e-30
C662FACXX150129:7:1302:16009:46344/1	88	88	1	smNRPS-CB	5945	3680	3767	95.455	3.04e-30
C662FACXX150129:5:2104:13977:30539/2	76	76	1	smNRPS-CB	5945	4054	4129	100	3.04e-30
C662FACXX150129:6:1214:9864:32176/2	79	1	79	smNRPS-CB	5945	2501	2579	98.734	3.04e-30
C662FACXX150129:3:1205:17531:87765/2	80	80	1	smNRPS-CB	5945	358	437	98.75	8.45e-31
C662FACXX150129:6:2308:11564:8795/2	83	83	1	smNRPS-CB	5945	2492	2574	97.59	8.45e-31
C662FACXX150129:2:2315:17084:24482/2	80	1	80	smNRPS-CB	5945	2552	2631	98.75	8.45e-31
C662FACXX150129:7:1201:16964:39299/1	83	1	83	smNRPS-CB	5945	1152	1234	97.59	8.45e-31
C662FACXX150129:3:2302:8488:30744/1	88	88	1	smNRPS-CB	5945	1098	1185	96.591	6.53e-32
C662FACXX150129:4:1109:15727:75501/1	82	1	82	smNRPS-CB	5945	5766	5847	98.78	6.53e-32
C662FACXX150129:4:2213:13642:95053/1	82	82	1	smNRPS-CB	5945	4819	4900	98.78	6.53e-32
C662FACXX150129:7:2307:16349:24606/1	82	82	1	smNRPS-CB	5945	3361	3442	98.78	6.53e-32
C662FACXX150129:5:2203:10921:89389/1	81	81	2	smNRPS-CB	5945	2988	3067	100	1.82e-32
C662FACXX150129:5:1103:17203:59177/1	86	1	86	smNRPS-CB	5945	4493	4578	97.674	1.82e-32
C662FACXX150129:7:2307:10241:79577/2	81	1	81	smNRPS-CB	5945	2325	2405	100	5.05e-33
C662FACXX150129:5:2108:16749:29510/1	87	1	87	smNRPS-CB	5945	3505	3591	97.701	5.05e-33
C662FACXX150129:5:1213:9744:48150/2	94	94	1	smNRPS-CB	5945	4856	4949	95.745	1.4e-33
C662FACXX150129:5:1113:6150:89575/1	94	88	1	smNRPS-CB	5945	4723	4810	97.727	1.4e-33
C662FACXX150129:3:2202:20664:36830/1	82	1	82	smNRPS-CB	5945	2656	2737	100	1.4e-33
C662FACXX150129:4:2209:6912:73279/1	91	91	1	smNRPS-CB	5945	3875	3965	96.703	1.4e-33
C662FACXX150129:3:2210:11391:49886/1	83	1	83	smNRPS-CB	5945	4052	4134	100	3.9e-34
C662FACXX150129:4:1114:10448:5520/2	92	92	1	smNRPS-CB	5945	3806	3897	96.739	3.9e-34
C662FACXX150129:6:2109:18790:31513/2	86	1	86	smNRPS-CB	5945	4760	4845	98.837	3.9e-34
C662FACXX150129:7:1315:7067:92822/2	95	1	95	smNRPS-CB	5945	4883	4977	95.789	3.9e-34
C662FACXX150129:7:1213:6274:26397/1	83	1	83	smNRPS-CB	5945	786	868	100	3.9e-34
C662FACXX150129:6:2105:1483:91422/1	96	1	96	smNRPS-CB	5945	5628	5723	95.833	1.09e-34
C662FACXX150129:5:1210:3654:62270/2	84	1	84	smNRPS-CB	5945	2301	2384	100	1.09e-34
C662FACXX150129:5:1305:8252:28052/2	90	1	90	smNRPS-CB	5945	2578	2667	97.778	1.09e-34
C662FACXX150129:2:1310:3822:58585/1	85	85	2	smNRPS-CB	5945	1008	1091	100	1.09e-34
C662FACXX150129:6:2303:11211:87103/1	93	1	93	smNRPS-CB	5945	3399	3491	96.774	1.09e-34
C662FACXX150129:7:1216:5731:2940/1	88	88	1	smNRPS-CB	5945	423	510	98.864	3.02e-35
C662FACXX150129:5:1306:5657:86614/1	101	97	1	smNRPS-CB	5945	2001	2097	95.876	3.02e-35
C662FACXX150129:4:2316:13799:60700/1	99	97	1	smNRPS-CB	5945	4935	5031	95.876	3.02e-35
C662FACXX150129:7:2206:2854:73250/2	88	1	88	smNRPS-CB	5945	4126	4213	98.864	3.02e-35
C662FACXX150129:3:1212:9476:18069/1	85	1	85	smNRPS-CB	5945	2264	2348	100	3.02e-35
C662FACXX150129:2:1312:9639:98964/1	101	101	11	smNRPS-CB	5945	3592	3682	97.802	3.02e-35
C662FACXX150129:5:2309:14929:73845/1	101	1	101	smNRPS-CB	5945	4929	5029	95.05	8.39e-36
C662FACXX150129:6:2102:5061:24318/1	86	1	86	smNRPS-CB	5945	2939	3024	100	8.39e-36
C662FACXX150129:2:2111:4590:32571/1	101	101	1	smNRPS-CB	5945	4710	4810	95.05	8.39e-36
C662FACXX150129:3:1308:12186:37494/1	101	101	1	smNRPS-CB	5945	5560	5660	95.05	8.39e-36
C662FACXX150129:6:1104:20256:87633/1	101	95	1	smNRPS-CB	5945	4935	5029	96.842	8.39e-36
C662FACXX150129:7:2307:1764:80782/1	101	1	101	smNRPS-CB	5945	4916	5016	95.05	8.39e-36
C662FACXX150129:4:2207:4088:45897/1	101	92	1	smNRPS-CB	5945	3942	4033	97.826	8.39e-36
C662FACXX150129:7:2109:4171:27355/1	95	1	95	smNRPS-CB	5945	3506	3600	96.842	8.39e-36
C662FACXX150129:5:2206:1439:4462/1	90	1	89	smNRPS-CB	5945	2549	2637	98.876	8.39e-36
C662FACXX150129:4:2108:11233:90458/1	95	1	95	smNRPS-CB	5945	517	611	96.842	8.39e-36
C662FACXX150129:7:1305:16930:70489/2	101	1	101	smNRPS-CB	5945	4929	5029	95.05	8.39e-36
C662FACXX150129:4:1316:19627:35063/2	90	1	90	smNRPS-CB	5945	3776	3865	98.889	2.33e-36
C662FACXX150129:5:1306:5657:86614/2	100	1	99	smNRPS-CB	5945	2001	2099	95.96	2.33e-36
C662FACXX150129:7:2209:20744:75196/1	101	93	1	smNRPS-CB	5945	3647	3739	97.849	2.33e-36
C662FACXX150129:3:1201:15286:46396/1	100	99	1	smNRPS-CB	5945	3466	3564	95.96	2.33e-36
C662FACXX150129:2:2204:5988:27423/1	101	94	1	smNRPS-CB	5945	532	625	97.872	6.49e-37
C662FACXX150129:4:1114:10448:5520/1	99	1	94	smNRPS-CB	5945	3660	3753	97.872	6.49e-37
C662FACXX150129:4:1208:1223:86322/1	101	94	1	smNRPS-CB	5945	1968	2061	97.872	6.49e-37
C662FACXX150129:4:1208:1223:86322/2	101	1	94	smNRPS-CB	5945	1968	2061	97.872	6.49e-37
C662FACXX150129:6:1114:12208:84830/1	101	94	1	smNRPS-CB	5945	2442	2535	97.872	6.49e-37
C662FACXX150129:7:1107:11533:92748/2	97	1	97	smNRPS-CB	5945	3708	3804	96.907	6.49e-37
C662FACXX150129:4:2302:19081:61774/1	91	91	1	smNRPS-CB	5945	30	120	98.901	6.49e-37
C662FACXX150129:5:1109:15463:87789/1	101	1	101	smNRPS-CB	5945	3429	3529	96.04	1.8e-37
C662FACXX150129:5:2113:9691:60694/1	101	1	95	smNRPS-CB	5945	4837	4931	97.895	1.8e-37
C662FACXX150129:5:2307:4343:34297/1	101	1	101	smNRPS-CB	5945	3543	3643	96.04	1.8e-37
C662FACXX150129:2:2204:5988:27423/2	101	1	95	smNRPS-CB	5945	532	626	97.895	1.8e-37
C662FACXX150129:5:2315:16677:89136/1	101	101	1	smNRPS-CB	5945	3562	3662	96.04	1.8e-37
C662FACXX150129:5:1304:12996:44989/1	101	1	101	smNRPS-CB	5945	3406	3506	96.04	1.8e-37
C662FACXX150129:3:2313:18750:7296/1	101	1	101	smNRPS-CB	5945	3608	3708	96.04	1.8e-37
C662FACXX150129:2:2206:19919:97159/1	101	101	1	smNRPS-CB	5945	3667	3767	96.04	1.8e-37
C662FACXX150129:2:2206:19919:97159/2	101	1	101	smNRPS-CB	5945	3660	3760	96.04	1.8e-37
C662FACXX150129:2:1103:19955:31386/1	101	101	1	smNRPS-CB	5945	5002	5102	96.04	1.8e-37
C662FACXX150129:4:2305:14483:17324/1	101	1	101	smNRPS-CB	5945	4872	4972	96.04	1.8e-37
C662FACXX150129:2:2204:10972:89998/2	101	1	101	smNRPS-CB	5945	5675	5775	96.04	1.8e-37
C662FACXX150129:3:2307:20220:15158/1	101	1	101	smNRPS-CB	5945	4872	4972	96.04	1.8e-37
C662FACXX150129:6:1211:7184:74074/2	101	1	101	smNRPS-CB	5945	4883	4983	96.04	1.8e-37
C662FACXX150129:7:1105:16152:96882/2	101	1	101	smNRPS-CB	5945	3443	3543	96.04	1.8e-37
C662FACXX150129:7:2306:6170:30459/1	101	101	1	smNRPS-CB	5945	5623	5723	96.04	1.8e-37
C662FACXX150129:7:2211:15400:91929/2	101	1	101	smNRPS-CB	5945	4883	4983	96.04	1.8e-37
C662FACXX150129:2:1309:16276:65863/1	95	1	95	smNRPS-CB	5945	1969	2063	97.895	1.8e-37
C662FACXX150129:6:1114:12208:84830/2	101	1	95	smNRPS-CB	5945	2442	2536	97.895	1.8e-37
C662FACXX150129:3:1309:7343:91904/1	89	1	89	smNRPS-CB	5945	1369	1457	100	1.8e-37
C662FACXX150129:4:2101:4786:8694/2	94	1	92	smNRPS-CB	5945	4090	4181	98.913	1.8e-37
C662FACXX150129:5:2113:9691:60694/2	96	96	1	smNRPS-CB	5945	5188	5283	97.917	5.01e-38
C662FACXX150129:4:1316:19627:35063/1	90	90	1	smNRPS-CB	5945	3786	3875	100	5.01e-38
C662FACXX150129:5:2104:17123:38143/2	93	1	93	smNRPS-CB	5945	1337	1429	98.925	5.01e-38
C662FACXX150129:2:2204:15640:40036/1	101	1	99	smNRPS-CB	5945	3875	3973	96.97	5.01e-38
C662FACXX150129:5:2204:1529:6856/1	96	1	96	smNRPS-CB	5945	551	646	97.917	5.01e-38
C662FACXX150129:7:1216:5731:2940/2	94	1	94	smNRPS-CB	5945	289	382	98.936	1.39e-38
C662FACXX150129:7:1211:5825:19282/2	97	94	1	smNRPS-CB	5945	2834	2927	98.936	1.39e-38
C662FACXX150129:5:2104:17123:38143/1	97	97	1	smNRPS-CB	5945	1445	1541	97.938	1.39e-38
C662FACXX150129:7:1302:16009:46344/2	101	2	101	smNRPS-CB	5945	3484	3583	97	1.39e-38
C662FACXX150129:7:2306:6170:30459/2	100	1	100	smNRPS-CB	5945	5106	5205	97	1.39e-38
C662FACXX150129:5:1306:18934:76420/1	100	100	1	smNRPS-CB	5945	5489	5588	97	1.39e-38
C662FACXX150129:4:2110:4153:39506/1	101	101	1	smNRPS-CB	5945	4557	4657	97.03	3.88e-39
C662FACXX150129:7:1309:14302:67413/2	101	1	101	smNRPS-CB	5945	4965	5065	97.03	3.88e-39
C662FACXX150129:5:2103:9398:90393/1	101	98	1	smNRPS-CB	5945	3310	3407	97.959	3.88e-39
C662FACXX150129:2:2111:4590:32571/2	101	1	101	smNRPS-CB	5945	4584	4684	97.03	3.88e-39
C662FACXX150129:3:1111:17989:96782/1	101	1	101	smNRPS-CB	5945	3056	3156	97.03	3.88e-39
C662FACXX150129:6:1104:2326:29859/1	101	1	101	smNRPS-CB	5945	4887	4987	97.03	3.88e-39
C662FACXX150129:7:2208:4724:18371/1	101	98	1	smNRPS-CB	5945	4171	4268	97.959	3.88e-39
C662FACXX150129:7:2108:4283:20683/2	101	1	98	smNRPS-CB	5945	5652	5749	97.959	3.88e-39
C662FACXX150129:2:1103:19955:31386/2	101	1	101	smNRPS-CB	5945	5001	5101	97.03	3.88e-39
C662FACXX150129:2:2209:2369:76787/1	101	1	98	smNRPS-CB	5945	3271	3368	97.959	3.88e-39
C662FACXX150129:2:2209:2369:76787/2	101	101	1	smNRPS-CB	5945	3304	3404	97.03	3.88e-39
C662FACXX150129:4:2305:14483:17324/2	101	101	1	smNRPS-CB	5945	4955	5055	97.03	3.88e-39
C662FACXX150129:3:2307:20220:15158/2	101	101	1	smNRPS-CB	5945	4955	5055	97.03	3.88e-39
C662FACXX150129:6:1107:16630:45948/2	101	101	1	smNRPS-CB	5945	3289	3389	97.03	3.88e-39
C662FACXX150129:7:1105:16152:96882/1	101	101	1	smNRPS-CB	5945	3515	3615	97.03	3.88e-39
C662FACXX150129:3:2104:4012:97604/2	100	100	3	smNRPS-CB	5945	4513	4610	97.959	3.88e-39
C662FACXX150129:5:1113:6150:89575/2	101	1	101	smNRPS-CB	5945	4584	4684	97.03	3.88e-39
C662FACXX150129:5:2104:13977:30539/1	101	1	101	smNRPS-CB	5945	3832	3932	97.03	3.88e-39
C662FACXX150129:6:2109:11321:29889/1	101	1	101	smNRPS-CB	5945	4975	5075	97.03	3.88e-39
C662FACXX150129:4:2114:17265:88092/1	101	1	95	smNRPS-CB	5945	786	880	98.947	3.88e-39
C662FACXX150129:4:2114:17265:88092/2	101	95	1	smNRPS-CB	5945	786	880	98.947	3.88e-39
C662FACXX150129:5:1212:7608:18794/1	101	1	101	smNRPS-CB	5945	4975	5075	97.03	3.88e-39
C662FACXX150129:7:1314:16669:30817/2	101	1	101	smNRPS-CB	5945	3803	3903	97.03	3.88e-39
C662FACXX150129:4:1216:7531:99553/2	95	1	95	smNRPS-CB	5945	288	382	98.947	3.88e-39
C662FACXX150129:7:2314:19622:74747/1	101	101	1	smNRPS-CB	5945	3562	3662	97.03	3.88e-39
C662FACXX150129:3:1111:17167:96310/1	101	101	1	smNRPS-CB	5945	3062	3162	97.03	3.88e-39
C662FACXX150129:6:2314:14847:27136/1	101	1	101	smNRPS-CB	5945	5135	5235	97.03	3.88e-39
C662FACXX150129:3:1316:13487:5498/1	101	1	101	smNRPS-CB	5945	3813	3913	97.03	3.88e-39
C662FACXX150129:6:1307:1813:21317/1	101	1	101	smNRPS-CB	5945	3605	3705	97.03	3.88e-39
C662FACXX150129:6:2107:18567:23344/1	101	101	1	smNRPS-CB	5945	3601	3701	97.03	3.88e-39
C662FACXX150129:5:2307:4343:34297/2	101	99	1	smNRPS-CB	5945	3621	3719	97.98	1.08e-39
C662FACXX150129:3:2116:11622:80013/2	96	96	1	smNRPS-CB	5945	4106	4201	98.958	1.08e-39
C662FACXX150129:7:2209:16995:5453/2	96	1	96	smNRPS-CB	5945	3216	3312	98.969	1.08e-39
C662FACXX150129:2:1102:18336:76254/1	101	101	2	smNRPS-CB	5945	3269	3368	98	3e-40
C662FACXX150129:2:1102:18336:76254/2	97	1	97	smNRPS-CB	5945	2912	3008	98.969	3e-40
C662FACXX150129:3:1203:3546:26509/1	97	1	97	smNRPS-CB	5945	2703	2799	98.969	3e-40
C662FACXX150129:6:1305:4311:75904/2	101	100	1	smNRPS-CB	5945	4505	4604	98	3e-40
C662FACXX150129:3:1203:3774:3837/1	100	100	1	smNRPS-CB	5945	3328	3427	98	3e-40
C662FACXX150129:3:1201:4572:48569/1	100	100	1	smNRPS-CB	5945	3938	4037	98	3e-40
C662FACXX150129:7:2202:4176:48108/1	101	1	97	smNRPS-CB	5945	103	199	98.969	3e-40
C662FACXX150129:7:2202:4176:48108/2	101	97	1	smNRPS-CB	5945	103	199	98.969	3e-40
C662FACXX150129:2:2308:15231:87372/2	101	1	100	smNRPS-CB	5945	2427	2526	98	3e-40
C662FACXX150129:3:1111:17167:96310/2	101	1	97	smNRPS-CB	5945	3051	3147	98.969	3e-40
C662FACXX150129:5:1108:5486:87340/1	97	97	1	smNRPS-CB	5945	946	1042	98.969	3e-40
C662FACXX150129:5:1210:3654:62270/1	101	101	1	smNRPS-CB	5945	2438	2538	98.02	8.33e-41
C662FACXX150129:3:2103:18837:15634/2	101	101	1	smNRPS-CB	5945	2520	2620	98.02	8.33e-41
C662FACXX150129:4:1310:6405:78545/1	101	101	1	smNRPS-CB	5945	4493	4593	98.02	8.33e-41
C662FACXX150129:7:2113:4384:48361/2	101	101	1	smNRPS-CB	5945	32	132	98.02	8.33e-41
C662FACXX150129:4:1213:5202:56611/2	101	1	101	smNRPS-CB	5945	60	160	98.02	8.33e-41
C662FACXX150129:3:2309:19633:40387/1	101	1	101	smNRPS-CB	5945	3073	3173	98.02	8.33e-41
C662FACXX150129:3:2210:11391:49886/2	101	101	1	smNRPS-CB	5945	4101	4201	98.02	8.33e-41
C662FACXX150129:6:2116:5961:62999/1	101	1	101	smNRPS-CB	5945	2051	2151	98.02	8.33e-41
C662FACXX150129:3:1203:3774:3837/2	101	1	101	smNRPS-CB	5945	3264	3364	98.02	8.33e-41
C662FACXX150129:7:1202:16288:54312/1	98	1	98	smNRPS-CB	5945	5742	5839	98.98	8.33e-41
C662FACXX150129:6:2210:10499:85726/1	101	101	1	smNRPS-CB	5945	5488	5588	98.02	8.33e-41
C662FACXX150129:2:2113:12145:26474/1	101	1	101	smNRPS-CB	5945	5479	5579	98.02	8.33e-41
C662FACXX150129:2:2113:12145:26474/2	101	101	1	smNRPS-CB	5945	5701	5801	98.02	8.33e-41
C662FACXX150129:3:1308:12186:37494/2	101	1	101	smNRPS-CB	5945	5479	5579	98.02	8.33e-41
C662FACXX150129:5:2315:16677:89136/2	101	1	101	smNRPS-CB	5945	3506	3606	98.02	8.33e-41
C662FACXX150129:6:2102:8770:94984/2	95	1	95	smNRPS-CB	5945	3214	3308	100	8.33e-41
C662FACXX150129:5:1304:12996:44989/2	101	101	1	smNRPS-CB	5945	3639	3739	98.02	8.33e-41
C662FACXX150129:3:1201:4572:48569/2	101	1	101	smNRPS-CB	5945	3739	3839	98.02	8.33e-41
C662FACXX150129:2:2115:18492:99121/1	101	101	1	smNRPS-CB	5945	3937	4037	98.02	8.33e-41
C662FACXX150129:2:2115:18492:99121/2	101	1	101	smNRPS-CB	5945	3739	3839	98.02	8.33e-41
C662FACXX150129:7:2313:10124:59129/2	101	1	101	smNRPS-CB	5945	632	732	98.02	8.33e-41
C662FACXX150129:7:2213:6166:42008/2	101	101	1	smNRPS-CB	5945	5183	5283	98.02	8.33e-41
C662FACXX150129:3:2116:11622:80013/1	101	1	101	smNRPS-CB	5945	3637	3737	98.02	8.33e-41
C662FACXX150129:3:1311:10541:25022/2	101	101	1	smNRPS-CB	5945	5118	5218	98.02	8.33e-41
C662FACXX150129:5:2214:8739:86493/1	101	101	1	smNRPS-CB	5945	2829	2929	98.02	8.33e-41
C662FACXX150129:5:2105:7110:11758/1	101	101	1	smNRPS-CB	5945	3327	3427	98.02	8.33e-41
C662FACXX150129:5:2105:7110:11758/2	101	1	101	smNRPS-CB	5945	3264	3364	98.02	8.33e-41
C662FACXX150129:6:1211:7184:74074/1	101	101	1	smNRPS-CB	5945	5010	5110	98.02	8.33e-41
C662FACXX150129:6:1107:16630:45948/1	101	1	101	smNRPS-CB	5945	3243	3343	98.02	8.33e-41
C662FACXX150129:4:1307:2047:13629/1	101	101	1	smNRPS-CB	5945	1479	1579	98.02	8.33e-41
C662FACXX150129:6:2109:18790:31513/1	101	101	1	smNRPS-CB	5945	4829	4929	98.02	8.33e-41
C662FACXX150129:6:2109:11321:29889/2	101	101	1	smNRPS-CB	5945	5161	5261	98.02	8.33e-41
C662FACXX150129:5:2101:4655:80942/1	101	101	1	smNRPS-CB	5945	1945	2045	98.02	8.33e-41
C662FACXX150129:5:2101:4655:80942/2	101	1	101	smNRPS-CB	5945	1943	2043	98.02	8.33e-41
C662FACXX150129:4:2209:20539:35688/2	101	1	101	smNRPS-CB	5945	3079	3179	98.02	8.33e-41
C662FACXX150129:7:2211:15400:91929/1	101	101	1	smNRPS-CB	5945	5010	5110	98.02	8.33e-41
C662FACXX150129:6:2213:10861:29106/2	101	101	1	smNRPS-CB	5945	4101	4201	98.02	8.33e-41
C662FACXX150129:7:2209:16995:5453/1	101	101	1	smNRPS-CB	5945	3248	3348	98.02	8.33e-41
C662FACXX150129:7:1301:3057:25108/2	98	98	1	smNRPS-CB	5945	5094	5191	98.98	8.33e-41
C662FACXX150129:5:1316:6519:51124/2	95	95	1	smNRPS-CB	5945	730	824	100	8.33e-41
C662FACXX150129:7:2314:19622:74747/2	101	1	101	smNRPS-CB	5945	3506	3606	98.02	8.33e-41
C662FACXX150129:2:2207:19402:27378/1	101	1	101	smNRPS-CB	5945	2053	2153	98.02	8.33e-41
C662FACXX150129:4:1312:6733:2485/1	101	1	101	smNRPS-CB	5945	2548	2648	98.02	8.33e-41
C662FACXX150129:7:1315:7067:92822/1	101	101	1	smNRPS-CB	5945	5010	5110	98.02	8.33e-41
C662FACXX150129:5:2313:20784:34191/1	101	95	1	smNRPS-CB	5945	1561	1655	100	8.33e-41
C662FACXX150129:3:2104:11240:51755/1	101	1	101	smNRPS-CB	5945	3733	3833	98.02	8.33e-41
C662FACXX150129:2:2207:16293:83640/1	101	1	101	smNRPS-CB	5945	1145	1245	98.02	8.33e-41
C662FACXX150129:7:2212:4927:67070/1	101	1	101	smNRPS-CB	5945	534	634	98.02	8.33e-41
C662FACXX150129:7:2215:11308:91959/1	98	98	1	smNRPS-CB	5945	3359	3456	98.98	8.33e-41
C662FACXX150129:5:2314:8690:99756/1	101	1	101	smNRPS-CB	5945	539	639	98.02	8.33e-41
C662FACXX150129:5:1109:15463:87789/2	101	99	1	smNRPS-CB	5945	3895	3993	98.99	2.32e-41
C662FACXX150129:2:2202:4885:4174/1	99	99	1	smNRPS-CB	5945	2371	2469	98.99	2.32e-41
C662FACXX150129:7:2213:6166:42008/1	101	1	99	smNRPS-CB	5945	5096	5194	98.99	2.32e-41
C662FACXX150129:5:1305:8252:28052/1	99	99	1	smNRPS-CB	5945	2732	2830	98.99	2.32e-41
C662FACXX150129:4:1211:12558:5140/1	101	99	1	smNRPS-CB	5945	336	434	98.99	2.32e-41
C662FACXX150129:7:2305:13967:68615/2	99	1	99	smNRPS-CB	5945	2505	2603	98.99	2.32e-41
C662FACXX150129:2:1115:20580:42798/1	101	1	99	smNRPS-CB	5945	2734	2832	98.99	2.32e-41
C662FACXX150129:2:2311:11298:92606/1	99	1	99	smNRPS-CB	5945	134	232	98.99	2.32e-41
C662FACXX150129:7:1303:16127:66474/1	99	99	1	smNRPS-CB	5945	5745	5843	98.99	2.32e-41
C662FACXX150129:4:2315:17504:17038/1	101	1	99	smNRPS-CB	5945	272	370	98.99	2.32e-41
C662FACXX150129:4:2103:12379:81442/1	100	1	100	smNRPS-CB	5945	1556	1655	99	6.44e-42
C662FACXX150129:2:2204:15640:40036/2	100	100	1	smNRPS-CB	5945	3916	4015	99	6.44e-42
C662FACXX150129:5:2309:6634:90533/1	100	100	1	smNRPS-CB	5945	190	289	99	6.44e-42
C662FACXX150129:5:1312:11540:42110/2	101	101	2	smNRPS-CB	5945	1000	1099	99	6.44e-42
C662FACXX150129:6:2213:10861:29106/1	97	1	97	smNRPS-CB	5945	4052	4148	100	6.44e-42
C662FACXX150129:4:1211:12558:5140/2	101	1	100	smNRPS-CB	5945	336	435	99	6.44e-42
C662FACXX150129:4:2316:13799:60700/2	100	1	100	smNRPS-CB	5945	4780	4879	99	6.44e-42
C662FACXX150129:4:2105:6931:94093/2	100	100	1	smNRPS-CB	5945	685	784	99	6.44e-42
C662FACXX150129:7:2315:18927:9825/2	101	1	101	smNRPS-CB	5945	5357	5457	99.01	1.79e-42
C662FACXX150129:6:1316:11873:68434/2	101	1	101	smNRPS-CB	5945	1578	1678	99.01	1.79e-42
C662FACXX150129:7:1309:14302:67413/1	101	101	1	smNRPS-CB	5945	5054	5154	99.01	1.79e-42
C662FACXX150129:3:1203:3546:26509/2	101	101	1	smNRPS-CB	5945	2715	2815	99.01	1.79e-42
C662FACXX150129:2:2307:19764:47477/1	101	101	1	smNRPS-CB	5945	3346	3446	99.01	1.79e-42
C662FACXX150129:2:2307:19764:47477/2	101	1	101	smNRPS-CB	5945	3341	3441	99.01	1.79e-42
C662FACXX150129:5:1301:7871:60174/1	101	101	1	smNRPS-CB	5945	2834	2934	99.01	1.79e-42
C662FACXX150129:5:1301:7871:60174/2	101	1	101	smNRPS-CB	5945	2668	2768	99.01	1.79e-42
C662FACXX150129:3:2310:1647:27707/1	101	101	1	smNRPS-CB	5945	758	858	99.01	1.79e-42
C662FACXX150129:6:1201:11585:29829/2	101	1	101	smNRPS-CB	5945	632	732	99.01	1.79e-42
C662FACXX150129:5:1210:15502:47510/1	101	1	101	smNRPS-CB	5945	3033	3133	99.01	1.79e-42
C662FACXX150129:7:1211:5825:19282/1	101	1	101	smNRPS-CB	5945	2396	2496	99.01	1.79e-42
C662FACXX150129:4:1206:13644:66421/1	101	101	1	smNRPS-CB	5945	189	289	99.01	1.79e-42
C662FACXX150129:4:2205:19450:56749/2	101	1	101	smNRPS-CB	5945	1598	1698	99.01	1.79e-42
C662FACXX150129:6:2116:5961:62999/2	101	101	1	smNRPS-CB	5945	2208	2308	99.01	1.79e-42
C662FACXX150129:5:2209:16427:6873/1	101	101	1	smNRPS-CB	5945	2396	2496	99.01	1.79e-42
C662FACXX150129:6:2215:10825:43790/2	101	1	101	smNRPS-CB	5945	5336	5436	99.01	1.79e-42
C662FACXX150129:2:2316:4853:84842/2	101	101	1	smNRPS-CB	5945	337	437	99.01	1.79e-42
C662FACXX150129:7:1307:5574:67923/1	101	101	1	smNRPS-CB	5945	2976	3076	99.01	1.79e-42
C662FACXX150129:7:1307:5574:67923/2	101	1	101	smNRPS-CB	5945	2740	2840	99.01	1.79e-42
C662FACXX150129:6:2112:17617:16476/1	101	1	101	smNRPS-CB	5945	677	777	99.01	1.79e-42
C662FACXX150129:7:2201:8998:36668/1	101	101	1	smNRPS-CB	5945	1437	1537	99.01	1.79e-42
C662FACXX150129:7:2201:8998:36668/2	101	1	101	smNRPS-CB	5945	1425	1525	99.01	1.79e-42
C662FACXX150129:6:2102:8770:94984/1	101	101	1	smNRPS-CB	5945	3230	3330	99.01	1.79e-42
C662FACXX150129:2:2306:12665:43397/1	101	1	101	smNRPS-CB	5945	191	291	99.01	1.79e-42
C662FACXX150129:2:2306:12665:43397/2	101	101	1	smNRPS-CB	5945	220	320	99.01	1.79e-42
C662FACXX150129:7:2313:10124:59129/1	101	101	1	smNRPS-CB	5945	795	895	99.01	1.79e-42
C662FACXX150129:2:2202:4885:4174/2	101	1	101	smNRPS-CB	5945	2335	2435	99.01	1.79e-42
C662FACXX150129:7:2108:4283:20683/1	101	101	1	smNRPS-CB	5945	5722	5822	99.01	1.79e-42
C662FACXX150129:7:2312:10649:28851/2	101	1	101	smNRPS-CB	5945	5063	5163	99.01	1.79e-42
C662FACXX150129:6:1113:5722:55985/1	101	101	1	smNRPS-CB	5945	694	794	99.01	1.79e-42
C662FACXX150129:6:1104:20256:87633/2	101	1	101	smNRPS-CB	5945	4803	4903	99.01	1.79e-42
C662FACXX150129:3:1311:10541:25022/1	101	1	101	smNRPS-CB	5945	5072	5172	99.01	1.79e-42
C662FACXX150129:5:2214:8739:86493/2	101	1	101	smNRPS-CB	5945	2768	2868	99.01	1.79e-42
C662FACXX150129:2:2308:15231:87372/1	101	101	1	smNRPS-CB	5945	2652	2752	99.01	1.79e-42
C662FACXX150129:5:1212:4358:40463/2	101	101	1	smNRPS-CB	5945	944	1044	99.01	1.79e-42
C662FACXX150129:2:2301:5921:87210/2	101	1	101	smNRPS-CB	5945	3898	3998	99.01	1.79e-42
C662FACXX150129:5:2106:11393:3225/1	101	1	101	smNRPS-CB	5945	73	173	99.01	1.79e-42
C662FACXX150129:5:2106:11393:3225/2	101	101	1	smNRPS-CB	5945	205	305	99.01	1.79e-42
C662FACXX150129:6:1114:6049:41258/1	101	1	101	smNRPS-CB	5945	5294	5394	99.01	1.79e-42
C662FACXX150129:6:1114:6049:41258/2	101	101	1	smNRPS-CB	5945	5722	5822	99.01	1.79e-42
C662FACXX150129:7:2207:1310:3860/1	101	1	101	smNRPS-CB	5945	1849	1949	99.01	1.79e-42
C662FACXX150129:4:2109:17867:60068/1	101	1	101	smNRPS-CB	5945	334	434	99.01	1.79e-42
C662FACXX150129:5:1212:7608:18794/2	101	101	1	smNRPS-CB	5945	5066	5166	99.01	1.79e-42
C662FACXX150129:7:1314:16669:30817/1	101	101	1	smNRPS-CB	5945	3915	4015	99.01	1.79e-42
C662FACXX150129:2:1211:16522:80699/2	101	101	1	smNRPS-CB	5945	669	769	99.01	1.79e-42
C662FACXX150129:6:1214:9864:32176/1	101	101	1	smNRPS-CB	5945	3031	3131	99.01	1.79e-42
C662FACXX150129:4:1216:7531:99553/1	101	101	1	smNRPS-CB	5945	410	510	99.01	1.79e-42
C662FACXX150129:4:2206:6471:17554/1	101	1	101	smNRPS-CB	5945	191	291	99.01	1.79e-42
C662FACXX150129:4:2206:6471:17554/2	101	101	1	smNRPS-CB	5945	220	320	99.01	1.79e-42
C662FACXX150129:5:1316:6519:51124/1	101	1	101	smNRPS-CB	5945	283	383	99.01	1.79e-42
C662FACXX150129:4:1316:12412:45855/1	101	101	1	smNRPS-CB	5945	2369	2469	99.01	1.79e-42
C662FACXX150129:7:2305:13967:68615/1	101	101	1	smNRPS-CB	5945	2769	2869	99.01	1.79e-42
C662FACXX150129:2:1214:13878:26725/1	101	101	1	smNRPS-CB	5945	3346	3446	99.01	1.79e-42
C662FACXX150129:2:1214:13878:26725/2	101	1	101	smNRPS-CB	5945	3341	3441	99.01	1.79e-42
C662FACXX150129:7:2307:10241:79577/1	101	101	1	smNRPS-CB	5945	2728	2828	99.01	1.79e-42
C662FACXX150129:7:1313:20167:36575/2	101	101	1	smNRPS-CB	5945	669	769	99.01	1.79e-42
C662FACXX150129:2:1115:20580:42798/2	101	101	1	smNRPS-CB	5945	2755	2855	99.01	1.79e-42
C662FACXX150129:4:1312:6733:2485/2	101	101	1	smNRPS-CB	5945	2703	2803	99.01	1.79e-42
C662FACXX150129:4:2104:19982:33197/1	101	101	1	smNRPS-CB	5945	695	795	99.01	1.79e-42
C662FACXX150129:4:2104:19982:33197/2	101	1	101	smNRPS-CB	5945	634	734	99.01	1.79e-42
C662FACXX150129:4:2102:17369:94197/1	101	101	1	smNRPS-CB	5945	942	1042	99.01	1.79e-42
C662FACXX150129:4:2114:14467:53940/1	101	1	101	smNRPS-CB	5945	406	506	99.01	1.79e-42
C662FACXX150129:6:2202:20027:55301/1	98	1	98	smNRPS-CB	5945	2202	2299	100	1.79e-42
C662FACXX150129:6:1112:11430:83411/1	101	1	101	smNRPS-CB	5945	2280	2380	99.01	1.79e-42
C662FACXX150129:4:1206:15047:19063/1	98	1	98	smNRPS-CB	5945	729	826	100	1.79e-42
C662FACXX150129:7:1205:11793:95922/1	100	99	1	smNRPS-CB	5945	989	1087	100	4.98e-43
C662FACXX150129:2:2204:10972:89998/1	101	101	3	smNRPS-CB	5945	5828	5926	100	4.98e-43
C662FACXX150129:2:2301:5921:87210/1	101	101	3	smNRPS-CB	5945	4071	4169	100	4.98e-43
C662FACXX150129:3:2311:1658:50931/1	100	99	1	smNRPS-CB	5945	989	1087	100	4.98e-43
C662FACXX150129:4:2310:3776:16622/1	101	101	3	smNRPS-CB	5945	5828	5926	100	4.98e-43
C662FACXX150129:6:1316:11873:68434/1	100	100	1	smNRPS-CB	5945	2104	2203	100	1.38e-43
C662FACXX150129:4:2103:12379:81442/2	100	100	1	smNRPS-CB	5945	1564	1663	100	1.38e-43
C662FACXX150129:5:2102:9714:70151/2	101	1	101	smNRPS-CB	5945	4037	4137	100	3.85e-44
C662FACXX150129:4:1102:15365:40449/1	101	1	101	smNRPS-CB	5945	2205	2305	100	3.85e-44
C662FACXX150129:4:1102:15365:40449/2	101	101	1	smNRPS-CB	5945	2218	2318	100	3.85e-44
C662FACXX150129:5:2309:14929:73845/2	101	101	1	smNRPS-CB	5945	5241	5341	100	3.85e-44
C662FACXX150129:6:1307:16839:68113/2	101	101	1	smNRPS-CB	5945	732	832	100	3.85e-44
C662FACXX150129:5:2103:9398:90393/2	101	1	101	smNRPS-CB	5945	3190	3290	100	3.85e-44
C662FACXX150129:3:2103:18837:15634/1	101	1	101	smNRPS-CB	5945	2205	2305	100	3.85e-44
C662FACXX150129:4:1213:5202:56611/1	101	101	1	smNRPS-CB	5945	131	231	100	3.85e-44
C662FACXX150129:6:1201:11585:29829/1	101	101	1	smNRPS-CB	5945	795	895	100	3.85e-44
C662FACXX150129:3:2309:19633:40387/2	101	101	1	smNRPS-CB	5945	3173	3273	100	3.85e-44
C662FACXX150129:5:1210:15502:47510/2	101	101	1	smNRPS-CB	5945	3183	3283	100	3.85e-44
C662FACXX150129:3:1111:17989:96782/2	101	101	1	smNRPS-CB	5945	3171	3271	100	3.85e-44
C662FACXX150129:5:2209:16427:6873/2	101	1	101	smNRPS-CB	5945	2211	2311	100	3.85e-44
C662FACXX150129:4:2208:14427:61532/2	101	1	101	smNRPS-CB	5945	4037	4137	100	3.85e-44
C662FACXX150129:6:2112:17617:16476/2	101	101	1	smNRPS-CB	5945	809	909	100	3.85e-44
C662FACXX150129:5:2203:10921:89389/2	101	1	101	smNRPS-CB	5945	2926	3026	100	3.85e-44
C662FACXX150129:3:2306:15010:44726/1	101	101	1	smNRPS-CB	5945	5284	5384	100	3.85e-44
C662FACXX150129:3:1204:18467:90759/1	101	1	101	smNRPS-CB	5945	2170	2270	100	3.85e-44
C662FACXX150129:3:1204:18467:90759/2	101	101	1	smNRPS-CB	5945	2247	2347	100	3.85e-44
C662FACXX150129:6:2308:11564:8795/1	101	1	101	smNRPS-CB	5945	1902	2002	100	3.85e-44
C662FACXX150129:6:1113:5722:55985/2	101	1	101	smNRPS-CB	5945	588	688	100	3.85e-44
C662FACXX150129:2:2206:20951:51866/1	101	1	101	smNRPS-CB	5945	2939	3039	100	3.85e-44
C662FACXX150129:2:1310:3822:58585/2	101	1	101	smNRPS-CB	5945	827	927	100	3.85e-44
C662FACXX150129:7:1205:11793:95922/2	101	1	101	smNRPS-CB	5945	786	886	100	3.85e-44
C662FACXX150129:5:1212:4358:40463/1	101	1	101	smNRPS-CB	5945	887	987	100	3.85e-44
C662FACXX150129:3:2311:1658:50931/2	101	1	101	smNRPS-CB	5945	786	886	100	3.85e-44
C662FACXX150129:5:1312:11540:42110/1	101	1	101	smNRPS-CB	5945	837	937	100	3.85e-44
C662FACXX150129:4:2209:20539:35688/1	101	101	1	smNRPS-CB	5945	3166	3266	100	3.85e-44
C662FACXX150129:7:2201:2198:85338/1	101	1	101	smNRPS-CB	5945	5802	5902	100	3.85e-44
C662FACXX150129:7:2207:1310:3860/2	101	101	1	smNRPS-CB	5945	2177	2277	100	3.85e-44
C662FACXX150129:2:1211:16522:80699/1	101	1	101	smNRPS-CB	5945	588	688	100	3.85e-44
C662FACXX150129:7:1301:3057:25108/1	101	1	101	smNRPS-CB	5945	5041	5141	100	3.85e-44
C662FACXX150129:4:1316:12412:45855/2	101	1	101	smNRPS-CB	5945	2274	2374	100	3.85e-44
C662FACXX150129:2:2207:19402:27378/2	101	101	1	smNRPS-CB	5945	2168	2268	100	3.85e-44
C662FACXX150129:7:1313:20167:36575/1	101	1	101	smNRPS-CB	5945	588	688	100	3.85e-44
C662FACXX150129:4:2105:6931:94093/1	101	1	101	smNRPS-CB	5945	149	249	100	3.85e-44
C662FACXX150129:5:1110:9381:83460/1	101	1	101	smNRPS-CB	5945	729	829	100	3.85e-44
C662FACXX150129:4:1314:20034:15771/1	101	1	101	smNRPS-CB	5945	149	249	100	3.85e-44
C662FACXX150129:2:1305:12984:12083/1	101	1	101	smNRPS-CB	5945	2176	2276	100	3.85e-44
