C662FACXX150129:7:2203:15052:27932/2	67	1	64	smNRPS-CC	5875	2267	2330	100	2.2e-23
C662FACXX150129:6:1302:10543:7934/2	72	72	1	smNRPS-CC	5875	2068	2139	100	7.87e-28
C662FACXX150129:6:2216:13424:80899/2	87	1	87	smNRPS-CC	5875	4339	4426	97.727	7.81e-33
C662FACXX150129:7:1213:19744:11926/2	89	89	1	smNRPS-CC	5875	4006	4094	97.753	6.04e-34
C662FACXX150129:3:1215:11267:89470/2	87	87	1	smNRPS-CC	5875	4008	4094	98.851	1.68e-34
C662FACXX150129:2:2115:9612:79775/1	101	101	1	smNRPS-CC	5875	4742	4842	96.04	2.79e-37
C662FACXX150129:3:2112:9252:41940/2	101	1	101	smNRPS-CC	5875	4804	4904	97.03	6e-39
C662FACXX150129:2:2115:9612:79775/2	92	1	92	smNRPS-CC	5875	4509	4600	100	6e-39
C662FACXX150129:2:1111:8913:9782/1	100	1	100	smNRPS-CC	5875	2362	2461	98	4.63e-40
C662FACXX150129:3:2112:9252:41940/1	101	101	2	smNRPS-CC	5875	4839	4938	98	4.63e-40
C662FACXX150129:5:2107:13204:36817/1	100	1	100	smNRPS-CC	5875	2362	2461	98	4.63e-40
C662FACXX150129:3:1215:5639:53746/1	101	1	101	smNRPS-CC	5875	3869	3969	98.02	1.29e-40
C662FACXX150129:6:1302:10543:7934/1	98	1	98	smNRPS-CC	5875	1184	1281	98.98	1.29e-40
C662FACXX150129:7:1213:19744:11926/1	101	1	101	smNRPS-CC	5875	3869	3969	98.02	1.29e-40
C662FACXX150129:3:1215:11267:89470/1	101	1	101	smNRPS-CC	5875	3869	3969	98.02	1.29e-40
C662FACXX150129:2:2307:17630:96012/1	101	101	1	smNRPS-CC	5875	2683	2783	98.02	1.29e-40
C662FACXX150129:2:1111:8913:9782/2	98	98	1	smNRPS-CC	5875	2513	2610	100	2.77e-42
C662FACXX150129:3:1215:5639:53746/2	101	101	1	smNRPS-CC	5875	3994	4094	99.01	2.77e-42
C662FACXX150129:2:2307:17630:96012/2	101	1	101	smNRPS-CC	5875	2559	2659	99.01	2.77e-42
C662FACXX150129:6:1212:17872:82839/1	101	101	1	smNRPS-CC	5875	3930	4030	99.01	2.77e-42
C662FACXX150129:6:2216:13424:80899/1	101	101	1	smNRPS-CC	5875	4435	4535	100	5.95e-44
C662FACXX150129:6:1212:17872:82839/2	101	1	101	smNRPS-CC	5875	3921	4021	100	5.95e-44
C662FACXX150129:5:2212:17129:96732/1	101	1	101	smNRPS-CC	5875	1877	1977	100	5.95e-44
C662FACXX150129:2:2308:10725:26213/2	101	101	1	smNRPS-CC	5875	2510	2610	100	5.95e-44
C662FACXX150129:7:2310:5432:44024/1	80	80	1	smNRPS-CB	5945	243	322	97.5	6.15e-29
C662FACXX150129:6:2306:4860:5699/2	81	1	81	smNRPS-CB	5945	3987	4067	98.765	3.68e-31
C662FACXX150129:6:2110:6220:11295/1	95	1	95	smNRPS-CB	5945	2767	2861	98.947	6.07e-39
C662FACXX150129:3:1308:12167:32507/1	95	95	1	smNRPS-CB	5945	3786	3880	100	1.3e-40
C662FACXX150129:3:1116:4049:58313/1	101	101	1	smNRPS-CB	5945	1510	1610	99.01	2.8e-42
C662FACXX150129:3:1116:4049:58313/2	101	1	101	smNRPS-CB	5945	1399	1499	99.01	2.8e-42
C662FACXX150129:7:2310:5432:44024/2	98	1	98	smNRPS-CB	5945	124	221	100	2.8e-42
