C8G6HANXX160303:7:1311:20393:46430/1	87	87	1	smNRPS-CC	5875	4313	4399	100	4.72e-36
C8G6HANXX160303:7:1311:20393:46430/2	101	1	101	smNRPS-CC	5875	4074	4174	99.01	3.62e-42
C8G6HANXX160303:6:1211:10321:67069/1	101	101	1	smNRPS-CC	5875	5164	5264	100	7.78e-44
C8G6HANXX160303:6:1211:10321:67069/2	101	1	101	smNRPS-CC	5875	5073	5173	100	7.78e-44
C8G6HANXX160303:5:2202:6649:56294/1	100	100	1	smNRPS-CB	5945	4204	4303	96	1.33e-36
C8G6HANXX160303:6:1302:13875:56214/1	100	100	1	smNRPS-CB	5945	4203	4302	96	1.33e-36
C8G6HANXX160303:4:2302:18610:93534/2	100	100	1	smNRPS-CB	5945	5537	5636	97	2.85e-38
C8G6HANXX160303:5:2202:6649:56294/2	101	1	101	smNRPS-CB	5945	4183	4283	97.03	7.93e-39
C8G6HANXX160303:4:2302:18610:93534/1	101	1	101	smNRPS-CB	5945	5176	5276	97.03	7.93e-39
C8G6HANXX160303:6:1302:13875:56214/2	101	1	101	smNRPS-CB	5945	4183	4283	97.03	7.93e-39
C8G6HANXX160303:6:2313:12827:69570/1	100	1	93	smNRPS-CB	5945	4761	4853	100	2.2e-39
C8G6HANXX160303:6:2313:12827:69570/2	101	93	1	smNRPS-CB	5945	4760	4852	100	2.2e-39
C8G6HANXX160303:3:2215:19640:59539/1	100	1	93	smNRPS-CB	5945	4761	4853	100	2.2e-39
C8G6HANXX160303:3:2215:19640:59539/2	101	93	1	smNRPS-CB	5945	4760	4852	100	2.2e-39
C8G6HANXX160303:4:1207:7078:54676/1	99	99	1	smNRPS-CB	5945	629	727	97.98	2.2e-39
C8G6HANXX160303:7:1304:1373:42228/1	101	1	101	smNRPS-CB	5945	5483	5583	98.02	1.7e-40
C8G6HANXX160303:3:2204:8817:62518/1	101	101	1	smNRPS-CB	5945	2045	2145	98.02	1.7e-40
C8G6HANXX160303:3:2204:8817:62518/2	101	1	101	smNRPS-CB	5945	1953	2053	98.02	1.7e-40
