C662FACXX150129:2:2106:2387:56718/2	53	1	53	smNRPS-CC	5875	1923	1975	100	1.68e-17
C662FACXX150129:5:1108:11129:85726/1	62	1	61	smNRPS-CC	5875	715	774	96.721	4.67e-18
C662FACXX150129:2:2309:10642:44983/2	61	1	61	smNRPS-CC	5875	2187	2247	98.361	2.79e-20
C662FACXX150129:3:1203:3972:27984/2	65	1	65	smNRPS-CC	5875	3872	3936	96.923	7.76e-21
C662FACXX150129:6:2112:10373:45126/1	70	1	64	smNRPS-CC	5875	5046	5108	98.438	2.16e-21
C662FACXX150129:5:2309:8043:6368/1	66	1	66	smNRPS-CC	5875	3860	3925	96.97	2.16e-21
C662FACXX150129:3:2306:20708:35186/2	68	67	1	smNRPS-CC	5875	4303	4370	97.059	6e-22
C662FACXX150129:2:2301:10176:70226/2	68	68	1	smNRPS-CC	5875	5747	5814	98.529	3.59e-24
C662FACXX150129:6:2203:19148:29727/1	72	1	71	smNRPS-CC	5875	3686	3756	97.183	3.59e-24
C662FACXX150129:5:1214:8749:93284/1	72	72	1	smNRPS-CC	5875	4808	4879	97.222	9.97e-25
C662FACXX150129:5:2106:20670:99873/1	69	69	1	smNRPS-CC	5875	2417	2485	98.551	9.97e-25
C662FACXX150129:6:2215:3965:32828/2	70	70	1	smNRPS-CC	5875	2714	2783	98.571	2.77e-25
C662FACXX150129:5:1106:11601:33736/1	73	73	1	smNRPS-CC	5875	2594	2666	97.26	2.77e-25
C662FACXX150129:2:2101:4815:70285/1	101	1	68	smNRPS-CC	5875	5808	5875	100	7.71e-26
C662FACXX150129:5:1111:8774:38595/1	101	34	101	smNRPS-CC	5875	1	68	100	7.71e-26
C662FACXX150129:6:2207:9000:17561/2	74	1	74	smNRPS-CC	5875	4316	4390	97.333	7.71e-26
C662FACXX150129:7:2304:19260:61017/1	71	1	71	smNRPS-CC	5875	3521	3591	98.592	7.71e-26
C662FACXX150129:2:1212:11927:52119/1	71	71	1	smNRPS-CC	5875	2807	2877	98.592	7.71e-26
C662FACXX150129:6:2205:3870:85143/2	71	69	1	smNRPS-CC	5875	3247	3315	100	2.14e-26
C662FACXX150129:3:2214:8293:72673/2	76	1	76	smNRPS-CC	5875	4312	4388	97.403	5.96e-27
C662FACXX150129:3:1212:20653:46292/1	70	70	1	smNRPS-CC	5875	5647	5716	100	5.96e-27
C662FACXX150129:7:2304:15613:49688/2	101	1	71	smNRPS-CC	5875	5805	5875	100	1.66e-27
C662FACXX150129:7:1313:2618:97294/2	74	74	1	smNRPS-CC	5875	198	271	98.649	1.66e-27
C662FACXX150129:6:1211:16291:74251/1	77	77	1	smNRPS-CC	5875	2341	2417	97.403	1.66e-27
C662FACXX150129:4:1201:17186:96023/1	74	74	1	smNRPS-CC	5875	3964	4037	98.649	1.66e-27
C662FACXX150129:6:2309:4786:86834/1	72	72	1	smNRPS-CC	5875	1136	1207	100	4.61e-28
C662FACXX150129:2:1101:20399:17437/1	75	1	75	smNRPS-CC	5875	5799	5873	98.667	4.61e-28
C662FACXX150129:5:1213:10764:10985/1	72	1	72	smNRPS-CC	5875	3570	3641	100	4.61e-28
C662FACXX150129:7:1301:19740:96782/2	72	72	1	smNRPS-CC	5875	4107	4178	100	4.61e-28
C662FACXX150129:6:1206:2927:58532/2	73	1	73	smNRPS-CC	5875	986	1058	100	1.28e-28
C662FACXX150129:4:1112:17219:83416/1	73	1	73	smNRPS-CC	5875	991	1063	100	1.28e-28
C662FACXX150129:2:2102:11388:37045/2	79	1	79	smNRPS-CC	5875	3763	3841	97.468	1.28e-28
C662FACXX150129:6:1104:4798:77975/2	76	76	1	smNRPS-CC	5875	4902	4977	98.684	1.28e-28
C662FACXX150129:3:1305:6595:63615/1	73	1	73	smNRPS-CC	5875	2973	3045	100	1.28e-28
C662FACXX150129:4:1201:17186:96023/2	76	1	76	smNRPS-CC	5875	3822	3897	98.684	1.28e-28
C662FACXX150129:7:2112:16167:71111/1	73	1	73	smNRPS-CC	5875	5453	5525	100	1.28e-28
C662FACXX150129:3:2301:11958:45728/1	83	1	83	smNRPS-CC	5875	4317	4400	96.429	3.56e-29
C662FACXX150129:2:1310:13164:45068/1	74	1	74	smNRPS-CC	5875	3353	3426	100	3.56e-29
C662FACXX150129:7:1204:18879:39489/2	74	1	74	smNRPS-CC	5875	2005	2078	100	3.56e-29
C662FACXX150129:6:2212:15419:38454/2	80	1	80	smNRPS-CC	5875	4316	4396	97.531	3.56e-29
C662FACXX150129:3:2207:15794:3100/2	77	1	77	smNRPS-CC	5875	2133	2209	98.701	3.56e-29
C662FACXX150129:5:2105:10515:45101/2	74	1	74	smNRPS-CC	5875	1846	1919	100	3.56e-29
C662FACXX150129:7:1115:9624:13056/1	80	80	1	smNRPS-CC	5875	4879	4958	97.5	3.56e-29
C662FACXX150129:7:2112:7267:51781/1	74	1	74	smNRPS-CC	5875	3489	3562	100	3.56e-29
C662FACXX150129:3:2115:4970:52727/2	78	78	1	smNRPS-CC	5875	4912	4989	98.718	9.9e-30
C662FACXX150129:4:1315:12179:82820/2	81	1	81	smNRPS-CC	5875	4764	4844	97.531	9.9e-30
C662FACXX150129:4:2313:5593:73011/1	75	75	1	smNRPS-CC	5875	5047	5121	100	9.9e-30
C662FACXX150129:2:1302:13740:8346/2	78	78	1	smNRPS-CC	5875	1147	1224	98.718	9.9e-30
C662FACXX150129:4:1313:8066:82049/2	85	85	1	smNRPS-CC	5875	1191	1275	96.471	2.75e-30
C662FACXX150129:4:1302:7866:3828/1	101	1	79	smNRPS-CC	5875	5797	5875	98.734	2.75e-30
C662FACXX150129:4:2102:8140:101178/2	81	3	81	smNRPS-CC	5875	4940	5018	98.734	2.75e-30
C662FACXX150129:2:1206:17064:84344/2	83	83	1	smNRPS-CC	5875	3712	3794	97.59	7.65e-31
C662FACXX150129:4:1301:5866:84942/1	100	90	1	smNRPS-CC	5875	3774	3861	95.556	7.65e-31
C662FACXX150129:4:1314:15485:33158/1	78	1	78	smNRPS-CC	5875	1929	2006	100	2.13e-31
C662FACXX150129:2:2315:6842:36093/1	101	1	81	smNRPS-CC	5875	5795	5875	98.765	2.13e-31
C662FACXX150129:3:2115:4970:52727/1	84	1	84	smNRPS-CC	5875	4267	4350	97.619	2.13e-31
C662FACXX150129:5:1213:20003:64596/2	81	1	81	smNRPS-CC	5875	2606	2686	98.765	2.13e-31
C662FACXX150129:3:1109:13413:22380/2	78	78	1	smNRPS-CC	5875	1567	1644	100	2.13e-31
C662FACXX150129:3:1101:10021:5305/1	84	1	84	smNRPS-CC	5875	3898	3981	97.619	2.13e-31
C662FACXX150129:6:1303:16880:40332/1	78	78	1	smNRPS-CC	5875	5664	5741	100	2.13e-31
C662FACXX150129:5:1111:1924:13047/1	101	91	10	smNRPS-CC	5875	5794	5875	98.78	5.92e-32
C662FACXX150129:6:2301:7120:10543/1	99	1	79	smNRPS-CC	5875	5797	5875	100	5.92e-32
C662FACXX150129:6:2307:18561:19256/1	82	1	82	smNRPS-CC	5875	4864	4945	98.78	5.92e-32
C662FACXX150129:4:2313:13381:61630/1	86	2	86	smNRPS-CC	5875	2757	2841	97.647	5.92e-32
C662FACXX150129:2:1114:13108:22669/1	82	82	1	smNRPS-CC	5875	2715	2796	98.78	5.92e-32
C662FACXX150129:5:1302:19089:35338/1	83	83	1	smNRPS-CC	5875	5319	5401	98.795	1.64e-32
C662FACXX150129:3:1215:6555:44710/1	83	83	1	smNRPS-CC	5875	1949	2031	98.795	1.64e-32
C662FACXX150129:7:1208:16603:100096/2	90	1	90	smNRPS-CC	5875	4298	4388	96.703	4.57e-33
C662FACXX150129:5:1111:1924:13047/2	101	1	81	smNRPS-CC	5875	5795	5875	100	4.57e-33
C662FACXX150129:3:2201:17623:16616/2	87	1	87	smNRPS-CC	5875	4316	4403	97.727	4.57e-33
C662FACXX150129:3:2211:19142:91439/2	81	1	81	smNRPS-CC	5875	1758	1838	100	4.57e-33
C662FACXX150129:2:1311:1406:87815/1	81	1	81	smNRPS-CC	5875	1877	1957	100	4.57e-33
C662FACXX150129:7:2314:16411:17859/2	85	85	1	smNRPS-CC	5875	3046	3130	98.824	1.27e-33
C662FACXX150129:5:2214:10989:83475/1	91	91	1	smNRPS-CC	5875	3582	3672	96.703	1.27e-33
C662FACXX150129:5:1313:8594:40704/2	91	91	1	smNRPS-CC	5875	4311	4402	96.739	1.27e-33
C662FACXX150129:7:1212:11339:41441/1	82	82	1	smNRPS-CC	5875	453	534	100	1.27e-33
C662FACXX150129:4:1214:2026:98309/2	83	1	83	smNRPS-CC	5875	1829	1911	100	3.54e-34
C662FACXX150129:4:2110:10053:79871/1	86	1	86	smNRPS-CC	5875	5097	5182	98.837	3.54e-34
C662FACXX150129:6:2116:17913:13244/2	89	89	1	smNRPS-CC	5875	2104	2192	97.753	3.54e-34
C662FACXX150129:5:2115:1256:38177/2	87	1	87	smNRPS-CC	5875	5738	5824	98.851	9.83e-35
C662FACXX150129:3:2216:14730:74074/2	93	1	93	smNRPS-CC	5875	4298	4391	96.809	9.83e-35
C662FACXX150129:7:1312:2685:57787/1	84	84	1	smNRPS-CC	5875	5019	5102	100	9.83e-35
C662FACXX150129:4:2115:9681:69921/2	84	1	84	smNRPS-CC	5875	1925	2008	100	9.83e-35
C662FACXX150129:6:1204:3582:46501/1	87	87	1	smNRPS-CC	5875	2261	2347	98.851	9.83e-35
C662FACXX150129:2:1308:17537:89630/1	90	1	90	smNRPS-CC	5875	4413	4502	97.778	9.83e-35
C662FACXX150129:6:1211:16291:74251/2	88	1	88	smNRPS-CC	5875	2311	2398	98.864	2.73e-35
C662FACXX150129:2:1311:19892:76339/2	101	98	1	smNRPS-CC	5875	3684	3779	95.918	2.73e-35
C662FACXX150129:7:2207:17125:16412/2	88	1	88	smNRPS-CC	5875	4634	4721	98.864	2.73e-35
C662FACXX150129:6:2110:3211:2585/1	101	1	91	smNRPS-CC	5875	751	841	97.802	2.73e-35
C662FACXX150129:7:1111:2383:23293/2	88	1	88	smNRPS-CC	5875	4022	4109	98.864	2.73e-35
C662FACXX150129:7:1215:2286:22566/1	85	85	1	smNRPS-CC	5875	2042	2126	100	2.73e-35
C662FACXX150129:5:1316:20036:91893/1	93	93	3	smNRPS-CC	5875	4232	4322	97.802	2.73e-35
C662FACXX150129:3:2112:6925:39019/1	88	1	88	smNRPS-CC	5875	3953	4040	98.864	2.73e-35
C662FACXX150129:6:2214:17178:60009/2	101	1	101	smNRPS-CC	5875	1525	1625	95.05	7.6e-36
C662FACXX150129:3:1205:1899:76435/2	91	91	3	smNRPS-CC	5875	4234	4322	98.876	7.6e-36
C662FACXX150129:6:2110:3211:2585/2	101	92	1	smNRPS-CC	5875	750	841	97.826	7.6e-36
C662FACXX150129:3:1203:12121:57607/1	89	1	89	smNRPS-CC	5875	3423	3511	98.876	7.6e-36
C662FACXX150129:2:1110:20204:60797/1	94	1	94	smNRPS-CC	5875	583	678	96.875	7.6e-36
C662FACXX150129:6:1104:4798:77975/1	87	1	87	smNRPS-CC	5875	4550	4636	100	2.11e-36
C662FACXX150129:5:1302:19089:35338/2	93	1	93	smNRPS-CC	5875	5199	5291	97.849	2.11e-36
C662FACXX150129:5:2214:10989:83475/2	87	1	87	smNRPS-CC	5875	3084	3170	100	2.11e-36
C662FACXX150129:7:2211:4664:23252/1	101	1	99	smNRPS-CC	5875	5256	5354	95.96	2.11e-36
C662FACXX150129:3:1202:8163:34269/1	101	1	93	smNRPS-CC	5875	5534	5626	97.849	2.11e-36
C662FACXX150129:3:1202:8163:34269/2	94	93	1	smNRPS-CC	5875	5534	5626	97.849	2.11e-36
C662FACXX150129:2:2208:19515:49209/2	99	90	1	smNRPS-CC	5875	2624	2713	98.889	2.11e-36
C662FACXX150129:7:1212:9073:80937/1	90	1	90	smNRPS-CC	5875	2636	2725	98.889	2.11e-36
C662FACXX150129:3:2203:2906:70625/2	90	90	1	smNRPS-CC	5875	1171	1260	98.889	2.11e-36
C662FACXX150129:6:2206:6822:67972/2	101	91	1	smNRPS-CC	5875	3019	3109	98.901	5.87e-37
C662FACXX150129:6:1105:4816:11394/2	91	91	1	smNRPS-CC	5875	2625	2715	98.901	5.87e-37
C662FACXX150129:3:1107:8785:12588/2	94	1	94	smNRPS-CC	5875	794	887	97.872	5.87e-37
C662FACXX150129:5:1205:3161:81782/1	101	14	101	smNRPS-CC	5875	1	88	100	5.87e-37
C662FACXX150129:6:1215:10401:32607/1	101	1	91	smNRPS-CC	5875	3593	3683	98.901	5.87e-37
C662FACXX150129:6:1215:10401:32607/2	101	91	1	smNRPS-CC	5875	3593	3683	98.901	5.87e-37
C662FACXX150129:6:2213:19422:93871/2	101	1	91	smNRPS-CC	5875	5785	5875	98.901	5.87e-37
C662FACXX150129:5:2213:6936:45989/2	101	91	1	smNRPS-CC	5875	4613	4703	98.901	5.87e-37
C662FACXX150129:2:1113:15446:56627/1	88	1	88	smNRPS-CC	5875	1226	1313	100	5.87e-37
C662FACXX150129:3:2310:10354:62162/1	101	14	101	smNRPS-CC	5875	1	88	100	5.87e-37
C662FACXX150129:6:2216:10732:27930/1	94	1	94	smNRPS-CC	5875	5532	5625	97.872	5.87e-37
C662FACXX150129:5:1116:8969:46692/1	91	1	91	smNRPS-CC	5875	1679	1769	98.901	5.87e-37
C662FACXX150129:5:1316:9575:61683/1	101	1	101	smNRPS-CC	5875	4290	4391	96.078	1.63e-37
C662FACXX150129:4:1203:8761:79620/2	95	1	95	smNRPS-CC	5875	3869	3963	97.895	1.63e-37
C662FACXX150129:4:2306:9040:41116/2	92	1	92	smNRPS-CC	5875	5738	5829	98.913	1.63e-37
C662FACXX150129:3:2301:11958:45728/2	101	101	1	smNRPS-CC	5875	4407	4507	96.04	1.63e-37
C662FACXX150129:3:2205:19864:63923/2	95	95	1	smNRPS-CC	5875	4681	4775	97.895	1.63e-37
C662FACXX150129:2:1101:20552:98717/2	96	95	1	smNRPS-CC	5875	5282	5376	97.895	1.63e-37
C662FACXX150129:7:1103:4208:66976/2	89	1	89	smNRPS-CC	5875	1844	1932	100	1.63e-37
C662FACXX150129:5:1307:6785:94573/1	95	1	95	smNRPS-CC	5875	3742	3836	97.895	1.63e-37
C662FACXX150129:5:2210:13636:64294/1	98	98	1	smNRPS-CC	5875	4848	4945	96.939	1.63e-37
C662FACXX150129:4:2110:5223:29464/1	90	90	1	smNRPS-CC	5875	5361	5450	100	4.54e-38
C662FACXX150129:5:1308:16162:2400/1	101	93	1	smNRPS-CC	5875	3785	3877	98.925	4.54e-38
C662FACXX150129:5:1308:16162:2400/2	101	1	93	smNRPS-CC	5875	3785	3877	98.925	4.54e-38
C662FACXX150129:5:1213:20003:64596/1	96	96	1	smNRPS-CC	5875	2885	2980	97.917	4.54e-38
C662FACXX150129:2:1201:2404:83993/1	96	1	96	smNRPS-CC	5875	2601	2696	97.917	4.54e-38
C662FACXX150129:3:1107:8785:12588/1	90	90	1	smNRPS-CC	5875	802	891	100	4.54e-38
C662FACXX150129:2:1213:8028:44392/1	101	1	93	smNRPS-CC	5875	4834	4926	98.925	4.54e-38
C662FACXX150129:2:1213:8028:44392/2	101	93	1	smNRPS-CC	5875	4834	4926	98.925	4.54e-38
C662FACXX150129:6:1212:7933:18879/1	99	99	1	smNRPS-CC	5875	1240	1338	96.97	4.54e-38
C662FACXX150129:6:1113:18044:25671/2	98	1	98	smNRPS-CC	5875	583	682	97	4.54e-38
C662FACXX150129:6:2214:17178:60009/1	101	99	1	smNRPS-CC	5875	1536	1634	96.97	4.54e-38
C662FACXX150129:7:2211:4664:23252/2	101	99	1	smNRPS-CC	5875	5256	5354	96.97	4.54e-38
C662FACXX150129:3:1216:12005:40800/2	96	96	1	smNRPS-CC	5875	5220	5315	97.917	4.54e-38
C662FACXX150129:2:2208:19515:49209/1	101	1	93	smNRPS-CC	5875	2624	2716	98.925	4.54e-38
C662FACXX150129:4:1216:12072:39814/1	93	93	1	smNRPS-CC	5875	226	318	98.925	4.54e-38
C662FACXX150129:5:2113:18735:49285/1	97	1	97	smNRPS-CC	5875	4798	4894	97.938	1.26e-38
C662FACXX150129:5:1114:20232:97852/1	101	91	1	smNRPS-CC	5875	5600	5690	100	1.26e-38
C662FACXX150129:5:1114:20232:97852/2	101	3	93	smNRPS-CC	5875	5600	5690	100	1.26e-38
C662FACXX150129:4:1209:16043:36781/2	94	1	94	smNRPS-CC	5875	5321	5414	98.936	1.26e-38
C662FACXX150129:3:1216:14994:59802/2	101	1	98	smNRPS-CC	5875	678	774	97.959	1.26e-38
C662FACXX150129:5:1115:17755:34988/1	101	101	1	smNRPS-CC	5875	688	787	97.03	1.26e-38
C662FACXX150129:7:1209:14042:79350/1	101	91	1	smNRPS-CC	5875	1785	1875	100	1.26e-38
C662FACXX150129:7:1209:14042:79350/2	101	1	91	smNRPS-CC	5875	1785	1875	100	1.26e-38
C662FACXX150129:4:2313:10637:37478/2	94	94	1	smNRPS-CC	5875	3509	3602	98.936	1.26e-38
C662FACXX150129:2:1314:7049:41702/1	101	1	91	smNRPS-CC	5875	2522	2612	100	1.26e-38
C662FACXX150129:2:1314:7049:41702/2	101	91	1	smNRPS-CC	5875	2522	2612	100	1.26e-38
C662FACXX150129:2:1308:19673:73395/1	91	1	91	smNRPS-CC	5875	42	132	100	1.26e-38
C662FACXX150129:5:1316:19795:43492/1	101	1	101	smNRPS-CC	5875	715	814	97.03	1.26e-38
C662FACXX150129:3:2216:14730:74074/1	100	97	1	smNRPS-CC	5875	4303	4400	97.959	1.26e-38
C662FACXX150129:6:2106:18321:74900/1	101	1	98	smNRPS-CC	5875	678	774	97.959	1.26e-38
C662FACXX150129:6:2106:18321:74900/2	101	101	1	smNRPS-CC	5875	698	797	97.03	1.26e-38
C662FACXX150129:7:2204:11906:38858/1	101	1	91	smNRPS-CC	5875	2522	2612	100	1.26e-38
C662FACXX150129:7:2204:11906:38858/2	101	91	1	smNRPS-CC	5875	2522	2612	100	1.26e-38
C662FACXX150129:6:2306:16234:93073/1	94	1	94	smNRPS-CC	5875	2829	2922	98.936	1.26e-38
C662FACXX150129:5:1107:4147:59768/1	101	91	1	smNRPS-CC	5875	4453	4543	100	1.26e-38
C662FACXX150129:5:1107:4147:59768/2	101	1	91	smNRPS-CC	5875	4453	4543	100	1.26e-38
C662FACXX150129:2:1116:13727:73570/1	94	1	94	smNRPS-CC	5875	3506	3599	98.936	1.26e-38
C662FACXX150129:3:1210:18251:70774/2	99	94	1	smNRPS-CC	5875	4829	4922	98.936	1.26e-38
C662FACXX150129:6:1206:2927:58532/1	101	92	1	smNRPS-CC	5875	986	1077	100	3.51e-39
C662FACXX150129:6:2206:6822:67972/1	101	1	95	smNRPS-CC	5875	3016	3110	98.947	3.51e-39
C662FACXX150129:5:2303:16322:9683/1	101	101	1	smNRPS-CC	5875	4813	4913	97.03	3.51e-39
C662FACXX150129:5:2303:16322:9683/2	101	1	101	smNRPS-CC	5875	4735	4835	97.03	3.51e-39
C662FACXX150129:3:2214:8293:72673/1	101	101	1	smNRPS-CC	5875	4742	4842	97.03	3.51e-39
C662FACXX150129:6:1306:6342:42313/1	92	1	92	smNRPS-CC	5875	814	905	100	3.51e-39
C662FACXX150129:3:2110:5941:79228/2	98	98	1	smNRPS-CC	5875	3849	3946	97.959	3.51e-39
C662FACXX150129:2:1302:16754:40081/1	101	101	1	smNRPS-CC	5875	4287	4388	97.059	3.51e-39
C662FACXX150129:5:1311:7372:58859/1	98	1	98	smNRPS-CC	5875	2683	2780	97.959	3.51e-39
C662FACXX150129:3:2308:4277:38892/1	101	101	1	smNRPS-CC	5875	4813	4913	97.03	3.51e-39
C662FACXX150129:3:2308:4277:38892/2	101	1	101	smNRPS-CC	5875	4735	4835	97.03	3.51e-39
C662FACXX150129:4:2105:12769:10295/2	101	101	1	smNRPS-CC	5875	5259	5359	97.03	3.51e-39
C662FACXX150129:3:1202:14173:29213/1	101	1	101	smNRPS-CC	5875	2607	2707	97.03	3.51e-39
C662FACXX150129:5:2213:11645:68548/1	101	101	1	smNRPS-CC	5875	385	485	97.03	3.51e-39
C662FACXX150129:6:1214:12234:55311/1	98	1	98	smNRPS-CC	5875	4798	4895	97.959	3.51e-39
C662FACXX150129:6:2314:13929:97703/1	101	101	1	smNRPS-CC	5875	3704	3804	97.03	3.51e-39
C662FACXX150129:4:1306:12525:28381/2	92	92	1	smNRPS-CC	5875	5381	5472	100	3.51e-39
C662FACXX150129:2:2113:2250:13902/1	101	1	101	smNRPS-CC	5875	3725	3825	97.03	3.51e-39
C662FACXX150129:7:2311:5542:95434/1	101	101	1	smNRPS-CC	5875	4293	4394	97.059	3.51e-39
C662FACXX150129:5:1213:14919:53160/2	101	92	1	smNRPS-CC	5875	3147	3238	100	3.51e-39
C662FACXX150129:7:2306:9386:73430/1	101	101	1	smNRPS-CC	5875	1194	1294	97.03	3.51e-39
C662FACXX150129:3:2306:12953:96561/1	101	101	1	smNRPS-CC	5875	4287	4388	97.059	3.51e-39
C662FACXX150129:5:1313:12258:62046/1	95	95	1	smNRPS-CC	5875	2764	2858	98.947	3.51e-39
C662FACXX150129:7:1110:15737:32667/2	101	101	1	smNRPS-CC	5875	4742	4842	97.03	3.51e-39
C662FACXX150129:2:1305:15865:11966/2	100	98	1	smNRPS-CC	5875	744	841	97.959	3.51e-39
C662FACXX150129:5:2105:18610:17157/2	101	101	1	smNRPS-CC	5875	4772	4872	97.03	3.51e-39
C662FACXX150129:4:1109:16637:12394/2	92	92	1	smNRPS-CC	5875	40	131	100	3.51e-39
C662FACXX150129:7:1208:16603:100096/1	101	101	1	smNRPS-CC	5875	4299	4400	97.059	3.51e-39
C662FACXX150129:5:1302:18326:34427/2	101	98	1	smNRPS-CC	5875	2618	2715	97.959	3.51e-39
C662FACXX150129:6:1312:7568:85384/1	101	98	1	smNRPS-CC	5875	2388	2485	97.959	3.51e-39
C662FACXX150129:6:1312:7568:85384/2	101	1	98	smNRPS-CC	5875	2388	2485	97.959	3.51e-39
C662FACXX150129:7:2314:18442:6537/2	101	1	101	smNRPS-CC	5875	5261	5361	97.03	3.51e-39
C662FACXX150129:7:2303:3087:20677/1	101	1	101	smNRPS-CC	5875	4264	4365	97.059	3.51e-39
C662FACXX150129:6:1306:13779:11958/2	95	1	95	smNRPS-CC	5875	343	437	98.947	3.51e-39
C662FACXX150129:4:1104:19586:100854/2	101	1	101	smNRPS-CC	5875	3657	3757	97.03	3.51e-39
C662FACXX150129:7:1213:4808:64330/1	101	95	1	smNRPS-CC	5875	3523	3617	98.947	3.51e-39
C662FACXX150129:7:1213:4808:64330/2	99	1	95	smNRPS-CC	5875	3523	3617	98.947	3.51e-39
C662FACXX150129:5:1307:6785:94573/2	98	95	1	smNRPS-CC	5875	3783	3877	98.947	3.51e-39
C662FACXX150129:3:1305:1737:3337/1	101	98	1	smNRPS-CC	5875	2388	2485	97.959	3.51e-39
C662FACXX150129:6:1206:11282:86478/1	98	98	1	smNRPS-CC	5875	5509	5606	97.959	3.51e-39
C662FACXX150129:4:1314:19464:63626/2	101	101	1	smNRPS-CC	5875	579	681	97.087	9.76e-40
C662FACXX150129:7:2204:15080:96600/1	93	1	93	smNRPS-CC	5875	1795	1887	100	9.76e-40
C662FACXX150129:3:2305:19673:69399/1	101	96	1	smNRPS-CC	5875	5306	5401	98.958	9.76e-40
C662FACXX150129:3:2305:19673:69399/2	101	1	100	smNRPS-CC	5875	5306	5404	98	9.76e-40
C662FACXX150129:6:1109:9290:3121/1	99	99	1	smNRPS-CC	5875	5229	5327	97.98	9.76e-40
C662FACXX150129:6:1213:4739:77331/2	93	93	1	smNRPS-CC	5875	2233	2325	100	9.76e-40
C662FACXX150129:7:1114:19005:70381/1	101	101	1	smNRPS-CC	5875	559	661	97.087	9.76e-40
C662FACXX150129:6:2314:13929:97703/2	99	1	99	smNRPS-CC	5875	3666	3764	97.98	9.76e-40
C662FACXX150129:4:2304:4884:36606/2	96	1	96	smNRPS-CC	5875	5741	5836	98.958	9.76e-40
C662FACXX150129:2:1201:2404:83993/2	96	96	1	smNRPS-CC	5875	2625	2720	98.958	9.76e-40
C662FACXX150129:5:1213:14919:53160/1	101	1	93	smNRPS-CC	5875	3148	3240	100	9.76e-40
C662FACXX150129:5:1205:3161:81782/2	93	93	1	smNRPS-CC	5875	52	144	100	9.76e-40
C662FACXX150129:2:1305:15865:11966/1	93	1	93	smNRPS-CC	5875	655	747	100	9.76e-40
C662FACXX150129:4:2211:13630:61956/2	101	101	1	smNRPS-CC	5875	566	668	97.087	9.76e-40
C662FACXX150129:3:2205:4202:56411/2	101	1	101	smNRPS-CC	5875	583	685	97.087	9.76e-40
C662FACXX150129:6:1106:19577:75971/2	99	1	99	smNRPS-CC	5875	2357	2455	97.98	9.76e-40
C662FACXX150129:3:1302:6728:92513/1	99	99	1	smNRPS-CC	5875	3695	3793	97.98	9.76e-40
C662FACXX150129:4:2310:13128:51237/1	101	1	101	smNRPS-CC	5875	552	654	97.087	9.76e-40
C662FACXX150129:5:2109:13015:37333/1	93	93	1	smNRPS-CC	5875	4206	4298	100	9.76e-40
C662FACXX150129:4:1104:13077:88288/1	96	1	93	smNRPS-CC	5875	655	747	100	9.76e-40
C662FACXX150129:2:1310:14947:40979/1	101	1	99	smNRPS-CC	5875	2594	2692	97.98	9.76e-40
C662FACXX150129:6:2213:3723:34448/2	99	99	1	smNRPS-CC	5875	124	222	97.98	9.76e-40
C662FACXX150129:7:1204:18879:39489/1	97	97	1	smNRPS-CC	5875	2270	2366	98.969	2.71e-40
C662FACXX150129:6:2212:15419:38454/1	101	100	1	smNRPS-CC	5875	4315	4415	98.02	2.71e-40
C662FACXX150129:5:2105:10515:45101/1	94	94	1	smNRPS-CC	5875	1873	1966	100	2.71e-40
C662FACXX150129:6:2106:14588:86874/2	100	1	100	smNRPS-CC	5875	3822	3921	98	2.71e-40
C662FACXX150129:4:2112:7975:45883/2	100	100	1	smNRPS-CC	5875	5185	5284	98	2.71e-40
C662FACXX150129:5:1106:5613:94384/2	97	97	1	smNRPS-CC	5875	2996	3092	98.969	2.71e-40
C662FACXX150129:6:2203:15964:61621/2	94	94	1	smNRPS-CC	5875	5108	5201	100	2.71e-40
C662FACXX150129:7:1308:16621:62580/2	97	97	1	smNRPS-CC	5875	3428	3524	98.969	2.71e-40
C662FACXX150129:4:1202:17048:59127/1	100	1	100	smNRPS-CC	5875	4757	4856	98	2.71e-40
C662FACXX150129:4:1104:19586:100854/1	101	100	1	smNRPS-CC	5875	3736	3835	98	2.71e-40
C662FACXX150129:4:1108:6569:77246/1	100	1	100	smNRPS-CC	5875	2683	2782	98	2.71e-40
C662FACXX150129:4:2102:11371:55855/2	100	100	1	smNRPS-CC	5875	4338	4438	98.02	2.71e-40
C662FACXX150129:3:2214:16187:38611/1	101	101	1	smNRPS-CC	5875	5559	5659	98.02	7.54e-41
C662FACXX150129:3:2214:16187:38611/2	101	1	101	smNRPS-CC	5875	5537	5637	98.02	7.54e-41
C662FACXX150129:6:1305:4377:53526/1	98	1	98	smNRPS-CC	5875	2262	2359	98.98	7.54e-41
C662FACXX150129:6:1305:4377:53526/2	101	101	1	smNRPS-CC	5875	2340	2440	98.02	7.54e-41
C662FACXX150129:5:1316:9575:61683/2	101	101	1	smNRPS-CC	5875	4653	4753	98.02	7.54e-41
C662FACXX150129:7:2204:15080:96600/2	95	95	1	smNRPS-CC	5875	2011	2105	100	7.54e-41
C662FACXX150129:4:2116:3714:53828/2	101	101	1	smNRPS-CC	5875	3842	3942	98.02	7.54e-41
C662FACXX150129:7:1115:15597:68669/1	101	101	1	smNRPS-CC	5875	4693	4793	98.02	7.54e-41
C662FACXX150129:5:1202:10265:35276/2	101	101	1	smNRPS-CC	5875	5219	5319	98.02	7.54e-41
C662FACXX150129:5:1312:11274:64922/1	101	101	1	smNRPS-CC	5875	4779	4879	98.02	7.54e-41
C662FACXX150129:5:1312:11274:64922/2	101	1	101	smNRPS-CC	5875	4756	4856	98.02	7.54e-41
C662FACXX150129:6:1202:2974:39339/1	101	101	1	smNRPS-CC	5875	4311	4412	98.039	7.54e-41
C662FACXX150129:6:1202:2974:39339/2	101	1	101	smNRPS-CC	5875	4232	4332	98.02	7.54e-41
C662FACXX150129:6:2102:15516:22947/1	101	101	1	smNRPS-CC	5875	5220	5320	98.02	7.54e-41
C662FACXX150129:7:1303:13359:82960/2	101	98	1	smNRPS-CC	5875	761	858	98.98	7.54e-41
C662FACXX150129:3:2110:5941:79228/1	101	1	101	smNRPS-CC	5875	3780	3880	98.02	7.54e-41
C662FACXX150129:2:2211:6383:84217/1	101	1	101	smNRPS-CC	5875	3742	3842	98.02	7.54e-41
C662FACXX150129:2:2211:6383:84217/2	101	101	1	smNRPS-CC	5875	3849	3949	98.02	7.54e-41
C662FACXX150129:3:1105:6981:73460/2	101	1	95	smNRPS-CC	5875	464	558	100	7.54e-41
C662FACXX150129:6:2315:1606:72103/2	95	1	95	smNRPS-CC	5875	1775	1869	100	7.54e-41
C662FACXX150129:6:1306:2955:57732/1	101	101	1	smNRPS-CC	5875	5219	5319	98.02	7.54e-41
C662FACXX150129:5:2316:19451:95563/2	101	98	1	smNRPS-CC	5875	2618	2715	98.98	7.54e-41
C662FACXX150129:3:2205:19864:63923/1	101	1	101	smNRPS-CC	5875	4404	4504	98.02	7.54e-41
C662FACXX150129:3:1104:6785:48334/1	101	101	1	smNRPS-CC	5875	5206	5306	98.02	7.54e-41
C662FACXX150129:3:1104:6785:48334/2	101	1	101	smNRPS-CC	5875	5191	5291	98.02	7.54e-41
C662FACXX150129:3:1205:2915:88804/1	101	1	101	smNRPS-CC	5875	5193	5293	98.02	7.54e-41
C662FACXX150129:5:2310:5657:20254/2	101	98	1	smNRPS-CC	5875	761	858	98.98	7.54e-41
C662FACXX150129:5:2310:13477:27838/1	101	1	101	smNRPS-CC	5875	3742	3842	98.02	7.54e-41
C662FACXX150129:5:2310:13477:27838/2	101	101	1	smNRPS-CC	5875	3777	3877	98.02	7.54e-41
C662FACXX150129:4:2313:10637:37478/1	98	1	98	smNRPS-CC	5875	3484	3581	98.98	7.54e-41
C662FACXX150129:5:1313:16414:84850/1	101	101	1	smNRPS-CC	5875	5506	5606	98.02	7.54e-41
C662FACXX150129:7:2306:9386:73430/2	101	1	101	smNRPS-CC	5875	1177	1277	98.02	7.54e-41
C662FACXX150129:4:2305:14171:8293/2	101	1	101	smNRPS-CC	5875	2606	2706	98.02	7.54e-41
C662FACXX150129:4:2307:7145:8758/2	98	1	98	smNRPS-CC	5875	965	1062	98.98	7.54e-41
C662FACXX150129:3:1211:1956:84411/1	101	1	101	smNRPS-CC	5875	2683	2783	98.02	7.54e-41
C662FACXX150129:3:2202:10702:64586/1	101	101	1	smNRPS-CC	5875	4868	4968	98.02	7.54e-41
C662FACXX150129:5:1313:12258:62046/2	101	1	101	smNRPS-CC	5875	2724	2824	98.02	7.54e-41
C662FACXX150129:5:1201:12461:29195/1	101	101	1	smNRPS-CC	5875	2530	2630	98.02	7.54e-41
C662FACXX150129:4:1302:14047:28758/2	101	1	101	smNRPS-CC	5875	3902	4002	98.02	7.54e-41
C662FACXX150129:5:1214:8749:93284/2	101	1	101	smNRPS-CC	5875	4756	4856	98.02	7.54e-41
C662FACXX150129:7:2213:20279:49938/2	101	101	1	smNRPS-CC	5875	2649	2749	98.02	7.54e-41
C662FACXX150129:6:1212:7933:18879/2	101	1	101	smNRPS-CC	5875	1216	1316	98.02	7.54e-41
C662FACXX150129:6:2212:2402:60116/2	95	95	1	smNRPS-CC	5875	3013	3107	100	7.54e-41
C662FACXX150129:6:2106:14588:86874/1	101	101	1	smNRPS-CC	5875	3822	3922	98.02	7.54e-41
C662FACXX150129:7:2210:19506:91399/1	101	1	101	smNRPS-CC	5875	3843	3943	98.02	7.54e-41
C662FACXX150129:7:2210:19506:91399/2	101	101	1	smNRPS-CC	5875	3861	3961	98.02	7.54e-41
C662FACXX150129:7:2302:6751:71240/1	101	1	101	smNRPS-CC	5875	4782	4882	98.02	7.54e-41
C662FACXX150129:3:1205:1899:76435/1	101	1	101	smNRPS-CC	5875	3696	3796	98.02	7.54e-41
C662FACXX150129:2:1103:10820:92960/1	101	101	1	smNRPS-CC	5875	1650	1750	98.02	7.54e-41
C662FACXX150129:7:2302:14663:25670/2	101	1	101	smNRPS-CC	5875	4750	4850	98.02	7.54e-41
C662FACXX150129:2:1311:5484:26527/2	101	1	101	smNRPS-CC	5875	3666	3766	98.02	7.54e-41
C662FACXX150129:7:2207:17125:16412/1	101	101	1	smNRPS-CC	5875	4653	4753	98.02	7.54e-41
C662FACXX150129:2:1106:14322:56777/2	98	98	1	smNRPS-CC	5875	3309	3406	98.98	7.54e-41
C662FACXX150129:7:2208:6516:96151/1	101	101	1	smNRPS-CC	5875	5506	5606	98.02	7.54e-41
C662FACXX150129:3:2210:11653:17434/1	101	1	101	smNRPS-CC	5875	4697	4797	98.02	7.54e-41
C662FACXX150129:3:2210:11653:17434/2	101	101	1	smNRPS-CC	5875	4712	4812	98.02	7.54e-41
C662FACXX150129:4:2114:9920:44452/2	101	98	1	smNRPS-CC	5875	2618	2715	98.98	7.54e-41
C662FACXX150129:6:2309:4786:86834/2	95	1	95	smNRPS-CC	5875	926	1020	100	7.54e-41
C662FACXX150129:2:2214:9263:59752/1	101	101	1	smNRPS-CC	5875	2724	2824	98.02	7.54e-41
C662FACXX150129:6:2213:15188:97341/1	101	1	101	smNRPS-CC	5875	4246	4346	98.02	7.54e-41
C662FACXX150129:4:1314:15593:96581/2	101	101	1	smNRPS-CC	5875	140	240	98.02	7.54e-41
C662FACXX150129:7:2114:12300:88783/2	98	1	98	smNRPS-CC	5875	230	327	98.98	7.54e-41
C662FACXX150129:4:2111:18698:83538/1	101	101	1	smNRPS-CC	5875	2083	2183	98.02	7.54e-41
C662FACXX150129:4:2107:17254:62468/2	100	3	100	smNRPS-CC	5875	3906	4003	98.98	7.54e-41
C662FACXX150129:3:2107:1915:27481/1	101	101	1	smNRPS-CC	5875	2402	2502	98.02	7.54e-41
C662FACXX150129:5:2205:5744:85503/2	101	101	1	smNRPS-CC	5875	4304	4405	98.039	7.54e-41
C662FACXX150129:7:2303:3087:20677/2	101	101	1	smNRPS-CC	5875	4318	4419	98.039	7.54e-41
C662FACXX150129:7:2310:13641:43877/1	95	95	1	smNRPS-CC	5875	5639	5733	100	7.54e-41
C662FACXX150129:5:1305:16889:52887/1	101	1	101	smNRPS-CC	5875	4876	4976	98.02	7.54e-41
C662FACXX150129:2:2306:10518:66522/2	101	1	101	smNRPS-CC	5875	3825	3925	98.02	7.54e-41
C662FACXX150129:2:2209:7510:66928/1	101	101	1	smNRPS-CC	5875	4855	4955	98.02	7.54e-41
C662FACXX150129:2:2209:7510:66928/2	101	1	101	smNRPS-CC	5875	4779	4879	98.02	7.54e-41
C662FACXX150129:3:1106:1851:8520/2	101	101	1	smNRPS-CC	5875	4752	4852	98.02	7.54e-41
C662FACXX150129:4:1302:11177:30468/1	101	101	1	smNRPS-CC	5875	2683	2783	98.02	7.54e-41
C662FACXX150129:4:1302:11177:30468/2	101	1	101	smNRPS-CC	5875	2638	2738	98.02	7.54e-41
C662FACXX150129:4:1202:17048:59127/2	101	101	1	smNRPS-CC	5875	4784	4884	98.02	7.54e-41
C662FACXX150129:6:1107:6424:60778/1	101	101	1	smNRPS-CC	5875	5518	5618	98.02	7.54e-41
C662FACXX150129:6:1107:6424:60778/2	95	1	95	smNRPS-CC	5875	5365	5459	100	7.54e-41
C662FACXX150129:5:2210:5831:50821/2	101	1	101	smNRPS-CC	5875	3780	3880	98.02	7.54e-41
C662FACXX150129:3:2211:19142:91439/1	98	98	1	smNRPS-CC	5875	1849	1946	98.98	7.54e-41
C662FACXX150129:3:1305:6595:63615/2	98	98	1	smNRPS-CC	5875	2995	3092	98.98	7.54e-41
C662FACXX150129:5:2212:16803:5585/1	101	1	101	smNRPS-CC	5875	4246	4346	98.02	7.54e-41
C662FACXX150129:7:2308:5157:69832/1	101	101	1	smNRPS-CC	5875	2669	2769	98.02	7.54e-41
C662FACXX150129:3:2308:18825:62645/2	101	101	1	smNRPS-CC	5875	2260	2360	98.02	7.54e-41
C662FACXX150129:4:1108:11100:14042/1	101	1	101	smNRPS-CC	5875	3843	3943	98.02	7.54e-41
C662FACXX150129:4:1108:11100:14042/2	101	101	1	smNRPS-CC	5875	3861	3961	98.02	7.54e-41
C662FACXX150129:6:2211:8792:58745/1	95	1	95	smNRPS-CC	5875	5084	5178	100	7.54e-41
C662FACXX150129:3:2113:13912:91707/2	101	101	1	smNRPS-CC	5875	2366	2466	98.02	7.54e-41
C662FACXX150129:5:2111:10460:51739/2	101	101	1	smNRPS-CC	5875	2683	2783	98.02	7.54e-41
C662FACXX150129:3:1101:11305:72795/2	101	101	3	smNRPS-CC	5875	3593	3691	98.99	2.1e-41
C662FACXX150129:6:2214:19750:88073/1	101	101	3	smNRPS-CC	5875	4224	4322	98.99	2.1e-41
C662FACXX150129:7:2316:9134:40089/1	101	96	1	smNRPS-CC	5875	3510	3605	100	2.1e-41
C662FACXX150129:7:2316:9134:40089/2	101	1	96	smNRPS-CC	5875	3510	3605	100	2.1e-41
C662FACXX150129:7:2106:13769:82933/1	96	1	96	smNRPS-CC	5875	1717	1812	100	2.1e-41
C662FACXX150129:3:1105:6981:73460/1	101	96	1	smNRPS-CC	5875	463	558	100	2.1e-41
C662FACXX150129:5:1311:7372:58859/2	99	99	1	smNRPS-CC	5875	2994	3092	98.99	2.1e-41
C662FACXX150129:4:1307:13755:35263/2	99	1	99	smNRPS-CC	5875	2522	2620	98.99	2.1e-41
C662FACXX150129:6:2109:2423:7205/1	101	101	3	smNRPS-CC	5875	4224	4322	98.99	2.1e-41
C662FACXX150129:2:2106:2387:56718/1	96	96	1	smNRPS-CC	5875	2046	2141	100	2.1e-41
C662FACXX150129:7:2104:2675:10731/1	101	101	3	smNRPS-CC	5875	4224	4322	98.99	2.1e-41
C662FACXX150129:4:1112:19602:42750/1	101	101	3	smNRPS-CC	5875	4224	4322	98.99	2.1e-41
C662FACXX150129:3:2212:12449:35482/1	101	99	1	smNRPS-CC	5875	4224	4322	98.99	2.1e-41
C662FACXX150129:3:2212:12449:35482/2	101	1	99	smNRPS-CC	5875	4224	4322	98.99	2.1e-41
C662FACXX150129:2:2204:11657:39773/2	101	1	99	smNRPS-CC	5875	136	234	98.99	2.1e-41
C662FACXX150129:2:2302:17852:95806/2	96	96	1	smNRPS-CC	5875	5104	5199	100	2.1e-41
C662FACXX150129:5:2310:19196:48780/1	101	96	1	smNRPS-CC	5875	3510	3605	100	2.1e-41
C662FACXX150129:5:2310:19196:48780/2	101	1	96	smNRPS-CC	5875	3510	3605	100	2.1e-41
C662FACXX150129:7:2216:11134:82317/1	96	96	1	smNRPS-CC	5875	5422	5517	100	2.1e-41
C662FACXX150129:7:1312:2685:57787/2	99	1	99	smNRPS-CC	5875	4830	4928	98.99	2.1e-41
C662FACXX150129:4:2107:17254:62468/1	99	99	1	smNRPS-CC	5875	3975	4073	98.99	2.1e-41
C662FACXX150129:5:2103:15208:64567/1	96	96	1	smNRPS-CC	5875	5114	5209	100	2.1e-41
C662FACXX150129:5:2207:20592:57288/2	101	101	3	smNRPS-CC	5875	4648	4746	98.99	2.1e-41
C662FACXX150129:4:2105:3393:12104/1	100	1	100	smNRPS-CC	5875	4625	4724	99	5.83e-42
C662FACXX150129:6:1309:19347:22873/2	97	1	97	smNRPS-CC	5875	3262	3358	100	5.83e-42
C662FACXX150129:4:1112:17219:83416/2	100	100	1	smNRPS-CC	5875	1145	1244	99	5.83e-42
C662FACXX150129:2:1303:19748:62864/1	97	1	97	smNRPS-CC	5875	5081	5177	100	5.83e-42
C662FACXX150129:7:1303:13359:82960/1	101	1	101	smNRPS-CC	5875	653	752	99.01	5.83e-42
C662FACXX150129:3:2103:7232:94868/2	101	1	100	smNRPS-CC	5875	2306	2405	99	5.83e-42
C662FACXX150129:7:1114:19005:70381/2	97	1	97	smNRPS-CC	5875	445	541	100	5.83e-42
C662FACXX150129:5:2310:5657:20254/1	101	1	101	smNRPS-CC	5875	653	752	99.01	5.83e-42
C662FACXX150129:5:1115:17755:34988/2	101	1	101	smNRPS-CC	5875	654	753	99.01	5.83e-42
C662FACXX150129:2:1215:8398:91292/1	100	1	100	smNRPS-CC	5875	1152	1251	99	5.83e-42
C662FACXX150129:3:2306:12953:96561/2	100	1	100	smNRPS-CC	5875	3998	4097	99	5.83e-42
C662FACXX150129:4:2305:14171:8293/1	100	100	1	smNRPS-CC	5875	2995	3094	99	5.83e-42
C662FACXX150129:7:2315:20304:87900/2	97	1	97	smNRPS-CC	5875	1087	1183	100	5.83e-42
C662FACXX150129:3:1113:12256:4312/2	97	97	1	smNRPS-CC	5875	1692	1788	100	5.83e-42
C662FACXX150129:2:1116:10566:37697/2	100	100	1	smNRPS-CC	5875	172	271	99	5.83e-42
C662FACXX150129:6:2212:2402:60116/1	101	1	97	smNRPS-CC	5875	3011	3107	100	5.83e-42
C662FACXX150129:2:1311:5484:26527/1	100	100	1	smNRPS-CC	5875	3946	4045	99	5.83e-42
C662FACXX150129:2:1301:7890:41419/1	100	100	1	smNRPS-CC	5875	103	202	99	5.83e-42
C662FACXX150129:4:1314:15593:96581/1	100	1	100	smNRPS-CC	5875	111	210	99	5.83e-42
C662FACXX150129:4:2111:18698:83538/2	100	1	97	smNRPS-CC	5875	2077	2173	100	5.83e-42
C662FACXX150129:2:2105:11580:16706/1	101	1	100	smNRPS-CC	5875	5776	5875	99	5.83e-42
C662FACXX150129:2:1307:17089:15783/2	97	97	1	smNRPS-CC	5875	4202	4298	100	5.83e-42
C662FACXX150129:7:1203:7608:84613/1	100	1	100	smNRPS-CC	5875	3997	4096	99	5.83e-42
C662FACXX150129:2:1205:9777:94289/1	100	1	100	smNRPS-CC	5875	4569	4668	99	5.83e-42
C662FACXX150129:3:2308:18825:62645/1	100	1	100	smNRPS-CC	5875	2084	2183	99	5.83e-42
C662FACXX150129:4:2310:13128:51237/2	100	100	1	smNRPS-CC	5875	825	924	99	5.83e-42
C662FACXX150129:7:2110:4420:5519/1	101	2	101	smNRPS-CC	5875	2757	2856	99	5.83e-42
C662FACXX150129:7:2204:20677:47427/1	100	1	100	smNRPS-CC	5875	900	999	99	5.83e-42
C662FACXX150129:6:1207:18107:10743/2	100	1	100	smNRPS-CC	5875	3504	3603	99	5.83e-42
C662FACXX150129:4:1314:19464:63626/1	101	1	101	smNRPS-CC	5875	527	627	99.01	1.62e-42
C662FACXX150129:2:2216:10763:48098/2	101	1	101	smNRPS-CC	5875	2409	2509	99.01	1.62e-42
C662FACXX150129:7:1211:16384:65694/1	101	101	1	smNRPS-CC	5875	3404	3504	99.01	1.62e-42
C662FACXX150129:7:1211:16384:65694/2	101	1	101	smNRPS-CC	5875	3207	3307	99.01	1.62e-42
C662FACXX150129:6:2102:13477:67923/2	101	101	1	smNRPS-CC	5875	2078	2178	99.01	1.62e-42
C662FACXX150129:3:1215:6009:77659/1	101	101	1	smNRPS-CC	5875	5590	5690	99.01	1.62e-42
C662FACXX150129:3:1111:8326:53365/2	101	101	1	smNRPS-CC	5875	2531	2631	99.01	1.62e-42
C662FACXX150129:3:1101:11305:72795/1	101	1	101	smNRPS-CC	5875	3489	3589	99.01	1.62e-42
C662FACXX150129:4:2116:3714:53828/1	101	1	101	smNRPS-CC	5875	3787	3887	99.01	1.62e-42
C662FACXX150129:4:1314:15485:33158/2	101	101	1	smNRPS-CC	5875	2099	2199	99.01	1.62e-42
C662FACXX150129:7:2314:16411:17859/1	101	1	101	smNRPS-CC	5875	2709	2809	99.01	1.62e-42
C662FACXX150129:5:1202:10265:35276/1	101	1	101	smNRPS-CC	5875	5175	5275	99.01	1.62e-42
C662FACXX150129:6:2215:8900:14817/1	101	1	101	smNRPS-CC	5875	2624	2724	99.01	1.62e-42
C662FACXX150129:6:2215:8900:14817/2	101	101	1	smNRPS-CC	5875	2635	2735	99.01	1.62e-42
C662FACXX150129:7:2304:11217:8227/1	101	1	101	smNRPS-CC	5875	1206	1306	99.01	1.62e-42
C662FACXX150129:2:1303:19748:62864/2	101	101	1	smNRPS-CC	5875	5301	5401	99.01	1.62e-42
C662FACXX150129:6:2203:3429:83021/1	101	1	101	smNRPS-CC	5875	4006	4106	99.01	1.62e-42
C662FACXX150129:6:2205:11865:9860/1	101	101	1	smNRPS-CC	5875	3043	3143	99.01	1.62e-42
C662FACXX150129:6:2205:11865:9860/2	101	1	101	smNRPS-CC	5875	3007	3107	99.01	1.62e-42
C662FACXX150129:5:2316:16988:38423/1	101	1	101	smNRPS-CC	5875	991	1091	99.01	1.62e-42
C662FACXX150129:6:2315:1606:72103/1	101	101	1	smNRPS-CC	5875	2095	2195	99.01	1.62e-42
C662FACXX150129:2:1302:16754:40081/2	101	1	101	smNRPS-CC	5875	4008	4108	99.01	1.62e-42
C662FACXX150129:2:2115:18985:65639/1	101	101	1	smNRPS-CC	5875	3927	4027	99.01	1.62e-42
C662FACXX150129:2:2115:18985:65639/2	101	1	101	smNRPS-CC	5875	3796	3896	99.01	1.62e-42
C662FACXX150129:3:1202:14173:29213/2	101	101	1	smNRPS-CC	5875	2835	2935	99.01	1.62e-42
C662FACXX150129:6:1105:4816:11394/1	101	1	101	smNRPS-CC	5875	2541	2641	99.01	1.62e-42
C662FACXX150129:6:1304:7752:57776/1	101	1	101	smNRPS-CC	5875	4379	4479	99.01	1.62e-42
C662FACXX150129:6:1213:4739:77331/1	101	1	101	smNRPS-CC	5875	2137	2237	99.01	1.62e-42
C662FACXX150129:2:1310:13164:45068/2	101	101	1	smNRPS-CC	5875	3407	3507	99.01	1.62e-42
C662FACXX150129:6:1312:6319:92584/1	101	1	101	smNRPS-CC	5875	2915	3015	99.01	1.62e-42
C662FACXX150129:6:1312:6319:92584/2	101	101	1	smNRPS-CC	5875	3043	3143	99.01	1.62e-42
C662FACXX150129:7:2302:18855:19856/2	101	101	1	smNRPS-CC	5875	2088	2188	99.01	1.62e-42
C662FACXX150129:4:1307:13755:35263/1	101	101	1	smNRPS-CC	5875	2815	2915	99.01	1.62e-42
C662FACXX150129:6:2215:3965:32828/1	101	1	101	smNRPS-CC	5875	2579	2679	99.01	1.62e-42
C662FACXX150129:4:2116:17485:92367/1	101	101	1	smNRPS-CC	5875	4382	4482	99.01	1.62e-42
C662FACXX150129:4:2116:17485:92367/2	101	1	101	smNRPS-CC	5875	4354	4454	99.01	1.62e-42
C662FACXX150129:2:1103:9063:33731/1	101	1	101	smNRPS-CC	5875	1171	1271	99.01	1.62e-42
C662FACXX150129:2:1103:9063:33731/2	101	101	1	smNRPS-CC	5875	1196	1296	99.01	1.62e-42
C662FACXX150129:3:2307:7435:63849/1	101	101	1	smNRPS-CC	5875	3239	3339	99.01	1.62e-42
C662FACXX150129:3:2307:7435:63849/2	101	1	101	smNRPS-CC	5875	3206	3306	99.01	1.62e-42
C662FACXX150129:3:2305:19180:37058/2	101	101	1	smNRPS-CC	5875	3543	3643	99.01	1.62e-42
C662FACXX150129:4:2205:1935:39238/1	101	98	1	smNRPS-CC	5875	236	333	100	1.62e-42
C662FACXX150129:4:2205:1935:39238/2	101	1	101	smNRPS-CC	5875	214	314	99.01	1.62e-42
C662FACXX150129:2:2301:10176:70226/1	101	1	101	smNRPS-CC	5875	5708	5808	99.01	1.62e-42
C662FACXX150129:2:2113:2250:13902/2	101	101	1	smNRPS-CC	5875	4009	4109	99.01	1.62e-42
C662FACXX150129:4:2210:7988:50477/1	101	101	1	smNRPS-CC	5875	5340	5440	99.01	1.62e-42
C662FACXX150129:4:2210:7988:50477/2	101	1	101	smNRPS-CC	5875	5303	5403	99.01	1.62e-42
C662FACXX150129:4:1314:17324:95364/2	101	101	1	smNRPS-CC	5875	1144	1244	99.01	1.62e-42
C662FACXX150129:3:2110:17603:6575/2	101	1	101	smNRPS-CC	5875	5458	5558	99.01	1.62e-42
C662FACXX150129:7:1109:1970:55211/1	101	1	101	smNRPS-CC	5875	364	464	99.01	1.62e-42
C662FACXX150129:7:2315:20304:87900/1	101	101	1	smNRPS-CC	5875	1163	1263	99.01	1.62e-42
C662FACXX150129:4:2216:14524:22111/2	101	1	101	smNRPS-CC	5875	497	597	99.01	1.62e-42
C662FACXX150129:4:2307:7145:8758/1	101	101	1	smNRPS-CC	5875	967	1067	99.01	1.62e-42
C662FACXX150129:2:1308:19673:73395/2	98	98	1	smNRPS-CC	5875	268	365	100	1.62e-42
C662FACXX150129:6:2109:12850:62567/1	101	1	101	smNRPS-CC	5875	3521	3621	99.01	1.62e-42
C662FACXX150129:6:2109:12850:62567/2	101	101	1	smNRPS-CC	5875	3543	3643	99.01	1.62e-42
C662FACXX150129:5:1201:8206:2100/1	101	1	101	smNRPS-CC	5875	3795	3895	99.01	1.62e-42
C662FACXX150129:5:1201:8206:2100/2	101	101	1	smNRPS-CC	5875	4018	4118	99.01	1.62e-42
C662FACXX150129:2:1106:19040:17789/1	101	101	1	smNRPS-CC	5875	2530	2630	99.01	1.62e-42
C662FACXX150129:4:1313:8066:82049/1	101	1	101	smNRPS-CC	5875	926	1026	99.01	1.62e-42
C662FACXX150129:4:1302:14047:28758/1	101	101	1	smNRPS-CC	5875	4009	4109	99.01	1.62e-42
C662FACXX150129:7:1103:4208:66976/1	101	101	1	smNRPS-CC	5875	2097	2197	99.01	1.62e-42
C662FACXX150129:4:2205:10121:45960/1	101	101	1	smNRPS-CC	5875	5466	5566	99.01	1.62e-42
C662FACXX150129:4:2205:10121:45960/2	98	1	98	smNRPS-CC	5875	5433	5530	100	1.62e-42
C662FACXX150129:5:2105:18610:17157/1	101	1	101	smNRPS-CC	5875	4550	4650	99.01	1.62e-42
C662FACXX150129:2:2102:14612:77917/1	101	101	1	smNRPS-CC	5875	3043	3143	99.01	1.62e-42
C662FACXX150129:2:2102:14612:77917/2	101	1	101	smNRPS-CC	5875	3007	3107	99.01	1.62e-42
C662FACXX150129:5:1313:8594:40704/1	101	1	101	smNRPS-CC	5875	4022	4122	99.01	1.62e-42
C662FACXX150129:5:2314:14787:12069/1	101	1	101	smNRPS-CC	5875	2965	3065	99.01	1.62e-42
C662FACXX150129:5:2314:14787:12069/2	101	101	1	smNRPS-CC	5875	2990	3090	99.01	1.62e-42
C662FACXX150129:7:2204:4559:9265/1	101	1	101	smNRPS-CC	5875	4006	4106	99.01	1.62e-42
C662FACXX150129:7:2204:4559:9265/2	101	101	1	smNRPS-CC	5875	4095	4195	99.01	1.62e-42
C662FACXX150129:3:1110:3123:76717/1	101	1	101	smNRPS-CC	5875	3418	3518	99.01	1.62e-42
C662FACXX150129:3:1110:3123:76717/2	101	101	1	smNRPS-CC	5875	3436	3536	99.01	1.62e-42
C662FACXX150129:5:1302:18326:34427/1	101	1	101	smNRPS-CC	5875	2541	2641	99.01	1.62e-42
C662FACXX150129:6:1113:18044:25671/1	101	101	1	smNRPS-CC	5875	766	866	99.01	1.62e-42
C662FACXX150129:7:2302:6751:71240/2	101	101	1	smNRPS-CC	5875	4831	4931	99.01	1.62e-42
C662FACXX150129:3:2305:15723:42794/2	101	1	101	smNRPS-CC	5875	5640	5740	99.01	1.62e-42
C662FACXX150129:4:1314:17024:40067/2	101	101	1	smNRPS-CC	5875	4574	4674	99.01	1.62e-42
C662FACXX150129:6:2302:20184:40540/1	101	101	1	smNRPS-CC	5875	3154	3254	99.01	1.62e-42
C662FACXX150129:4:1106:15096:82232/1	101	101	1	smNRPS-CC	5875	4638	4738	99.01	1.62e-42
C662FACXX150129:4:1106:15096:82232/2	101	1	101	smNRPS-CC	5875	4588	4688	99.01	1.62e-42
C662FACXX150129:4:1112:3937:7826/1	101	1	101	smNRPS-CC	5875	204	304	99.01	1.62e-42
C662FACXX150129:4:1112:3937:7826/2	101	101	1	smNRPS-CC	5875	296	396	99.01	1.62e-42
C662FACXX150129:7:2302:14663:25670/1	101	101	1	smNRPS-CC	5875	4912	5012	99.01	1.62e-42
C662FACXX150129:5:2303:11053:25723/1	101	1	101	smNRPS-CC	5875	111	211	99.01	1.62e-42
C662FACXX150129:5:2303:11053:25723/2	101	101	1	smNRPS-CC	5875	329	429	99.01	1.62e-42
C662FACXX150129:5:1106:5613:94384/1	101	1	101	smNRPS-CC	5875	2973	3073	99.01	1.62e-42
C662FACXX150129:2:1301:7890:41419/2	101	1	101	smNRPS-CC	5875	66	166	99.01	1.62e-42
C662FACXX150129:7:2208:6516:96151/2	101	1	101	smNRPS-CC	5875	5319	5419	99.01	1.62e-42
C662FACXX150129:6:2306:16234:93073/2	101	101	1	smNRPS-CC	5875	3051	3151	99.01	1.62e-42
C662FACXX150129:6:1108:17725:72048/1	101	1	101	smNRPS-CC	5875	901	1001	99.01	1.62e-42
C662FACXX150129:4:2211:13630:61956/1	101	1	98	smNRPS-CC	5875	284	381	100	1.62e-42
C662FACXX150129:4:2114:9920:44452/1	101	1	101	smNRPS-CC	5875	2504	2604	99.01	1.62e-42
C662FACXX150129:6:2203:15964:61621/1	101	1	101	smNRPS-CC	5875	4913	5013	99.01	1.62e-42
C662FACXX150129:3:1108:3113:72073/2	98	1	98	smNRPS-CC	5875	4138	4235	100	1.62e-42
C662FACXX150129:2:1113:16965:8746/1	101	1	101	smNRPS-CC	5875	3180	3280	99.01	1.62e-42
C662FACXX150129:2:1113:16965:8746/2	101	101	1	smNRPS-CC	5875	3407	3507	99.01	1.62e-42
C662FACXX150129:6:2213:15188:97341/2	101	101	1	smNRPS-CC	5875	4354	4454	99.01	1.62e-42
C662FACXX150129:7:2114:12300:88783/1	101	98	1	smNRPS-CC	5875	236	333	100	1.62e-42
C662FACXX150129:2:1206:17064:84344/1	101	1	101	smNRPS-CC	5875	3400	3500	99.01	1.62e-42
C662FACXX150129:3:1206:2984:93192/1	101	1	101	smNRPS-CC	5875	4022	4122	99.01	1.62e-42
C662FACXX150129:3:1206:2984:93192/2	101	101	1	smNRPS-CC	5875	4376	4476	99.01	1.62e-42
C662FACXX150129:3:2205:4202:56411/1	101	101	1	smNRPS-CC	5875	766	866	99.01	1.62e-42
C662FACXX150129:5:1107:18871:82353/1	101	1	101	smNRPS-CC	5875	3046	3146	99.01	1.62e-42
C662FACXX150129:5:1107:18871:82353/2	101	101	1	smNRPS-CC	5875	3079	3179	99.01	1.62e-42
C662FACXX150129:7:1308:16621:62580/1	101	1	101	smNRPS-CC	5875	3004	3104	99.01	1.62e-42
C662FACXX150129:3:2107:1915:27481/2	101	1	101	smNRPS-CC	5875	2253	2353	99.01	1.62e-42
C662FACXX150129:3:1211:18635:98352/1	101	101	1	smNRPS-CC	5875	4382	4482	99.01	1.62e-42
C662FACXX150129:3:1211:18635:98352/2	101	1	101	smNRPS-CC	5875	4354	4454	99.01	1.62e-42
C662FACXX150129:6:2306:2725:74113/1	101	1	101	smNRPS-CC	5875	1204	1304	99.01	1.62e-42
C662FACXX150129:5:1104:16178:92773/1	101	101	1	smNRPS-CC	5875	2411	2511	99.01	1.62e-42
C662FACXX150129:6:2203:8071:88890/1	101	1	101	smNRPS-CC	5875	3401	3501	99.01	1.62e-42
C662FACXX150129:6:2203:8071:88890/2	101	101	1	smNRPS-CC	5875	3431	3531	99.01	1.62e-42
C662FACXX150129:3:1106:1851:8520/1	101	1	101	smNRPS-CC	5875	4619	4719	99.01	1.62e-42
C662FACXX150129:2:1307:17089:15783/1	101	1	101	smNRPS-CC	5875	3996	4096	99.01	1.62e-42
C662FACXX150129:7:1203:7608:84613/2	101	98	1	smNRPS-CC	5875	4026	4123	100	1.62e-42
C662FACXX150129:5:2210:5831:50821/1	101	101	1	smNRPS-CC	5875	3792	3892	99.01	1.62e-42
C662FACXX150129:2:1205:15470:16145/1	101	1	101	smNRPS-CC	5875	4012	4112	99.01	1.62e-42
C662FACXX150129:3:1302:6728:92513/2	101	1	101	smNRPS-CC	5875	3413	3513	99.01	1.62e-42
C662FACXX150129:4:2313:5593:73011/2	101	1	101	smNRPS-CC	5875	4834	4934	99.01	1.62e-42
C662FACXX150129:5:2212:16803:5585/2	101	101	1	smNRPS-CC	5875	4354	4454	99.01	1.62e-42
C662FACXX150129:4:1216:12072:39814/2	101	1	101	smNRPS-CC	5875	204	304	99.01	1.62e-42
C662FACXX150129:2:1205:9777:94289/2	101	101	1	smNRPS-CC	5875	4588	4688	99.01	1.62e-42
C662FACXX150129:7:1208:8444:74953/2	101	1	101	smNRPS-CC	5875	3044	3144	99.01	1.62e-42
C662FACXX150129:2:1102:5289:99333/1	101	1	101	smNRPS-CC	5875	3401	3501	99.01	1.62e-42
C662FACXX150129:2:1102:5289:99333/2	101	101	1	smNRPS-CC	5875	3431	3531	99.01	1.62e-42
C662FACXX150129:7:2304:7908:24502/2	101	101	1	smNRPS-CC	5875	2068	2168	99.01	1.62e-42
C662FACXX150129:4:1211:11149:8102/2	101	101	1	smNRPS-CC	5875	5341	5441	99.01	1.62e-42
C662FACXX150129:6:1316:15929:26714/1	101	101	1	smNRPS-CC	5875	2260	2360	99.01	1.62e-42
C662FACXX150129:2:2208:10347:49832/1	101	1	101	smNRPS-CC	5875	4012	4112	99.01	1.62e-42
C662FACXX150129:2:2208:10347:49832/2	101	101	1	smNRPS-CC	5875	4361	4461	99.01	1.62e-42
C662FACXX150129:7:2308:5157:69832/2	101	1	101	smNRPS-CC	5875	2530	2630	99.01	1.62e-42
C662FACXX150129:6:1211:11535:66171/1	101	101	1	smNRPS-CC	5875	3406	3506	99.01	1.62e-42
C662FACXX150129:7:1314:2694:36963/1	101	1	101	smNRPS-CC	5875	2414	2514	99.01	1.62e-42
C662FACXX150129:7:1314:2694:36963/2	101	101	1	smNRPS-CC	5875	2820	2920	99.01	1.62e-42
C662FACXX150129:5:1112:7158:16045/1	101	101	1	smNRPS-CC	5875	2815	2915	99.01	1.62e-42
C662FACXX150129:5:1112:7158:16045/2	101	1	101	smNRPS-CC	5875	2522	2622	99.01	1.62e-42
C662FACXX150129:7:1103:6820:67530/1	101	101	1	smNRPS-CC	5875	3927	4027	99.01	1.62e-42
C662FACXX150129:7:1103:6820:67530/2	101	1	101	smNRPS-CC	5875	3796	3896	99.01	1.62e-42
C662FACXX150129:6:1203:6547:70175/1	101	1	101	smNRPS-CC	5875	3484	3584	99.01	1.62e-42
C662FACXX150129:6:1203:6547:70175/2	101	101	1	smNRPS-CC	5875	3502	3602	99.01	1.62e-42
C662FACXX150129:7:1207:19573:68978/2	101	1	101	smNRPS-CC	5875	3205	3305	99.01	1.62e-42
C662FACXX150129:6:2310:17900:16063/2	101	1	101	smNRPS-CC	5875	5559	5659	99.01	1.62e-42
C662FACXX150129:7:2110:4420:5519/2	101	101	1	smNRPS-CC	5875	2789	2889	99.01	1.62e-42
C662FACXX150129:5:2207:20592:57288/1	101	1	101	smNRPS-CC	5875	4573	4673	99.01	1.62e-42
C662FACXX150129:2:1103:13160:37161/1	101	101	1	smNRPS-CC	5875	2418	2518	99.01	1.62e-42
C662FACXX150129:6:1308:14775:58338/1	101	1	101	smNRPS-CC	5875	2622	2722	99.01	1.62e-42
C662FACXX150129:7:2214:6188:84907/1	101	101	1	smNRPS-CC	5875	2165	2265	99.01	1.62e-42
C662FACXX150129:4:1312:13778:39834/1	101	1	101	smNRPS-CC	5875	3423	3523	99.01	1.62e-42
C662FACXX150129:2:1205:10728:93747/1	101	101	1	smNRPS-CC	5875	4407	4507	99.01	1.62e-42
C662FACXX150129:4:2109:15062:31150/1	101	1	101	smNRPS-CC	5875	4221	4321	99.01	1.62e-42
C662FACXX150129:7:2301:17197:68516/1	101	1	101	smNRPS-CC	5875	2432	2532	99.01	1.62e-42
C662FACXX150129:6:2209:20610:9316/1	101	1	101	smNRPS-CC	5875	5312	5412	99.01	1.62e-42
C662FACXX150129:5:1309:12757:81123/2	101	101	1	smNRPS-CC	5875	2622	2722	99.01	1.62e-42
C662FACXX150129:5:2310:5208:95788/2	101	101	1	smNRPS-CC	5875	1196	1296	99.01	1.62e-42
C662FACXX150129:5:1303:11514:8934/1	99	1	99	smNRPS-CC	5875	1949	2047	100	4.51e-43
C662FACXX150129:4:2105:3393:12104/2	99	99	1	smNRPS-CC	5875	4997	5095	100	4.51e-43
C662FACXX150129:4:2105:12769:10295/1	99	1	99	smNRPS-CC	5875	5095	5193	100	4.51e-43
C662FACXX150129:3:2304:15620:61115/1	101	3	101	smNRPS-CC	5875	776	874	100	4.51e-43
C662FACXX150129:3:2305:19180:37058/1	99	1	99	smNRPS-CC	5875	3321	3419	100	4.51e-43
C662FACXX150129:3:1301:5491:69498/1	101	1	99	smNRPS-CC	5875	29	127	100	4.51e-43
C662FACXX150129:3:1301:5491:69498/2	101	99	1	smNRPS-CC	5875	28	126	100	4.51e-43
C662FACXX150129:5:2306:4636:17867/1	99	1	99	smNRPS-CC	5875	2949	3047	100	4.51e-43
C662FACXX150129:4:2112:7975:45883/1	101	1	99	smNRPS-CC	5875	5164	5262	100	4.51e-43
C662FACXX150129:6:1105:19000:3991/1	99	1	99	smNRPS-CC	5875	42	140	100	4.51e-43
C662FACXX150129:6:1102:13392:56185/1	101	1	99	smNRPS-CC	5875	4983	5081	100	4.51e-43
C662FACXX150129:6:1102:13392:56185/2	101	99	1	smNRPS-CC	5875	4983	5081	100	4.51e-43
C662FACXX150129:4:1214:3504:71322/1	99	99	1	smNRPS-CC	5875	5073	5171	100	4.51e-43
C662FACXX150129:5:1103:20719:74191/1	101	3	101	smNRPS-CC	5875	776	874	100	4.51e-43
C662FACXX150129:3:1101:12415:40406/1	99	99	1	smNRPS-CC	5875	4044	4142	100	4.51e-43
C662FACXX150129:7:1114:5482:3940/1	100	1	100	smNRPS-CC	5875	2189	2288	100	1.25e-43
C662FACXX150129:6:2316:9952:97724/1	101	100	1	smNRPS-CC	5875	1786	1885	100	1.25e-43
C662FACXX150129:6:2316:9952:97724/2	101	1	100	smNRPS-CC	5875	1787	1886	100	1.25e-43
C662FACXX150129:7:1303:1524:55454/2	100	100	1	smNRPS-CC	5875	836	935	100	1.25e-43
C662FACXX150129:4:1314:17024:40067/1	101	1	100	smNRPS-CC	5875	4537	4636	100	1.25e-43
C662FACXX150129:7:2209:7462:63499/1	100	100	1	smNRPS-CC	5875	496	595	100	1.25e-43
C662FACXX150129:2:2116:8783:66745/2	100	100	1	smNRPS-CC	5875	1086	1185	100	1.25e-43
C662FACXX150129:7:2305:10163:89490/1	101	100	1	smNRPS-CC	5875	3094	3193	100	1.25e-43
C662FACXX150129:7:2305:10163:89490/2	101	1	100	smNRPS-CC	5875	3094	3193	100	1.25e-43
C662FACXX150129:5:1305:16889:52887/2	101	100	1	smNRPS-CC	5875	4940	5039	100	1.25e-43
C662FACXX150129:3:1114:19618:46901/2	100	1	100	smNRPS-CC	5875	2194	2293	100	1.25e-43
C662FACXX150129:2:2204:12658:90356/2	100	100	1	smNRPS-CC	5875	5048	5147	100	1.25e-43
C662FACXX150129:4:2312:17672:54953/1	100	1	100	smNRPS-CC	5875	5097	5196	100	1.25e-43
C662FACXX150129:5:1308:20767:99059/1	100	1	100	smNRPS-CC	5875	3763	3862	100	1.25e-43
C662FACXX150129:4:1212:8236:64890/2	100	1	100	smNRPS-CC	5875	5375	5474	100	1.25e-43
C662FACXX150129:7:1114:5482:3940/2	101	101	1	smNRPS-CC	5875	2224	2324	100	3.49e-44
C662FACXX150129:5:2113:18735:49285/2	101	101	1	smNRPS-CC	5875	4954	5054	100	3.49e-44
C662FACXX150129:2:2216:10763:48098/1	101	101	1	smNRPS-CC	5875	2481	2581	100	3.49e-44
C662FACXX150129:5:1303:11514:8934/2	101	101	1	smNRPS-CC	5875	2180	2280	100	3.49e-44
C662FACXX150129:6:2102:13477:67923/1	101	1	101	smNRPS-CC	5875	1869	1969	100	3.49e-44
C662FACXX150129:3:1215:6009:77659/2	101	1	101	smNRPS-CC	5875	5442	5542	100	3.49e-44
C662FACXX150129:3:1111:8326:53365/1	101	1	101	smNRPS-CC	5875	2510	2610	100	3.49e-44
C662FACXX150129:4:2110:5223:29464/2	101	1	101	smNRPS-CC	5875	5137	5237	100	3.49e-44
C662FACXX150129:4:1203:8761:79620/1	101	101	1	smNRPS-CC	5875	4127	4227	100	3.49e-44
C662FACXX150129:6:2301:5200:92012/1	101	101	1	smNRPS-CC	5875	5703	5803	100	3.49e-44
C662FACXX150129:6:2301:5200:92012/2	101	1	101	smNRPS-CC	5875	5651	5751	100	3.49e-44
C662FACXX150129:6:1309:19347:22873/1	101	101	1	smNRPS-CC	5875	3356	3456	100	3.49e-44
C662FACXX150129:2:2102:11388:37045/1	101	101	1	smNRPS-CC	5875	4135	4235	100	3.49e-44
C662FACXX150129:6:2214:19750:88073/2	101	1	101	smNRPS-CC	5875	4124	4224	100	3.49e-44
C662FACXX150129:3:1112:12284:69956/1	101	1	101	smNRPS-CC	5875	1946	2046	100	3.49e-44
C662FACXX150129:3:1112:12284:69956/2	101	101	1	smNRPS-CC	5875	1998	2098	100	3.49e-44
C662FACXX150129:6:1109:9290:3121/2	101	1	101	smNRPS-CC	5875	5156	5256	100	3.49e-44
C662FACXX150129:6:1306:6342:42313/2	101	101	1	smNRPS-CC	5875	822	922	100	3.49e-44
C662FACXX150129:6:2102:15516:22947/2	101	1	101	smNRPS-CC	5875	5097	5197	100	3.49e-44
C662FACXX150129:7:2106:13769:82933/2	101	101	1	smNRPS-CC	5875	1754	1854	100	3.49e-44
C662FACXX150129:6:2203:3429:83021/2	101	101	1	smNRPS-CC	5875	4095	4195	100	3.49e-44
C662FACXX150129:4:1209:16043:36781/1	101	101	1	smNRPS-CC	5875	5367	5467	100	3.49e-44
C662FACXX150129:5:2316:16988:38423/2	101	101	1	smNRPS-CC	5875	1031	1131	100	3.49e-44
C662FACXX150129:3:2103:7232:94868/1	101	101	1	smNRPS-CC	5875	2512	2612	100	3.49e-44
C662FACXX150129:6:1306:2955:57732/2	101	1	101	smNRPS-CC	5875	5151	5251	100	3.49e-44
C662FACXX150129:6:1304:7752:57776/2	101	101	1	smNRPS-CC	5875	4481	4581	100	3.49e-44
C662FACXX150129:5:2316:19451:95563/1	101	1	101	smNRPS-CC	5875	2425	2525	100	3.49e-44
C662FACXX150129:5:1213:1627:58018/1	101	1	101	smNRPS-CC	5875	2038	2138	100	3.49e-44
C662FACXX150129:5:1213:1627:58018/2	101	101	1	smNRPS-CC	5875	2043	2143	100	3.49e-44
C662FACXX150129:3:2304:15620:61115/2	101	101	1	smNRPS-CC	5875	842	942	100	3.49e-44
C662FACXX150129:6:1214:12234:55311/2	101	101	1	smNRPS-CC	5875	4954	5054	100	3.49e-44
C662FACXX150129:7:2302:18855:19856/1	101	1	101	smNRPS-CC	5875	2023	2123	100	3.49e-44
C662FACXX150129:3:1216:14994:59802/1	101	101	1	smNRPS-CC	5875	835	935	100	3.49e-44
C662FACXX150129:6:2109:2423:7205/2	101	1	101	smNRPS-CC	5875	4065	4165	100	3.49e-44
C662FACXX150129:3:1205:2915:88804/2	101	101	1	smNRPS-CC	5875	5375	5475	100	3.49e-44
C662FACXX150129:4:1116:17230:13986/1	101	101	1	smNRPS-CC	5875	4485	4585	100	3.49e-44
C662FACXX150129:4:1116:17230:13986/2	101	1	101	smNRPS-CC	5875	4460	4560	100	3.49e-44
C662FACXX150129:7:2312:1826:23500/1	101	101	1	smNRPS-CC	5875	5135	5235	100	3.49e-44
C662FACXX150129:7:2312:1826:23500/2	101	1	101	smNRPS-CC	5875	4993	5093	100	3.49e-44
C662FACXX150129:3:1213:2078:35414/1	101	1	101	smNRPS-CC	5875	1725	1825	100	3.49e-44
C662FACXX150129:3:1213:2078:35414/2	101	101	1	smNRPS-CC	5875	2043	2143	100	3.49e-44
C662FACXX150129:2:1101:20552:98717/1	101	1	101	smNRPS-CC	5875	5082	5182	100	3.49e-44
C662FACXX150129:7:1303:1524:55454/1	101	1	101	smNRPS-CC	5875	780	880	100	3.49e-44
C662FACXX150129:4:1306:12525:28381/1	101	1	101	smNRPS-CC	5875	4975	5075	100	3.49e-44
C662FACXX150129:7:2311:5542:95434/2	101	1	101	smNRPS-CC	5875	4115	4215	100	3.49e-44
C662FACXX150129:5:1313:16414:84850/2	101	1	101	smNRPS-CC	5875	5357	5457	100	3.49e-44
C662FACXX150129:4:1314:17324:95364/1	101	1	101	smNRPS-CC	5875	991	1091	100	3.49e-44
C662FACXX150129:4:1315:12179:82820/1	101	101	1	smNRPS-CC	5875	5081	5181	100	3.49e-44
C662FACXX150129:2:1306:11749:43180/1	101	1	101	smNRPS-CC	5875	1535	1635	100	3.49e-44
C662FACXX150129:2:1306:11749:43180/2	101	101	1	smNRPS-CC	5875	1688	1788	100	3.49e-44
C662FACXX150129:4:1214:2026:98309/1	101	101	1	smNRPS-CC	5875	1848	1948	100	3.49e-44
C662FACXX150129:3:2110:17603:6575/1	101	101	1	smNRPS-CC	5875	5616	5716	100	3.49e-44
C662FACXX150129:7:1109:1970:55211/2	101	101	1	smNRPS-CC	5875	406	506	100	3.49e-44
C662FACXX150129:7:2104:2675:10731/2	101	1	101	smNRPS-CC	5875	4065	4165	100	3.49e-44
C662FACXX150129:7:2209:5055:55128/1	101	101	1	smNRPS-CC	5875	4140	4240	100	3.49e-44
C662FACXX150129:7:2209:5055:55128/2	101	1	101	smNRPS-CC	5875	4044	4144	100	3.49e-44
C662FACXX150129:4:2216:14524:22111/1	101	101	1	smNRPS-CC	5875	641	741	100	3.49e-44
C662FACXX150129:3:1211:1956:84411/2	101	101	1	smNRPS-CC	5875	2957	3057	100	3.49e-44
C662FACXX150129:2:1106:19040:17789/2	101	1	101	smNRPS-CC	5875	2447	2547	100	3.49e-44
C662FACXX150129:5:2306:4636:17867/2	101	101	1	smNRPS-CC	5875	3114	3214	100	3.49e-44
C662FACXX150129:5:1201:12461:29195/2	101	1	101	smNRPS-CC	5875	2479	2579	100	3.49e-44
C662FACXX150129:4:1112:19602:42750/2	101	1	101	smNRPS-CC	5875	4065	4165	100	3.49e-44
C662FACXX150129:7:1110:15737:32667/1	101	1	101	smNRPS-CC	5875	4499	4599	100	3.49e-44
C662FACXX150129:4:1203:10160:91271/1	101	1	101	smNRPS-CC	5875	1785	1885	100	3.49e-44
C662FACXX150129:4:1203:10160:91271/2	101	101	1	smNRPS-CC	5875	1851	1951	100	3.49e-44
C662FACXX150129:2:2204:11657:39773/1	101	101	1	smNRPS-CC	5875	238	338	100	3.49e-44
C662FACXX150129:7:2213:20279:49938/1	101	1	101	smNRPS-CC	5875	2477	2577	100	3.49e-44
C662FACXX150129:3:2205:10724:27251/1	101	101	1	smNRPS-CC	5875	1956	2056	100	3.49e-44
C662FACXX150129:3:2205:10724:27251/2	101	1	101	smNRPS-CC	5875	1923	2023	100	3.49e-44
C662FACXX150129:2:2302:17852:95806/1	101	1	101	smNRPS-CC	5875	5097	5197	100	3.49e-44
C662FACXX150129:6:1213:16116:75644/1	101	101	1	smNRPS-CC	5875	5142	5242	100	3.49e-44
C662FACXX150129:6:1213:16116:75644/2	101	1	101	smNRPS-CC	5875	5131	5231	100	3.49e-44
C662FACXX150129:6:1210:8656:15500/1	101	1	101	smNRPS-CC	5875	1045	1145	100	3.49e-44
C662FACXX150129:6:1210:8656:15500/2	101	101	1	smNRPS-CC	5875	1111	1211	100	3.49e-44
C662FACXX150129:3:2305:15723:42794/1	101	101	1	smNRPS-CC	5875	5642	5742	100	3.49e-44
C662FACXX150129:2:1310:12777:72401/1	101	101	1	smNRPS-CC	5875	46	146	100	3.49e-44
C662FACXX150129:6:2302:20184:40540/2	101	1	101	smNRPS-CC	5875	3143	3243	100	3.49e-44
C662FACXX150129:7:2209:7462:63499/2	101	1	101	smNRPS-CC	5875	437	537	100	3.49e-44
C662FACXX150129:6:1105:19000:3991/2	101	101	1	smNRPS-CC	5875	265	365	100	3.49e-44
C662FACXX150129:2:1106:14322:56777/1	101	1	101	smNRPS-CC	5875	3250	3350	100	3.49e-44
C662FACXX150129:7:2216:11134:82317/2	101	1	101	smNRPS-CC	5875	5414	5514	100	3.49e-44
C662FACXX150129:6:1108:17725:72048/2	101	101	1	smNRPS-CC	5875	1105	1205	100	3.49e-44
C662FACXX150129:5:1306:7689:88940/1	101	101	1	smNRPS-CC	5875	5109	5209	100	3.49e-44
C662FACXX150129:5:1306:7689:88940/2	101	1	101	smNRPS-CC	5875	5047	5147	100	3.49e-44
C662FACXX150129:3:1108:3113:72073/1	101	101	1	smNRPS-CC	5875	4180	4280	100	3.49e-44
C662FACXX150129:2:2214:9263:59752/2	101	1	101	smNRPS-CC	5875	2510	2610	100	3.49e-44
C662FACXX150129:2:2116:8783:66745/1	101	1	101	smNRPS-CC	5875	991	1091	100	3.49e-44
C662FACXX150129:5:2205:5744:85503/1	101	1	101	smNRPS-CC	5875	4169	4269	100	3.49e-44
C662FACXX150129:7:2314:18442:6537/1	101	101	1	smNRPS-CC	5875	5430	5530	100	3.49e-44
C662FACXX150129:3:1216:12005:40800/1	101	1	101	smNRPS-CC	5875	5095	5195	100	3.49e-44
C662FACXX150129:5:1104:16178:92773/2	101	1	101	smNRPS-CC	5875	2185	2285	100	3.49e-44
C662FACXX150129:6:2207:9000:17561/1	101	101	1	smNRPS-CC	5875	4458	4558	100	3.49e-44
C662FACXX150129:7:2310:13641:43877/2	101	1	101	smNRPS-CC	5875	5351	5451	100	3.49e-44
C662FACXX150129:6:1106:19577:75971/1	101	101	1	smNRPS-CC	5875	2430	2530	100	3.49e-44
C662FACXX150129:5:2103:15208:64567/2	101	1	101	smNRPS-CC	5875	5047	5147	100	3.49e-44
C662FACXX150129:4:2115:9681:69921/1	101	101	1	smNRPS-CC	5875	1974	2074	100	3.49e-44
C662FACXX150129:2:2306:10518:66522/1	101	101	1	smNRPS-CC	5875	3916	4016	100	3.49e-44
C662FACXX150129:3:2201:17623:16616/1	101	101	1	smNRPS-CC	5875	4458	4558	100	3.49e-44
C662FACXX150129:3:1114:19618:46901/1	101	101	1	smNRPS-CC	5875	2439	2539	100	3.49e-44
C662FACXX150129:2:2204:12658:90356/1	101	1	101	smNRPS-CC	5875	5009	5109	100	3.49e-44
C662FACXX150129:6:1306:13779:11958/1	101	101	1	smNRPS-CC	5875	491	591	100	3.49e-44
C662FACXX150129:2:1109:16087:72674/1	101	1	101	smNRPS-CC	5875	1925	2025	100	3.49e-44
C662FACXX150129:2:1109:16087:72674/2	101	101	1	smNRPS-CC	5875	1931	2031	100	3.49e-44
C662FACXX150129:4:2312:17672:54953/2	101	101	1	smNRPS-CC	5875	5147	5247	100	3.49e-44
C662FACXX150129:2:1205:15470:16145/2	101	101	1	smNRPS-CC	5875	4129	4229	100	3.49e-44
C662FACXX150129:4:1108:6569:77246/2	101	101	1	smNRPS-CC	5875	2957	3057	100	3.49e-44
C662FACXX150129:7:1208:8444:74953/1	101	101	1	smNRPS-CC	5875	3066	3166	100	3.49e-44
C662FACXX150129:7:2304:7908:24502/1	101	1	101	smNRPS-CC	5875	2051	2151	100	3.49e-44
C662FACXX150129:4:1211:11149:8102/1	101	1	101	smNRPS-CC	5875	5081	5181	100	3.49e-44
C662FACXX150129:7:1108:10504:95349/1	101	101	1	smNRPS-CC	5875	641	741	100	3.49e-44
C662FACXX150129:7:1108:10504:95349/2	101	1	101	smNRPS-CC	5875	497	597	100	3.49e-44
C662FACXX150129:6:1316:15929:26714/2	101	1	101	smNRPS-CC	5875	2206	2306	100	3.49e-44
C662FACXX150129:7:1111:2383:23293/1	101	101	1	smNRPS-CC	5875	4175	4275	100	3.49e-44
C662FACXX150129:4:1310:4517:29749/1	101	101	1	smNRPS-CC	5875	5147	5247	100	3.49e-44
C662FACXX150129:4:1310:4517:29749/2	101	1	101	smNRPS-CC	5875	5092	5192	100	3.49e-44
C662FACXX150129:4:2211:11165:93730/1	101	101	1	smNRPS-CC	5875	4473	4573	100	3.49e-44
C662FACXX150129:4:2211:11165:93730/2	101	1	101	smNRPS-CC	5875	4472	4572	100	3.49e-44
C662FACXX150129:6:1211:11535:66171/2	101	1	101	smNRPS-CC	5875	3364	3464	100	3.49e-44
C662FACXX150129:3:2310:10354:62162/2	101	101	1	smNRPS-CC	5875	44	144	100	3.49e-44
C662FACXX150129:7:1207:19573:68978/1	101	101	1	smNRPS-CC	5875	3351	3451	100	3.49e-44
C662FACXX150129:5:1103:13488:22597/1	101	101	1	smNRPS-CC	5875	470	570	100	3.49e-44
C662FACXX150129:5:2212:4222:92361/1	101	1	101	smNRPS-CC	5875	2502	2602	100	3.49e-44
C662FACXX150129:4:2212:8115:89028/1	101	1	101	smNRPS-CC	5875	1725	1825	100	3.49e-44
C662FACXX150129:6:2307:12981:65846/1	101	101	1	smNRPS-CC	5875	5109	5209	100	3.49e-44
C662FACXX150129:7:2116:2728:75221/1	101	101	1	smNRPS-CC	5875	238	338	100	3.49e-44
C662FACXX150129:6:1202:16132:73307/1	101	101	1	smNRPS-CC	5875	4167	4267	100	3.49e-44
C662FACXX150129:7:1113:5502:48628/1	101	101	1	smNRPS-CC	5875	1108	1208	100	3.49e-44
C662FACXX150129:5:1110:18859:30278/1	101	101	1	smNRPS-CC	5875	842	942	100	3.49e-44
C662FACXX150129:2:1310:1253:76585/1	101	101	1	smNRPS-CC	5875	4198	4298	100	3.49e-44
C662FACXX150129:4:1310:17655:54604/1	101	1	101	smNRPS-CC	5875	5442	5542	100	3.49e-44
C662FACXX150129:2:1310:19460:17513/1	101	101	1	smNRPS-CC	5875	1073	1173	100	3.49e-44
C662FACXX150129:6:1213:2265:17816/1	101	101	1	smNRPS-CC	5875	4990	5090	100	3.49e-44
C662FACXX150129:5:1206:12797:35952/2	101	1	101	smNRPS-CC	5875	44	144	100	3.49e-44
C662FACXX150129:3:2112:20582:65637/1	91	1	46	smNRPS-CB	5945	5895	5940	95.652	2.87e-10
C662FACXX150129:2:2312:9154:63894/2	83	2	47	smNRPS-CB	5945	5895	5940	95.652	2.87e-10
C662FACXX150129:3:2112:20582:65637/2	91	51	4	smNRPS-CB	5945	5893	5940	95.833	2.21e-11
C662FACXX150129:2:2106:11781:71740/1	95	1	51	smNRPS-CB	5945	5895	5945	96.078	4.76e-13
C662FACXX150129:7:2210:14636:92355/1	67	66	1	smNRPS-CB	5945	5006	5071	96.97	2.18e-21
C662FACXX150129:7:2305:11328:78032/1	67	67	1	smNRPS-CB	5945	3744	3810	97.015	6.07e-22
C662FACXX150129:5:1208:20872:28431/1	67	67	1	smNRPS-CB	5945	3000	3066	100	2.81e-25
C662FACXX150129:4:2306:1437:52878/2	76	76	1	smNRPS-CB	5945	1475	1550	97.368	6.03e-27
C662FACXX150129:2:1210:6123:89606/2	73	1	73	smNRPS-CB	5945	3626	3698	98.63	6.03e-27
C662FACXX150129:3:2111:10685:86241/1	81	81	1	smNRPS-CB	5945	1506	1586	96.296	4.66e-28
C662FACXX150129:7:2211:3078:2899/1	72	72	1	smNRPS-CB	5945	2988	3059	100	4.66e-28
C662FACXX150129:2:2315:6842:36093/2	101	22	101	smNRPS-CB	5945	1	80	97.5	3.6e-29
C662FACXX150129:5:1111:8774:38595/2	101	2	84	smNRPS-CB	5945	5858	5940	96.386	3.6e-29
C662FACXX150129:2:2115:4784:99230/1	74	74	1	smNRPS-CB	5945	2115	2188	100	3.6e-29
C662FACXX150129:4:1305:2285:4801/1	99	15	99	smNRPS-CB	5945	1	85	97.647	5.99e-32
C662FACXX150129:4:1111:11967:24475/1	88	1	88	smNRPS-CB	5945	3703	3790	96.591	5.99e-32
C662FACXX150129:2:2214:19959:8030/1	88	88	1	smNRPS-CB	5945	4176	4263	97.727	1.29e-33
C662FACXX150129:7:2211:3078:2899/2	89	1	89	smNRPS-CB	5945	2858	2946	97.753	3.58e-34
C662FACXX150129:5:2306:9294:48989/2	92	1	92	smNRPS-CB	5945	4956	5047	96.739	3.58e-34
C662FACXX150129:6:2216:15717:15092/1	87	87	1	smNRPS-CB	5945	3365	3451	98.851	9.95e-35
C662FACXX150129:7:2106:17535:45726/1	93	93	1	smNRPS-CB	5945	3699	3791	96.774	9.95e-35
C662FACXX150129:6:2310:17900:16063/1	101	12	101	smNRPS-CB	5945	1	90	97.778	9.95e-35
C662FACXX150129:3:1107:8197:80720/1	88	88	1	smNRPS-CB	5945	3766	3853	98.864	2.77e-35
C662FACXX150129:2:2104:13198:99745/1	101	100	3	smNRPS-CB	5945	1801	1896	95.918	2.77e-35
C662FACXX150129:5:2210:14256:71433/1	98	94	1	smNRPS-CB	5945	4522	4615	96.809	2.77e-35
C662FACXX150129:3:1116:14961:98746/1	101	101	1	smNRPS-CB	5945	5573	5673	95.05	7.69e-36
C662FACXX150129:4:2209:1861:11926/2	101	1	101	smNRPS-CB	5945	4929	5029	95.05	7.69e-36
C662FACXX150129:7:2314:12147:13462/2	101	1	101	smNRPS-CB	5945	2096	2196	95.05	7.69e-36
C662FACXX150129:6:1303:4040:39555/2	96	1	96	smNRPS-CB	5945	4980	5075	96.875	2.14e-36
C662FACXX150129:6:2307:18561:19256/2	87	1	87	smNRPS-CB	5945	786	872	100	2.14e-36
C662FACXX150129:5:2213:11645:68548/2	101	101	1	smNRPS-CB	5945	5543	5643	96.04	1.65e-37
C662FACXX150129:4:1205:10540:90269/2	98	1	98	smNRPS-CB	5945	5533	5630	96.939	1.65e-37
C662FACXX150129:7:2106:17535:45726/2	101	1	101	smNRPS-CB	5945	3460	3560	96.04	1.65e-37
C662FACXX150129:2:1116:7629:37383/1	101	101	1	smNRPS-CB	5945	4912	5012	96.04	1.65e-37
C662FACXX150129:3:2306:2113:98464/2	101	101	1	smNRPS-CB	5945	4577	4677	96.04	1.65e-37
C662FACXX150129:4:2209:1861:11926/1	100	100	1	smNRPS-CB	5945	4948	5047	97	1.28e-38
C662FACXX150129:4:2210:14910:77973/1	101	100	1	smNRPS-CB	5945	4522	4621	97	1.28e-38
C662FACXX150129:3:2312:7429:82604/1	101	1	94	smNRPS-CB	5945	3358	3451	98.936	1.28e-38
C662FACXX150129:3:2312:7429:82604/2	101	94	1	smNRPS-CB	5945	3358	3451	98.936	1.28e-38
C662FACXX150129:3:1116:14961:98746/2	101	1	101	smNRPS-CB	5945	5533	5633	97.03	3.55e-39
C662FACXX150129:5:1102:5185:76833/2	101	1	98	smNRPS-CB	5945	5123	5220	97.959	3.55e-39
C662FACXX150129:6:1303:4040:39555/1	101	101	1	smNRPS-CB	5945	5002	5102	97.03	3.55e-39
C662FACXX150129:6:2215:19639:13535/2	101	101	1	smNRPS-CB	5945	4562	4662	97.03	3.55e-39
C662FACXX150129:4:1302:17794:10212/1	101	1	101	smNRPS-CB	5945	2012	2112	97.03	3.55e-39
C662FACXX150129:4:2206:11877:31992/1	101	101	1	smNRPS-CB	5945	524	624	97.03	3.55e-39
C662FACXX150129:5:2306:9294:48989/1	101	101	1	smNRPS-CB	5945	4957	5057	97.03	3.55e-39
C662FACXX150129:3:1205:4479:67190/1	101	1	101	smNRPS-CB	5945	500	600	97.03	3.55e-39
C662FACXX150129:3:2115:17546:12788/1	101	1	101	smNRPS-CB	5945	4988	5088	97.03	3.55e-39
C662FACXX150129:3:1107:8197:80720/2	101	6	101	smNRPS-CB	5945	3757	3852	98.958	9.88e-40
C662FACXX150129:2:2216:6453:68179/2	99	1	99	smNRPS-CB	5945	3143	3241	97.98	9.88e-40
C662FACXX150129:3:1116:9728:30728/1	99	1	99	smNRPS-CB	5945	1963	2061	97.98	9.88e-40
C662FACXX150129:4:2201:6901:33918/1	96	96	1	smNRPS-CB	5945	99	194	98.958	9.88e-40
C662FACXX150129:3:1205:4479:67190/2	97	96	1	smNRPS-CB	5945	548	643	98.958	9.88e-40
C662FACXX150129:3:2314:18532:54434/1	101	1	97	smNRPS-CB	5945	3051	3147	98.969	2.75e-40
C662FACXX150129:4:1115:16069:59090/1	101	101	1	smNRPS-CB	5945	2431	2531	98.02	7.64e-41
C662FACXX150129:4:2306:1437:52878/1	101	1	101	smNRPS-CB	5945	1445	1545	98.02	7.64e-41
C662FACXX150129:6:2216:15717:15092/2	98	1	98	smNRPS-CB	5945	3343	3440	98.98	7.64e-41
C662FACXX150129:6:2102:16202:81456/1	101	1	98	smNRPS-CB	5945	635	732	98.98	7.64e-41
C662FACXX150129:6:2102:16202:81456/2	101	101	1	smNRPS-CB	5945	635	735	98.02	7.64e-41
C662FACXX150129:5:1102:5185:76833/1	101	101	1	smNRPS-CB	5945	5164	5264	98.02	7.64e-41
C662FACXX150129:2:1111:5931:10524/2	98	98	1	smNRPS-CB	5945	724	821	98.98	7.64e-41
C662FACXX150129:3:1116:9728:30728/2	101	101	1	smNRPS-CB	5945	2035	2135	98.02	7.64e-41
C662FACXX150129:7:2115:3445:60974/1	98	98	1	smNRPS-CB	5945	2787	2884	98.98	7.64e-41
C662FACXX150129:7:2115:3445:60974/2	101	1	101	smNRPS-CB	5945	2578	2678	98.02	7.64e-41
C662FACXX150129:4:2206:11877:31992/2	101	1	101	smNRPS-CB	5945	461	561	98.02	7.64e-41
C662FACXX150129:3:1206:18246:16320/1	101	101	1	smNRPS-CB	5945	1396	1496	98.02	7.64e-41
C662FACXX150129:4:1309:20716:45570/1	101	1	101	smNRPS-CB	5945	1959	2059	98.02	7.64e-41
C662FACXX150129:6:2113:12947:72247/2	101	101	1	smNRPS-CB	5945	5075	5175	98.02	7.64e-41
C662FACXX150129:5:1102:11239:86397/1	101	1	99	smNRPS-CB	5945	2866	2964	98.99	2.12e-41
C662FACXX150129:5:1102:11239:86397/2	101	99	1	smNRPS-CB	5945	2866	2964	98.99	2.12e-41
C662FACXX150129:6:1311:17025:97072/1	101	101	3	smNRPS-CB	5945	3513	3611	98.99	2.12e-41
C662FACXX150129:2:2214:19959:8030/2	99	1	99	smNRPS-CB	5945	4052	4150	98.99	2.12e-41
C662FACXX150129:7:1110:14772:23257/1	99	1	99	smNRPS-CB	5945	634	732	98.99	2.12e-41
C662FACXX150129:3:1107:11461:34069/1	100	100	1	smNRPS-CB	5945	2992	3091	99	5.9e-42
C662FACXX150129:6:2203:6416:47246/1	101	100	1	smNRPS-CB	5945	5014	5113	99	5.9e-42
C662FACXX150129:5:2209:4923:37133/1	100	100	1	smNRPS-CB	5945	1344	1443	99	5.9e-42
C662FACXX150129:3:1206:18246:16320/2	99	3	99	smNRPS-CB	5945	1328	1424	100	5.9e-42
C662FACXX150129:3:1107:11461:34069/2	101	1	101	smNRPS-CB	5945	2877	2977	99.01	1.64e-42
C662FACXX150129:5:2209:4923:37133/2	101	1	101	smNRPS-CB	5945	1305	1405	99.01	1.64e-42
C662FACXX150129:7:1316:15764:19824/1	101	1	101	smNRPS-CB	5945	5350	5450	99.01	1.64e-42
C662FACXX150129:2:1111:5931:10524/1	101	1	101	smNRPS-CB	5945	408	508	99.01	1.64e-42
C662FACXX150129:3:2111:10685:86241/2	101	1	101	smNRPS-CB	5945	1369	1469	99.01	1.64e-42
C662FACXX150129:6:1311:17025:97072/2	101	1	101	smNRPS-CB	5945	3507	3607	99.01	1.64e-42
C662FACXX150129:2:1116:7629:37383/2	101	1	101	smNRPS-CB	5945	4795	4895	99.01	1.64e-42
C662FACXX150129:4:2207:7407:22352/1	101	101	1	smNRPS-CB	5945	3249	3349	99.01	1.64e-42
C662FACXX150129:3:2315:12011:61876/1	101	101	1	smNRPS-CB	5945	627	727	99.01	1.64e-42
C662FACXX150129:4:1115:16069:59090/2	101	1	101	smNRPS-CB	5945	2112	2212	100	3.53e-44
C662FACXX150129:3:2314:18532:54434/2	101	101	1	smNRPS-CB	5945	3178	3278	100	3.53e-44
C662FACXX150129:5:1107:9675:75280/1	101	1	101	smNRPS-CB	5945	3429	3529	100	3.53e-44
C662FACXX150129:5:1107:9675:75280/2	101	101	1	smNRPS-CB	5945	3447	3547	100	3.53e-44
C662FACXX150129:7:1109:16166:36685/1	101	1	101	smNRPS-CB	5945	2137	2237	100	3.53e-44
C662FACXX150129:7:1109:16166:36685/2	101	101	1	smNRPS-CB	5945	2177	2277	100	3.53e-44
C662FACXX150129:2:2216:6453:68179/1	101	101	1	smNRPS-CB	5945	3173	3273	100	3.53e-44
C662FACXX150129:4:1302:17794:10212/2	101	101	1	smNRPS-CB	5945	2119	2219	100	3.53e-44
C662FACXX150129:7:1108:17906:6856/1	101	1	101	smNRPS-CB	5945	4780	4880	100	3.53e-44
