C8G6HANXX160303:6:2312:14252:42025/1	100	1	97	smNRPS-CC	5875	1264	1360	95.876	1.75e-35
C8G6HANXX160303:4:1210:16056:37638/2	95	95	1	smNRPS-CC	5875	5316	5410	96.842	4.86e-36
C8G6HANXX160303:4:1116:12503:8197/2	100	1	100	smNRPS-CC	5875	1533	1632	96	3.75e-37
C8G6HANXX160303:6:2216:9233:18903/1	99	1	99	smNRPS-CC	5875	5300	5398	96.97	2.9e-38
C8G6HANXX160303:3:2216:12830:15846/1	101	2	101	smNRPS-CC	5875	1171	1270	97	8.07e-39
C8G6HANXX160303:3:1202:14520:89443/1	100	100	1	smNRPS-CC	5875	5321	5420	97	8.07e-39
C8G6HANXX160303:3:2114:4499:27424/1	101	1	101	smNRPS-CC	5875	2305	2405	97.03	2.24e-39
C8G6HANXX160303:3:1314:18593:94375/1	99	1	99	smNRPS-CC	5875	4173	4271	97.98	6.24e-40
C8G6HANXX160303:8:2307:3709:62296/1	100	99	1	smNRPS-CC	5875	1177	1275	97.98	6.24e-40
C8G6HANXX160303:3:2216:12830:15846/2	100	100	1	smNRPS-CC	5875	1194	1293	98	1.73e-40
C8G6HANXX160303:5:1303:10717:93501/2	96	96	3	smNRPS-CC	5875	632	725	100	1.73e-40
C8G6HANXX160303:5:1101:6985:60500/1	98	1	98	smNRPS-CC	5875	5777	5874	98.98	4.82e-41
C8G6HANXX160303:3:2205:19127:55936/1	95	1	95	smNRPS-CC	5875	2464	2558	100	4.82e-41
C8G6HANXX160303:4:2305:18892:34913/2	101	1	101	smNRPS-CC	5875	4232	4332	98.02	4.82e-41
C8G6HANXX160303:8:2106:19445:32667/1	100	100	1	smNRPS-CC	5875	4223	4322	99	3.73e-42
C8G6HANXX160303:7:2110:8297:39124/2	101	101	1	smNRPS-CC	5875	4198	4298	99.01	1.04e-42
C8G6HANXX160303:6:2307:17901:24699/2	99	1	99	smNRPS-CC	5875	2914	3012	100	2.88e-43
C8G6HANXX160303:5:1312:15566:52495/1	100	100	1	smNRPS-CC	5875	3468	3567	100	8.01e-44
C8G6HANXX160303:3:2205:19127:55936/2	100	100	1	smNRPS-CC	5875	2616	2715	100	8.01e-44
C8G6HANXX160303:7:2306:3441:16081/1	100	100	1	smNRPS-CC	5875	3704	3803	100	8.01e-44
C8G6HANXX160303:7:2210:15460:89060/1	101	1	101	smNRPS-CC	5875	5775	5875	100	2.23e-44
C8G6HANXX160303:5:1312:15566:52495/2	101	1	101	smNRPS-CC	5875	3293	3393	100	2.23e-44
C8G6HANXX160303:7:2306:3441:16081/2	101	1	101	smNRPS-CC	5875	3685	3785	100	2.23e-44
C8G6HANXX160303:6:2307:17901:24699/1	101	101	1	smNRPS-CC	5875	3219	3319	100	2.23e-44
C8G6HANXX160303:3:1110:6365:76761/1	101	1	101	smNRPS-CC	5875	2607	2707	100	2.23e-44
C8G6HANXX160303:3:1110:6365:76761/2	101	101	1	smNRPS-CC	5875	2769	2869	100	2.23e-44
C8G6HANXX160303:7:2210:15460:89060/2	101	47	101	smNRPS-CB	5945	1	55	100	8.4e-19
C8G6HANXX160303:3:2211:15592:21947/2	67	67	1	smNRPS-CB	5945	5609	5675	95.522	1.81e-20
C8G6HANXX160303:4:1213:19039:29387/1	71	68	1	smNRPS-CB	5945	2096	2163	100	4.98e-26
C8G6HANXX160303:5:2112:7901:57312/2	72	70	1	smNRPS-CB	5945	4171	4240	100	3.85e-27
C8G6HANXX160303:6:1216:8121:53609/2	75	75	1	smNRPS-CB	5945	2829	2903	98.667	2.98e-28
C8G6HANXX160303:8:2216:11696:87376/1	73	73	1	smNRPS-CB	5945	2214	2286	100	8.28e-29
C8G6HANXX160303:6:2309:8674:75228/2	82	82	1	smNRPS-CB	5945	538	619	96.341	8.28e-29
C8G6HANXX160303:6:2115:14378:41534/1	74	1	74	smNRPS-CB	5945	4773	4846	100	2.3e-29
C8G6HANXX160303:4:1201:7767:49370/2	100	23	100	smNRPS-CB	5945	1	78	98.718	6.4e-30
C8G6HANXX160303:4:2108:2002:4415/2	101	23	101	smNRPS-CB	5945	1	79	98.734	1.78e-30
C8G6HANXX160303:4:2314:18954:78347/1	83	1	83	smNRPS-CB	5945	695	777	97.59	4.95e-31
C8G6HANXX160303:4:2205:6512:73687/2	80	80	1	smNRPS-CB	5945	5789	5868	100	1.06e-32
C8G6HANXX160303:6:1211:7899:57535/1	95	1	87	smNRPS-CB	5945	1853	1939	97.701	2.96e-33
C8G6HANXX160303:4:2203:17676:11638/1	101	98	1	smNRPS-CB	5945	5502	5599	95.918	4.91e-36
C8G6HANXX160303:6:1211:7899:57535/2	100	92	1	smNRPS-CB	5945	1847	1938	97.826	4.91e-36
C8G6HANXX160303:8:1214:19627:55288/2	99	1	99	smNRPS-CB	5945	3828	3926	95.96	1.37e-36
C8G6HANXX160303:6:2111:4722:84490/2	101	1	100	smNRPS-CB	5945	1053	1152	96	3.8e-37
C8G6HANXX160303:6:1301:10363:100537/1	100	1	94	smNRPS-CB	5945	4837	4930	97.872	3.8e-37
C8G6HANXX160303:4:1210:16056:37638/1	100	100	1	smNRPS-CB	5945	510	609	96	3.8e-37
C8G6HANXX160303:6:1302:17551:63395/1	99	99	3	smNRPS-CB	5945	3523	3619	96.907	3.8e-37
C8G6HANXX160303:8:1205:2619:48912/1	92	91	1	smNRPS-CB	5945	4171	4261	98.901	3.8e-37
C8G6HANXX160303:6:2307:14326:32803/1	94	1	94	smNRPS-CB	5945	1958	2051	97.872	3.8e-37
C8G6HANXX160303:3:2110:6683:7537/1	100	94	1	smNRPS-CB	5945	3749	3842	97.872	3.8e-37
C8G6HANXX160303:6:2111:4722:84490/1	101	101	1	smNRPS-CB	5945	1132	1232	96.04	1.06e-37
C8G6HANXX160303:7:2106:6997:35679/2	101	101	1	smNRPS-CB	5945	3523	3623	96.04	1.06e-37
C8G6HANXX160303:6:1216:8121:53609/1	98	1	92	smNRPS-CB	5945	2813	2904	98.913	1.06e-37
C8G6HANXX160303:6:2313:13867:9100/1	99	1	95	smNRPS-CB	5945	2979	3073	97.895	1.06e-37
C8G6HANXX160303:8:1108:19516:32483/1	101	1	101	smNRPS-CB	5945	3667	3767	96.04	1.06e-37
C8G6HANXX160303:3:2310:19476:73854/1	101	98	1	smNRPS-CB	5945	524	621	96.939	1.06e-37
C8G6HANXX160303:3:2110:6683:7537/2	101	1	95	smNRPS-CB	5945	3749	3843	97.895	1.06e-37
C8G6HANXX160303:6:1311:11723:40120/1	92	1	92	smNRPS-CB	5945	4146	4237	98.913	1.06e-37
C8G6HANXX160303:4:1302:4546:84015/1	100	1	100	smNRPS-CB	5945	309	408	97	8.16e-39
C8G6HANXX160303:8:1205:2619:48912/2	94	1	94	smNRPS-CB	5945	4122	4215	98.936	8.16e-39
C8G6HANXX160303:6:2313:13867:9100/2	101	97	1	smNRPS-CB	5945	2977	3073	97.938	8.16e-39
C8G6HANXX160303:5:2313:3748:67936/1	98	98	1	smNRPS-CB	5945	4493	4590	97.959	2.27e-39
C8G6HANXX160303:7:2303:19118:2263/2	101	1	101	smNRPS-CB	5945	1835	1935	97.03	2.27e-39
C8G6HANXX160303:6:1213:1619:59493/1	101	101	1	smNRPS-CB	5945	5513	5613	97.03	2.27e-39
C8G6HANXX160303:6:2314:18257:42826/2	95	95	1	smNRPS-CB	5945	1392	1486	98.947	2.27e-39
C8G6HANXX160303:3:2309:2340:22657/1	101	101	1	smNRPS-CB	5945	478	578	97.03	2.27e-39
C8G6HANXX160303:4:2205:6512:73687/1	98	1	98	smNRPS-CB	5945	5667	5764	97.959	2.27e-39
C8G6HANXX160303:7:1314:9542:76955/2	101	1	101	smNRPS-CB	5945	1835	1935	97.03	2.27e-39
C8G6HANXX160303:8:1108:19516:32483/2	101	101	1	smNRPS-CB	5945	3806	3906	97.03	2.27e-39
C8G6HANXX160303:8:1109:7502:40688/2	101	1	101	smNRPS-CB	5945	3827	3927	97.03	2.27e-39
C8G6HANXX160303:8:2115:14344:82642/1	101	101	1	smNRPS-CB	5945	4555	4655	97.03	2.27e-39
C8G6HANXX160303:3:1202:14520:89443/2	101	101	1	smNRPS-CB	5945	534	634	97.03	2.27e-39
C8G6HANXX160303:5:1210:12411:57061/1	98	98	1	smNRPS-CB	5945	2043	2140	97.959	2.27e-39
C8G6HANXX160303:7:2308:12124:82384/1	99	99	1	smNRPS-CB	5945	1987	2085	97.98	6.31e-40
C8G6HANXX160303:5:1203:9905:95868/1	101	101	3	smNRPS-CB	5945	3513	3611	97.98	6.31e-40
C8G6HANXX160303:5:1104:20361:65077/1	99	99	1	smNRPS-CB	5945	2693	2791	97.98	6.31e-40
C8G6HANXX160303:6:1313:15855:85671/1	99	99	1	smNRPS-CB	5945	220	318	97.98	6.31e-40
C8G6HANXX160303:7:2303:19118:2263/1	100	100	1	smNRPS-CB	5945	1855	1954	98	1.75e-40
C8G6HANXX160303:7:2310:10935:35184/1	100	100	1	smNRPS-CB	5945	239	338	98	1.75e-40
C8G6HANXX160303:5:2112:4500:4334/2	97	97	1	smNRPS-CB	5945	2424	2520	98.969	1.75e-40
C8G6HANXX160303:4:1201:7767:49370/1	100	100	1	smNRPS-CB	5945	32	131	98	1.75e-40
C8G6HANXX160303:8:1112:1619:83067/1	100	100	1	smNRPS-CB	5945	653	752	98	1.75e-40
C8G6HANXX160303:7:1205:2257:15013/2	100	1	100	smNRPS-CB	5945	2590	2689	98	1.75e-40
C8G6HANXX160303:3:2211:15592:21947/1	100	1	100	smNRPS-CB	5945	5481	5580	98	1.75e-40
C8G6HANXX160303:6:2307:14326:32803/2	100	100	1	smNRPS-CB	5945	2077	2176	98	1.75e-40
C8G6HANXX160303:8:1210:9377:97580/1	101	1	100	smNRPS-CB	5945	695	794	98	1.75e-40
C8G6HANXX160303:8:2311:2136:83471/2	100	100	1	smNRPS-CB	5945	2067	2166	98	1.75e-40
C8G6HANXX160303:6:1106:15250:24555/1	100	100	1	smNRPS-CB	5945	438	537	98	1.75e-40
C8G6HANXX160303:7:2116:21060:84200/2	101	1	97	smNRPS-CB	5945	3051	3147	98.969	1.75e-40
C8G6HANXX160303:3:1303:18159:44849/1	100	1	100	smNRPS-CB	5945	428	527	98	1.75e-40
C8G6HANXX160303:4:2215:3047:40037/1	101	1	97	smNRPS-CB	5945	2977	3073	98.969	1.75e-40
C8G6HANXX160303:4:2108:2002:4415/1	101	101	1	smNRPS-CB	5945	32	132	98.02	4.88e-41
C8G6HANXX160303:6:1301:10363:100537/2	101	101	1	smNRPS-CB	5945	4942	5042	98.02	4.88e-41
C8G6HANXX160303:8:2316:6026:8821/2	101	1	101	smNRPS-CB	5945	5157	5257	98.02	4.88e-41
C8G6HANXX160303:3:2115:6953:38900/2	101	101	1	smNRPS-CB	5945	1236	1336	98.02	4.88e-41
C8G6HANXX160303:8:2302:15366:77088/2	101	1	101	smNRPS-CB	5945	1957	2057	98.02	4.88e-41
C8G6HANXX160303:3:2306:10744:6156/1	98	1	98	smNRPS-CB	5945	3249	3346	98.98	4.88e-41
C8G6HANXX160303:7:2110:8297:39124/1	101	101	1	smNRPS-CB	5945	1636	1736	98.02	4.88e-41
C8G6HANXX160303:5:1203:9905:95868/2	101	1	101	smNRPS-CB	5945	3493	3593	98.02	4.88e-41
C8G6HANXX160303:7:1314:9542:76955/1	101	101	1	smNRPS-CB	5945	1854	1954	98.02	4.88e-41
C8G6HANXX160303:8:1215:2681:44125/1	101	101	1	smNRPS-CB	5945	2829	2929	98.02	4.88e-41
C8G6HANXX160303:7:1216:3130:78137/1	101	101	1	smNRPS-CB	5945	438	538	98.02	4.88e-41
C8G6HANXX160303:7:1216:3130:78137/2	101	1	101	smNRPS-CB	5945	368	468	98.02	4.88e-41
C8G6HANXX160303:7:2314:14849:29826/2	101	1	101	smNRPS-CB	5945	2817	2917	98.02	4.88e-41
C8G6HANXX160303:3:1314:18593:94375/2	101	1	101	smNRPS-CB	5945	1476	1576	98.02	4.88e-41
C8G6HANXX160303:5:1104:20361:65077/2	101	1	101	smNRPS-CB	5945	2546	2646	98.02	4.88e-41
C8G6HANXX160303:8:1210:9377:97580/2	101	101	1	smNRPS-CB	5945	694	794	98.02	4.88e-41
C8G6HANXX160303:8:2311:2136:83471/1	101	1	101	smNRPS-CB	5945	2024	2124	98.02	4.88e-41
C8G6HANXX160303:4:1210:5504:100734/1	101	1	101	smNRPS-CB	5945	3084	3184	98.02	4.88e-41
C8G6HANXX160303:4:1210:5504:100734/2	101	101	1	smNRPS-CB	5945	3091	3191	98.02	4.88e-41
C8G6HANXX160303:7:1208:2713:100588/2	101	101	1	smNRPS-CB	5945	695	795	98.02	4.88e-41
C8G6HANXX160303:5:2312:12496:47910/2	101	1	101	smNRPS-CB	5945	4154	4254	98.02	4.88e-41
C8G6HANXX160303:8:2106:19445:32667/2	98	98	1	smNRPS-CB	5945	1655	1752	98.98	4.88e-41
C8G6HANXX160303:6:2310:1931:10203/1	100	97	3	smNRPS-CB	5945	3214	3308	100	4.88e-41
C8G6HANXX160303:6:2310:1931:10203/2	101	1	95	smNRPS-CB	5945	3214	3308	100	4.88e-41
C8G6HANXX160303:6:1106:15250:24555/2	101	1	101	smNRPS-CB	5945	368	468	98.02	4.88e-41
C8G6HANXX160303:8:2113:13127:55656/2	101	101	1	smNRPS-CB	5945	3506	3606	98.02	4.88e-41
C8G6HANXX160303:7:2116:21060:84200/1	101	101	1	smNRPS-CB	5945	3124	3224	98.02	4.88e-41
C8G6HANXX160303:3:1303:18159:44849/2	101	101	1	smNRPS-CB	5945	700	800	98.02	4.88e-41
C8G6HANXX160303:5:1202:19468:79844/1	101	101	1	smNRPS-CB	5945	2064	2164	98.02	4.88e-41
C8G6HANXX160303:6:2309:18142:74811/1	101	1	101	smNRPS-CB	5945	3932	4032	98.02	4.88e-41
C8G6HANXX160303:6:1213:1619:59493/2	101	1	99	smNRPS-CB	5945	5369	5467	98.99	1.36e-41
C8G6HANXX160303:7:2106:6997:35679/1	99	1	99	smNRPS-CB	5945	3482	3580	98.99	1.36e-41
C8G6HANXX160303:4:1105:3189:79966/1	99	99	1	smNRPS-CB	5945	2360	2458	98.99	1.36e-41
C8G6HANXX160303:3:2206:9268:19794/1	100	97	1	smNRPS-CB	5945	2639	2735	100	3.77e-42
C8G6HANXX160303:8:1207:9328:92114/2	100	1	100	smNRPS-CB	5945	4080	4179	99	3.77e-42
C8G6HANXX160303:8:2302:16815:3414/1	100	97	1	smNRPS-CB	5945	2639	2735	100	3.77e-42
C8G6HANXX160303:8:2316:6026:8821/1	100	100	1	smNRPS-CB	5945	5340	5439	99	3.77e-42
C8G6HANXX160303:3:2306:10744:6156/2	100	100	1	smNRPS-CB	5945	3333	3432	99	3.77e-42
C8G6HANXX160303:8:1301:15409:47818/1	100	1	100	smNRPS-CB	5945	2872	2971	99	3.77e-42
C8G6HANXX160303:5:2110:8316:7619/1	100	1	100	smNRPS-CB	5945	2613	2712	99	3.77e-42
C8G6HANXX160303:5:1213:4355:11638/1	101	100	1	smNRPS-CB	5945	3364	3463	99	3.77e-42
C8G6HANXX160303:5:1213:4355:11638/2	101	1	100	smNRPS-CB	5945	3364	3463	99	3.77e-42
C8G6HANXX160303:4:2305:18892:34913/1	100	1	100	smNRPS-CB	5945	1453	1552	99	3.77e-42
C8G6HANXX160303:6:1103:4812:14923/1	100	1	100	smNRPS-CB	5945	125	224	99	3.77e-42
C8G6HANXX160303:7:1306:20633:99502/2	101	1	101	smNRPS-CB	5945	1662	1762	99.01	1.05e-42
C8G6HANXX160303:6:1107:16759:18582/2	101	101	1	smNRPS-CB	5945	2223	2323	99.01	1.05e-42
C8G6HANXX160303:3:2206:9268:19794/2	101	1	101	smNRPS-CB	5945	2634	2734	99.01	1.05e-42
C8G6HANXX160303:6:2108:19379:60833/1	101	101	1	smNRPS-CB	5945	3012	3112	99.01	1.05e-42
C8G6HANXX160303:8:1207:9328:92114/1	101	101	1	smNRPS-CB	5945	4081	4181	99.01	1.05e-42
C8G6HANXX160303:6:2314:18257:42826/1	101	1	101	smNRPS-CB	5945	1004	1104	99.01	1.05e-42
C8G6HANXX160303:6:1202:12020:98037/2	101	1	101	smNRPS-CB	5945	2845	2945	99.01	1.05e-42
C8G6HANXX160303:7:2310:10935:35184/2	101	1	101	smNRPS-CB	5945	191	291	99.01	1.05e-42
C8G6HANXX160303:3:2309:2340:22657/2	101	1	101	smNRPS-CB	5945	408	508	99.01	1.05e-42
C8G6HANXX160303:7:1113:10924:52636/1	101	1	101	smNRPS-CB	5945	3216	3316	99.01	1.05e-42
C8G6HANXX160303:7:1113:10924:52636/2	101	101	1	smNRPS-CB	5945	3258	3358	99.01	1.05e-42
C8G6HANXX160303:8:2302:16815:3414/2	101	1	101	smNRPS-CB	5945	2634	2734	99.01	1.05e-42
C8G6HANXX160303:6:1107:13652:96794/2	101	101	1	smNRPS-CB	5945	1282	1382	99.01	1.05e-42
C8G6HANXX160303:3:2115:6953:38900/1	101	1	101	smNRPS-CB	5945	1232	1332	99.01	1.05e-42
C8G6HANXX160303:8:1214:19627:55288/1	101	101	1	smNRPS-CB	5945	3996	4096	99.01	1.05e-42
C8G6HANXX160303:8:2302:15366:77088/1	98	98	1	smNRPS-CB	5945	2099	2196	100	1.05e-42
C8G6HANXX160303:7:2308:12124:82384/2	101	1	101	smNRPS-CB	5945	1503	1603	99.01	1.05e-42
C8G6HANXX160303:8:1112:1619:83067/2	101	1	101	smNRPS-CB	5945	575	675	99.01	1.05e-42
C8G6HANXX160303:6:2216:9233:18903/2	101	1	101	smNRPS-CB	5945	408	508	99.01	1.05e-42
C8G6HANXX160303:8:2116:10412:84689/2	101	101	1	smNRPS-CB	5945	2325	2425	99.01	1.05e-42
C8G6HANXX160303:6:1302:17551:63395/2	101	1	101	smNRPS-CB	5945	3364	3464	99.01	1.05e-42
C8G6HANXX160303:7:1205:2257:15013/1	101	101	1	smNRPS-CB	5945	2844	2944	99.01	1.05e-42
C8G6HANXX160303:8:1301:15409:47818/2	101	101	1	smNRPS-CB	5945	2982	3082	99.01	1.05e-42
C8G6HANXX160303:5:2110:8316:7619/2	101	101	1	smNRPS-CB	5945	2973	3073	99.01	1.05e-42
C8G6HANXX160303:7:2103:3217:75897/2	101	101	1	smNRPS-CB	5945	2424	2524	99.01	1.05e-42
C8G6HANXX160303:8:1215:2681:44125/2	101	1	101	smNRPS-CB	5945	2768	2868	99.01	1.05e-42
C8G6HANXX160303:8:1212:16455:27589/1	101	101	1	smNRPS-CB	5945	3012	3112	99.01	1.05e-42
C8G6HANXX160303:8:1212:16455:27589/2	101	1	101	smNRPS-CB	5945	3000	3100	99.01	1.05e-42
C8G6HANXX160303:3:2310:6015:42519/1	101	101	1	smNRPS-CB	5945	3012	3112	99.01	1.05e-42
C8G6HANXX160303:4:1116:12503:8197/1	101	1	101	smNRPS-CB	5945	4088	4188	99.01	1.05e-42
C8G6HANXX160303:3:2310:19476:73854/2	101	1	101	smNRPS-CB	5945	407	507	99.01	1.05e-42
C8G6HANXX160303:3:1210:14028:51996/2	101	101	1	smNRPS-CB	5945	1384	1484	99.01	1.05e-42
C8G6HANXX160303:5:1303:10717:93501/1	101	101	1	smNRPS-CB	5945	5682	5782	99.01	1.05e-42
C8G6HANXX160303:8:1109:7502:40688/1	101	101	1	smNRPS-CB	5945	3996	4096	99.01	1.05e-42
C8G6HANXX160303:6:1204:7174:43854/1	101	1	101	smNRPS-CB	5945	3265	3365	99.01	1.05e-42
C8G6HANXX160303:6:1204:7174:43854/2	101	101	1	smNRPS-CB	5945	3362	3462	99.01	1.05e-42
C8G6HANXX160303:7:1208:2713:100588/1	101	1	98	smNRPS-CB	5945	613	710	100	1.05e-42
C8G6HANXX160303:3:2114:4499:27424/2	101	1	101	smNRPS-CB	5945	3460	3560	99.01	1.05e-42
C8G6HANXX160303:5:2112:7901:57312/1	101	1	98	smNRPS-CB	5945	3785	3882	100	1.05e-42
C8G6HANXX160303:8:2113:13127:55656/1	101	1	101	smNRPS-CB	5945	3351	3451	99.01	1.05e-42
C8G6HANXX160303:7:1112:12893:72500/1	98	1	98	smNRPS-CB	5945	2932	3029	100	1.05e-42
C8G6HANXX160303:6:1202:12020:98037/1	99	99	1	smNRPS-CB	5945	2954	3052	100	2.92e-43
C8G6HANXX160303:7:1207:8342:35356/1	99	99	1	smNRPS-CB	5945	5702	5800	100	2.92e-43
C8G6HANXX160303:6:1107:16759:18582/1	100	1	100	smNRPS-CB	5945	2196	2295	100	8.11e-44
C8G6HANXX160303:6:2108:19379:60833/2	101	1	101	smNRPS-CB	5945	2929	3029	100	2.25e-44
C8G6HANXX160303:7:1301:10683:94971/2	101	1	101	smNRPS-CB	5945	5819	5919	100	2.25e-44
C8G6HANXX160303:5:2112:4500:4334/1	101	1	101	smNRPS-CB	5945	2316	2416	100	2.25e-44
C8G6HANXX160303:4:1302:4546:84015/2	101	101	1	smNRPS-CB	5945	745	845	100	2.25e-44
C8G6HANXX160303:8:2116:10412:84689/1	101	1	101	smNRPS-CB	5945	2301	2401	100	2.25e-44
C8G6HANXX160303:4:2203:17676:11638/2	101	1	101	smNRPS-CB	5945	5256	5356	100	2.25e-44
C8G6HANXX160303:7:2103:3217:75897/1	101	1	101	smNRPS-CB	5945	2316	2416	100	2.25e-44
C8G6HANXX160303:7:2314:14849:29826/1	101	101	1	smNRPS-CB	5945	2962	3062	100	2.25e-44
C8G6HANXX160303:3:2310:6015:42519/2	101	1	101	smNRPS-CB	5945	2944	3044	100	2.25e-44
C8G6HANXX160303:3:2208:10519:33907/1	101	1	101	smNRPS-CB	5945	4550	4650	100	2.25e-44
C8G6HANXX160303:3:2208:10519:33907/2	101	101	1	smNRPS-CB	5945	4567	4667	100	2.25e-44
C8G6HANXX160303:3:1210:14028:51996/1	101	1	101	smNRPS-CB	5945	1328	1428	100	2.25e-44
