C90P4ANXX160330:2:1316:5509:9596/2	79	79	1	smNRPS-CC	5875	5571	5649	98.734	2e-30
C90P4ANXX160330:2:2106:9449:100331/2	101	1	94	smNRPS-CC	5875	5467	5560	95.745	9.23e-34
C90P4ANXX160330:2:2106:9449:100331/1	100	93	1	smNRPS-CC	5875	5467	5559	98.925	3.3e-38
C90P4ANXX160330:2:1316:5509:9596/1	100	1	97	smNRPS-CC	5875	5553	5649	98.969	1.97e-40
C90P4ANXX160330:2:1105:7655:56528/2	59	1	59	smNRPS-CB	5945	663	721	96.61	1.23e-17
C90P4ANXX160330:3:1107:13201:61704/2	91	1	91	smNRPS-CB	5945	5148	5239	97.826	2.01e-35
C90P4ANXX160330:2:2104:7700:99572/2	101	101	1	smNRPS-CB	5945	5503	5603	96.04	1.2e-37
C90P4ANXX160330:2:1105:7655:56528/1	98	98	1	smNRPS-CB	5945	696	793	97.959	2.58e-39
C90P4ANXX160330:2:2104:7700:99572/1	99	1	99	smNRPS-CB	5945	5353	5451	98.99	1.54e-41
C90P4ANXX160330:6:2209:19902:80262/1	101	101	2	smNRPS-CB	5945	21	120	99	4.28e-42
C90P4ANXX160330:2:1216:7044:76360/1	101	1	101	smNRPS-CB	5945	1324	1424	99.01	1.19e-42
C90P4ANXX160330:2:1216:7044:76360/2	98	98	1	smNRPS-CB	5945	1334	1431	100	1.19e-42
C90P4ANXX160330:3:1101:14805:89540/2	101	101	1	smNRPS-CB	5945	3396	3496	99.01	1.19e-42
C90P4ANXX160330:4:2307:10904:95442/1	101	101	1	smNRPS-CB	5945	915	1015	100	2.56e-44
C90P4ANXX160330:4:2307:10904:95442/2	101	1	101	smNRPS-CB	5945	870	970	100	2.56e-44
C90P4ANXX160330:3:2208:10926:65836/1	101	101	1	smNRPS-CB	5945	2228	2328	100	2.56e-44
C90P4ANXX160330:3:2208:10926:65836/2	101	1	101	smNRPS-CB	5945	2101	2201	100	2.56e-44
