C662FACXX150129:5:1316:14011:34028/2	61	1	61	smNRPS-CC	5875	5305	5365	95.082	5.32e-17
C662FACXX150129:4:2109:3068:15314/1	62	1	62	smNRPS-CC	5875	3707	3768	96.774	3.18e-19
C662FACXX150129:3:1204:9266:56234/2	64	1	64	smNRPS-CC	5875	3884	3947	96.875	2.46e-20
C662FACXX150129:4:2115:15816:36787/1	101	1	62	smNRPS-CC	5875	5814	5875	98.387	6.83e-21
C662FACXX150129:4:1208:17995:80008/2	70	1	68	smNRPS-CC	5875	1383	1450	95.588	6.83e-21
C662FACXX150129:7:1205:18149:10275/2	68	1	65	smNRPS-CC	5875	685	749	96.923	6.83e-21
C662FACXX150129:5:2114:4805:62183/1	66	63	1	smNRPS-CC	5875	2505	2567	98.413	1.9e-21
C662FACXX150129:7:1209:5795:86103/1	64	64	1	smNRPS-CC	5875	2285	2348	98.438	5.28e-22
C662FACXX150129:4:1102:20657:72190/2	71	1	71	smNRPS-CC	5875	1320	1390	95.775	1.47e-22
C662FACXX150129:3:1205:5003:14396/2	65	1	65	smNRPS-CC	5875	4314	4378	98.462	1.47e-22
C662FACXX150129:5:1111:8348:31783/1	99	1	62	smNRPS-CC	5875	5814	5875	100	1.47e-22
C662FACXX150129:7:2201:20254:69157/2	66	1	66	smNRPS-CC	5875	2347	2412	98.485	4.08e-23
C662FACXX150129:4:1305:13011:77205/1	72	72	1	smNRPS-CC	5875	2963	3034	95.833	4.08e-23
C662FACXX150129:5:1206:8366:22983/2	84	16	84	smNRPS-CC	5875	1	69	97.101	4.08e-23
C662FACXX150129:7:2115:8929:12618/1	72	72	1	smNRPS-CC	5875	5469	5540	95.833	4.08e-23
C662FACXX150129:5:1111:7860:42666/2	69	1	69	smNRPS-CC	5875	2531	2599	97.101	4.08e-23
C662FACXX150129:7:1212:20154:68043/1	101	64	1	smNRPS-CC	5875	5779	5842	100	1.14e-23
C662FACXX150129:7:1212:20154:68043/2	101	1	64	smNRPS-CC	5875	5779	5842	100	1.14e-23
C662FACXX150129:4:1108:4875:74259/1	77	5	77	smNRPS-CC	5875	3684	3756	95.89	1.14e-23
C662FACXX150129:4:1108:1681:51552/2	70	1	70	smNRPS-CC	5875	2138	2207	97.143	1.14e-23
C662FACXX150129:3:1112:9179:26955/2	68	1	68	smNRPS-CC	5875	2932	2999	98.529	3.16e-24
C662FACXX150129:4:1208:6176:72475/2	74	1	74	smNRPS-CC	5875	1144	1217	95.946	3.16e-24
C662FACXX150129:4:1307:12756:89222/1	71	1	71	smNRPS-CC	5875	3574	3644	97.183	3.16e-24
C662FACXX150129:3:2102:15540:31222/2	65	1	65	smNRPS-CC	5875	1867	1931	100	3.16e-24
C662FACXX150129:5:1110:7595:5531/2	72	72	1	smNRPS-CC	5875	3678	3749	97.222	8.78e-25
C662FACXX150129:5:2211:1828:27316/2	69	1	69	smNRPS-CC	5875	3910	3978	98.551	8.78e-25
C662FACXX150129:2:2211:19729:17010/2	70	70	1	smNRPS-CC	5875	4852	4921	98.571	2.44e-25
C662FACXX150129:3:2214:13824:39451/2	73	1	73	smNRPS-CC	5875	2949	3021	97.26	2.44e-25
C662FACXX150129:6:2207:20634:15973/2	71	1	71	smNRPS-CC	5875	5344	5414	98.592	6.79e-26
C662FACXX150129:4:1105:2796:55779/2	68	68	1	smNRPS-CC	5875	979	1046	100	6.79e-26
C662FACXX150129:7:2310:9693:82977/1	77	1	77	smNRPS-CC	5875	1177	1253	96.104	6.79e-26
C662FACXX150129:3:2208:5463:5025/1	75	2	75	smNRPS-CC	5875	4661	4734	97.297	6.79e-26
C662FACXX150129:7:2114:14543:20932/1	74	1	74	smNRPS-CC	5875	1199	1272	97.297	6.79e-26
C662FACXX150129:6:1302:9380:98873/2	74	74	1	smNRPS-CC	5875	4892	4965	97.297	6.79e-26
C662FACXX150129:5:1204:16895:82985/2	87	81	1	smNRPS-CC	5875	4625	4705	95.062	1.89e-26
C662FACXX150129:6:2114:4929:2086/1	75	1	75	smNRPS-CC	5875	2223	2297	97.333	1.89e-26
C662FACXX150129:3:2314:19054:68929/1	74	3	74	smNRPS-CC	5875	3661	3732	98.611	1.89e-26
C662FACXX150129:3:1310:7559:57167/2	72	1	72	smNRPS-CC	5875	2136	2207	98.611	1.89e-26
C662FACXX150129:2:2211:18837:75388/2	80	78	1	smNRPS-CC	5875	2638	2715	96.154	1.89e-26
C662FACXX150129:6:2301:7390:94394/2	78	1	76	smNRPS-CC	5875	1572	1647	97.368	5.25e-27
C662FACXX150129:2:2104:15199:19940/1	75	75	3	smNRPS-CC	5875	3619	3691	98.63	5.25e-27
C662FACXX150129:4:2112:11807:18925/2	73	1	73	smNRPS-CC	5875	1845	1917	98.63	5.25e-27
C662FACXX150129:2:1207:1389:33140/1	76	1	73	smNRPS-CC	5875	650	722	98.63	5.25e-27
C662FACXX150129:4:1213:8510:53609/2	73	73	1	smNRPS-CC	5875	5343	5415	98.63	5.25e-27
C662FACXX150129:5:2211:20621:46783/2	71	71	1	smNRPS-CC	5875	1125	1195	100	1.46e-27
C662FACXX150129:5:2101:12638:28696/2	71	71	1	smNRPS-CC	5875	5067	5137	100	1.46e-27
C662FACXX150129:6:1210:4127:59279/1	101	3	73	smNRPS-CC	5875	5805	5875	100	1.46e-27
C662FACXX150129:4:2114:6971:80898/1	74	74	1	smNRPS-CC	5875	1541	1614	98.649	1.46e-27
C662FACXX150129:6:2101:8878:22271/2	81	1	78	smNRPS-CC	5875	4663	4740	97.436	4.06e-28
C662FACXX150129:7:1206:6179:79187/1	72	72	1	smNRPS-CC	5875	430	501	100	4.06e-28
C662FACXX150129:3:2106:14931:77562/2	87	1	85	smNRPS-CC	5875	4671	4755	95.294	1.13e-28
C662FACXX150129:4:1105:2796:55779/1	75	3	75	smNRPS-CC	5875	776	848	100	1.13e-28
C662FACXX150129:6:2309:10288:56170/2	76	76	1	smNRPS-CC	5875	2117	2192	98.684	1.13e-28
C662FACXX150129:5:1301:16325:88049/1	87	1	82	smNRPS-CC	5875	2761	2842	96.341	1.13e-28
C662FACXX150129:6:1208:11803:4029/2	84	2	81	smNRPS-CC	5875	4469	4548	97.5	3.14e-29
C662FACXX150129:3:1307:13222:79863/2	77	1	77	smNRPS-CC	5875	505	581	98.701	3.14e-29
C662FACXX150129:7:1303:17552:37762/2	81	81	1	smNRPS-CC	5875	3577	3657	97.531	8.72e-30
C662FACXX150129:3:1316:12472:11483/1	75	75	1	smNRPS-CC	5875	5167	5241	100	8.72e-30
C662FACXX150129:3:1311:1822:10964/2	81	81	1	smNRPS-CC	5875	3838	3918	97.531	8.72e-30
C662FACXX150129:7:1204:7395:80988/2	83	83	2	smNRPS-CC	5875	1305	1386	97.561	2.42e-30
C662FACXX150129:2:2203:16265:83144/2	77	1	77	smNRPS-CC	5875	1841	1917	100	6.74e-31
C662FACXX150129:6:2104:6588:31672/2	77	1	77	smNRPS-CC	5875	2214	2290	100	6.74e-31
C662FACXX150129:6:2108:2469:66043/2	89	89	1	smNRPS-CC	5875	4348	4436	95.506	6.74e-31
C662FACXX150129:6:1207:9444:76556/2	89	1	89	smNRPS-CC	5875	1923	2011	95.506	6.74e-31
C662FACXX150129:7:2107:14939:94914/2	83	83	1	smNRPS-CC	5875	3989	4071	97.59	6.74e-31
C662FACXX150129:5:2113:13749:50592/1	84	1	84	smNRPS-CC	5875	2187	2270	97.619	1.87e-31
C662FACXX150129:7:2112:9039:83973/1	85	1	81	smNRPS-CC	5875	5795	5875	98.765	1.87e-31
C662FACXX150129:6:2114:14000:46541/2	81	1	81	smNRPS-CC	5875	5740	5820	98.765	1.87e-31
C662FACXX150129:3:2112:10782:78365/2	87	1	81	smNRPS-CC	5875	3599	3679	98.765	1.87e-31
C662FACXX150129:7:2214:14201:37868/2	88	88	1	smNRPS-CC	5875	1136	1223	96.591	5.21e-32
C662FACXX150129:2:1314:5009:19831/1	101	9	99	smNRPS-CC	5875	1296	1386	95.604	5.21e-32
C662FACXX150129:5:2212:7961:30222/1	91	1	91	smNRPS-CC	5875	3190	3280	95.604	5.21e-32
C662FACXX150129:3:2105:17094:64861/2	79	1	79	smNRPS-CC	5875	4075	4153	100	5.21e-32
C662FACXX150129:7:2111:10022:13977/1	85	1	85	smNRPS-CC	5875	5542	5626	97.647	5.21e-32
C662FACXX150129:6:1203:4045:77810/1	92	1	92	smNRPS-CC	5875	3236	3327	95.652	1.45e-32
C662FACXX150129:2:2211:19729:17010/1	83	1	83	smNRPS-CC	5875	4560	4642	98.795	1.45e-32
C662FACXX150129:3:1310:4815:26303/2	80	1	80	smNRPS-CC	5875	1101	1180	100	1.45e-32
C662FACXX150129:5:2203:4835:40272/2	86	1	86	smNRPS-CC	5875	4192	4277	97.674	1.45e-32
C662FACXX150129:3:2207:8812:32134/2	96	93	1	smNRPS-CC	5875	1960	2052	95.699	4.03e-33
C662FACXX150129:2:1304:12429:23624/2	81	1	81	smNRPS-CC	5875	1782	1862	100	4.03e-33
C662FACXX150129:7:2206:13607:69906/2	96	93	1	smNRPS-CC	5875	1960	2052	95.699	4.03e-33
C662FACXX150129:2:2311:4607:26762/2	88	2	88	smNRPS-CC	5875	2100	2186	97.701	4.03e-33
C662FACXX150129:7:2204:6046:83432/1	87	1	87	smNRPS-CC	5875	654	740	97.701	4.03e-33
C662FACXX150129:2:2104:15199:19940/2	85	1	85	smNRPS-CC	5875	3408	3492	98.824	1.12e-33
C662FACXX150129:7:2112:15967:84380/1	94	94	1	smNRPS-CC	5875	2514	2607	95.745	1.12e-33
C662FACXX150129:7:1205:9328:22185/1	101	94	1	smNRPS-CC	5875	2529	2622	95.745	1.12e-33
C662FACXX150129:7:1205:9328:22185/2	101	1	94	smNRPS-CC	5875	2530	2623	95.745	1.12e-33
C662FACXX150129:6:1312:2706:99789/2	85	1	85	smNRPS-CC	5875	2749	2833	98.824	1.12e-33
C662FACXX150129:4:1215:16076:37747/1	101	9	99	smNRPS-CC	5875	1296	1386	96.703	1.12e-33
C662FACXX150129:3:2112:5195:2435/2	101	1	91	smNRPS-CC	5875	2487	2577	96.703	1.12e-33
C662FACXX150129:2:1203:17406:100896/2	92	91	1	smNRPS-CC	5875	5269	5359	96.703	1.12e-33
C662FACXX150129:5:2114:14197:77182/1	88	88	4	smNRPS-CC	5875	3595	3679	98.824	1.12e-33
C662FACXX150129:2:2201:8974:22814/2	84	1	83	smNRPS-CC	5875	665	747	100	3.11e-34
C662FACXX150129:3:2206:16397:50437/2	92	1	92	smNRPS-CC	5875	1341	1432	96.739	3.11e-34
C662FACXX150129:7:1104:20660:80136/2	92	1	92	smNRPS-CC	5875	663	754	96.739	3.11e-34
C662FACXX150129:4:2113:16103:17163/1	89	1	89	smNRPS-CC	5875	1795	1883	97.753	3.11e-34
C662FACXX150129:3:2306:11050:58630/1	99	99	7	smNRPS-CC	5875	1364	1456	96.774	8.66e-35
C662FACXX150129:6:2211:5174:50451/2	90	90	1	smNRPS-CC	5875	5270	5359	97.778	8.66e-35
C662FACXX150129:5:1311:7133:83982/2	96	96	1	smNRPS-CC	5875	1343	1438	95.833	8.66e-35
C662FACXX150129:7:1116:19334:48732/2	96	1	96	smNRPS-CC	5875	3503	3598	95.833	8.66e-35
C662FACXX150129:7:2204:5602:95266/2	94	93	1	smNRPS-CC	5875	4205	4297	96.774	8.66e-35
C662FACXX150129:4:2209:7232:53737/2	90	1	90	smNRPS-CC	5875	3568	3657	97.778	8.66e-35
C662FACXX150129:6:2103:15696:80464/2	88	88	1	smNRPS-CC	5875	3033	3120	98.864	2.41e-35
C662FACXX150129:5:1309:18739:37128/1	97	1	97	smNRPS-CC	5875	5433	5529	95.876	2.41e-35
C662FACXX150129:5:1314:12543:78035/1	100	100	1	smNRPS-CC	5875	2254	2353	95	2.41e-35
C662FACXX150129:7:2103:8748:48605/1	101	101	5	smNRPS-CC	5875	1360	1456	95.876	2.41e-35
C662FACXX150129:5:1202:10939:18317/2	100	100	1	smNRPS-CC	5875	3589	3688	95	2.41e-35
C662FACXX150129:2:1215:8023:27395/1	101	1	95	smNRPS-CC	5875	1533	1626	96.842	2.41e-35
C662FACXX150129:7:1104:20660:80136/1	101	99	6	smNRPS-CC	5875	663	756	96.809	2.41e-35
C662FACXX150129:4:2215:18944:36459/2	101	101	2	smNRPS-CC	5875	5568	5667	95	2.41e-35
C662FACXX150129:2:2104:9616:5425/1	91	1	91	smNRPS-CC	5875	3738	3828	97.802	2.41e-35
C662FACXX150129:2:1111:13481:12669/1	101	101	1	smNRPS-CC	5875	2535	2635	95.05	6.69e-36
C662FACXX150129:4:2215:12174:27637/1	101	1	101	smNRPS-CC	5875	5255	5355	95.05	6.69e-36
C662FACXX150129:7:2213:20136:63510/2	101	1	101	smNRPS-CC	5875	2793	2893	95.05	6.69e-36
C662FACXX150129:3:1207:2409:19282/2	101	98	1	smNRPS-CC	5875	1960	2057	95.918	6.69e-36
C662FACXX150129:6:1203:4045:77810/2	101	101	1	smNRPS-CC	5875	3308	3408	95.05	6.69e-36
C662FACXX150129:5:2102:5966:94716/1	101	1	101	smNRPS-CC	5875	1511	1611	95.05	6.69e-36
C662FACXX150129:7:2104:13622:12645/1	101	1	101	smNRPS-CC	5875	5459	5559	95.05	6.69e-36
C662FACXX150129:6:2311:5544:70349/2	101	101	1	smNRPS-CC	5875	3308	3408	95.05	6.69e-36
C662FACXX150129:2:2207:2989:80842/2	101	101	1	smNRPS-CC	5875	3411	3511	95.05	6.69e-36
C662FACXX150129:4:1306:12132:33237/1	101	101	1	smNRPS-CC	5875	3605	3705	95.05	6.69e-36
C662FACXX150129:4:2315:8111:100007/2	101	1	101	smNRPS-CC	5875	3282	3382	95.05	6.69e-36
C662FACXX150129:5:2213:13152:49796/1	101	95	1	smNRPS-CC	5875	1789	1883	96.842	6.69e-36
C662FACXX150129:3:1101:12648:58515/2	101	1	101	smNRPS-CC	5875	2426	2526	95.05	6.69e-36
C662FACXX150129:2:2202:14519:69858/1	101	101	1	smNRPS-CC	5875	2532	2632	95.05	6.69e-36
C662FACXX150129:4:2104:12421:22883/2	101	101	1	smNRPS-CC	5875	2549	2649	95.05	6.69e-36
C662FACXX150129:7:2214:9924:15507/2	101	101	1	smNRPS-CC	5875	5455	5555	95.05	6.69e-36
C662FACXX150129:6:1101:10134:51661/1	101	1	101	smNRPS-CC	5875	3389	3489	95.05	6.69e-36
C662FACXX150129:5:1102:3094:59986/2	101	101	1	smNRPS-CC	5875	4668	4768	95.05	6.69e-36
C662FACXX150129:2:2210:10736:9893/1	101	1	101	smNRPS-CC	5875	4804	4904	95.05	6.69e-36
C662FACXX150129:6:2101:20165:70810/1	101	1	101	smNRPS-CC	5875	3293	3393	95.05	6.69e-36
C662FACXX150129:6:1316:9539:14764/1	95	95	1	smNRPS-CC	5875	5269	5363	96.842	6.69e-36
C662FACXX150129:3:2204:18006:96226/1	101	1	95	smNRPS-CC	5875	1142	1236	96.842	6.69e-36
C662FACXX150129:3:2204:18006:96226/2	101	95	1	smNRPS-CC	5875	1142	1236	96.842	6.69e-36
C662FACXX150129:3:2106:6534:73823/1	100	3	100	smNRPS-CC	5875	3223	3320	95.918	6.69e-36
C662FACXX150129:2:2205:3982:80361/2	92	92	1	smNRPS-CC	5875	4893	4984	97.826	6.69e-36
C662FACXX150129:5:2212:7961:30222/2	101	101	1	smNRPS-CC	5875	3588	3688	95.05	6.69e-36
C662FACXX150129:7:2310:10059:44347/1	101	101	1	smNRPS-CC	5875	2798	2898	95.05	6.69e-36
C662FACXX150129:5:1211:2561:54221/1	101	1	101	smNRPS-CC	5875	3400	3500	95.05	6.69e-36
C662FACXX150129:2:2207:10389:50106/2	101	1	101	smNRPS-CC	5875	3643	3743	95.05	6.69e-36
C662FACXX150129:3:2311:12932:46888/2	101	101	1	smNRPS-CC	5875	3139	3239	95.05	6.69e-36
C662FACXX150129:3:1205:5003:14396/1	101	101	1	smNRPS-CC	5875	4625	4725	95.05	6.69e-36
C662FACXX150129:2:2202:3437:10810/1	101	101	1	smNRPS-CC	5875	3280	3380	95.05	6.69e-36
C662FACXX150129:5:1103:8206:15469/1	101	101	1	smNRPS-CC	5875	2749	2849	95.05	6.69e-36
C662FACXX150129:5:1202:10939:18317/1	101	1	101	smNRPS-CC	5875	3325	3425	95.05	6.69e-36
C662FACXX150129:2:2303:6588:90752/1	101	1	101	smNRPS-CC	5875	2282	2382	95.05	6.69e-36
C662FACXX150129:7:1114:11198:56324/2	101	101	1	smNRPS-CC	5875	1514	1614	95.05	6.69e-36
C662FACXX150129:3:2206:17002:96385/2	101	101	1	smNRPS-CC	5875	3295	3395	95.05	6.69e-36
C662FACXX150129:7:1309:16553:10162/1	101	92	1	smNRPS-CC	5875	4999	5090	97.826	6.69e-36
C662FACXX150129:7:1309:16553:10162/2	101	1	92	smNRPS-CC	5875	4999	5090	97.826	6.69e-36
C662FACXX150129:2:1316:2796:32282/1	101	101	1	smNRPS-CC	5875	2224	2324	95.05	6.69e-36
C662FACXX150129:5:2208:8836:67844/1	101	1	101	smNRPS-CC	5875	2211	2311	95.05	6.69e-36
C662FACXX150129:6:2110:1889:35304/1	101	1	101	smNRPS-CC	5875	2973	3073	95.05	6.69e-36
C662FACXX150129:5:1115:4320:79769/2	101	101	1	smNRPS-CC	5875	2749	2849	95.05	6.69e-36
C662FACXX150129:6:2307:3546:64239/2	101	1	101	smNRPS-CC	5875	3408	3508	95.05	6.69e-36
C662FACXX150129:5:1312:12067:3798/2	101	1	101	smNRPS-CC	5875	3649	3749	95.05	6.69e-36
C662FACXX150129:3:1315:16732:75331/1	98	98	1	smNRPS-CC	5875	4932	5029	95.918	6.69e-36
C662FACXX150129:5:2114:8434:93092/1	101	98	1	smNRPS-CC	5875	3236	3333	95.918	6.69e-36
C662FACXX150129:5:2114:8434:93092/2	101	1	98	smNRPS-CC	5875	3237	3334	95.918	6.69e-36
C662FACXX150129:5:2210:6718:48324/2	101	1	101	smNRPS-CC	5875	1511	1611	95.05	6.69e-36
C662FACXX150129:4:2306:4240:78820/1	101	101	1	smNRPS-CC	5875	2530	2630	95.05	6.69e-36
C662FACXX150129:6:2212:20701:90073/1	101	1	101	smNRPS-CC	5875	3408	3508	95.05	6.69e-36
C662FACXX150129:7:2208:8590:26704/1	95	95	1	smNRPS-CC	5875	1091	1185	96.842	6.69e-36
C662FACXX150129:5:1310:20495:74198/1	101	1	101	smNRPS-CC	5875	2749	2849	95.05	6.69e-36
C662FACXX150129:3:1114:15725:101364/2	101	1	101	smNRPS-CC	5875	2536	2636	95.05	6.69e-36
C662FACXX150129:6:1206:5963:15891/2	101	101	1	smNRPS-CC	5875	3597	3697	95.05	6.69e-36
C662FACXX150129:7:1304:9268:60896/2	101	97	1	smNRPS-CC	5875	4227	4322	96.907	1.86e-36
C662FACXX150129:5:1102:4804:54910/2	96	96	1	smNRPS-CC	5875	3175	3270	96.875	1.86e-36
C662FACXX150129:3:1305:11983:43205/2	101	99	1	smNRPS-CC	5875	1960	2058	95.96	1.86e-36
C662FACXX150129:2:1101:13919:62577/2	101	1	99	smNRPS-CC	5875	3599	3697	95.96	1.86e-36
C662FACXX150129:3:2302:19957:65538/1	101	1	99	smNRPS-CC	5875	3599	3697	95.96	1.86e-36
C662FACXX150129:7:2312:19046:41317/2	101	101	3	smNRPS-CC	5875	3599	3697	95.96	1.86e-36
C662FACXX150129:6:2214:3618:48229/2	101	101	9	smNRPS-CC	5875	1555	1647	97.849	1.86e-36
C662FACXX150129:7:2302:2450:99133/2	96	96	1	smNRPS-CC	5875	4319	4414	96.875	1.86e-36
C662FACXX150129:6:2201:11684:43375/1	101	96	1	smNRPS-CC	5875	1113	1208	96.875	1.86e-36
C662FACXX150129:6:2311:6434:69291/1	101	3	101	smNRPS-CC	5875	449	547	95.96	1.86e-36
C662FACXX150129:7:2111:18672:23752/1	96	1	96	smNRPS-CC	5875	2176	2271	96.875	1.86e-36
C662FACXX150129:6:1306:6961:4057/1	99	1	93	smNRPS-CC	5875	2205	2297	97.849	1.86e-36
C662FACXX150129:3:1204:17955:63607/1	96	96	1	smNRPS-CC	5875	2205	2300	96.875	1.86e-36
C662FACXX150129:6:1303:19456:95893/2	94	1	94	smNRPS-CC	5875	5708	5801	97.872	5.17e-37
C662FACXX150129:5:1309:18739:37128/2	101	100	1	smNRPS-CC	5875	5433	5532	96	5.17e-37
C662FACXX150129:5:1202:8512:33124/1	100	100	1	smNRPS-CC	5875	5431	5530	96	5.17e-37
C662FACXX150129:2:2306:4717:26591/1	101	100	1	smNRPS-CC	5875	1296	1395	96	5.17e-37
C662FACXX150129:2:2306:4717:26591/2	97	1	97	smNRPS-CC	5875	1142	1238	96.907	5.17e-37
C662FACXX150129:3:1307:13222:79863/1	100	100	1	smNRPS-CC	5875	552	651	96	5.17e-37
C662FACXX150129:7:1305:6017:63656/2	100	1	100	smNRPS-CC	5875	5414	5513	96	5.17e-37
C662FACXX150129:7:1308:11536:37383/2	100	100	1	smNRPS-CC	5875	5694	5793	96	5.17e-37
C662FACXX150129:6:1205:16436:76424/1	101	97	1	smNRPS-CC	5875	2080	2176	96.907	5.17e-37
C662FACXX150129:3:1303:18015:90329/1	100	100	1	smNRPS-CC	5875	1356	1455	96	5.17e-37
C662FACXX150129:3:1316:1933:3248/1	94	1	94	smNRPS-CC	5875	5082	5175	97.872	5.17e-37
C662FACXX150129:5:2116:12370:4365/1	100	100	1	smNRPS-CC	5875	5271	5370	96	5.17e-37
C662FACXX150129:2:2310:12060:72939/1	96	94	1	smNRPS-CC	5875	5321	5414	97.872	5.17e-37
C662FACXX150129:5:1307:15667:70443/2	92	1	92	smNRPS-CC	5875	2136	2227	98.913	1.44e-37
C662FACXX150129:6:2311:5544:70349/1	101	1	101	smNRPS-CC	5875	3236	3336	96.04	1.44e-37
C662FACXX150129:3:1112:9179:26955/1	101	101	1	smNRPS-CC	5875	3472	3572	96.04	1.44e-37
C662FACXX150129:7:1204:18254:20996/2	101	1	101	smNRPS-CC	5875	3448	3548	96.04	1.44e-37
C662FACXX150129:5:1204:16895:82985/1	101	1	101	smNRPS-CC	5875	4316	4416	96.04	1.44e-37
C662FACXX150129:2:2316:16885:87003/1	101	1	101	smNRPS-CC	5875	581	681	96.04	1.44e-37
C662FACXX150129:5:1303:18160:83182/1	101	101	1	smNRPS-CC	5875	5430	5530	96.04	1.44e-37
C662FACXX150129:7:1315:4822:7445/1	101	101	1	smNRPS-CC	5875	1176	1276	96.04	1.44e-37
C662FACXX150129:2:2207:2989:80842/1	101	1	101	smNRPS-CC	5875	3182	3282	96.04	1.44e-37
C662FACXX150129:4:1306:12132:33237/2	101	1	101	smNRPS-CC	5875	3250	3350	96.04	1.44e-37
C662FACXX150129:2:1310:6915:95626/2	101	1	101	smNRPS-CC	5875	1960	2060	96.04	1.44e-37
C662FACXX150129:7:2307:13948:49540/1	101	101	1	smNRPS-CC	5875	1136	1236	96.04	1.44e-37
C662FACXX150129:7:1312:4355:13600/1	101	101	1	smNRPS-CC	5875	3239	3339	96.04	1.44e-37
C662FACXX150129:3:2204:13988:81592/1	101	1	101	smNRPS-CC	5875	4418	4518	96.04	1.44e-37
C662FACXX150129:3:2204:13988:81592/2	101	101	1	smNRPS-CC	5875	4456	4556	96.04	1.44e-37
C662FACXX150129:4:1216:20072:91937/1	101	101	1	smNRPS-CC	5875	5423	5523	96.04	1.44e-37
C662FACXX150129:6:1301:13983:92508/1	101	101	1	smNRPS-CC	5875	5439	5539	96.04	1.44e-37
C662FACXX150129:6:1301:13983:92508/2	101	1	101	smNRPS-CC	5875	5407	5507	96.04	1.44e-37
C662FACXX150129:5:2310:8075:26106/2	101	1	101	smNRPS-CC	5875	4360	4460	96.04	1.44e-37
C662FACXX150129:4:1314:3873:63594/1	101	1	101	smNRPS-CC	5875	4804	4904	96.04	1.44e-37
C662FACXX150129:3:2104:10249:24197/1	101	1	101	smNRPS-CC	5875	550	650	96.04	1.44e-37
C662FACXX150129:3:2104:10249:24197/2	101	101	1	smNRPS-CC	5875	558	658	96.04	1.44e-37
C662FACXX150129:4:1105:16966:79461/2	101	101	1	smNRPS-CC	5875	553	653	96.04	1.44e-37
C662FACXX150129:2:1209:15494:46116/2	101	1	101	smNRPS-CC	5875	4804	4904	96.04	1.44e-37
C662FACXX150129:7:1204:17989:71847/2	101	101	1	smNRPS-CC	5875	1777	1877	96.04	1.44e-37
C662FACXX150129:7:1204:16592:58672/1	101	101	1	smNRPS-CC	5875	5557	5657	96.04	1.44e-37
C662FACXX150129:5:1105:18131:16606/1	101	1	101	smNRPS-CC	5875	5311	5411	96.04	1.44e-37
C662FACXX150129:7:1314:14669:35419/2	101	101	1	smNRPS-CC	5875	4407	4507	96.04	1.44e-37
C662FACXX150129:6:2116:18378:46419/2	101	1	101	smNRPS-CC	5875	5558	5658	96.04	1.44e-37
C662FACXX150129:6:1101:10134:51661/2	101	101	1	smNRPS-CC	5875	3632	3732	96.04	1.44e-37
C662FACXX150129:6:1108:3968:78849/2	101	1	101	smNRPS-CC	5875	1777	1877	96.04	1.44e-37
C662FACXX150129:3:2309:19495:35471/2	101	1	101	smNRPS-CC	5875	2629	2729	96.04	1.44e-37
C662FACXX150129:7:2104:12858:40974/2	101	1	101	smNRPS-CC	5875	5440	5540	96.04	1.44e-37
C662FACXX150129:4:2305:18919:28871/2	101	101	1	smNRPS-CC	5875	1297	1397	96.04	1.44e-37
C662FACXX150129:6:2316:4093:5670/1	101	101	1	smNRPS-CC	5875	5405	5505	96.04	1.44e-37
C662FACXX150129:3:1203:19980:99306/1	101	1	101	smNRPS-CC	5875	588	688	96.04	1.44e-37
C662FACXX150129:4:2316:18405:2413/2	95	95	1	smNRPS-CC	5875	2116	2210	97.895	1.44e-37
C662FACXX150129:2:1314:5009:19831/2	101	101	1	smNRPS-CC	5875	1315	1415	96.04	1.44e-37
C662FACXX150129:4:1207:6012:75097/1	101	1	101	smNRPS-CC	5875	5556	5656	96.04	1.44e-37
C662FACXX150129:5:1308:17708:2610/2	101	101	1	smNRPS-CC	5875	2937	3037	96.04	1.44e-37
C662FACXX150129:5:1211:2561:54221/2	101	101	1	smNRPS-CC	5875	3597	3697	96.04	1.44e-37
C662FACXX150129:7:1304:1772:3945/2	101	95	1	smNRPS-CC	5875	4106	4200	97.895	1.44e-37
C662FACXX150129:5:2216:10801:17992/1	101	1	101	smNRPS-CC	5875	5414	5514	96.04	1.44e-37
C662FACXX150129:6:2212:15242:79910/1	101	101	1	smNRPS-CC	5875	4458	4558	96.04	1.44e-37
C662FACXX150129:6:2311:6434:69291/2	101	101	1	smNRPS-CC	5875	590	690	96.04	1.44e-37
C662FACXX150129:3:2314:15769:93127/1	101	1	101	smNRPS-CC	5875	456	556	96.04	1.44e-37
C662FACXX150129:3:2314:15769:93127/2	101	101	1	smNRPS-CC	5875	561	661	96.04	1.44e-37
C662FACXX150129:7:2310:9693:82977/2	101	101	1	smNRPS-CC	5875	1178	1278	96.04	1.44e-37
C662FACXX150129:2:2209:15588:30459/1	101	101	1	smNRPS-CC	5875	1785	1885	96.04	1.44e-37
C662FACXX150129:3:2212:6915:3035/1	101	101	1	smNRPS-CC	5875	5423	5523	96.04	1.44e-37
C662FACXX150129:4:1109:7624:53943/2	101	1	101	smNRPS-CC	5875	588	688	96.04	1.44e-37
C662FACXX150129:7:1106:16271:100197/1	101	1	101	smNRPS-CC	5875	3620	3720	96.04	1.44e-37
C662FACXX150129:4:2215:18944:36459/1	101	1	101	smNRPS-CC	5875	5411	5511	96.04	1.44e-37
C662FACXX150129:6:2304:3884:17859/2	101	95	1	smNRPS-CC	5875	4106	4200	97.895	1.44e-37
C662FACXX150129:4:2104:6918:21614/1	101	1	101	smNRPS-CC	5875	4445	4545	96.04	1.44e-37
C662FACXX150129:3:1204:11729:30667/1	101	101	1	smNRPS-CC	5875	573	673	96.04	1.44e-37
C662FACXX150129:6:2209:4791:15004/1	98	98	1	smNRPS-CC	5875	2158	2255	96.939	1.44e-37
C662FACXX150129:6:2213:15686:20059/1	101	101	1	smNRPS-CC	5875	1916	2016	96.04	1.44e-37
C662FACXX150129:7:1106:7881:28978/1	101	4	101	smNRPS-CC	5875	3459	3556	96.939	1.44e-37
C662FACXX150129:3:1202:18442:8464/1	101	101	1	smNRPS-CC	5875	5430	5530	96.04	1.44e-37
C662FACXX150129:2:2215:14812:80118/1	101	98	1	smNRPS-CC	5875	3459	3556	96.939	1.44e-37
C662FACXX150129:7:1305:17919:22524/1	101	1	101	smNRPS-CC	5875	550	650	96.04	1.44e-37
C662FACXX150129:3:2302:10490:101031/1	96	1	95	smNRPS-CC	5875	2329	2423	97.895	1.44e-37
C662FACXX150129:2:2115:4030:58234/2	101	101	1	smNRPS-CC	5875	5688	5788	96.04	1.44e-37
C662FACXX150129:7:2111:11092:24489/2	101	101	1	smNRPS-CC	5875	4430	4530	96.04	1.44e-37
C662FACXX150129:2:1302:14604:37437/1	101	96	1	smNRPS-CC	5875	1536	1631	97.917	4e-38
C662FACXX150129:5:2106:11228:62781/1	101	93	1	smNRPS-CC	5875	5754	5846	98.925	4e-38
C662FACXX150129:5:1202:15308:94477/1	97	96	1	smNRPS-CC	5875	5012	5107	97.917	4e-38
C662FACXX150129:7:2312:19046:41317/1	101	1	96	smNRPS-CC	5875	3584	3679	97.917	4e-38
C662FACXX150129:3:2106:14931:77562/1	96	96	1	smNRPS-CC	5875	4894	4989	97.917	4e-38
C662FACXX150129:4:2112:10031:60354/2	101	1	96	smNRPS-CC	5875	3584	3679	97.917	4e-38
C662FACXX150129:6:1311:1624:68332/2	99	96	1	smNRPS-CC	5875	2435	2530	97.917	4e-38
C662FACXX150129:2:1208:17162:11458/2	101	99	1	smNRPS-CC	5875	4424	4522	96.97	4e-38
C662FACXX150129:6:2205:3412:71627/1	90	1	90	smNRPS-CC	5875	5371	5460	100	4e-38
C662FACXX150129:5:2204:9049:83139/1	100	1	100	smNRPS-CC	5875	705	803	97	4e-38
C662FACXX150129:5:1301:13249:7465/1	101	1	99	smNRPS-CC	5875	2487	2585	96.97	4e-38
C662FACXX150129:5:2211:1828:27316/1	96	96	1	smNRPS-CC	5875	4232	4327	97.917	4e-38
C662FACXX150129:3:2101:13423:90088/1	90	1	90	smNRPS-CC	5875	3122	3211	100	4e-38
C662FACXX150129:5:1209:4926:70517/1	101	96	1	smNRPS-CC	5875	2435	2530	97.917	4e-38
C662FACXX150129:3:1316:6757:79511/1	101	1	93	smNRPS-CC	5875	325	417	98.925	4e-38
C662FACXX150129:4:2205:12518:41142/2	93	93	3	smNRPS-CC	5875	5713	5803	100	1.11e-38
C662FACXX150129:3:2213:8009:93808/1	101	1	101	smNRPS-CC	5875	729	828	97.03	1.11e-38
C662FACXX150129:4:1209:4262:91102/1	98	1	97	smNRPS-CC	5875	2915	3011	97.938	1.11e-38
C662FACXX150129:6:1215:9138:9823/2	101	101	2	smNRPS-CC	5875	1154	1253	97	1.11e-38
C662FACXX150129:3:2203:13299:11028/1	97	1	97	smNRPS-CC	5875	2176	2272	97.938	1.11e-38
C662FACXX150129:6:2304:15435:53539/1	100	1	97	smNRPS-CC	5875	1551	1647	97.938	1.11e-38
C662FACXX150129:4:1215:16076:37747/2	100	100	1	smNRPS-CC	5875	1316	1415	97	1.11e-38
C662FACXX150129:7:1304:1772:3945/1	101	1	94	smNRPS-CC	5875	4110	4203	98.936	1.11e-38
C662FACXX150129:3:2303:11813:15753/1	94	1	94	smNRPS-CC	5875	343	436	98.936	1.11e-38
C662FACXX150129:5:1301:13249:7465/2	100	100	1	smNRPS-CC	5875	2516	2615	97	1.11e-38
C662FACXX150129:3:2212:6915:3035/2	100	1	100	smNRPS-CC	5875	5271	5370	97	1.11e-38
C662FACXX150129:6:2304:3884:17859/1	101	1	94	smNRPS-CC	5875	4110	4203	98.936	1.11e-38
C662FACXX150129:3:1316:6757:79511/2	101	94	1	smNRPS-CC	5875	324	417	98.936	1.11e-38
C662FACXX150129:5:2215:14009:23276/1	91	91	1	smNRPS-CC	5875	1019	1109	100	1.11e-38
C662FACXX150129:4:2111:10849:18852/1	97	97	1	smNRPS-CC	5875	2103	2199	97.938	1.11e-38
C662FACXX150129:2:2312:17474:66293/1	101	101	1	smNRPS-CC	5875	723	822	97.03	1.11e-38
C662FACXX150129:2:2112:4146:80423/1	100	100	1	smNRPS-CC	5875	1086	1185	97	1.11e-38
C662FACXX150129:6:2308:14095:81591/2	97	1	97	smNRPS-CC	5875	5051	5147	97.938	1.11e-38
C662FACXX150129:2:1203:1377:69396/1	101	101	1	smNRPS-CC	5875	1143	1243	97.03	3.09e-39
C662FACXX150129:7:2101:16649:61781/2	101	101	1	smNRPS-CC	5875	4198	4298	97.03	3.09e-39
C662FACXX150129:6:1315:14861:38743/2	101	101	1	smNRPS-CC	5875	3553	3653	97.03	3.09e-39
C662FACXX150129:7:2213:20136:63510/1	101	101	1	smNRPS-CC	5875	2880	2980	97.03	3.09e-39
C662FACXX150129:7:2313:20453:66998/1	101	101	1	smNRPS-CC	5875	1350	1450	97.03	3.09e-39
C662FACXX150129:2:1310:6915:95626/1	101	101	1	smNRPS-CC	5875	2087	2187	97.03	3.09e-39
C662FACXX150129:2:1110:6469:7830/1	101	1	101	smNRPS-CC	5875	2741	2841	97.03	3.09e-39
C662FACXX150129:3:2316:17406:3969/1	101	1	101	smNRPS-CC	5875	5352	5452	97.03	3.09e-39
C662FACXX150129:3:2216:2276:63450/2	101	1	101	smNRPS-CC	5875	4923	5023	97.03	3.09e-39
C662FACXX150129:3:1204:9266:56234/1	101	101	1	smNRPS-CC	5875	4293	4394	97.059	3.09e-39
C662FACXX150129:4:1216:20072:91937/2	101	1	101	smNRPS-CC	5875	5270	5370	97.03	3.09e-39
C662FACXX150129:3:2108:14793:18609/1	101	101	1	smNRPS-CC	5875	2515	2615	97.03	3.09e-39
C662FACXX150129:2:2215:19599:6713/1	101	1	101	smNRPS-CC	5875	655	755	97.03	3.09e-39
C662FACXX150129:3:1101:12648:58515/1	101	101	1	smNRPS-CC	5875	2515	2615	97.03	3.09e-39
C662FACXX150129:3:2206:5875:53761/2	101	101	1	smNRPS-CC	5875	4198	4298	97.03	3.09e-39
C662FACXX150129:2:1311:8785:96607/1	101	101	1	smNRPS-CC	5875	3688	3788	97.03	3.09e-39
C662FACXX150129:2:2207:1536:96356/1	101	101	1	smNRPS-CC	5875	4198	4298	97.03	3.09e-39
C662FACXX150129:2:2207:1536:96356/2	101	1	101	smNRPS-CC	5875	4192	4292	97.03	3.09e-39
C662FACXX150129:4:1314:3873:63594/2	98	98	1	smNRPS-CC	5875	4871	4968	97.959	3.09e-39
C662FACXX150129:4:2113:3843:81782/1	101	101	1	smNRPS-CC	5875	2088	2188	97.03	3.09e-39
C662FACXX150129:6:2209:8090:48305/2	101	101	1	smNRPS-CC	5875	4336	4436	97.03	3.09e-39
C662FACXX150129:3:2101:14247:82454/2	101	1	101	smNRPS-CC	5875	2477	2577	97.03	3.09e-39
C662FACXX150129:4:1212:5894:76769/1	101	1	101	smNRPS-CC	5875	2915	3015	97.03	3.09e-39
C662FACXX150129:2:2315:4413:33262/2	95	1	95	smNRPS-CC	5875	5173	5267	98.947	3.09e-39
C662FACXX150129:6:1307:16782:86416/1	101	92	1	smNRPS-CC	5875	794	885	100	3.09e-39
C662FACXX150129:5:2112:9583:31359/1	101	101	1	smNRPS-CC	5875	1135	1235	97.03	3.09e-39
C662FACXX150129:5:2112:9583:31359/2	101	1	101	smNRPS-CC	5875	655	755	97.03	3.09e-39
C662FACXX150129:5:2313:12600:61991/2	101	101	1	smNRPS-CC	5875	4176	4276	97.03	3.09e-39
C662FACXX150129:5:1206:10614:72826/1	101	1	101	smNRPS-CC	5875	3554	3654	97.03	3.09e-39
C662FACXX150129:7:2213:7911:57589/1	101	101	1	smNRPS-CC	5875	2873	2973	97.03	3.09e-39
C662FACXX150129:6:1206:6900:25195/1	92	1	92	smNRPS-CC	5875	5754	5845	100	3.09e-39
C662FACXX150129:5:1316:14264:87341/2	101	101	1	smNRPS-CC	5875	620	720	97.03	3.09e-39
C662FACXX150129:5:1107:8901:35832/1	101	1	98	smNRPS-CC	5875	652	749	97.959	3.09e-39
C662FACXX150129:3:2104:4910:78408/1	101	1	101	smNRPS-CC	5875	3554	3654	97.03	3.09e-39
C662FACXX150129:3:2214:15530:73819/1	101	101	1	smNRPS-CC	5875	4198	4298	97.03	3.09e-39
C662FACXX150129:3:2214:15530:73819/2	101	1	101	smNRPS-CC	5875	4192	4292	97.03	3.09e-39
C662FACXX150129:5:1102:3094:59986/1	101	1	101	smNRPS-CC	5875	4321	4421	97.03	3.09e-39
C662FACXX150129:6:2316:4093:5670/2	101	1	101	smNRPS-CC	5875	5271	5371	97.03	3.09e-39
C662FACXX150129:2:1208:17162:11458/1	101	1	98	smNRPS-CC	5875	4314	4411	97.959	3.09e-39
C662FACXX150129:5:1104:15393:68739/2	101	101	1	smNRPS-CC	5875	2500	2600	97.03	3.09e-39
C662FACXX150129:3:2115:19888:31227/1	101	1	101	smNRPS-CC	5875	5014	5114	97.03	3.09e-39
C662FACXX150129:4:2206:4447:39718/1	101	101	1	smNRPS-CC	5875	2454	2554	97.03	3.09e-39
C662FACXX150129:5:2114:9612:82214/2	101	95	1	smNRPS-CC	5875	487	581	98.947	3.09e-39
C662FACXX150129:7:1213:14302:5631/1	101	1	101	smNRPS-CC	5875	4960	5060	97.03	3.09e-39
C662FACXX150129:2:2201:8974:22814/1	99	99	1	smNRPS-CC	5875	667	764	97.98	3.09e-39
C662FACXX150129:5:1316:20129:100608/2	95	95	1	smNRPS-CC	5875	1198	1292	98.947	3.09e-39
C662FACXX150129:7:2315:8528:13570/1	98	1	98	smNRPS-CC	5875	4289	4386	97.959	3.09e-39
C662FACXX150129:6:2212:15242:79910/2	101	1	101	smNRPS-CC	5875	4321	4421	97.03	3.09e-39
C662FACXX150129:2:1113:8557:76332/1	101	1	101	smNRPS-CC	5875	4316	4416	97.03	3.09e-39
C662FACXX150129:7:1115:5541:10368/1	101	101	1	smNRPS-CC	5875	2873	2973	97.03	3.09e-39
C662FACXX150129:4:1111:6575:6384/2	101	101	1	smNRPS-CC	5875	2454	2554	97.03	3.09e-39
C662FACXX150129:7:2315:2098:50405/2	101	101	1	smNRPS-CC	5875	1141	1241	97.03	3.09e-39
C662FACXX150129:5:2208:8836:67844/2	101	101	1	smNRPS-CC	5875	2467	2567	97.03	3.09e-39
C662FACXX150129:3:2205:8555:14993/2	101	101	1	smNRPS-CC	5875	2477	2577	97.03	3.09e-39
C662FACXX150129:7:1213:12649:32725/1	101	1	101	smNRPS-CC	5875	2329	2429	97.03	3.09e-39
C662FACXX150129:6:2308:20326:9188/2	101	1	101	smNRPS-CC	5875	5271	5371	97.03	3.09e-39
C662FACXX150129:4:1313:15808:56665/2	101	101	1	smNRPS-CC	5875	3826	3926	97.03	3.09e-39
C662FACXX150129:4:1108:2077:80824/2	101	101	1	smNRPS-CC	5875	4196	4296	97.03	3.09e-39
C662FACXX150129:4:1203:12973:4531/2	101	101	1	smNRPS-CC	5875	2647	2747	97.03	3.09e-39
C662FACXX150129:3:1204:5003:26647/2	101	101	1	smNRPS-CC	5875	2500	2600	97.03	3.09e-39
C662FACXX150129:3:2303:7642:65492/1	101	1	101	smNRPS-CC	5875	3643	3743	97.03	3.09e-39
C662FACXX150129:6:1207:9444:76556/1	101	101	1	smNRPS-CC	5875	2185	2285	97.03	3.09e-39
C662FACXX150129:4:2316:10865:25884/2	101	101	1	smNRPS-CC	5875	1141	1241	97.03	3.09e-39
C662FACXX150129:7:2107:4662:31499/1	101	101	1	smNRPS-CC	5875	2481	2581	97.03	3.09e-39
C662FACXX150129:4:2210:20773:65891/1	101	1	101	smNRPS-CC	5875	3643	3743	97.03	3.09e-39
C662FACXX150129:6:1203:20213:36575/1	101	101	1	smNRPS-CC	5875	4954	5054	97.03	3.09e-39
C662FACXX150129:6:2212:19705:66243/1	101	1	101	smNRPS-CC	5875	3489	3589	97.03	3.09e-39
C662FACXX150129:4:1215:20659:42085/1	101	1	101	smNRPS-CC	5875	2477	2577	97.03	3.09e-39
C662FACXX150129:6:1112:11831:20249/1	101	98	1	smNRPS-CC	5875	4324	4421	97.959	3.09e-39
C662FACXX150129:4:2305:6332:8052/2	101	101	1	smNRPS-CC	5875	1136	1236	97.03	3.09e-39
C662FACXX150129:4:2215:16756:86047/1	96	96	1	smNRPS-CC	5875	3518	3613	98.958	8.59e-40
C662FACXX150129:2:2103:15475:85110/1	101	101	3	smNRPS-CC	5875	3593	3691	97.98	8.59e-40
C662FACXX150129:2:2308:15605:40351/1	101	99	1	smNRPS-CC	5875	5705	5803	97.98	8.59e-40
C662FACXX150129:2:1113:7894:17378/1	101	101	3	smNRPS-CC	5875	4182	4280	97.98	8.59e-40
C662FACXX150129:6:1202:9359:84346/2	101	1	99	smNRPS-CC	5875	5305	5403	97.98	8.59e-40
C662FACXX150129:5:2308:1297:27894/2	96	96	1	smNRPS-CC	5875	4412	4507	98.958	8.59e-40
C662FACXX150129:4:1215:15322:10063/1	100	1	99	smNRPS-CC	5875	1549	1647	97.98	8.59e-40
C662FACXX150129:6:1307:16782:86416/2	101	1	93	smNRPS-CC	5875	794	886	100	8.59e-40
C662FACXX150129:5:1110:7595:5531/1	96	1	96	smNRPS-CC	5875	3047	3142	98.958	8.59e-40
C662FACXX150129:7:1205:9961:67589/2	99	99	1	smNRPS-CC	5875	3779	3877	97.98	8.59e-40
C662FACXX150129:3:1309:19099:27268/1	101	1	101	smNRPS-CC	5875	562	664	97.087	8.59e-40
C662FACXX150129:3:2302:11617:76039/1	93	93	1	smNRPS-CC	5875	5143	5235	100	8.59e-40
C662FACXX150129:5:2114:9612:82214/1	101	1	96	smNRPS-CC	5875	487	582	98.958	8.59e-40
C662FACXX150129:3:2215:16083:89314/1	99	1	99	smNRPS-CC	5875	2103	2201	97.98	8.59e-40
C662FACXX150129:4:1316:17979:17669/1	101	3	101	smNRPS-CC	5875	3661	3759	97.98	8.59e-40
C662FACXX150129:7:1216:15450:43826/1	101	1	99	smNRPS-CC	5875	1549	1647	97.98	8.59e-40
C662FACXX150129:2:2210:11207:10628/1	101	100	1	smNRPS-CC	5875	5467	5566	98	2.39e-40
C662FACXX150129:7:1307:1373:22713/1	100	100	1	smNRPS-CC	5875	4676	4775	98	2.39e-40
C662FACXX150129:5:2106:11228:62781/2	101	1	94	smNRPS-CC	5875	5754	5847	100	2.39e-40
C662FACXX150129:5:1110:18037:71002/1	101	100	1	smNRPS-CC	5875	3819	3918	98	2.39e-40
C662FACXX150129:4:1312:13015:54604/1	97	97	1	smNRPS-CC	5875	3157	3253	98.969	2.39e-40
C662FACXX150129:4:2314:4876:43801/1	101	100	1	smNRPS-CC	5875	3972	4071	98	2.39e-40
C662FACXX150129:3:2104:9026:16276/2	101	101	2	smNRPS-CC	5875	2446	2545	98	2.39e-40
C662FACXX150129:3:2104:5727:40535/2	100	1	100	smNRPS-CC	5875	4874	4973	98	2.39e-40
C662FACXX150129:4:2209:7232:53737/1	100	100	1	smNRPS-CC	5875	3983	4082	98	2.39e-40
C662FACXX150129:4:1207:6012:75097/2	97	97	1	smNRPS-CC	5875	5720	5816	98.969	2.39e-40
C662FACXX150129:3:1302:17513:72580/2	101	100	1	smNRPS-CC	5875	4303	4402	98	2.39e-40
C662FACXX150129:7:2315:8528:13570/2	101	101	2	smNRPS-CC	5875	4312	4411	98	2.39e-40
C662FACXX150129:5:1304:5687:56547/1	101	1	100	smNRPS-CC	5875	650	749	98	2.39e-40
C662FACXX150129:4:1205:17355:83574/2	100	1	100	smNRPS-CC	5875	518	617	98	2.39e-40
C662FACXX150129:3:2303:7642:65492/2	101	101	2	smNRPS-CC	5875	3812	3911	98	2.39e-40
C662FACXX150129:4:2204:2281:69755/1	100	100	1	smNRPS-CC	5875	5322	5421	98	2.39e-40
C662FACXX150129:5:2210:19007:45186/1	101	1	101	smNRPS-CC	5875	4892	4992	98.02	6.64e-41
C662FACXX150129:4:2215:12174:27637/2	101	101	1	smNRPS-CC	5875	5375	5475	98.02	6.64e-41
C662FACXX150129:3:1207:2409:19282/1	101	1	101	smNRPS-CC	5875	1877	1977	98.02	6.64e-41
C662FACXX150129:3:1301:8916:97060/2	101	101	1	smNRPS-CC	5875	4865	4965	98.02	6.64e-41
C662FACXX150129:3:1205:9147:83215/1	101	1	101	smNRPS-CC	5875	2149	2249	98.02	6.64e-41
C662FACXX150129:4:2213:15604:84852/1	101	1	101	smNRPS-CC	5875	4874	4974	98.02	6.64e-41
C662FACXX150129:7:2104:13622:12645/2	101	101	1	smNRPS-CC	5875	5705	5805	98.02	6.64e-41
C662FACXX150129:7:2106:5440:91729/2	101	1	101	smNRPS-CC	5875	4289	4389	98.02	6.64e-41
C662FACXX150129:3:2101:15206:96272/1	101	1	101	smNRPS-CC	5875	4289	4389	98.02	6.64e-41
C662FACXX150129:6:2315:6707:81555/2	101	101	1	smNRPS-CC	5875	2438	2538	98.02	6.64e-41
C662FACXX150129:5:1211:13952:88811/1	101	1	101	smNRPS-CC	5875	3886	3986	98.02	6.64e-41
C662FACXX150129:6:2103:15696:80464/1	101	1	101	smNRPS-CC	5875	2886	2986	98.02	6.64e-41
C662FACXX150129:6:1202:9359:84346/1	101	101	1	smNRPS-CC	5875	5367	5467	98.02	6.64e-41
C662FACXX150129:7:2302:15119:62464/1	101	1	101	smNRPS-CC	5875	457	557	98.02	6.64e-41
C662FACXX150129:7:2204:15707:75545/2	101	1	101	smNRPS-CC	5875	2436	2536	98.02	6.64e-41
C662FACXX150129:7:1316:8643:33313/2	101	101	1	smNRPS-CC	5875	4142	4242	98.02	6.64e-41
C662FACXX150129:2:2313:6841:71728/1	101	101	1	smNRPS-CC	5875	4100	4200	98.02	6.64e-41
C662FACXX150129:5:2308:1297:27894/1	101	1	101	smNRPS-CC	5875	4316	4417	98.039	6.64e-41
C662FACXX150129:4:1105:16966:79461/1	101	1	101	smNRPS-CC	5875	455	555	98.02	6.64e-41
C662FACXX150129:7:2102:18800:86880/1	101	101	1	smNRPS-CC	5875	2173	2273	98.02	6.64e-41
C662FACXX150129:7:2214:9924:15507/1	101	1	101	smNRPS-CC	5875	5367	5467	98.02	6.64e-41
C662FACXX150129:3:2202:17948:76292/1	98	1	98	smNRPS-CC	5875	3795	3892	98.98	6.64e-41
C662FACXX150129:4:1314:6509:11250/1	101	1	101	smNRPS-CC	5875	457	557	98.02	6.64e-41
C662FACXX150129:7:1209:7576:47286/1	95	95	1	smNRPS-CC	5875	239	333	100	6.64e-41
C662FACXX150129:2:1304:8692:10639/1	101	1	101	smNRPS-CC	5875	5077	5177	98.02	6.64e-41
C662FACXX150129:3:2208:4890:72595/2	101	1	101	smNRPS-CC	5875	3868	3968	98.02	6.64e-41
C662FACXX150129:2:2315:4413:33262/1	101	101	1	smNRPS-CC	5875	5246	5346	98.02	6.64e-41
C662FACXX150129:6:1311:7487:40165/2	101	1	101	smNRPS-CC	5875	2849	2949	98.02	6.64e-41
C662FACXX150129:5:1110:8444:32950/1	101	1	101	smNRPS-CC	5875	3716	3816	98.02	6.64e-41
C662FACXX150129:5:1110:8444:32950/2	101	101	1	smNRPS-CC	5875	3777	3877	98.02	6.64e-41
C662FACXX150129:5:1105:18131:16606/2	101	101	1	smNRPS-CC	5875	5323	5423	98.02	6.64e-41
C662FACXX150129:3:1312:13498:27179/1	101	1	101	smNRPS-CC	5875	4289	4389	98.02	6.64e-41
C662FACXX150129:7:2213:7911:57589/2	101	1	101	smNRPS-CC	5875	2700	2800	98.02	6.64e-41
C662FACXX150129:3:2310:5306:2342/1	101	1	101	smNRPS-CC	5875	4283	4383	98.02	6.64e-41
C662FACXX150129:7:2201:20254:69157/1	101	101	1	smNRPS-CC	5875	2387	2487	98.02	6.64e-41
C662FACXX150129:3:2104:4910:78408/2	101	101	1	smNRPS-CC	5875	3572	3672	98.02	6.64e-41
C662FACXX150129:3:2303:14142:64487/1	101	101	1	smNRPS-CC	5875	4682	4782	98.02	6.64e-41
C662FACXX150129:2:2210:10736:9893/2	101	101	1	smNRPS-CC	5875	4868	4968	98.02	6.64e-41
C662FACXX150129:5:1207:2432:11329/2	101	101	1	smNRPS-CC	5875	4344	4445	98.039	6.64e-41
C662FACXX150129:7:1205:9961:67589/1	101	1	101	smNRPS-CC	5875	3764	3864	98.02	6.64e-41
C662FACXX150129:2:1202:12038:34819/1	101	101	1	smNRPS-CC	5875	4180	4280	98.02	6.64e-41
C662FACXX150129:6:1201:2336:59994/1	101	1	101	smNRPS-CC	5875	4876	4976	98.02	6.64e-41
C662FACXX150129:3:1302:17513:72580/1	101	1	101	smNRPS-CC	5875	4284	4384	98.02	6.64e-41
C662FACXX150129:6:2214:20270:16529/2	101	101	1	smNRPS-CC	5875	1886	1986	98.02	6.64e-41
C662FACXX150129:4:2206:4447:39718/2	101	1	101	smNRPS-CC	5875	2442	2542	98.02	6.64e-41
C662FACXX150129:4:2104:13833:56740/1	101	101	1	smNRPS-CC	5875	615	715	98.02	6.64e-41
C662FACXX150129:7:2201:6846:49463/2	101	101	1	smNRPS-CC	5875	4144	4244	98.02	6.64e-41
C662FACXX150129:5:2101:12638:28696/1	101	1	101	smNRPS-CC	5875	4677	4777	98.02	6.64e-41
C662FACXX150129:6:2205:13225:15028/1	101	1	101	smNRPS-CC	5875	4314	4415	98.039	6.64e-41
C662FACXX150129:3:2102:7509:90565/2	101	1	101	smNRPS-CC	5875	2700	2800	98.02	6.64e-41
C662FACXX150129:7:2316:18056:80504/2	101	98	1	smNRPS-CC	5875	2618	2715	98.98	6.64e-41
C662FACXX150129:7:1115:5541:10368/2	101	1	101	smNRPS-CC	5875	2700	2800	98.02	6.64e-41
C662FACXX150129:5:2213:3199:87841/1	101	1	101	smNRPS-CC	5875	4876	4976	98.02	6.64e-41
C662FACXX150129:6:2202:17695:3835/2	101	1	101	smNRPS-CC	5875	5524	5624	98.02	6.64e-41
C662FACXX150129:6:1115:9054:22519/1	95	95	1	smNRPS-CC	5875	4016	4110	100	6.64e-41
C662FACXX150129:3:1210:6610:89746/1	101	1	101	smNRPS-CC	5875	4876	4976	98.02	6.64e-41
C662FACXX150129:6:2214:16892:87159/1	101	101	1	smNRPS-CC	5875	5005	5105	98.02	6.64e-41
C662FACXX150129:4:2109:4852:48316/1	101	1	101	smNRPS-CC	5875	2863	2963	98.02	6.64e-41
C662FACXX150129:7:1213:12649:32725/2	101	101	1	smNRPS-CC	5875	2368	2468	98.02	6.64e-41
C662FACXX150129:6:2308:20326:9188/1	101	101	1	smNRPS-CC	5875	5323	5423	98.02	6.64e-41
C662FACXX150129:4:1313:15808:56665/1	101	1	101	smNRPS-CC	5875	3759	3859	98.02	6.64e-41
C662FACXX150129:4:1109:7624:53943/1	101	101	1	smNRPS-CC	5875	649	749	98.02	6.64e-41
C662FACXX150129:3:2216:7604:11855/2	101	1	101	smNRPS-CC	5875	4757	4857	98.02	6.64e-41
C662FACXX150129:4:2103:5931:3086/2	101	1	101	smNRPS-CC	5875	4289	4389	98.02	6.64e-41
C662FACXX150129:2:1203:17406:100896/1	101	1	101	smNRPS-CC	5875	5081	5181	98.02	6.64e-41
C662FACXX150129:3:1311:11245:29243/1	101	1	101	smNRPS-CC	5875	2863	2963	98.02	6.64e-41
C662FACXX150129:3:1311:11245:29243/2	98	98	1	smNRPS-CC	5875	2997	3094	98.98	6.64e-41
C662FACXX150129:2:1313:16741:57896/1	101	101	1	smNRPS-CC	5875	5005	5105	98.02	6.64e-41
C662FACXX150129:6:2303:7621:96023/1	101	1	101	smNRPS-CC	5875	5007	5107	98.02	6.64e-41
C662FACXX150129:3:2107:2070:101272/1	101	1	101	smNRPS-CC	5875	1797	1897	98.02	6.64e-41
C662FACXX150129:5:2210:20817:89427/1	101	101	1	smNRPS-CC	5875	5371	5471	98.02	6.64e-41
C662FACXX150129:7:2107:18867:68535/1	101	101	1	smNRPS-CC	5875	4100	4200	98.02	6.64e-41
C662FACXX150129:7:2304:6959:38907/1	101	101	1	smNRPS-CC	5875	3994	4094	98.02	6.64e-41
C662FACXX150129:6:1108:16567:9284/1	101	101	1	smNRPS-CC	5875	3994	4094	98.02	6.64e-41
C662FACXX150129:4:1316:17893:101368/2	101	101	1	smNRPS-CC	5875	5000	5100	98.02	6.64e-41
C662FACXX150129:4:1105:3633:43537/1	101	1	96	smNRPS-CC	5875	5780	5875	100	1.85e-41
C662FACXX150129:4:1105:3633:43537/2	101	97	2	smNRPS-CC	5875	5780	5875	100	1.85e-41
C662FACXX150129:6:2305:4843:53640/1	100	2	100	smNRPS-CC	5875	2708	2806	98.99	1.85e-41
C662FACXX150129:6:2305:4843:53640/2	99	99	1	smNRPS-CC	5875	2721	2819	98.99	1.85e-41
C662FACXX150129:3:1202:11570:14673/1	99	99	1	smNRPS-CC	5875	2267	2365	98.99	1.85e-41
C662FACXX150129:6:1204:5509:91241/2	101	101	3	smNRPS-CC	5875	4140	4238	98.99	1.85e-41
C662FACXX150129:5:1304:3296:100298/1	101	1	96	smNRPS-CC	5875	2520	2615	100	1.85e-41
C662FACXX150129:5:1304:3296:100298/2	101	96	1	smNRPS-CC	5875	2520	2615	100	1.85e-41
C662FACXX150129:3:1309:19099:27268/2	101	101	1	smNRPS-CC	5875	613	715	98.058	1.85e-41
C662FACXX150129:4:2305:15295:50356/2	99	99	1	smNRPS-CC	5875	493	591	98.99	1.85e-41
C662FACXX150129:6:2212:12506:75183/1	99	1	99	smNRPS-CC	5875	4101	4199	98.99	1.85e-41
C662FACXX150129:2:2203:16265:83144/1	101	97	1	smNRPS-CC	5875	1840	1936	100	5.14e-42
C662FACXX150129:5:1315:6643:92996/1	100	1	100	smNRPS-CC	5875	1127	1226	99	5.14e-42
C662FACXX150129:3:2210:14744:101259/1	101	2	101	smNRPS-CC	5875	1807	1906	99	5.14e-42
C662FACXX150129:3:1309:19888:78045/2	97	97	1	smNRPS-CC	5875	2217	2313	100	5.14e-42
C662FACXX150129:5:2111:2739:37258/2	101	97	1	smNRPS-CC	5875	1810	1906	100	5.14e-42
C662FACXX150129:4:2313:8843:92579/1	101	1	100	smNRPS-CC	5875	5776	5875	99	5.14e-42
C662FACXX150129:3:2115:19888:31227/2	101	101	2	smNRPS-CC	5875	5055	5154	99	5.14e-42
C662FACXX150129:5:2107:19917:40496/1	100	100	1	smNRPS-CC	5875	5745	5844	99	5.14e-42
C662FACXX150129:6:1311:12280:24327/1	101	100	1	smNRPS-CC	5875	5467	5566	99	5.14e-42
C662FACXX150129:3:2201:11037:43182/2	100	1	100	smNRPS-CC	5875	4102	4201	99	5.14e-42
C662FACXX150129:4:2109:4852:48316/2	100	100	1	smNRPS-CC	5875	2995	3094	99	5.14e-42
C662FACXX150129:7:2115:8929:12618/2	100	1	100	smNRPS-CC	5875	5336	5435	99	5.14e-42
C662FACXX150129:5:1113:5174:11795/2	97	97	1	smNRPS-CC	5875	1849	1945	100	5.14e-42
C662FACXX150129:6:2214:13857:84047/1	97	1	97	smNRPS-CC	5875	3278	3374	100	5.14e-42
C662FACXX150129:4:2215:16756:86047/2	101	1	101	smNRPS-CC	5875	3448	3548	99.01	1.43e-42
C662FACXX150129:5:1307:15667:70443/1	101	101	1	smNRPS-CC	5875	2140	2240	99.01	1.43e-42
C662FACXX150129:2:2104:3520:7697/1	98	98	1	smNRPS-CC	5875	1849	1946	100	1.43e-42
C662FACXX150129:5:2210:19007:45186/2	101	101	1	smNRPS-CC	5875	4929	5029	99.01	1.43e-42
C662FACXX150129:7:2101:16649:61781/1	101	1	101	smNRPS-CC	5875	4134	4234	99.01	1.43e-42
C662FACXX150129:5:2303:16098:13136/1	101	1	101	smNRPS-CC	5875	5317	5417	99.01	1.43e-42
C662FACXX150129:5:1103:4620:99456/2	101	1	101	smNRPS-CC	5875	3058	3158	99.01	1.43e-42
C662FACXX150129:2:2210:11207:10628/2	101	1	101	smNRPS-CC	5875	5467	5567	99.01	1.43e-42
C662FACXX150129:4:1206:10266:13321/2	101	1	101	smNRPS-CC	5875	3158	3258	99.01	1.43e-42
C662FACXX150129:6:1311:7013:80132/2	101	101	1	smNRPS-CC	5875	5341	5441	99.01	1.43e-42
C662FACXX150129:2:2103:15475:85110/2	101	1	101	smNRPS-CC	5875	3408	3508	99.01	1.43e-42
C662FACXX150129:5:1302:8574:28597/2	101	1	101	smNRPS-CC	5875	499	599	99.01	1.43e-42
C662FACXX150129:7:1208:18012:52169/1	101	1	101	smNRPS-CC	5875	2766	2866	99.01	1.43e-42
C662FACXX150129:7:1208:18012:52169/2	101	101	1	smNRPS-CC	5875	3058	3158	99.01	1.43e-42
C662FACXX150129:2:1311:8785:96607/2	101	1	101	smNRPS-CC	5875	3406	3506	99.01	1.43e-42
C662FACXX150129:5:1315:6643:92996/2	101	101	1	smNRPS-CC	5875	1192	1292	99.01	1.43e-42
C662FACXX150129:7:1208:1975:100765/1	101	1	101	smNRPS-CC	5875	925	1025	99.01	1.43e-42
C662FACXX150129:7:1208:1975:100765/2	101	101	1	smNRPS-CC	5875	1136	1236	99.01	1.43e-42
C662FACXX150129:6:2206:14309:76281/1	101	101	1	smNRPS-CC	5875	2268	2368	99.01	1.43e-42
C662FACXX150129:5:1110:18037:71002/2	101	1	101	smNRPS-CC	5875	3797	3897	99.01	1.43e-42
C662FACXX150129:5:1207:12991:27214/1	101	101	1	smNRPS-CC	5875	473	573	99.01	1.43e-42
C662FACXX150129:7:1209:7576:47286/2	101	1	101	smNRPS-CC	5875	124	224	99.01	1.43e-42
C662FACXX150129:6:2209:8090:48305/1	101	1	101	smNRPS-CC	5875	4131	4231	99.01	1.43e-42
C662FACXX150129:3:1310:4815:26303/1	101	101	1	smNRPS-CC	5875	1143	1243	99.01	1.43e-42
C662FACXX150129:6:1311:7487:40165/1	101	101	1	smNRPS-CC	5875	3009	3109	99.01	1.43e-42
C662FACXX150129:5:2313:12600:61991/1	101	1	101	smNRPS-CC	5875	4086	4186	99.01	1.43e-42
C662FACXX150129:5:1316:14264:87341/1	101	1	101	smNRPS-CC	5875	487	587	99.01	1.43e-42
C662FACXX150129:2:2109:12184:77276/1	101	101	1	smNRPS-CC	5875	2046	2146	99.01	1.43e-42
C662FACXX150129:7:2102:19087:76554/1	101	1	101	smNRPS-CC	5875	5046	5146	99.01	1.43e-42
C662FACXX150129:3:2303:14142:64487/2	101	1	101	smNRPS-CC	5875	4412	4512	99.01	1.43e-42
C662FACXX150129:6:1204:5509:91241/1	101	1	101	smNRPS-CC	5875	4101	4201	99.01	1.43e-42
C662FACXX150129:2:2308:8170:100538/2	101	101	1	smNRPS-CC	5875	4088	4188	99.01	1.43e-42
C662FACXX150129:6:2205:3412:71627/2	101	101	1	smNRPS-CC	5875	5483	5583	99.01	1.43e-42
C662FACXX150129:2:2205:3982:80361/1	101	1	101	smNRPS-CC	5875	4560	4660	99.01	1.43e-42
C662FACXX150129:7:2306:4009:60660/1	101	101	1	smNRPS-CC	5875	2817	2917	99.01	1.43e-42
C662FACXX150129:7:2306:4009:60660/2	101	1	98	smNRPS-CC	5875	2715	2812	100	1.43e-42
C662FACXX150129:4:1110:17595:11542/1	101	1	101	smNRPS-CC	5875	2994	3094	99.01	1.43e-42
C662FACXX150129:5:1316:20129:100608/1	101	1	101	smNRPS-CC	5875	1127	1227	99.01	1.43e-42
C662FACXX150129:3:1104:16578:76507/2	101	1	101	smNRPS-CC	5875	5048	5148	99.01	1.43e-42
C662FACXX150129:6:2213:1262:88470/1	101	101	1	smNRPS-CC	5875	2817	2917	99.01	1.43e-42
C662FACXX150129:6:2213:1262:88470/2	101	1	98	smNRPS-CC	5875	2715	2812	100	1.43e-42
C662FACXX150129:5:2304:4561:82245/1	101	1	101	smNRPS-CC	5875	469	569	99.01	1.43e-42
C662FACXX150129:6:1311:12280:24327/2	101	1	101	smNRPS-CC	5875	5467	5567	99.01	1.43e-42
C662FACXX150129:6:2205:13225:15028/2	101	101	1	smNRPS-CC	5875	4351	4451	99.01	1.43e-42
C662FACXX150129:6:2108:2469:66043/1	101	1	101	smNRPS-CC	5875	4131	4231	99.01	1.43e-42
C662FACXX150129:3:2102:7509:90565/1	101	101	1	smNRPS-CC	5875	2719	2819	99.01	1.43e-42
C662FACXX150129:7:1112:14359:27479/1	101	1	101	smNRPS-CC	5875	333	433	99.01	1.43e-42
C662FACXX150129:7:1112:14359:27479/2	101	101	1	smNRPS-CC	5875	339	439	99.01	1.43e-42
C662FACXX150129:5:2103:13321:80223/1	101	1	101	smNRPS-CC	5875	4386	4486	99.01	1.43e-42
C662FACXX150129:3:2112:1467:83156/2	101	1	101	smNRPS-CC	5875	4077	4177	99.01	1.43e-42
C662FACXX150129:2:2110:17853:64914/2	101	101	1	smNRPS-CC	5875	2095	2195	99.01	1.43e-42
C662FACXX150129:3:2101:13423:90088/2	101	98	1	smNRPS-CC	5875	3122	3219	100	1.43e-42
C662FACXX150129:5:1206:8366:22983/1	101	101	1	smNRPS-CC	5875	132	232	99.01	1.43e-42
C662FACXX150129:6:2212:12506:75183/2	101	101	1	smNRPS-CC	5875	4129	4229	99.01	1.43e-42
C662FACXX150129:4:1108:2077:80824/1	101	1	101	smNRPS-CC	5875	4101	4201	99.01	1.43e-42
C662FACXX150129:5:2104:12108:81169/1	101	101	1	smNRPS-CC	5875	4121	4221	99.01	1.43e-42
C662FACXX150129:5:2104:12108:81169/2	101	1	101	smNRPS-CC	5875	4115	4215	99.01	1.43e-42
C662FACXX150129:3:2216:7604:11855/1	101	101	1	smNRPS-CC	5875	4831	4931	99.01	1.43e-42
C662FACXX150129:5:1102:5756:54719/2	101	101	1	smNRPS-CC	5875	2060	2160	99.01	1.43e-42
C662FACXX150129:4:1303:20409:64123/1	101	1	101	smNRPS-CC	5875	4130	4230	99.01	1.43e-42
C662FACXX150129:5:2202:20660:72739/1	101	101	1	smNRPS-CC	5875	361	461	99.01	1.43e-42
C662FACXX150129:2:1113:10421:72239/1	101	101	1	smNRPS-CC	5875	2979	3079	99.01	1.43e-42
C662FACXX150129:5:2310:17214:67037/1	101	101	1	smNRPS-CC	5875	2268	2368	99.01	1.43e-42
C662FACXX150129:6:2215:5335:61479/1	101	101	1	smNRPS-CC	5875	493	593	99.01	1.43e-42
C662FACXX150129:4:1310:9324:15124/1	101	1	99	smNRPS-CC	5875	4058	4156	100	3.97e-43
C662FACXX150129:4:1310:9324:15124/2	101	99	1	smNRPS-CC	5875	4058	4156	100	3.97e-43
C662FACXX150129:2:1109:18977:57710/1	99	1	99	smNRPS-CC	5875	1736	1834	100	3.97e-43
C662FACXX150129:5:2102:5966:94716/2	100	100	1	smNRPS-CC	5875	1847	1946	100	1.1e-43
C662FACXX150129:4:1312:13015:54604/2	100	1	100	smNRPS-CC	5875	3084	3183	100	1.1e-43
C662FACXX150129:2:1304:12429:23624/1	100	100	1	smNRPS-CC	5875	1847	1946	100	1.1e-43
C662FACXX150129:7:2206:13607:69906/1	100	1	100	smNRPS-CC	5875	1846	1945	100	1.1e-43
C662FACXX150129:7:2316:18056:80504/1	100	1	100	smNRPS-CC	5875	2477	2576	100	1.1e-43
C662FACXX150129:5:2303:16098:13136/2	101	101	1	smNRPS-CC	5875	5417	5517	100	3.07e-44
C662FACXX150129:3:2207:8812:32134/1	101	1	101	smNRPS-CC	5875	1846	1946	100	3.07e-44
C662FACXX150129:5:1103:4620:99456/1	101	101	1	smNRPS-CC	5875	3071	3171	100	3.07e-44
C662FACXX150129:2:2307:4208:4441/1	101	101	1	smNRPS-CC	5875	4023	4123	100	3.07e-44
C662FACXX150129:2:2111:11871:18979/1	101	101	1	smNRPS-CC	5875	5158	5258	100	3.07e-44
C662FACXX150129:2:2111:11871:18979/2	101	1	101	smNRPS-CC	5875	5021	5121	100	3.07e-44
C662FACXX150129:4:1209:8931:89364/1	101	1	101	smNRPS-CC	5875	5357	5457	100	3.07e-44
C662FACXX150129:4:1209:8931:89364/2	101	101	1	smNRPS-CC	5875	5367	5467	100	3.07e-44
C662FACXX150129:4:1206:10266:13321/1	101	101	1	smNRPS-CC	5875	3251	3351	100	3.07e-44
C662FACXX150129:4:2205:12518:41142/1	101	1	101	smNRPS-CC	5875	5097	5197	100	3.07e-44
C662FACXX150129:4:2302:11082:10044/1	101	101	1	smNRPS-CC	5875	4012	4112	100	3.07e-44
C662FACXX150129:5:1211:13952:88811/2	101	101	1	smNRPS-CC	5875	3937	4037	100	3.07e-44
C662FACXX150129:4:2203:10527:75237/1	101	1	101	smNRPS-CC	5875	1846	1946	100	3.07e-44
C662FACXX150129:6:2211:5174:50451/1	101	1	101	smNRPS-CC	5875	4959	5059	100	3.07e-44
C662FACXX150129:3:2213:8009:93808/2	101	101	1	smNRPS-CC	5875	843	943	100	3.07e-44
C662FACXX150129:4:1208:8076:29684/1	101	1	101	smNRPS-CC	5875	1823	1923	100	3.07e-44
C662FACXX150129:7:1316:8643:33313/1	101	1	101	smNRPS-CC	5875	4050	4150	100	3.07e-44
C662FACXX150129:7:2114:12869:37331/1	101	101	1	smNRPS-CC	5875	26	126	100	3.07e-44
C662FACXX150129:6:2206:14309:76281/2	101	1	101	smNRPS-CC	5875	2201	2301	100	3.07e-44
C662FACXX150129:5:2209:6000:35677/1	101	101	1	smNRPS-CC	5875	32	132	100	3.07e-44
C662FACXX150129:3:2202:17948:76292/2	101	101	1	smNRPS-CC	5875	4173	4273	100	3.07e-44
C662FACXX150129:3:2208:4890:72595/1	101	101	1	smNRPS-CC	5875	3935	4035	100	3.07e-44
C662FACXX150129:5:2211:20621:46783/1	101	1	101	smNRPS-CC	5875	991	1091	100	3.07e-44
C662FACXX150129:6:2212:19802:81147/1	101	101	1	smNRPS-CC	5875	4053	4153	100	3.07e-44
C662FACXX150129:7:2312:11767:33661/1	101	1	101	smNRPS-CC	5875	1752	1852	100	3.07e-44
C662FACXX150129:7:2312:11767:33661/2	101	101	1	smNRPS-CC	5875	1831	1931	100	3.07e-44
C662FACXX150129:5:2304:8905:44698/1	101	101	1	smNRPS-CC	5875	4436	4536	100	3.07e-44
C662FACXX150129:5:2304:8905:44698/2	101	1	101	smNRPS-CC	5875	4101	4201	100	3.07e-44
C662FACXX150129:5:2215:3335:72025/1	101	1	101	smNRPS-CC	5875	2471	2571	100	3.07e-44
C662FACXX150129:5:2215:3335:72025/2	101	101	1	smNRPS-CC	5875	2515	2615	100	3.07e-44
C662FACXX150129:2:1109:18977:57710/2	101	101	1	smNRPS-CC	5875	1781	1881	100	3.07e-44
C662FACXX150129:3:1202:11570:14673/2	101	1	101	smNRPS-CC	5875	2030	2130	100	3.07e-44
C662FACXX150129:6:2109:3034:14140/1	101	1	101	smNRPS-CC	5875	1717	1817	100	3.07e-44
C662FACXX150129:6:2109:3034:14140/2	101	101	1	smNRPS-CC	5875	1727	1827	100	3.07e-44
C662FACXX150129:2:2109:12184:77276/2	101	1	101	smNRPS-CC	5875	1978	2078	100	3.07e-44
C662FACXX150129:5:1207:2432:11329/1	101	1	101	smNRPS-CC	5875	4008	4108	100	3.07e-44
C662FACXX150129:6:1201:16622:76731/1	101	1	101	smNRPS-CC	5875	1855	1955	100	3.07e-44
C662FACXX150129:6:1201:16622:76731/2	101	101	1	smNRPS-CC	5875	1941	2041	100	3.07e-44
C662FACXX150129:2:2308:8170:100538/1	101	1	101	smNRPS-CC	5875	4022	4122	100	3.07e-44
C662FACXX150129:2:1202:12038:34819/2	101	1	101	smNRPS-CC	5875	4029	4129	100	3.07e-44
C662FACXX150129:3:1309:19888:78045/1	101	1	101	smNRPS-CC	5875	1918	2018	100	3.07e-44
C662FACXX150129:3:2302:11617:76039/2	101	1	101	smNRPS-CC	5875	4950	5050	100	3.07e-44
C662FACXX150129:3:1204:12006:7256/1	101	101	1	smNRPS-CC	5875	2046	2146	100	3.07e-44
C662FACXX150129:3:1204:12006:7256/2	101	1	101	smNRPS-CC	5875	1978	2078	100	3.07e-44
C662FACXX150129:5:1313:11215:39150/1	101	101	1	smNRPS-CC	5875	1821	1921	100	3.07e-44
C662FACXX150129:2:2112:5302:55912/2	101	101	1	smNRPS-CC	5875	4010	4110	100	3.07e-44
C662FACXX150129:7:2105:7606:8569/1	101	101	1	smNRPS-CC	5875	4019	4119	100	3.07e-44
C662FACXX150129:3:2303:11813:15753/2	101	101	1	smNRPS-CC	5875	491	591	100	3.07e-44
C662FACXX150129:4:1110:17595:11542/2	101	101	1	smNRPS-CC	5875	3116	3216	100	3.07e-44
C662FACXX150129:7:2201:6846:49463/1	101	1	101	smNRPS-CC	5875	4070	4170	100	3.07e-44
C662FACXX150129:6:2216:10002:49793/1	101	1	101	smNRPS-CC	5875	5648	5748	100	3.07e-44
C662FACXX150129:6:1101:6264:62459/1	101	1	101	smNRPS-CC	5875	4065	4165	100	3.07e-44
C662FACXX150129:5:2201:2707:19211/1	101	1	101	smNRPS-CC	5875	4065	4165	100	3.07e-44
C662FACXX150129:5:2201:2707:19211/2	101	101	1	smNRPS-CC	5875	4159	4259	100	3.07e-44
C662FACXX150129:5:2204:9049:83139/2	101	101	1	smNRPS-CC	5875	859	959	100	3.07e-44
C662FACXX150129:5:2211:19940:26298/1	101	101	1	smNRPS-CC	5875	1821	1921	100	3.07e-44
C662FACXX150129:7:2202:17817:61051/1	101	101	1	smNRPS-CC	5875	4019	4119	100	3.07e-44
C662FACXX150129:5:2103:13321:80223/2	101	101	1	smNRPS-CC	5875	4466	4566	100	3.07e-44
C662FACXX150129:6:2111:14756:5037/1	101	101	1	smNRPS-CC	5875	27	127	100	3.07e-44
C662FACXX150129:6:2202:17695:3835/1	101	101	1	smNRPS-CC	5875	5665	5765	100	3.07e-44
C662FACXX150129:2:2110:17853:64914/1	101	1	101	smNRPS-CC	5875	1958	2058	100	3.07e-44
C662FACXX150129:7:1309:15301:33612/1	101	101	1	smNRPS-CC	5875	1831	1931	100	3.07e-44
C662FACXX150129:5:1312:17108:51388/1	101	1	101	smNRPS-CC	5875	447	547	100	3.07e-44
C662FACXX150129:5:1312:17108:51388/2	101	101	1	smNRPS-CC	5875	468	568	100	3.07e-44
C662FACXX150129:7:2111:10022:13977/2	101	101	1	smNRPS-CC	5875	5693	5793	100	3.07e-44
C662FACXX150129:5:1102:5756:54719/1	101	1	101	smNRPS-CC	5875	2023	2123	100	3.07e-44
C662FACXX150129:4:2208:17991:71660/1	101	101	1	smNRPS-CC	5875	32	132	100	3.07e-44
C662FACXX150129:2:2214:20479:67720/1	101	101	1	smNRPS-CC	5875	1836	1936	100	3.07e-44
C662FACXX150129:5:1214:9615:100125/2	74	40	1	smNRPS-CB	5945	5886	5925	95	5.46e-7
C662FACXX150129:6:2303:13457:92115/1	68	1	68	smNRPS-CB	5945	3932	3999	95.588	6.92e-21
C662FACXX150129:4:2213:1478:95409/2	73	1	71	smNRPS-CB	5945	3086	3156	95.775	1.49e-22
C662FACXX150129:6:1202:7818:86149/2	71	71	1	smNRPS-CB	5945	278	348	97.183	3.2e-24
C662FACXX150129:5:1313:11215:39150/2	71	71	1	smNRPS-CB	5945	4191	4261	97.183	3.2e-24
C662FACXX150129:4:1305:13011:77205/2	70	70	2	smNRPS-CB	5945	2997	3065	98.551	8.88e-25
C662FACXX150129:6:2304:15435:53539/2	82	3	79	smNRPS-CB	5945	3829	3905	96.104	6.87e-26
C662FACXX150129:7:2301:1713:62780/1	69	69	1	smNRPS-CB	5945	3078	3146	100	1.91e-26
C662FACXX150129:7:1208:3941:48294/1	80	80	3	smNRPS-CB	5945	3300	3377	96.154	1.91e-26
C662FACXX150129:5:2213:3199:87841/2	75	1	75	smNRPS-CB	5945	827	901	97.333	1.91e-26
C662FACXX150129:5:2102:16841:36243/1	72	1	72	smNRPS-CB	5945	1953	2024	98.611	1.91e-26
C662FACXX150129:6:1304:16524:95728/1	76	1	76	smNRPS-CB	5945	1933	2008	98.684	1.14e-28
C662FACXX150129:5:2312:17422:41187/2	74	74	1	smNRPS-CB	5945	3286	3359	100	3.17e-29
C662FACXX150129:5:1216:10304:41998/2	74	1	74	smNRPS-CB	5945	996	1069	100	3.17e-29
C662FACXX150129:2:1108:15244:40054/1	80	80	1	smNRPS-CB	5945	1527	1606	97.5	3.17e-29
C662FACXX150129:2:1211:13507:93158/1	74	74	1	smNRPS-CB	5945	1233	1306	100	3.17e-29
C662FACXX150129:2:2310:1622:68365/1	85	85	1	smNRPS-CB	5945	1549	1633	96.471	2.45e-30
C662FACXX150129:2:2104:3520:7697/2	86	86	1	smNRPS-CB	5945	4176	4261	96.512	6.82e-31
C662FACXX150129:7:1109:9100:40722/2	87	1	87	smNRPS-CB	5945	3916	4002	96.552	1.9e-31
C662FACXX150129:7:1304:9268:60896/1	101	91	1	smNRPS-CB	5945	1553	1643	95.604	5.27e-32
C662FACXX150129:7:2309:20011:4682/2	87	86	1	smNRPS-CB	5945	5196	5281	97.674	1.47e-32
C662FACXX150129:3:2309:6058:50369/2	97	1	93	smNRPS-CB	5945	3294	3386	95.699	4.08e-33
C662FACXX150129:6:2114:4929:2086/2	92	3	92	smNRPS-CB	5945	3552	3641	96.667	4.08e-33
C662FACXX150129:6:1309:1585:76815/2	95	3	95	smNRPS-CB	5945	1561	1653	95.699	4.08e-33
C662FACXX150129:2:2202:14519:69858/2	94	94	1	smNRPS-CB	5945	3588	3681	95.745	1.13e-33
C662FACXX150129:3:2111:2772:66400/2	85	1	85	smNRPS-CB	5945	5163	5247	98.824	1.13e-33
C662FACXX150129:5:1316:14011:34028/1	98	14	98	smNRPS-CB	5945	1	85	98.824	1.13e-33
C662FACXX150129:7:1110:15573:43459/1	85	1	85	smNRPS-CB	5945	958	1042	98.824	1.13e-33
C662FACXX150129:6:2315:6707:81555/1	101	92	1	smNRPS-CB	5945	3544	3635	96.739	3.15e-34
C662FACXX150129:7:1204:18254:20996/1	101	2	93	smNRPS-CB	5945	2423	2514	96.739	3.15e-34
C662FACXX150129:4:2307:3355:78339/1	101	2	93	smNRPS-CB	5945	2423	2514	96.739	3.15e-34
C662FACXX150129:2:1109:19395:21469/1	99	5	99	smNRPS-CB	5945	4487	4581	95.789	3.15e-34
C662FACXX150129:6:1209:5675:23605/1	99	97	3	smNRPS-CB	5945	2090	2184	95.789	3.15e-34
C662FACXX150129:3:2106:6534:73823/2	101	2	93	smNRPS-CB	5945	2423	2514	96.739	3.15e-34
C662FACXX150129:3:2215:16083:89314/2	101	1	95	smNRPS-CB	5945	3589	3683	95.789	3.15e-34
C662FACXX150129:7:1308:11536:37383/1	98	89	1	smNRPS-CB	5945	651	739	97.753	3.15e-34
C662FACXX150129:6:2312:3274:44303/1	101	101	6	smNRPS-CB	5945	3588	3683	95.833	8.76e-35
C662FACXX150129:7:2309:18915:54732/2	101	96	1	smNRPS-CB	5945	2083	2178	95.833	8.76e-35
C662FACXX150129:7:2201:4132:34840/2	96	1	96	smNRPS-CB	5945	3261	3356	95.833	8.76e-35
C662FACXX150129:4:1208:6176:72475/1	101	5	101	smNRPS-CB	5945	4487	4583	95.876	2.44e-35
C662FACXX150129:5:1104:15393:68739/1	100	100	1	smNRPS-CB	5945	3510	3609	95	2.44e-35
C662FACXX150129:7:2309:18915:54732/1	101	1	97	smNRPS-CB	5945	2084	2180	95.876	2.44e-35
C662FACXX150129:7:2216:12777:11963/1	101	11	101	smNRPS-CB	5945	651	741	97.802	2.44e-35
C662FACXX150129:3:1102:12961:23866/1	101	1	101	smNRPS-CB	5945	3283	3383	95.05	6.77e-36
C662FACXX150129:5:2215:13016:80571/1	101	101	1	smNRPS-CB	5945	2103	2203	95.05	6.77e-36
C662FACXX150129:3:2108:14793:18609/2	101	101	1	smNRPS-CB	5945	3521	3621	95.05	6.77e-36
C662FACXX150129:7:1116:19334:48732/1	101	1	101	smNRPS-CB	5945	2096	2196	95.05	6.77e-36
C662FACXX150129:7:1314:14669:35419/1	101	101	1	smNRPS-CB	5945	1555	1655	95.05	6.77e-36
C662FACXX150129:7:1216:4858:65586/1	101	101	1	smNRPS-CB	5945	3869	3969	95.05	6.77e-36
C662FACXX150129:6:1102:15358:22935/2	101	1	101	smNRPS-CB	5945	1552	1652	95.05	6.77e-36
C662FACXX150129:6:1311:1624:68332/1	101	101	1	smNRPS-CB	5945	3521	3621	95.05	6.77e-36
C662FACXX150129:6:2316:12550:45882/1	101	1	101	smNRPS-CB	5945	2096	2196	95.05	6.77e-36
C662FACXX150129:3:2114:16936:67157/1	101	1	98	smNRPS-CB	5945	316	413	95.918	6.77e-36
C662FACXX150129:3:2114:16936:67157/2	101	98	1	smNRPS-CB	5945	316	413	95.918	6.77e-36
C662FACXX150129:6:2214:20270:16529/1	101	101	1	smNRPS-CB	5945	4148	4248	95.05	6.77e-36
C662FACXX150129:5:2114:4805:62183/2	101	95	1	smNRPS-CB	5945	3544	3638	96.842	6.77e-36
C662FACXX150129:7:2302:2450:99133/1	101	101	1	smNRPS-CB	5945	1549	1649	95.05	6.77e-36
C662FACXX150129:5:2211:19940:26298/2	101	101	1	smNRPS-CB	5945	4161	4261	95.05	6.77e-36
C662FACXX150129:7:1305:6017:63656/1	101	1	101	smNRPS-CB	5945	228	328	95.05	6.77e-36
C662FACXX150129:7:1207:19977:65169/1	101	1	101	smNRPS-CB	5945	2096	2196	95.05	6.77e-36
C662FACXX150129:3:2112:1467:83156/1	101	1	101	smNRPS-CB	5945	1546	1646	95.05	6.77e-36
C662FACXX150129:2:2311:4607:26762/1	101	4	101	smNRPS-CB	5945	3541	3638	95.918	6.77e-36
C662FACXX150129:6:2309:10288:56170/1	101	101	1	smNRPS-CB	5945	4161	4261	95.05	6.77e-36
C662FACXX150129:2:1316:2796:32282/2	101	101	1	smNRPS-CB	5945	3851	3951	95.05	6.77e-36
C662FACXX150129:2:2311:11357:101209/2	101	101	1	smNRPS-CB	5945	3848	3948	95.05	6.77e-36
C662FACXX150129:5:1113:5174:11795/1	101	101	1	smNRPS-CB	5945	4154	4254	95.05	6.77e-36
C662FACXX150129:3:1204:5003:26647/1	101	101	1	smNRPS-CB	5945	3509	3609	95.05	6.77e-36
C662FACXX150129:7:2207:6970:47300/1	101	101	1	smNRPS-CB	5945	4149	4249	95.05	6.77e-36
C662FACXX150129:7:2213:19260:55996/1	101	101	1	smNRPS-CB	5945	2068	2168	95.05	6.77e-36
C662FACXX150129:3:2106:5514:45185/1	101	1	101	smNRPS-CB	5945	2154	2254	95.05	6.77e-36
C662FACXX150129:4:2214:15338:49699/2	92	1	92	smNRPS-CB	5945	3047	3138	97.826	6.77e-36
C662FACXX150129:6:2312:3274:44303/2	101	3	101	smNRPS-CB	5945	3541	3639	95.96	1.88e-36
C662FACXX150129:5:2111:16148:7588/2	99	99	1	smNRPS-CB	5945	315	413	95.96	1.88e-36
C662FACXX150129:3:2202:15532:19232/1	101	101	3	smNRPS-CB	5945	2150	2248	95.96	1.88e-36
C662FACXX150129:4:1109:17491:76182/1	101	101	3	smNRPS-CB	5945	3279	3377	95.96	1.88e-36
C662FACXX150129:7:2116:19382:100569/1	87	87	1	smNRPS-CB	5945	502	588	100	1.88e-36
C662FACXX150129:4:2302:11082:10044/2	98	98	2	smNRPS-CB	5945	1992	2088	96.907	5.23e-37
C662FACXX150129:6:1110:9246:31412/2	100	100	1	smNRPS-CB	5945	255	354	96	5.23e-37
C662FACXX150129:3:1205:9147:83215/2	101	1	95	smNRPS-CB	5945	3581	3675	97.895	1.46e-37
C662FACXX150129:3:1312:12301:34754/1	101	101	1	smNRPS-CB	5945	2016	2116	96.04	1.46e-37
C662FACXX150129:5:1210:17941:32719/2	101	1	101	smNRPS-CB	5945	2080	2180	96.04	1.46e-37
C662FACXX150129:4:2203:10527:75237/2	101	3	100	smNRPS-CB	5945	3895	3992	96.939	1.46e-37
C662FACXX150129:6:2207:20634:15973/1	101	1	101	smNRPS-CB	5945	310	410	96.04	1.46e-37
C662FACXX150129:7:2204:15707:75545/1	101	1	101	smNRPS-CB	5945	3258	3358	96.04	1.46e-37
C662FACXX150129:5:2315:1884:67866/1	92	1	92	smNRPS-CB	5945	5479	5570	98.913	1.46e-37
C662FACXX150129:6:1305:4281:56665/2	101	101	1	smNRPS-CB	5945	2078	2178	96.04	1.46e-37
C662FACXX150129:3:2311:3970:53525/1	101	1	101	smNRPS-CB	5945	1111	1211	96.04	1.46e-37
C662FACXX150129:5:1314:12543:78035/2	101	101	1	smNRPS-CB	5945	3802	3902	96.04	1.46e-37
C662FACXX150129:4:2113:3843:81782/2	101	101	1	smNRPS-CB	5945	3802	3902	96.04	1.46e-37
C662FACXX150129:6:2107:16551:90943/1	101	101	1	smNRPS-CB	5945	254	354	96.04	1.46e-37
C662FACXX150129:6:1110:9246:31412/1	101	1	101	smNRPS-CB	5945	238	338	96.04	1.46e-37
C662FACXX150129:7:1204:16592:58672/2	101	101	1	smNRPS-CB	5945	254	354	96.04	1.46e-37
C662FACXX150129:5:2107:19917:40496/2	101	98	1	smNRPS-CB	5945	287	384	96.939	1.46e-37
C662FACXX150129:7:1115:19339:24514/2	101	1	101	smNRPS-CB	5945	3258	3358	96.04	1.46e-37
C662FACXX150129:4:2312:14248:35937/1	101	101	1	smNRPS-CB	5945	254	354	96.04	1.46e-37
C662FACXX150129:4:2213:1478:95409/1	98	98	1	smNRPS-CB	5945	3269	3366	96.939	1.46e-37
C662FACXX150129:2:2106:16715:96531/1	101	101	1	smNRPS-CB	5945	1563	1663	96.04	1.46e-37
C662FACXX150129:3:2111:2772:66400/1	92	92	1	smNRPS-CB	5945	5250	5341	98.913	1.46e-37
C662FACXX150129:5:1301:17078:84669/2	101	101	1	smNRPS-CB	5945	254	354	96.04	1.46e-37
C662FACXX150129:2:2209:7572:13803/1	101	1	101	smNRPS-CB	5945	3803	3903	96.04	1.46e-37
C662FACXX150129:2:2301:13725:80223/1	101	101	1	smNRPS-CB	5945	254	354	96.04	1.46e-37
C662FACXX150129:7:1302:11626:6062/1	95	1	95	smNRPS-CB	5945	786	880	97.895	1.46e-37
C662FACXX150129:7:2311:13306:90111/1	101	1	101	smNRPS-CB	5945	3889	3989	96.04	1.46e-37
C662FACXX150129:3:2302:19957:65538/2	101	1	99	smNRPS-CB	5945	2011	2109	96.97	4.05e-38
C662FACXX150129:6:1312:2706:99789/1	99	1	99	smNRPS-CB	5945	3033	3131	96.97	4.05e-38
C662FACXX150129:3:2311:3970:53525/2	97	96	1	smNRPS-CB	5945	1145	1240	97.917	4.05e-38
C662FACXX150129:3:1210:19745:16269/2	93	93	1	smNRPS-CB	5945	2797	2889	98.925	4.05e-38
C662FACXX150129:6:1302:3974:11106/1	101	99	1	smNRPS-CB	5945	3014	3112	96.97	4.05e-38
C662FACXX150129:2:2307:4208:4441/2	100	100	1	smNRPS-CB	5945	2005	2104	97	1.13e-38
C662FACXX150129:6:1316:20150:23211/1	101	100	1	smNRPS-CB	5945	3267	3366	97	1.13e-38
C662FACXX150129:2:1113:7894:17378/2	100	100	1	smNRPS-CB	5945	2005	2104	97	1.13e-38
C662FACXX150129:5:2315:1884:67866/2	94	94	1	smNRPS-CB	5945	5510	5603	98.936	1.13e-38
C662FACXX150129:7:2302:15284:69487/1	97	97	1	smNRPS-CB	5945	683	779	97.938	1.13e-38
C662FACXX150129:5:1202:8512:33124/2	97	97	1	smNRPS-CB	5945	683	779	97.938	1.13e-38
C662FACXX150129:4:1203:12973:4531/1	101	100	1	smNRPS-CB	5945	3267	3366	97	1.13e-38
C662FACXX150129:3:1312:12301:34754/2	101	1	101	smNRPS-CB	5945	2005	2105	97.03	3.13e-39
C662FACXX150129:5:2316:19409:45164/2	101	1	101	smNRPS-CB	5945	3022	3122	97.03	3.13e-39
C662FACXX150129:4:2214:19196:33021/2	101	1	101	smNRPS-CB	5945	827	927	97.03	3.13e-39
C662FACXX150129:5:2212:7162:48940/2	95	95	1	smNRPS-CB	5945	1636	1730	98.947	3.13e-39
C662FACXX150129:5:1112:8799:40582/1	101	1	95	smNRPS-CB	5945	958	1052	98.947	3.13e-39
C662FACXX150129:3:1209:20089:72615/1	101	1	101	smNRPS-CB	5945	3015	3115	97.03	3.13e-39
C662FACXX150129:4:1316:3597:89813/2	101	101	1	smNRPS-CB	5945	267	367	97.03	3.13e-39
C662FACXX150129:7:1204:7395:80988/1	101	101	1	smNRPS-CB	5945	5249	5349	97.03	3.13e-39
C662FACXX150129:3:2201:5146:95450/1	100	3	100	smNRPS-CB	5945	3552	3649	97.959	3.13e-39
C662FACXX150129:5:1308:17708:2610/1	101	101	1	smNRPS-CB	5945	3022	3122	97.03	3.13e-39
C662FACXX150129:6:1201:2336:59994/2	101	1	101	smNRPS-CB	5945	827	927	97.03	3.13e-39
C662FACXX150129:2:2112:5302:55912/1	101	101	1	smNRPS-CB	5945	1992	2092	97.03	3.13e-39
C662FACXX150129:5:2316:17695:74472/1	101	1	101	smNRPS-CB	5945	922	1022	97.03	3.13e-39
C662FACXX150129:3:1203:19022:99119/1	101	1	101	smNRPS-CB	5945	827	927	97.03	3.13e-39
C662FACXX150129:2:2202:3437:10810/2	101	101	1	smNRPS-CB	5945	3044	3144	97.03	3.13e-39
C662FACXX150129:3:2202:15532:19232/2	101	1	101	smNRPS-CB	5945	1999	2099	97.03	3.13e-39
C662FACXX150129:5:2208:19332:93869/2	101	1	101	smNRPS-CB	5945	827	927	97.03	3.13e-39
C662FACXX150129:3:1210:6610:89746/2	101	1	101	smNRPS-CB	5945	827	927	97.03	3.13e-39
C662FACXX150129:2:1303:13257:95801/2	101	101	1	smNRPS-CB	5945	267	367	97.03	3.13e-39
C662FACXX150129:6:2214:16892:87159/2	100	98	1	smNRPS-CB	5945	860	957	97.959	3.13e-39
C662FACXX150129:4:2208:20641:44971/1	101	98	1	smNRPS-CB	5945	1515	1612	97.959	3.13e-39
C662FACXX150129:3:1201:9977:74353/1	101	1	101	smNRPS-CB	5945	3042	3142	97.03	3.13e-39
C662FACXX150129:7:2112:15967:84380/2	99	99	1	smNRPS-CB	5945	3556	3654	97.98	8.7e-40
C662FACXX150129:3:1210:19745:16269/1	101	1	96	smNRPS-CB	5945	2795	2890	98.958	8.7e-40
C662FACXX150129:6:1302:4549:96191/2	94	1	94	smNRPS-CB	5945	3780	3873	100	2.42e-40
C662FACXX150129:2:2202:12839:25570/1	97	97	1	smNRPS-CB	5945	946	1042	98.969	2.42e-40
C662FACXX150129:7:2308:8780:57720/2	101	1	100	smNRPS-CB	5945	814	913	98	2.42e-40
C662FACXX150129:7:2202:19052:93865/2	101	1	101	smNRPS-CB	5945	1699	1798	98.02	2.42e-40
C662FACXX150129:2:1114:2778:44558/2	99	1	97	smNRPS-CB	5945	750	846	98.969	2.42e-40
C662FACXX150129:4:2213:15604:84852/2	101	1	101	smNRPS-CB	5945	786	886	98.02	6.72e-41
C662FACXX150129:5:1303:18160:83182/2	101	101	1	smNRPS-CB	5945	679	779	98.02	6.72e-41
C662FACXX150129:3:2216:2276:63450/1	101	1	101	smNRPS-CB	5945	786	886	98.02	6.72e-41
C662FACXX150129:5:1202:15308:94477/2	101	101	1	smNRPS-CB	5945	795	895	98.02	6.72e-41
C662FACXX150129:5:2215:13016:80571/2	101	1	101	smNRPS-CB	5945	1912	2012	98.02	6.72e-41
C662FACXX150129:6:2111:14819:55316/1	101	1	101	smNRPS-CB	5945	1936	2036	98.02	6.72e-41
C662FACXX150129:5:2212:7162:48940/1	95	1	95	smNRPS-CB	5945	1578	1672	100	6.72e-41
C662FACXX150129:7:2206:17098:73538/1	101	1	101	smNRPS-CB	5945	786	886	98.02	6.72e-41
C662FACXX150129:7:2206:17098:73538/2	101	101	1	smNRPS-CB	5945	920	1020	98.02	6.72e-41
C662FACXX150129:2:1209:15494:46116/1	101	1	101	smNRPS-CB	5945	800	900	98.02	6.72e-41
C662FACXX150129:7:2216:1786:14933/1	101	1	101	smNRPS-CB	5945	3561	3661	98.02	6.72e-41
C662FACXX150129:3:2313:13093:11277/1	101	1	101	smNRPS-CB	5945	786	886	98.02	6.72e-41
C662FACXX150129:6:1308:6353:92707/1	101	1	101	smNRPS-CB	5945	922	1022	98.02	6.72e-41
C662FACXX150129:3:1212:16890:97518/2	101	1	101	smNRPS-CB	5945	877	977	98.02	6.72e-41
C662FACXX150129:2:2202:12839:25570/2	101	1	101	smNRPS-CB	5945	786	886	98.02	6.72e-41
C662FACXX150129:7:1213:14302:5631/2	101	1	101	smNRPS-CB	5945	802	902	98.02	6.72e-41
C662FACXX150129:3:1104:2079:20912/2	101	101	1	smNRPS-CB	5945	876	976	98.02	6.72e-41
C662FACXX150129:7:2308:8780:57720/1	101	101	1	smNRPS-CB	5945	940	1040	98.02	6.72e-41
C662FACXX150129:2:2303:6588:90752/2	101	1	101	smNRPS-CB	5945	3561	3661	98.02	6.72e-41
C662FACXX150129:4:1111:6575:6384/1	101	101	1	smNRPS-CB	5945	3562	3662	98.02	6.72e-41
C662FACXX150129:7:2202:19052:93865/1	101	101	1	smNRPS-CB	5945	1959	2059	98.02	6.72e-41
C662FACXX150129:7:2216:12777:11963/2	101	101	1	smNRPS-CB	5945	799	899	98.02	6.72e-41
C662FACXX150129:7:2106:6465:6100/1	101	1	101	smNRPS-CB	5945	800	900	98.02	6.72e-41
C662FACXX150129:6:1303:4854:56307/2	101	1	101	smNRPS-CB	5945	750	850	98.02	6.72e-41
C662FACXX150129:6:1304:16524:95728/2	100	99	1	smNRPS-CB	5945	1968	2066	98.99	1.87e-41
C662FACXX150129:2:1212:5972:92698/1	96	96	1	smNRPS-CB	5945	5744	5839	100	1.87e-41
C662FACXX150129:2:2313:6841:71728/2	100	100	1	smNRPS-CB	5945	1971	2070	99	5.2e-42
C662FACXX150129:3:1301:1897:11927/1	101	1	101	smNRPS-CB	5945	2847	2947	99.01	1.45e-42
C662FACXX150129:3:1301:1897:11927/2	101	101	1	smNRPS-CB	5945	2900	3000	99.01	1.45e-42
C662FACXX150129:6:2111:14819:55316/2	101	101	1	smNRPS-CB	5945	1939	2039	99.01	1.45e-42
C662FACXX150129:3:2206:5875:53761/1	101	101	1	smNRPS-CB	5945	1969	2069	99.01	1.45e-42
C662FACXX150129:6:1305:4281:56665/1	101	1	101	smNRPS-CB	5945	1953	2053	99.01	1.45e-42
C662FACXX150129:7:2204:5602:95266/1	101	101	1	smNRPS-CB	5945	1937	2037	99.01	1.45e-42
C662FACXX150129:5:2307:15087:25819/2	101	101	1	smNRPS-CB	5945	3343	3443	99.01	1.45e-42
C662FACXX150129:6:1102:15358:22935/1	101	101	1	smNRPS-CB	5945	1944	2044	99.01	1.45e-42
C662FACXX150129:3:1212:16890:97518/1	101	101	1	smNRPS-CB	5945	944	1044	99.01	1.45e-42
C662FACXX150129:7:1308:11148:72370/1	101	101	1	smNRPS-CB	5945	2110	2210	99.01	1.45e-42
C662FACXX150129:7:1308:11148:72370/2	101	1	101	smNRPS-CB	5945	2096	2196	99.01	1.45e-42
C662FACXX150129:3:1104:2079:20912/1	101	1	101	smNRPS-CB	5945	746	846	99.01	1.45e-42
C662FACXX150129:6:1309:1585:76815/1	101	101	1	smNRPS-CB	5945	1937	2037	99.01	1.45e-42
C662FACXX150129:5:1216:10304:41998/1	101	101	1	smNRPS-CB	5945	1206	1306	99.01	1.45e-42
C662FACXX150129:6:1206:7031:43557/1	101	101	1	smNRPS-CB	5945	3267	3367	99.01	1.45e-42
C662FACXX150129:7:1301:11508:23717/1	101	101	4	smNRPS-CB	5945	5848	5945	100	1.45e-42
C662FACXX150129:2:1304:8938:96578/2	101	101	1	smNRPS-CB	5945	745	845	99.01	1.45e-42
C662FACXX150129:3:1315:16732:75331/2	101	101	1	smNRPS-CB	5945	941	1041	99.01	1.45e-42
C662FACXX150129:2:1313:16741:57896/2	101	101	1	smNRPS-CB	5945	942	1042	99.01	1.45e-42
C662FACXX150129:4:1103:15679:72627/1	101	1	101	smNRPS-CB	5945	3683	3783	99.01	1.45e-42
C662FACXX150129:3:1310:18906:22971/1	101	101	1	smNRPS-CB	5945	1124	1224	99.01	1.45e-42
C662FACXX150129:3:1108:16820:85248/1	101	101	1	smNRPS-CB	5945	1951	2051	99.01	1.45e-42
C662FACXX150129:5:2315:11090:21126/1	101	101	1	smNRPS-CB	5945	942	1042	99.01	1.45e-42
C662FACXX150129:3:1308:19125:57901/1	101	101	1	smNRPS-CB	5945	695	795	100	3.11e-44
C662FACXX150129:3:1308:19125:57901/2	101	1	101	smNRPS-CB	5945	580	680	100	3.11e-44
C662FACXX150129:4:2108:16912:92446/1	101	1	101	smNRPS-CB	5945	852	952	100	3.11e-44
C662FACXX150129:4:2108:16912:92446/2	101	101	1	smNRPS-CB	5945	942	1042	100	3.11e-44
C662FACXX150129:7:2309:20011:4682/1	101	1	101	smNRPS-CB	5945	4607	4707	100	3.11e-44
C662FACXX150129:3:2105:5923:48293/1	101	101	1	smNRPS-CB	5945	695	795	100	3.11e-44
C662FACXX150129:3:2105:5923:48293/2	101	1	101	smNRPS-CB	5945	641	741	100	3.11e-44
C662FACXX150129:5:2312:17422:41187/1	101	1	101	smNRPS-CB	5945	3139	3239	100	3.11e-44
C662FACXX150129:7:1106:16815:27352/1	101	1	101	smNRPS-CB	5945	3264	3364	100	3.11e-44
C662FACXX150129:7:1106:16815:27352/2	101	101	1	smNRPS-CB	5945	3315	3415	100	3.11e-44
C662FACXX150129:6:1115:17689:57391/1	101	101	1	smNRPS-CB	5945	634	734	100	3.11e-44
C662FACXX150129:6:1115:17689:57391/2	101	1	101	smNRPS-CB	5945	612	712	100	3.11e-44
C662FACXX150129:4:2312:13133:43239/1	101	101	1	smNRPS-CB	5945	3932	4032	100	3.11e-44
C662FACXX150129:4:2312:13133:43239/2	101	1	101	smNRPS-CB	5945	3862	3962	100	3.11e-44
C662FACXX150129:3:1314:15846:75087/1	101	101	1	smNRPS-CB	5945	3351	3451	100	3.11e-44
C662FACXX150129:3:1314:15846:75087/2	101	1	101	smNRPS-CB	5945	3351	3451	100	3.11e-44
C662FACXX150129:6:1302:4549:96191/1	101	101	1	smNRPS-CB	5945	3865	3965	100	3.11e-44
C662FACXX150129:7:2202:5295:39924/1	101	1	101	smNRPS-CB	5945	5595	5695	100	3.11e-44
C662FACXX150129:5:2307:15087:25819/1	101	1	101	smNRPS-CB	5945	3190	3290	100	3.11e-44
C662FACXX150129:6:2101:6959:100941/1	101	101	1	smNRPS-CB	5945	3898	3998	100	3.11e-44
C662FACXX150129:6:2101:6959:100941/2	101	1	101	smNRPS-CB	5945	3785	3885	100	3.11e-44
C662FACXX150129:4:2110:20071:27145/1	101	101	1	smNRPS-CB	5945	3365	3465	100	3.11e-44
C662FACXX150129:4:2110:20071:27145/2	101	1	101	smNRPS-CB	5945	3091	3191	100	3.11e-44
C662FACXX150129:6:1206:7031:43557/2	101	1	101	smNRPS-CB	5945	3188	3288	100	3.11e-44
C662FACXX150129:7:1301:11508:23717/2	101	1	101	smNRPS-CB	5945	5809	5909	100	3.11e-44
C662FACXX150129:5:2111:10649:33124/1	101	1	101	smNRPS-CB	5945	2979	3079	100	3.11e-44
