C8G6HANXX160303:5:1105:5225:17233/1	71	1	71	smNRPS-CC	5875	2317	2387	98.592	4.81e-26
C8G6HANXX160303:8:2312:4858:42270/1	101	1	96	smNRPS-CB	5945	3648	3744	95.876	6.21e-35
C8G6HANXX160303:6:1305:20914:20511/2	86	86	1	smNRPS-CB	5945	4042	4127	100	4.8e-36
C8G6HANXX160303:3:1210:3576:30063/2	101	1	101	smNRPS-CB	5945	5479	5579	98.02	4.77e-41
C8G6HANXX160303:5:1206:1810:19231/2	101	1	101	smNRPS-CB	5945	352	452	99.01	1.02e-42
C8G6HANXX160303:6:1305:20914:20511/1	98	1	98	smNRPS-CB	5945	4026	4123	100	1.02e-42
C8G6HANXX160303:8:1305:3341:41138/1	101	101	1	smNRPS-CB	5945	3865	3965	99.01	1.02e-42
C8G6HANXX160303:5:1206:1810:19231/1	99	99	1	smNRPS-CB	5945	486	584	100	2.85e-43
C8G6HANXX160303:7:1104:16407:12970/1	100	100	1	smNRPS-CB	5945	4356	4455	100	7.92e-44
C8G6HANXX160303:3:1309:13069:99521/1	100	1	100	smNRPS-CB	5945	2144	2243	100	7.92e-44
C8G6HANXX160303:3:1210:3576:30063/1	101	101	1	smNRPS-CB	5945	5696	5796	100	2.2e-44
C8G6HANXX160303:7:1104:16407:12970/2	101	1	101	smNRPS-CB	5945	4124	4224	100	2.2e-44
C8G6HANXX160303:8:1305:3341:41138/2	101	1	101	smNRPS-CB	5945	3731	3831	100	2.2e-44
