C662FACXX150129:2:2204:17894:9734/1	77	1	77	smNRPS-CB	5945	1879	1955	100	5.92e-31
C662FACXX150129:5:2316:17121:78167/2	81	1	80	smNRPS-CB	5945	1012	1091	100	1.27e-32
C662FACXX150129:7:1106:11508:35812/1	96	96	1	smNRPS-CB	5945	3872	3967	97.917	3.51e-38
C662FACXX150129:3:2312:3492:58995/2	91	1	91	smNRPS-CB	5945	383	473	100	9.76e-39
C662FACXX150129:7:2308:8867:47817/1	101	1	101	smNRPS-CB	5945	5641	5741	98.02	5.83e-41
C662FACXX150129:3:1305:2722:12898/1	101	101	1	smNRPS-CB	5945	5628	5728	98.02	5.83e-41
C662FACXX150129:3:2310:14991:32398/1	101	1	101	smNRPS-CB	5945	5641	5741	98.02	5.83e-41
C662FACXX150129:2:2308:4139:60175/2	101	101	1	smNRPS-CB	5945	2827	2927	98.02	5.83e-41
C662FACXX150129:6:2110:7689:77614/2	101	101	1	smNRPS-CB	5945	222	322	98.02	5.83e-41
C662FACXX150129:6:2303:5903:33415/1	98	1	98	smNRPS-CB	5945	5123	5220	98.98	5.83e-41
C662FACXX150129:7:2315:12273:100380/2	96	96	1	smNRPS-CB	5945	381	476	100	1.62e-41
C662FACXX150129:7:1101:7910:83296/1	96	1	96	smNRPS-CB	5945	2155	2250	100	1.62e-41
C662FACXX150129:3:2312:3492:58995/1	97	97	1	smNRPS-CB	5945	534	630	100	4.51e-42
C662FACXX150129:3:1305:2722:12898/2	101	1	101	smNRPS-CB	5945	5551	5651	99.01	1.25e-42
C662FACXX150129:2:2308:4139:60175/1	101	1	101	smNRPS-CB	5945	2790	2890	99.01	1.25e-42
C662FACXX150129:6:2303:5903:33415/2	101	101	1	smNRPS-CB	5945	5191	5291	99.01	1.25e-42
C662FACXX150129:6:2202:8778:9004/2	100	1	100	smNRPS-CB	5945	4098	4197	100	9.69e-44
C662FACXX150129:4:1312:2874:63589/1	101	1	101	smNRPS-CB	5945	2301	2401	100	2.7e-44
C662FACXX150129:4:1312:2874:63589/2	101	101	1	smNRPS-CB	5945	2357	2457	100	2.7e-44
C662FACXX150129:2:1205:12333:62258/1	101	1	101	smNRPS-CB	5945	5673	5773	100	2.7e-44
C662FACXX150129:7:2203:17563:93999/1	101	101	1	smNRPS-CB	5945	699	799	100	2.7e-44
C662FACXX150129:7:2203:17563:93999/2	101	1	101	smNRPS-CB	5945	440	540	100	2.7e-44
C662FACXX150129:6:2202:8778:9004/1	101	101	1	smNRPS-CB	5945	4148	4248	100	2.7e-44
C662FACXX150129:5:2115:5071:57065/1	101	101	1	smNRPS-CB	5945	1343	1443	100	2.7e-44
