C8G6HANXX160303:5:1210:4079:43241/2	100	1	91	smNRPS-CB	5945	4224	4314	100	1.37e-38
C8G6HANXX160303:5:1210:4079:43241/1	101	94	1	smNRPS-CB	5945	4221	4314	100	2.95e-40
C8G6HANXX160303:3:2106:8089:80405/1	101	1	101	smNRPS-CB	5945	5186	5287	98.039	8.2e-41
C8G6HANXX160303:5:2302:15516:93338/1	98	98	1	smNRPS-CB	5945	3397	3494	100	1.76e-42
C8G6HANXX160303:6:1212:8568:45695/1	101	101	1	smNRPS-CB	5945	4853	4953	99.01	1.76e-42
C8G6HANXX160303:7:1213:13464:99369/1	99	99	1	smNRPS-CB	5945	2058	2156	100	4.9e-43
C8G6HANXX160303:5:1314:9151:63000/1	100	100	1	smNRPS-CB	5945	2239	2338	100	1.36e-43
C8G6HANXX160303:5:2302:15516:93338/2	100	1	100	smNRPS-CB	5945	3396	3495	100	1.36e-43
C8G6HANXX160303:3:2106:8089:80405/2	101	101	1	smNRPS-CB	5945	5283	5383	100	3.79e-44
C8G6HANXX160303:5:1314:9151:63000/2	101	1	101	smNRPS-CB	5945	2195	2295	100	3.79e-44
C8G6HANXX160303:7:1213:13464:99369/2	101	1	101	smNRPS-CB	5945	2051	2151	100	3.79e-44
C8G6HANXX160303:6:1212:8568:45695/2	101	1	101	smNRPS-CB	5945	4755	4855	100	3.79e-44
