C662FACXX150129:5:1102:1771:93037/2	57	1	57	smNRPS-CC	5875	4517	4573	100	1.17e-19
C662FACXX150129:5:1201:18159:87250/1	70	1	70	smNRPS-CC	5875	832	901	100	6.91e-27
C662FACXX150129:7:1108:16706:74273/2	71	1	71	smNRPS-CC	5875	4521	4591	100	1.92e-27
C662FACXX150129:6:1316:9532:34457/1	80	1	80	smNRPS-CC	5875	5081	5160	100	1.91e-32
C662FACXX150129:2:1301:8489:95895/2	82	82	1	smNRPS-CC	5875	5279	5360	100	1.48e-33
C662FACXX150129:2:2115:3398:2028/1	89	1	89	smNRPS-CC	5875	4834	4922	98.876	8.82e-36
C662FACXX150129:3:1114:5728:49466/2	92	92	1	smNRPS-CC	5875	3060	3151	98.913	1.9e-37
C662FACXX150129:6:1214:5731:81899/2	92	1	92	smNRPS-CC	5875	1082	1173	100	4.07e-39
C662FACXX150129:2:1203:7000:39312/1	93	93	1	smNRPS-CC	5875	4187	4279	100	1.13e-39
C662FACXX150129:5:1306:20838:49205/1	94	94	1	smNRPS-CC	5875	4229	4322	100	3.15e-40
C662FACXX150129:3:1310:4882:40519/2	101	1	101	smNRPS-CC	5875	2607	2707	98.02	8.76e-41
C662FACXX150129:7:1211:11840:18565/2	95	1	95	smNRPS-CC	5875	4740	4834	100	8.76e-41
C662FACXX150129:3:2206:14818:80460/2	96	1	96	smNRPS-CC	5875	4380	4475	100	2.43e-41
C662FACXX150129:3:1310:4882:40519/1	101	101	1	smNRPS-CC	5875	2798	2898	99.01	1.88e-42
C662FACXX150129:7:1108:16706:74273/1	101	101	1	smNRPS-CC	5875	4682	4782	99.01	1.88e-42
C662FACXX150129:3:2204:11944:13136/2	101	1	101	smNRPS-CC	5875	4027	4127	99.01	1.88e-42
C662FACXX150129:7:1207:7419:19521/1	101	101	1	smNRPS-CC	5875	4742	4842	99.01	1.88e-42
C662FACXX150129:7:1207:7419:19521/2	101	1	101	smNRPS-CC	5875	4727	4827	99.01	1.88e-42
C662FACXX150129:4:1108:1534:10293/2	98	1	98	smNRPS-CC	5875	3740	3837	100	1.88e-42
C662FACXX150129:5:2210:3384:97937/2	98	98	1	smNRPS-CC	5875	5263	5360	100	1.88e-42
C662FACXX150129:5:1102:1771:93037/1	99	99	1	smNRPS-CC	5875	4684	4782	100	5.23e-43
C662FACXX150129:3:1115:18000:38582/1	99	1	99	smNRPS-CC	5875	5081	5179	100	5.23e-43
C662FACXX150129:5:1116:14152:12467/2	100	1	100	smNRPS-CC	5875	4931	5030	100	1.46e-43
C662FACXX150129:7:2303:4459:37817/1	101	101	1	smNRPS-CC	5875	2340	2440	100	4.05e-44
C662FACXX150129:7:2303:4459:37817/2	101	1	101	smNRPS-CC	5875	2281	2381	100	4.05e-44
C662FACXX150129:5:1116:14152:12467/1	101	101	1	smNRPS-CC	5875	4952	5052	100	4.05e-44
C662FACXX150129:2:1311:14189:33046/1	101	1	101	smNRPS-CC	5875	2315	2415	100	4.05e-44
C662FACXX150129:2:1311:14189:33046/2	101	101	1	smNRPS-CC	5875	2413	2513	100	4.05e-44
C662FACXX150129:7:1211:11840:18565/1	101	101	1	smNRPS-CC	5875	5031	5131	100	4.05e-44
C662FACXX150129:3:2204:11944:13136/1	101	101	1	smNRPS-CC	5875	4222	4322	100	4.05e-44
C662FACXX150129:7:2104:17870:54339/1	101	101	1	smNRPS-CC	5875	2340	2440	100	4.05e-44
C662FACXX150129:7:2104:17870:54339/2	101	1	101	smNRPS-CC	5875	2187	2287	100	4.05e-44
C662FACXX150129:6:1214:5731:81899/1	101	101	1	smNRPS-CC	5875	1161	1261	100	4.05e-44
C662FACXX150129:2:1301:8489:95895/1	101	1	101	smNRPS-CC	5875	5031	5131	100	4.05e-44
C662FACXX150129:3:2114:2389:55723/1	101	101	1	smNRPS-CC	5875	4299	4399	100	4.05e-44
C662FACXX150129:3:2114:2389:55723/2	101	1	101	smNRPS-CC	5875	4123	4223	100	4.05e-44
C662FACXX150129:5:2309:2090:68508/1	101	1	101	smNRPS-CC	5875	2315	2415	100	4.05e-44
C662FACXX150129:5:2309:2090:68508/2	101	101	1	smNRPS-CC	5875	2413	2513	100	4.05e-44
C662FACXX150129:3:1114:5728:49466/1	101	1	101	smNRPS-CC	5875	2601	2701	100	4.05e-44
C662FACXX150129:7:2208:15478:22949/1	101	101	1	smNRPS-CC	5875	4503	4603	100	4.05e-44
C662FACXX150129:7:2208:15478:22949/2	101	1	101	smNRPS-CC	5875	4380	4480	100	4.05e-44
C662FACXX150129:3:2206:14633:49518/1	101	101	1	smNRPS-CC	5875	3824	3924	100	4.05e-44
C662FACXX150129:3:2206:14633:49518/2	101	1	101	smNRPS-CC	5875	3789	3889	100	4.05e-44
C662FACXX150129:3:2206:14818:80460/1	101	101	1	smNRPS-CC	5875	4503	4603	100	4.05e-44
C662FACXX150129:3:1115:18000:38582/2	101	101	1	smNRPS-CC	5875	5225	5325	100	4.05e-44
C662FACXX150129:4:1108:1534:10293/1	101	101	1	smNRPS-CC	5875	3811	3911	100	4.05e-44
C662FACXX150129:3:1308:5720:100179/1	101	1	101	smNRPS-CC	5875	3504	3604	100	4.05e-44
C662FACXX150129:3:1308:5720:100179/2	101	101	1	smNRPS-CC	5875	3672	3772	100	4.05e-44
C662FACXX150129:5:2210:3384:97937/1	101	1	101	smNRPS-CC	5875	5031	5131	100	4.05e-44
C662FACXX150129:3:2101:14893:31261/1	101	1	101	smNRPS-CC	5875	3258	3358	100	4.05e-44
C662FACXX150129:6:1113:2819:56300/1	101	1	101	smNRPS-CC	5875	1705	1805	100	4.05e-44
C662FACXX150129:5:2111:17616:92477/1	73	1	73	smNRPS-CB	5945	2049	2121	100	1.5e-28
C662FACXX150129:2:2211:18430:54710/2	93	93	1	smNRPS-CB	5945	2396	2488	100	1.15e-39
C662FACXX150129:2:2211:18430:54710/1	98	1	98	smNRPS-CB	5945	1900	1997	100	1.9e-42
