C65YPACXX150129:7:1304:17109:56333/1	73	1	73	smNRPS-CC	5875	5598	5670	100	1.71e-28
C65YPACXX150129:8:2202:16126:44188/1	74	1	74	smNRPS-CC	5875	457	530	100	4.75e-29
C65YPACXX150129:6:2108:2826:85536/2	82	1	82	smNRPS-CC	5875	3838	3919	98.78	7.9e-32
C65YPACXX150129:8:2108:13448:88746/1	79	79	1	smNRPS-CC	5875	5358	5436	100	7.9e-32
C65YPACXX150129:8:2309:20502:76646/2	82	1	82	smNRPS-CC	5875	265	346	100	1.7e-33
C65YPACXX150129:7:1205:10159:73858/2	85	85	1	smNRPS-CC	5875	5416	5500	100	3.65e-35
C65YPACXX150129:7:2107:14868:28501/2	98	98	1	smNRPS-CC	5875	368	465	98.98	1.01e-40
C65YPACXX150129:8:2205:19713:13863/2	98	98	1	smNRPS-CC	5875	3575	3672	98.98	1.01e-40
C65YPACXX150129:7:1205:10159:73858/1	96	1	96	smNRPS-CC	5875	5181	5276	100	2.8e-41
C65YPACXX150129:7:2309:12475:10261/1	101	1	101	smNRPS-CC	5875	124	224	99.01	2.16e-42
C65YPACXX150129:7:1203:7592:30860/1	101	101	1	smNRPS-CC	5875	1846	1946	99.01	2.16e-42
C65YPACXX150129:7:1304:17109:56333/2	101	101	1	smNRPS-CC	5875	5640	5740	99.01	2.16e-42
C65YPACXX150129:7:2301:19622:60643/2	100	1	100	smNRPS-CC	5875	4514	4613	100	1.6700000000000001e-43
C65YPACXX150129:8:2210:7413:80016/1	101	1	101	smNRPS-CC	5875	4676	4776	100	4.65e-44
C65YPACXX150129:8:2210:7413:80016/2	101	101	1	smNRPS-CC	5875	4759	4859	100	4.65e-44
C65YPACXX150129:6:1109:20153:10459/1	101	101	1	smNRPS-CC	5875	3319	3419	100	4.65e-44
C65YPACXX150129:6:1109:20153:10459/2	101	1	101	smNRPS-CC	5875	3252	3352	100	4.65e-44
C65YPACXX150129:6:1304:10292:65157/1	101	1	101	smNRPS-CC	5875	2915	3015	100	4.65e-44
C65YPACXX150129:6:1304:10292:65157/2	101	101	1	smNRPS-CC	5875	2924	3024	100	4.65e-44
C65YPACXX150129:8:1103:4464:14486/1	101	1	101	smNRPS-CC	5875	976	1076	100	4.65e-44
C65YPACXX150129:8:1103:4464:14486/2	101	101	1	smNRPS-CC	5875	1213	1313	100	4.65e-44
C65YPACXX150129:7:1313:6033:93138/1	101	1	101	smNRPS-CC	5875	487	587	100	4.65e-44
C65YPACXX150129:7:1313:6033:93138/2	101	101	1	smNRPS-CC	5875	561	661	100	4.65e-44
C65YPACXX150129:8:2101:7448:5693/1	101	101	1	smNRPS-CC	5875	4995	5095	100	4.65e-44
C65YPACXX150129:8:2101:7448:5693/2	101	1	101	smNRPS-CC	5875	4411	4511	100	4.65e-44
C65YPACXX150129:7:2204:18165:93613/1	101	101	1	smNRPS-CC	5875	3649	3749	100	4.65e-44
C65YPACXX150129:7:2204:18165:93613/2	101	1	101	smNRPS-CC	5875	3504	3604	100	4.65e-44
C65YPACXX150129:8:1106:15651:4700/1	101	101	1	smNRPS-CC	5875	2146	2246	100	4.65e-44
C65YPACXX150129:8:1106:15651:4700/2	101	1	101	smNRPS-CC	5875	1671	1771	100	4.65e-44
C65YPACXX150129:8:2202:16126:44188/2	101	101	1	smNRPS-CC	5875	496	596	100	4.65e-44
C65YPACXX150129:7:2309:12475:10261/2	101	101	1	smNRPS-CC	5875	159	259	100	4.65e-44
C65YPACXX150129:8:1201:3234:89200/1	101	101	1	smNRPS-CC	5875	395	495	100	4.65e-44
C65YPACXX150129:8:1201:3234:89200/2	101	1	101	smNRPS-CC	5875	305	405	100	4.65e-44
C65YPACXX150129:8:1301:14064:14892/1	101	101	1	smNRPS-CC	5875	2737	2837	100	4.65e-44
C65YPACXX150129:8:1301:14064:14892/2	101	1	101	smNRPS-CC	5875	2573	2673	100	4.65e-44
C65YPACXX150129:8:2115:16673:9384/1	101	1	101	smNRPS-CC	5875	4752	4852	100	4.65e-44
C65YPACXX150129:8:2115:16673:9384/2	101	101	1	smNRPS-CC	5875	5225	5325	100	4.65e-44
C65YPACXX150129:8:1205:1493:2304/1	101	1	101	smNRPS-CC	5875	2522	2622	100	4.65e-44
C65YPACXX150129:8:1205:1493:2304/2	101	101	1	smNRPS-CC	5875	2532	2632	100	4.65e-44
C65YPACXX150129:7:1308:15797:57484/1	101	101	1	smNRPS-CC	5875	4990	5090	100	4.65e-44
C65YPACXX150129:7:1308:15797:57484/2	101	1	101	smNRPS-CC	5875	4981	5081	100	4.65e-44
C65YPACXX150129:7:1113:14078:77590/1	101	1	101	smNRPS-CC	5875	3635	3735	100	4.65e-44
C65YPACXX150129:7:1113:14078:77590/2	101	101	1	smNRPS-CC	5875	3777	3877	100	4.65e-44
C65YPACXX150129:7:1203:7592:30860/2	101	1	101	smNRPS-CC	5875	1741	1841	100	4.65e-44
C65YPACXX150129:8:2115:5382:12098/1	101	101	1	smNRPS-CC	5875	5083	5183	100	4.65e-44
C65YPACXX150129:8:2115:5382:12098/2	101	1	101	smNRPS-CC	5875	5046	5146	100	4.65e-44
C65YPACXX150129:8:2307:19856:91755/1	101	101	1	smNRPS-CC	5875	4341	4441	100	4.65e-44
C65YPACXX150129:8:2307:19856:91755/2	101	1	101	smNRPS-CC	5875	4289	4389	100	4.65e-44
C65YPACXX150129:8:2205:19713:13863/1	101	1	101	smNRPS-CC	5875	3086	3186	100	4.65e-44
C65YPACXX150129:6:1205:17912:37212/1	101	101	1	smNRPS-CC	5875	729	829	100	4.65e-44
C65YPACXX150129:6:1205:17912:37212/2	101	1	101	smNRPS-CC	5875	529	629	100	4.65e-44
C65YPACXX150129:7:2301:19622:60643/1	101	101	1	smNRPS-CC	5875	4811	4911	100	4.65e-44
C65YPACXX150129:7:1313:1908:87309/1	101	1	101	smNRPS-CC	5875	457	557	100	4.65e-44
C65YPACXX150129:7:1313:1908:87309/2	101	101	1	smNRPS-CC	5875	496	596	100	4.65e-44
C65YPACXX150129:6:2214:1283:39074/1	101	1	101	smNRPS-CC	5875	2522	2622	100	4.65e-44
C65YPACXX150129:6:2214:1283:39074/2	101	101	1	smNRPS-CC	5875	2532	2632	100	4.65e-44
C65YPACXX150129:6:2201:17450:31705/1	101	1	101	smNRPS-CC	5875	4679	4779	100	4.65e-44
C65YPACXX150129:6:2201:17450:31705/2	101	101	1	smNRPS-CC	5875	4885	4985	100	4.65e-44
C65YPACXX150129:7:1113:2549:74596/1	101	1	101	smNRPS-CC	5875	22	122	100	4.65e-44
C65YPACXX150129:7:1113:2549:74596/2	101	101	1	smNRPS-CC	5875	180	280	100	4.65e-44
C65YPACXX150129:7:2308:1892:13894/1	101	101	1	smNRPS-CC	5875	4742	4842	100	4.65e-44
C65YPACXX150129:8:2213:4232:87383/1	101	1	101	smNRPS-CC	5875	457	557	100	4.65e-44
C65YPACXX150129:6:2310:11050:46229/1	101	101	1	smNRPS-CC	5875	5703	5803	100	4.65e-44
C65YPACXX150129:8:2301:9796:40147/1	101	1	101	smNRPS-CC	5875	2522	2622	100	4.65e-44
C65YPACXX150129:8:1308:17546:41103/1	59	2	59	smNRPS-CB	5945	3642	3699	98.276	1.75e-18
C65YPACXX150129:7:2205:4273:31400/2	69	69	1	smNRPS-CB	5945	313	381	98.551	1.35e-24
C65YPACXX150129:7:2314:10651:26601/2	67	67	1	smNRPS-CB	5945	5546	5612	100	3.74e-25
C65YPACXX150129:8:1104:20272:20221/2	76	1	76	smNRPS-CB	5945	544	619	100	3.72e-30
C65YPACXX150129:6:1206:6068:38176/2	101	22	101	smNRPS-CB	5945	1	80	98.75	1.03e-30
C65YPACXX150129:8:1205:19914:91866/1	90	1	90	smNRPS-CB	5945	5644	5733	97.778	1.33e-34
C65YPACXX150129:7:2201:4240:21354/2	86	86	1	smNRPS-CB	5945	4393	4478	100	1.03e-35
C65YPACXX150129:7:1103:5838:39058/1	100	100	1	smNRPS-CB	5945	4825	4924	96	7.93e-37
C65YPACXX150129:6:2104:11314:100474/1	101	101	1	smNRPS-CB	5945	4824	4924	96.04	2.21e-37
C65YPACXX150129:6:2214:16529:16710/2	101	6	101	smNRPS-CB	5945	4875	4970	97.917	6.13e-38
C65YPACXX150129:6:2116:15125:77200/1	96	1	96	smNRPS-CB	5945	503	598	97.917	6.13e-38
C65YPACXX150129:6:1101:7450:87153/1	101	1	101	smNRPS-CB	5945	5595	5695	97.03	4.74e-39
C65YPACXX150129:6:2116:15125:77200/2	93	93	1	smNRPS-CB	5945	513	605	100	1.32e-39
C65YPACXX150129:7:1207:15992:64640/1	93	93	1	smNRPS-CB	5945	2972	3064	100	1.32e-39
C65YPACXX150129:8:2206:8989:23718/2	101	1	101	smNRPS-CB	5945	3126	3226	98.02	1.02e-40
C65YPACXX150129:7:2309:13830:8762/1	101	101	1	smNRPS-CB	5945	3835	3935	98.02	1.02e-40
C65YPACXX150129:7:2309:13830:8762/2	101	1	101	smNRPS-CB	5945	3605	3705	98.02	1.02e-40
C65YPACXX150129:7:2214:10712:18370/1	101	101	1	smNRPS-CB	5945	94	194	98.02	1.02e-40
C65YPACXX150129:6:2214:16529:16710/1	101	101	1	smNRPS-CB	5945	4977	5077	98.02	1.02e-40
C65YPACXX150129:6:2116:8067:68780/2	101	1	101	smNRPS-CB	5945	3605	3705	98.02	1.02e-40
C65YPACXX150129:7:2205:4273:31400/1	99	1	99	smNRPS-CB	5945	134	232	98.99	2.83e-41
C65YPACXX150129:7:2314:10651:26601/1	101	1	101	smNRPS-CB	5945	5069	5169	99.01	2.19e-42
C65YPACXX150129:6:1313:11530:27084/2	101	1	101	smNRPS-CB	5945	346	446	99.01	2.19e-42
C65YPACXX150129:6:1206:6068:38176/1	101	101	1	smNRPS-CB	5945	222	322	99.01	2.19e-42
C65YPACXX150129:6:2116:8067:68780/1	101	101	1	smNRPS-CB	5945	3835	3935	99.01	2.19e-42
C65YPACXX150129:7:2312:11362:93175/1	101	101	1	smNRPS-CB	5945	3351	3451	99.01	2.19e-42
C65YPACXX150129:6:1204:9558:20990/1	101	101	1	smNRPS-CB	5945	2774	2874	99.01	2.19e-42
C65YPACXX150129:6:1204:9558:20990/2	101	1	101	smNRPS-CB	5945	2650	2750	99.01	2.19e-42
C65YPACXX150129:8:2206:8989:23718/1	101	101	1	smNRPS-CB	5945	3371	3471	100	4.71e-44
C65YPACXX150129:6:1313:11530:27084/1	101	101	1	smNRPS-CB	5945	411	511	100	4.71e-44
C65YPACXX150129:6:2104:11314:100474/2	101	1	101	smNRPS-CB	5945	4654	4754	100	4.71e-44
C65YPACXX150129:7:2201:4240:21354/1	101	1	101	smNRPS-CB	5945	4243	4343	100	4.71e-44
C65YPACXX150129:6:1307:3767:83818/1	101	101	1	smNRPS-CB	5945	408	508	100	4.71e-44
C65YPACXX150129:6:1307:3767:83818/2	101	1	101	smNRPS-CB	5945	408	508	100	4.71e-44
C65YPACXX150129:6:1108:16254:48526/1	101	1	101	smNRPS-CB	5945	1578	1678	100	4.71e-44
C65YPACXX150129:6:1108:16254:48526/2	101	101	1	smNRPS-CB	5945	1660	1760	100	4.71e-44
C65YPACXX150129:6:1101:7450:87153/2	101	101	1	smNRPS-CB	5945	5819	5919	100	4.71e-44
C65YPACXX150129:8:1104:20272:20221/1	101	101	1	smNRPS-CB	5945	695	795	100	4.71e-44
C65YPACXX150129:7:1306:14260:17370/1	101	101	1	smNRPS-CB	5945	408	508	100	4.71e-44
C65YPACXX150129:7:1306:14260:17370/2	101	1	101	smNRPS-CB	5945	408	508	100	4.71e-44
C65YPACXX150129:8:2302:18814:41193/1	101	1	101	smNRPS-CB	5945	1123	1223	100	4.71e-44
C65YPACXX150129:8:2302:18814:41193/2	101	101	1	smNRPS-CB	5945	1244	1344	100	4.71e-44
C65YPACXX150129:7:2312:11362:93175/2	101	1	101	smNRPS-CB	5945	3216	3316	100	4.71e-44
C65YPACXX150129:7:2104:4304:90337/1	101	1	101	smNRPS-CB	5945	503	603	100	4.71e-44
C65YPACXX150129:7:2104:4304:90337/2	101	101	1	smNRPS-CB	5945	505	605	100	4.71e-44
C65YPACXX150129:7:1103:5838:39058/2	101	1	101	smNRPS-CB	5945	4654	4754	100	4.71e-44
C65YPACXX150129:8:2312:5822:42566/1	101	1	101	smNRPS-CB	5945	837	937	100	4.71e-44
C65YPACXX150129:8:2101:3411:81829/1	101	1	101	smNRPS-CB	5945	786	886	100	4.71e-44
C65YPACXX150129:7:1112:8741:98030/1	101	1	101	smNRPS-CB	5945	5069	5169	100	4.71e-44
