FC615G7AAXX:4:39:16094:19298#0/1	43	1	40	smNRPS-CC	5875	657	696	100	3.65e-10
FC615G7AAXX:4:54:7514:8611#0/2	40	40	1	smNRPS-CB	5945	3099	3138	100	3.69e-10
FC615G7AAXX:4:110:1229:18084#0/2	52	52	1	smNRPS-CB	5945	1019	1070	100	7.89e-17
FC615G7AAXX:4:39:15305:1810#0/2	58	1	58	smNRPS-CB	5945	1310	1367	100	3.64e-20
FC615G7AAXX:4:44:11300:11729#0/1	58	1	58	smNRPS-CB	5945	1978	2035	100	3.64e-20
FC615G7AAXX:4:115:4104:12747#0/2	62	1	62	smNRPS-CB	5945	1309	1370	100	2.18e-22
FC615G7AAXX:4:90:16375:7194#0/2	64	64	1	smNRPS-CB	5945	5494	5557	100	1.68e-23
FC615G7AAXX:4:56:19568:20251#0/1	72	1	72	smNRPS-CB	5945	5090	5161	97.222	1.3e-24
FC615G7AAXX:4:87:10484:10287#0/1	66	66	1	smNRPS-CB	5945	3155	3220	100	1.3e-24
FC615G7AAXX:4:78:4996:8277#0/1	68	68	1	smNRPS-CB	5945	1636	1703	100	1.01e-25
FC615G7AAXX:4:42:12110:7908#0/1	68	68	1	smNRPS-CB	5945	2937	3004	100	1.01e-25
FC615G7AAXX:4:89:13864:4111#0/1	69	69	1	smNRPS-CB	5945	5529	5597	100	2.8e-26
FC615G7AAXX:4:29:2092:10354#0/1	71	71	1	smNRPS-CB	5945	3004	3074	100	2.16e-27
FC615G7AAXX:4:39:16094:19298#0/2	72	1	72	smNRPS-CB	5945	4981	5052	100	6.01e-28
FC615G7AAXX:4:118:12609:11403#0/2	72	72	1	smNRPS-CB	5945	3499	3570	100	6.01e-28
FC615G7AAXX:4:11:9017:6585#0/1	73	1	73	smNRPS-CB	5945	1384	1456	100	1.67e-28
FC615G7AAXX:4:11:9017:6585#0/2	73	73	1	smNRPS-CB	5945	1639	1711	100	1.67e-28
FC615G7AAXX:4:14:15389:16028#0/1	73	1	73	smNRPS-CB	5945	2610	2682	100	1.67e-28
FC615G7AAXX:4:14:15389:16028#0/2	73	73	1	smNRPS-CB	5945	2859	2931	100	1.67e-28
FC615G7AAXX:4:29:2092:10354#0/2	73	1	73	smNRPS-CB	5945	2741	2813	100	1.67e-28
FC615G7AAXX:4:32:16708:20401#0/2	73	73	1	smNRPS-CB	5945	8	80	100	1.67e-28
FC615G7AAXX:4:39:15305:1810#0/1	73	73	1	smNRPS-CB	5945	1559	1631	100	1.67e-28
FC615G7AAXX:4:44:11300:11729#0/2	73	73	1	smNRPS-CB	5945	2209	2281	100	1.67e-28
FC615G7AAXX:4:54:7514:8611#0/1	73	1	73	smNRPS-CB	5945	2817	2889	100	1.67e-28
FC615G7AAXX:4:56:19568:20251#0/2	73	73	1	smNRPS-CB	5945	5334	5406	100	1.67e-28
FC615G7AAXX:4:59:5306:14750#0/1	73	1	73	smNRPS-CB	5945	5377	5449	100	1.67e-28
FC615G7AAXX:4:59:5306:14750#0/2	73	73	1	smNRPS-CB	5945	5619	5691	100	1.67e-28
FC615G7AAXX:4:78:4996:8277#0/2	73	1	73	smNRPS-CB	5945	1390	1462	100	1.67e-28
FC615G7AAXX:4:87:10484:10287#0/2	73	1	73	smNRPS-CB	5945	2903	2975	100	1.67e-28
FC615G7AAXX:4:89:13864:4111#0/2	73	1	73	smNRPS-CB	5945	5277	5349	100	1.67e-28
FC615G7AAXX:4:90:16375:7194#0/1	73	1	73	smNRPS-CB	5945	5274	5346	100	1.67e-28
FC615G7AAXX:4:99:2991:5048#0/1	73	73	1	smNRPS-CB	5945	5293	5365	100	1.67e-28
FC615G7AAXX:4:99:2991:5048#0/2	73	1	73	smNRPS-CB	5945	5066	5138	100	1.67e-28
FC615G7AAXX:4:110:1229:18084#0/1	73	1	73	smNRPS-CB	5945	739	811	100	1.67e-28
FC615G7AAXX:4:115:4104:12747#0/1	73	73	1	smNRPS-CB	5945	1567	1639	100	1.67e-28
FC615G7AAXX:4:118:12609:11403#0/1	73	1	73	smNRPS-CB	5945	3267	3339	100	1.67e-28
