FC615G7AAXX:6:58:19238:10077#0/2	72	1	72	smNRPS-CC	5875	1275	1346	97.222	1.2e-24
FC615G7AAXX:6:119:11736:6120#0/2	72	72	1	smNRPS-CC	5875	5047	5118	100	5.57e-28
FC615G7AAXX:6:119:11736:6120#0/1	60	60	1	smNRPS-CB	5945	994	1053	100	2.64e-21
FC615G7AAXX:6:96:10172:1093#0/2	62	1	62	smNRPS-CB	5945	5323	5384	100	2.04e-22
FC615G7AAXX:6:114:9936:7681#0/2	72	1	72	smNRPS-CB	5945	1113	1184	97.222	1.22e-24
FC615G7AAXX:6:108:9947:15172#0/1	72	1	72	smNRPS-CB	5945	219	290	98.611	2.62e-26
FC615G7AAXX:6:108:9947:15172#0/2	72	72	1	smNRPS-CB	5945	431	502	98.611	2.62e-26
FC615G7AAXX:6:114:9936:7681#0/1	72	72	1	smNRPS-CB	5945	1335	1406	98.611	2.62e-26
FC615G7AAXX:6:24:18800:16812#0/1	70	70	1	smNRPS-CB	5945	5739	5808	100	7.29e-27
FC615G7AAXX:6:24:18800:16812#0/2	72	1	72	smNRPS-CB	5945	5493	5564	100	5.63e-28
FC615G7AAXX:6:87:17150:13288#0/1	72	1	72	smNRPS-CB	5945	2720	2791	100	5.63e-28
