FC615L9AAXX:4:33:3022:9690#0/2	52	50	1	smNRPS-CC	5875	5482	5531	100	7.48e-16
FC615L9AAXX:4:60:17138:18109#0/1	55	1	55	smNRPS-CC	5875	1252	1306	100	1.24e-18
FC615ELAAXX:8:2:13972:16132#ACAGTGAT/1	65	65	1	smNRPS-CC	5875	2336	2400	98.462	1.6e-22
FC615L9AAXX:4:12:3513:19321#0/2	69	69	1	smNRPS-CC	5875	2695	2763	100	2.05e-26
FC615L9AAXX:4:95:18702:7014#0/2	72	1	72	smNRPS-CC	5875	2328	2399	98.611	2.05e-26
FC615L9AAXX:4:95:4433:1590#0/1	72	72	1	smNRPS-CC	5875	2692	2763	98.611	2.05e-26
FC615L9AAXX:4:36:12135:6091#0/1	72	72	1	smNRPS-CC	5875	634	705	100	4.41e-28
FC615L9AAXX:4:33:3022:9690#0/1	41	41	1	smNRPS-CB	5945	408	448	100	7.62e-11
FC615L9AAXX:4:12:14754:6471#0/2	44	1	44	smNRPS-CB	5945	1005	1048	100	1.64e-12
FC615L9AAXX:4:59:16938:4432#0/2	44	44	1	smNRPS-CB	5945	4899	4942	100	1.64e-12
FC6178FAAXX:5:20:4755:10802#ACAGTG/1	46	46	1	smNRPS-CB	5945	2124	2169	100	1.27e-13
FC615L9AAXX:4:12:4853:8954#0/2	53	1	53	smNRPS-CB	5945	236	288	96.226	3.52e-14
FC615L9AAXX:4:91:3816:1796#0/2	52	52	6	smNRPS-CB	5945	4826	4872	100	3.52e-14
FC615L9AAXX:4:98:2486:14992#0/2	47	47	1	smNRPS-CB	5945	4209	4255	100	3.52e-14
FC615L9AAXX:4:6:13433:19320#0/2	53	53	3	smNRPS-CB	5945	436	486	98.039	9.79e-15
FC6178FAAXX:5:34:18158:17790#ACAGTG/1	51	51	1	smNRPS-CB	5945	171	221	98.039	9.79e-15
FC615ELAAXX:8:17:12849:5944#ACAGTGAT/1	53	1	52	smNRPS-CB	5945	3665	3716	98.077	2.72e-15
FC615L9AAXX:4:43:4285:7898#0/1	57	1	57	smNRPS-CB	5945	257	313	96.491	2.1e-16
FC615L9AAXX:4:102:5526:18384#0/1	51	1	51	smNRPS-CB	5945	2324	2374	100	2.1e-16
FC6178FAAXX:5:117:2905:17737#ACAGTG/1	51	51	1	smNRPS-CB	5945	4734	4784	100	2.1e-16
FC615L9AAXX:4:62:13205:1744#0/1	52	1	52	smNRPS-CB	5945	4392	4443	100	5.85e-17
FC615L9AAXX:4:68:9601:18808#0/1	56	56	1	smNRPS-CB	5945	3515	3570	98.214	1.63e-17
FC615L9AAXX:4:72:11118:11400#0/1	62	1	62	smNRPS-CB	5945	4053	4114	95.161	1.63e-17
FC615L9AAXX:4:91:11474:7707#0/1	57	57	1	smNRPS-CB	5945	1130	1186	98.246	4.52e-18
FC6178FAAXX:5:20:4755:10802#ACAGTG/2	54	1	54	smNRPS-CB	5945	1847	1900	100	4.52e-18
FC615ELAAXX:8:22:15899:9630#ACAGTGAT/1	56	56	1	smNRPS-CB	5945	3618	3673	100	3.5e-19
FC615L9AAXX:4:12:14754:6471#0/1	66	66	1	smNRPS-CB	5945	1267	1332	95.455	9.72e-20
FC615L9AAXX:4:16:13070:3755#0/2	61	61	1	smNRPS-CB	5945	4227	4287	98.361	2.7e-20
FC6178FAAXX:5:58:9245:4679#ACAGTG/1	61	1	61	smNRPS-CB	5945	1447	1507	98.361	2.7e-20
FC6178FAAXX:5:100:14914:8171#ACAGTG/2	61	1	61	smNRPS-CB	5945	2916	2976	98.361	2.7e-20
FC615L9AAXX:4:107:7355:1454#0/1	61	1	61	smNRPS-CB	5945	873	933	98.361	2.7e-20
FC615L9AAXX:4:49:14104:18892#0/2	59	59	1	smNRPS-CB	5945	2067	2125	100	7.52e-21
FC615L9AAXX:4:59:9415:13274#0/2	61	1	61	smNRPS-CB	5945	5020	5080	100	5.81e-22
FC615L9AAXX:4:90:9940:16871#0/2	61	1	61	smNRPS-CB	5945	1030	1090	100	5.81e-22
FC615L9AAXX:4:25:7403:8907#0/1	72	72	1	smNRPS-CB	5945	1812	1881	95.833	1.62e-22
FC615L9AAXX:4:25:12181:1812#0/2	72	1	72	smNRPS-CB	5945	1795	1864	95.833	1.62e-22
FC615L9AAXX:4:34:1492:12543#0/1	62	1	62	smNRPS-CB	5945	3055	3116	100	1.62e-22
FC615L9AAXX:4:49:14104:18892#0/1	72	1	72	smNRPS-CB	5945	1808	1877	95.833	1.62e-22
FC615L9AAXX:4:70:5936:12910#0/1	62	62	1	smNRPS-CB	5945	1252	1313	100	1.62e-22
FC6178FAAXX:5:74:14140:10868#ACAGTG/2	62	1	62	smNRPS-CB	5945	959	1020	100	1.62e-22
FC615L9AAXX:4:60:17138:18109#0/2	63	1	63	smNRPS-CB	5945	4375	4437	100	4.49e-23
FC615ELAAXX:8:2:13972:16132#ACAGTGAT/2	63	63	1	smNRPS-CB	5945	3824	3886	100	4.49e-23
FC6178FAAXX:5:76:12836:16339#ACAGTG/1	63	63	1	smNRPS-CB	5945	4054	4116	100	4.49e-23
FC615L9AAXX:4:82:16193:21282#0/2	70	67	1	smNRPS-CB	5945	304	370	98.507	1.25e-23
FC615L9AAXX:4:102:17814:9284#0/2	70	1	70	smNRPS-CB	5945	4388	4457	97.143	1.25e-23
FC615L9AAXX:4:61:3181:18682#0/2	69	2	69	smNRPS-CB	5945	5657	5724	98.529	3.47e-24
FC615L9AAXX:4:70:5936:12910#0/2	65	1	65	smNRPS-CB	5945	986	1050	100	3.47e-24
FC615L9AAXX:4:107:4571:16407#0/1	68	68	1	smNRPS-CB	5945	5510	5577	98.529	3.47e-24
FC615ELAAXX:8:26:8035:10035#ACAGTGAT/1	65	65	1	smNRPS-CB	5945	2918	2982	100	3.47e-24
FC615ELAAXX:8:113:11901:15848#ACAGTGAT/1	65	65	1	smNRPS-CB	5945	3244	3308	100	3.47e-24
FC6178FAAXX:5:58:2163:2300#ACAGTG/2	65	1	65	smNRPS-CB	5945	5726	5790	100	3.47e-24
FC615L9AAXX:4:33:5014:15565#0/1	72	1	72	smNRPS-CB	5945	210	281	97.222	9.65e-25
FC615L9AAXX:4:33:16671:4159#0/1	72	1	66	smNRPS-CB	5945	3082	3147	100	9.65e-25
FC615L9AAXX:4:45:16627:13835#0/1	66	66	1	smNRPS-CB	5945	5756	5821	100	9.65e-25
FC615L9AAXX:4:67:11025:12281#0/2	72	72	1	smNRPS-CB	5945	3140	3211	97.222	9.65e-25
FC615L9AAXX:4:72:11118:11400#0/2	66	66	1	smNRPS-CB	5945	4295	4360	100	9.65e-25
FC615L9AAXX:4:75:18439:11887#0/1	72	72	1	smNRPS-CB	5945	5589	5660	97.222	9.65e-25
FC615L9AAXX:4:89:9917:14284#0/2	72	72	1	smNRPS-CB	5945	5599	5670	97.222	9.65e-25
FC615L9AAXX:4:89:12147:1775#0/1	72	1	72	smNRPS-CB	5945	954	1025	97.222	9.65e-25
FC615L9AAXX:4:97:13117:5183#0/1	72	72	1	smNRPS-CB	5945	5391	5462	97.222	9.65e-25
FC615L9AAXX:4:98:9246:17291#0/2	72	1	72	smNRPS-CB	5945	3558	3629	97.222	9.65e-25
FC615L9AAXX:4:19:2244:13633#0/1	72	1	72	smNRPS-CB	5945	5840	5911	97.222	2.68e-25
FC615L9AAXX:4:21:13802:18360#0/2	72	1	70	smNRPS-CB	5945	604	673	98.571	2.68e-25
FC615L9AAXX:4:95:4415:18868#0/2	67	1	67	smNRPS-CB	5945	5724	5790	100	2.68e-25
FC6178FAAXX:5:58:9245:4679#ACAGTG/2	67	67	1	smNRPS-CB	5945	1676	1742	100	2.68e-25
FC615L9AAXX:4:16:13070:3755#0/1	71	1	71	smNRPS-CB	5945	3993	4063	98.592	7.46e-26
FC615L9AAXX:4:6:13433:19320#0/1	72	1	72	smNRPS-CB	5945	368	439	98.611	2.07e-26
FC615L9AAXX:4:10:13716:7638#0/1	72	1	72	smNRPS-CB	5945	3865	3936	98.611	2.07e-26
FC615L9AAXX:4:18:10845:9670#0/1	72	1	72	smNRPS-CB	5945	4458	4529	98.611	2.07e-26
FC615L9AAXX:4:18:10845:9670#0/2	72	72	1	smNRPS-CB	5945	4464	4535	98.611	2.07e-26
FC615L9AAXX:4:23:5655:16762#0/2	72	1	72	smNRPS-CB	5945	4431	4502	98.611	2.07e-26
FC615L9AAXX:4:25:19267:10804#0/1	72	1	72	smNRPS-CB	5945	5161	5232	98.611	2.07e-26
FC615L9AAXX:4:25:19267:10804#0/2	72	72	1	smNRPS-CB	5945	5405	5476	98.611	2.07e-26
FC615L9AAXX:4:29:7829:19571#0/1	72	72	1	smNRPS-CB	5945	2711	2782	98.611	2.07e-26
FC615L9AAXX:4:36:9527:12330#0/1	72	72	1	smNRPS-CB	5945	360	431	98.611	2.07e-26
FC615L9AAXX:4:36:9527:12330#0/2	72	1	72	smNRPS-CB	5945	100	171	98.611	2.07e-26
FC615L9AAXX:4:36:12135:6091#0/2	72	72	1	smNRPS-CB	5945	5465	5536	98.611	2.07e-26
FC615L9AAXX:4:44:9466:6307#0/1	72	1	72	smNRPS-CB	5945	105	176	98.611	2.07e-26
FC615L9AAXX:4:45:16627:13835#0/2	72	1	72	smNRPS-CB	5945	5504	5575	98.611	2.07e-26
FC615L9AAXX:4:60:7250:12569#0/2	72	1	72	smNRPS-CB	5945	4595	4666	98.611	2.07e-26
FC615L9AAXX:4:62:16946:13923#0/2	72	72	1	smNRPS-CB	5945	4471	4542	98.611	2.07e-26
FC615L9AAXX:4:78:11745:12722#0/2	72	69	1	smNRPS-CB	5945	2609	2677	100	2.07e-26
FC615L9AAXX:4:83:17110:20879#0/2	72	72	1	smNRPS-CB	5945	3601	3672	98.611	2.07e-26
FC615L9AAXX:4:91:3816:1796#0/1	72	1	72	smNRPS-CB	5945	4557	4628	98.611	2.07e-26
FC615L9AAXX:4:96:6326:14855#0/2	72	1	72	smNRPS-CB	5945	1196	1267	98.611	2.07e-26
FC615L9AAXX:4:97:13117:5183#0/2	72	1	72	smNRPS-CB	5945	5170	5241	98.611	2.07e-26
FC615L9AAXX:4:98:2486:14992#0/1	72	1	72	smNRPS-CB	5945	3940	4011	98.611	2.07e-26
FC615L9AAXX:4:99:10758:19036#0/1	72	72	1	smNRPS-CB	5945	326	397	98.611	2.07e-26
FC615L9AAXX:4:99:10758:19036#0/2	72	1	72	smNRPS-CB	5945	89	160	98.611	2.07e-26
FC615L9AAXX:4:100:6205:5143#0/2	72	1	72	smNRPS-CB	5945	4580	4651	98.611	2.07e-26
FC615L9AAXX:4:102:17814:9284#0/1	72	72	1	smNRPS-CB	5945	4608	4679	98.611	2.07e-26
FC615ELAAXX:8:22:15899:9630#ACAGTGAT/2	72	1	72	smNRPS-CB	5945	3353	3424	98.611	2.07e-26
FC615ELAAXX:8:26:8035:10035#ACAGTGAT/2	72	1	72	smNRPS-CB	5945	2668	2739	98.611	2.07e-26
FC6178FAAXX:5:76:12836:16339#ACAGTG/2	72	1	69	smNRPS-CB	5945	3814	3882	100	2.07e-26
FC6178FAAXX:5:115:2610:9109#ACAGTG/1	69	1	69	smNRPS-CB	5945	5707	5775	100	2.07e-26
FC615L9AAXX:4:25:15817:17281#0/1	72	72	1	smNRPS-CB	5945	3946	4017	98.611	2.07e-26
FC615L9AAXX:4:93:17352:5390#0/1	72	72	1	smNRPS-CB	5945	3934	4005	98.611	2.07e-26
FC6178FAAXX:5:83:10378:14824#ACAGTG/1	69	1	69	smNRPS-CB	5945	959	1027	100	2.07e-26
FC615L9AAXX:4:33:5014:15565#0/2	70	70	1	smNRPS-CB	5945	441	510	100	5.77e-27
FC615L9AAXX:4:83:17110:20879#0/1	70	1	70	smNRPS-CB	5945	3368	3437	100	5.77e-27
FC6178FAAXX:5:68:17097:12722#ACAGTG/2	70	1	70	smNRPS-CB	5945	1383	1452	100	5.77e-27
FC6178FAAXX:5:117:14603:8426#ACAGTG/2	71	1	71	smNRPS-CB	5945	5842	5912	100	1.6e-27
FC615L9AAXX:4:10:13716:7638#0/2	72	72	1	smNRPS-CB	5945	4101	4172	100	4.46e-28
FC615L9AAXX:4:12:3513:19321#0/1	72	72	1	smNRPS-CB	5945	3455	3526	100	4.46e-28
FC615L9AAXX:4:12:4853:8954#0/1	72	72	1	smNRPS-CB	5945	476	547	100	4.46e-28
FC615L9AAXX:4:14:10815:13759#0/1	72	1	72	smNRPS-CB	5945	1675	1746	100	4.46e-28
FC615L9AAXX:4:14:10815:13759#0/2	72	72	1	smNRPS-CB	5945	1892	1963	100	4.46e-28
FC615L9AAXX:4:21:13802:18360#0/1	72	72	1	smNRPS-CB	5945	783	854	100	4.46e-28
FC615L9AAXX:4:23:5655:16762#0/1	72	72	1	smNRPS-CB	5945	4669	4740	100	4.46e-28
FC615L9AAXX:4:25:7403:8907#0/2	72	1	72	smNRPS-CB	5945	1561	1632	100	4.46e-28
FC615L9AAXX:4:29:7829:19571#0/2	72	1	72	smNRPS-CB	5945	2483	2554	100	4.46e-28
FC615L9AAXX:4:33:16671:4159#0/2	72	72	1	smNRPS-CB	5945	3314	3385	100	4.46e-28
FC615L9AAXX:4:34:1492:12543#0/2	72	72	1	smNRPS-CB	5945	3291	3362	100	4.46e-28
FC615L9AAXX:4:34:11011:10996#0/1	72	72	1	smNRPS-CB	5945	1616	1687	100	4.46e-28
FC615L9AAXX:4:34:11011:10996#0/2	72	1	72	smNRPS-CB	5945	1403	1474	100	4.46e-28
FC615L9AAXX:4:35:4206:17469#0/1	72	72	1	smNRPS-CB	5945	3902	3973	100	4.46e-28
FC615L9AAXX:4:39:14748:3732#0/1	72	72	1	smNRPS-CB	5945	2726	2797	100	4.46e-28
FC615L9AAXX:4:39:14748:3732#0/2	72	1	72	smNRPS-CB	5945	2497	2568	100	4.46e-28
FC615L9AAXX:4:39:14829:8852#0/2	72	72	1	smNRPS-CB	5945	3337	3408	100	4.46e-28
FC615L9AAXX:4:40:4607:10125#0/1	72	1	72	smNRPS-CB	5945	2224	2295	100	4.46e-28
FC615L9AAXX:4:40:4607:10125#0/2	72	72	1	smNRPS-CB	5945	2466	2537	100	4.46e-28
FC615L9AAXX:4:43:4285:7898#0/2	72	72	1	smNRPS-CB	5945	484	555	100	4.46e-28
FC615L9AAXX:4:43:9685:21199#0/1	72	1	72	smNRPS-CB	5945	2648	2719	100	4.46e-28
FC615L9AAXX:4:43:9685:21199#0/2	72	72	1	smNRPS-CB	5945	2908	2979	100	4.46e-28
FC615L9AAXX:4:44:2139:10552#0/1	72	1	72	smNRPS-CB	5945	5800	5871	100	4.46e-28
FC615L9AAXX:4:44:9466:6307#0/2	72	72	1	smNRPS-CB	5945	302	373	100	4.46e-28
FC615L9AAXX:4:45:3902:5391#0/1	72	1	72	smNRPS-CB	5945	779	850	100	4.46e-28
FC615L9AAXX:4:51:11542:2166#0/1	72	72	1	smNRPS-CB	5945	672	743	100	4.46e-28
FC615L9AAXX:4:51:11542:2166#0/2	72	1	72	smNRPS-CB	5945	426	497	100	4.46e-28
FC615L9AAXX:4:53:10954:16591#0/1	72	72	1	smNRPS-CB	5945	4061	4132	100	4.46e-28
FC615L9AAXX:4:53:10954:16591#0/2	72	1	72	smNRPS-CB	5945	3813	3884	100	4.46e-28
FC615L9AAXX:4:55:7518:11519#0/1	72	1	72	smNRPS-CB	5945	2519	2590	100	4.46e-28
FC615L9AAXX:4:55:7518:11519#0/2	72	72	1	smNRPS-CB	5945	2753	2824	100	4.46e-28
FC615L9AAXX:4:58:4623:15851#0/1	72	1	72	smNRPS-CB	5945	1145	1216	100	4.46e-28
FC615L9AAXX:4:58:4623:15851#0/2	72	72	1	smNRPS-CB	5945	1388	1459	100	4.46e-28
FC615L9AAXX:4:58:11221:7440#0/2	72	72	1	smNRPS-CB	5945	57	128	100	4.46e-28
FC615L9AAXX:4:59:9415:13274#0/1	72	72	1	smNRPS-CB	5945	5264	5335	100	4.46e-28
FC615L9AAXX:4:59:16938:4432#0/1	72	1	72	smNRPS-CB	5945	4797	4868	100	4.46e-28
FC615L9AAXX:4:60:4672:2237#0/1	72	1	72	smNRPS-CB	5945	653	724	100	4.46e-28
FC615L9AAXX:4:60:4672:2237#0/2	72	72	1	smNRPS-CB	5945	905	976	100	4.46e-28
FC615L9AAXX:4:60:6519:3149#0/1	72	1	72	smNRPS-CB	5945	1845	1916	100	4.46e-28
FC615L9AAXX:4:60:6519:3149#0/2	72	72	1	smNRPS-CB	5945	2079	2150	100	4.46e-28
FC615L9AAXX:4:62:16946:13923#0/1	72	1	72	smNRPS-CB	5945	4227	4298	100	4.46e-28
FC615L9AAXX:4:66:13651:15177#0/1	72	1	72	smNRPS-CB	5945	1909	1980	100	4.46e-28
FC615L9AAXX:4:66:13651:15177#0/2	72	72	1	smNRPS-CB	5945	2150	2221	100	4.46e-28
FC615L9AAXX:4:67:11025:12281#0/1	72	1	72	smNRPS-CB	5945	2903	2974	100	4.46e-28
FC615L9AAXX:4:68:9601:18808#0/2	72	1	72	smNRPS-CB	5945	3250	3321	100	4.46e-28
FC615L9AAXX:4:75:6034:19609#0/1	72	1	72	smNRPS-CB	5945	5548	5619	100	4.46e-28
FC615L9AAXX:4:75:6034:19609#0/2	72	72	1	smNRPS-CB	5945	5785	5856	100	4.46e-28
FC615L9AAXX:4:75:18439:11887#0/2	72	1	72	smNRPS-CB	5945	5355	5426	100	4.46e-28
FC615L9AAXX:4:78:11745:12722#0/1	72	1	72	smNRPS-CB	5945	2368	2439	100	4.46e-28
FC615L9AAXX:4:81:6967:8304#0/2	72	1	72	smNRPS-CB	5945	1557	1628	100	4.46e-28
FC615L9AAXX:4:81:11093:9047#0/1	72	72	1	smNRPS-CB	5945	800	871	100	4.46e-28
FC615L9AAXX:4:81:11093:9047#0/2	72	1	72	smNRPS-CB	5945	570	641	100	4.46e-28
FC615L9AAXX:4:82:3317:13686#0/1	72	72	1	smNRPS-CB	5945	899	970	100	4.46e-28
FC615L9AAXX:4:82:3317:13686#0/2	72	1	72	smNRPS-CB	5945	677	748	100	4.46e-28
FC615L9AAXX:4:82:16193:21282#0/1	72	1	72	smNRPS-CB	5945	49	120	100	4.46e-28
FC615L9AAXX:4:89:9917:14284#0/1	72	1	72	smNRPS-CB	5945	5348	5419	100	4.46e-28
FC615L9AAXX:4:89:12147:1775#0/2	72	72	1	smNRPS-CB	5945	951	1022	100	4.46e-28
FC615L9AAXX:4:90:9940:16871#0/1	72	72	1	smNRPS-CB	5945	1282	1353	100	4.46e-28
FC615L9AAXX:4:91:11474:7707#0/2	72	1	72	smNRPS-CB	5945	863	934	100	4.46e-28
FC615L9AAXX:4:95:18702:7014#0/1	72	1	72	smNRPS-CB	5945	3320	3391	100	4.46e-28
FC615L9AAXX:4:96:6326:14855#0/1	72	72	1	smNRPS-CB	5945	1354	1425	100	4.46e-28
FC615L9AAXX:4:98:9246:17291#0/1	72	72	1	smNRPS-CB	5945	3796	3867	100	4.46e-28
FC615L9AAXX:4:98:19019:7415#0/1	72	1	72	smNRPS-CB	5945	1942	2013	100	4.46e-28
FC615L9AAXX:4:98:19019:7415#0/2	72	72	1	smNRPS-CB	5945	2189	2260	100	4.46e-28
FC615L9AAXX:4:107:4571:16407#0/2	72	1	72	smNRPS-CB	5945	5280	5351	100	4.46e-28
FC615L9AAXX:4:109:7733:14444#0/2	72	72	1	smNRPS-CB	5945	28	99	100	4.46e-28
FC615L9AAXX:4:114:15176:4791#0/1	72	1	72	smNRPS-CB	5945	465	536	100	4.46e-28
FC615ELAAXX:8:17:12849:5944#ACAGTGAT/2	72	72	1	smNRPS-CB	5945	3920	3991	100	4.46e-28
FC615ELAAXX:8:113:11901:15848#ACAGTGAT/2	72	1	72	smNRPS-CB	5945	2996	3067	100	4.46e-28
FC615L9AAXX:4:28:5522:7841#0/1	72	1	72	smNRPS-CB	5945	4278	4349	100	4.46e-28
