I80_1_FC30VGAAAXX:6:21:667:885/1	39	1	39	smNRPS-CC	5875	4606	4644	97.436	1.4e-8
I80_1_FC30VGAAAXX:6:46:523:740/1	61	1	36	smNRPS-CC	5875	5840	5875	100	1.4e-8
I85_1_FC30VW3AAXX:7:46:1084:1826/2	40	1	39	smNRPS-CC	5875	5713	5751	97.436	1.4e-8
I85_1_FC30VW3AAXX:7:54:146:1501/1	40	40	1	smNRPS-CC	5875	2781	2820	97.5	3.88e-9
I85_1_FC30VW3AAXX:7:62:408:56/1	40	1	40	smNRPS-CC	5875	3194	3233	97.5	3.88e-9
I85_1_FC30VW3AAXX:7:1:670:1799/1	38	1	38	smNRPS-CC	5875	5350	5387	100	1.08e-9
I85_1_FC30VW3AAXX:7:1:670:1799/2	43	41	1	smNRPS-CC	5875	5444	5484	97.561	1.08e-9
I85_1_FC30VW3AAXX:7:55:711:1414/1	41	1	41	smNRPS-CC	5875	2696	2736	97.561	1.08e-9
I85_1_FC30VW3AAXX:7:84:448:841/1	38	1	38	smNRPS-CC	5875	4065	4102	100	1.08e-9
I85_1_FC30VW3AAXX:7:70:1071:1158/1	38	1	38	smNRPS-CC	5875	367	404	100	1.08e-9
I85_1_FC30VW3AAXX:7:73:208:833/1	41	1	41	smNRPS-CC	5875	2780	2820	97.561	1.08e-9
I85_1_FC30VW3AAXX:7:56:992:778/1	39	39	1	smNRPS-CC	5875	3613	3651	100	3e-10
I85_1_FC30VW3AAXX:7:72:191:219/1	39	39	1	smNRPS-CC	5875	2463	2501	100	3e-10
I85_1_FC30VW3AAXX:7:47:276:1171/2	39	39	1	smNRPS-CC	5875	4124	4162	100	3e-10
I85_1_FC30VW3AAXX:7:53:255:1218/2	43	2	43	smNRPS-CC	5875	3783	3824	97.619	3e-10
I85_1_FC30VW3AAXX:7:53:663:980/2	39	39	1	smNRPS-CC	5875	1849	1887	100	3e-10
I85_1_FC30VW3AAXX:7:61:189:899/2	39	1	39	smNRPS-CC	5875	4200	4238	100	3e-10
I85_1_FC30VW3AAXX:7:46:864:1696/1	40	1	40	smNRPS-CC	5875	4942	4981	100	8.35e-11
I80_1_FC30VGAAAXX:6:48:1765:1334/2	40	1	40	smNRPS-CC	5875	1275	1314	100	8.35e-11
I80_1_FC30VGAAAXX:6:52:1623:1565/2	42	1	40	smNRPS-CC	5875	1275	1314	100	8.35e-11
I80_1_FC30VGAAAXX:6:59:1248:253/2	43	43	1	smNRPS-CC	5875	4289	4331	97.674	8.35e-11
I85_1_FC30VW3AAXX:7:22:197:735/2	41	41	1	smNRPS-CC	5875	4342	4382	100	2.32e-11
I85_1_FC30VW3AAXX:7:35:1653:1381/1	41	1	41	smNRPS-CC	5875	656	696	100	2.32e-11
I85_1_FC30VW3AAXX:7:46:864:1696/2	42	42	1	smNRPS-CC	5875	5042	5083	100	6.45e-12
I85_1_FC30VW3AAXX:7:59:1127:217/1	42	42	1	smNRPS-CC	5875	916	957	100	6.45e-12
I85_1_FC30VW3AAXX:7:55:711:1414/2	46	46	1	smNRPS-CC	5875	2777	2822	97.826	1.79e-12
I80_1_FC30VGAAAXX:6:59:361:952/2	43	1	43	smNRPS-CC	5875	509	551	100	1.79e-12
I80_1_FC30VGAAAXX:6:43:648:1296/1	45	1	44	smNRPS-CC	5875	4576	4619	100	4.99e-13
I85_1_FC30VW3AAXX:7:44:944:649/1	44	1	44	smNRPS-CC	5875	4907	4950	100	4.99e-13
I85_1_FC30VW3AAXX:7:63:430:1074/2	46	1	44	smNRPS-CC	5875	2742	2785	100	4.99e-13
I85_1_FC30VW3AAXX:7:50:380:209/1	48	1	48	smNRPS-CC	5875	1581	1628	97.917	1.39e-13
I85_1_FC30VW3AAXX:7:42:127:1484/2	46	1	46	smNRPS-CC	5875	4068	4113	100	3.86e-14
I80_1_FC30VGAAAXX:6:98:1562:1038/1	46	46	1	smNRPS-CC	5875	539	584	100	3.86e-14
I80_1_FC30VGAAAXX:6:32:1693:277/2	53	53	1	smNRPS-CC	5875	4257	4309	96.226	1.07e-14
I80_1_FC30VGAAAXX:6:34:1789:1649/2	47	47	1	smNRPS-CC	5875	261	307	100	1.07e-14
I80_1_FC30VGAAAXX:6:54:333:1106/2	50	1	50	smNRPS-CC	5875	4339	4389	98.039	1.07e-14
I80_1_FC30VGAAAXX:6:74:597:855/2	53	53	1	smNRPS-CC	5875	4895	4947	96.226	1.07e-14
I80_1_FC30VGAAAXX:6:91:1292:1117/2	52	52	3	smNRPS-CC	5875	698	747	98	1.07e-14
I80_1_FC30VGAAAXX:6:98:1607:1306/1	50	50	1	smNRPS-CC	5875	526	575	98	1.07e-14
I85_1_FC30VW3AAXX:7:36:708:1389/2	47	1	47	smNRPS-CC	5875	4898	4944	100	1.07e-14
I80_1_FC30VGAAAXX:6:57:251:72/2	50	47	1	smNRPS-CC	5875	3285	3331	100	1.07e-14
I80_1_FC30VGAAAXX:6:55:271:1527/2	52	1	48	smNRPS-CC	5875	649	696	100	2.98e-15
I80_1_FC30VGAAAXX:6:87:952:1862/2	54	54	1	smNRPS-CC	5875	690	743	96.296	2.98e-15
I80_1_FC30VGAAAXX:6:94:1632:131/1	48	48	1	smNRPS-CC	5875	882	929	100	2.98e-15
I85_1_FC30VW3AAXX:7:18:671:1800/2	48	1	48	smNRPS-CC	5875	5349	5396	100	2.98e-15
I85_1_FC30VW3AAXX:7:49:529:40/2	52	1	52	smNRPS-CC	5875	5723	5774	98.077	8.29e-16
I80_1_FC30VGAAAXX:6:39:776:174/2	55	1	55	smNRPS-CC	5875	425	479	96.364	8.29e-16
I80_1_FC30VGAAAXX:6:55:200:1346/2	54	1	52	smNRPS-CC	5875	3310	3361	98.077	8.29e-16
I85_1_FC30VW3AAXX:7:49:529:40/1	50	50	1	smNRPS-CC	5875	5811	5860	100	2.31e-16
I80_1_FC30VGAAAXX:6:5:1485:283/2	50	50	1	smNRPS-CC	5875	4329	4378	100	2.31e-16
I80_1_FC30VGAAAXX:6:6:1611:1903/2	56	56	1	smNRPS-CC	5875	4319	4375	96.491	2.31e-16
I80_1_FC30VGAAAXX:6:15:1634:878/1	50	1	50	smNRPS-CC	5875	418	467	100	2.31e-16
I80_1_FC30VGAAAXX:6:44:1097:1756/2	52	52	1	smNRPS-CC	5875	1117	1168	98.077	2.31e-16
I80_1_FC30VGAAAXX:6:78:540:1111/1	53	53	1	smNRPS-CC	5875	5773	5825	98.113	2.31e-16
I85_1_FC30VW3AAXX:7:39:94:1436/1	50	50	1	smNRPS-CC	5875	4124	4173	100	2.31e-16
I80_1_FC30VGAAAXX:6:7:944:129/2	54	54	1	smNRPS-CC	5875	4181	4234	98.148	6.41e-17
I80_1_FC30VGAAAXX:6:2:1317:772/2	57	1	57	smNRPS-CC	5875	2640	2696	96.491	1.78e-17
I80_1_FC30VGAAAXX:6:2:1319:771/2	57	1	57	smNRPS-CC	5875	2640	2696	96.491	1.78e-17
I80_1_FC30VGAAAXX:6:52:689:135/1	52	52	1	smNRPS-CC	5875	880	931	100	1.78e-17
I80_1_FC30VGAAAXX:6:57:1625:445/2	58	58	1	smNRPS-CC	5875	4446	4503	96.552	1.78e-17
I80_1_FC30VGAAAXX:6:72:288:1349/1	52	1	52	smNRPS-CC	5875	5821	5872	100	1.78e-17
I80_1_FC30VGAAAXX:6:75:1148:1710/2	56	55	1	smNRPS-CC	5875	1584	1638	98.182	1.78e-17
I80_1_FC30VGAAAXX:6:82:515:451/2	58	58	1	smNRPS-CC	5875	3596	3653	96.552	1.78e-17
I80_1_FC30VGAAAXX:6:93:590:1267/1	58	1	58	smNRPS-CC	5875	1196	1253	96.552	1.78e-17
I80_1_FC30VGAAAXX:6:15:424:183/1	53	1	53	smNRPS-CC	5875	5801	5853	100	4.95e-18
I80_1_FC30VGAAAXX:6:37:1335:400/2	57	57	1	smNRPS-CC	5875	700	755	98.246	4.95e-18
I80_1_FC30VGAAAXX:6:54:206:220/2	53	1	53	smNRPS-CC	5875	510	562	100	4.95e-18
I80_1_FC30VGAAAXX:6:54:856:1086/1	53	1	53	smNRPS-CC	5875	3611	3663	100	4.95e-18
I80_1_FC30VGAAAXX:6:78:448:517/1	56	56	1	smNRPS-CC	5875	5773	5828	98.214	4.95e-18
I80_1_FC30VGAAAXX:6:86:1556:1539/2	53	53	1	smNRPS-CC	5875	5779	5831	100	4.95e-18
I80_1_FC30VGAAAXX:6:100:1547:1691/1	62	1	59	smNRPS-CC	5875	1569	1627	96.61	4.95e-18
I80_1_FC30VGAAAXX:6:19:659:945/2	57	1	57	smNRPS-CC	5875	640	696	98.246	1.38e-18
I80_1_FC30VGAAAXX:6:36:1687:1693/2	60	60	1	smNRPS-CC	5875	4250	4309	96.667	1.38e-18
I80_1_FC30VGAAAXX:6:37:1335:400/1	54	1	54	smNRPS-CC	5875	414	467	100	1.38e-18
I80_1_FC30VGAAAXX:6:38:150:1265/2	61	61	1	smNRPS-CC	5875	696	755	96.721	1.38e-18
I80_1_FC30VGAAAXX:6:39:588:601/1	54	54	1	smNRPS-CC	5875	4403	4456	100	1.38e-18
I80_1_FC30VGAAAXX:6:43:402:469/2	56	56	1	smNRPS-CC	5875	648	703	98.214	1.38e-18
I80_1_FC30VGAAAXX:6:43:648:1296/2	59	59	1	smNRPS-CC	5875	4851	4909	96.61	1.38e-18
I80_1_FC30VGAAAXX:6:44:903:249/1	54	1	54	smNRPS-CC	5875	5711	5764	100	1.38e-18
I80_1_FC30VGAAAXX:6:69:1058:1506/2	54	1	54	smNRPS-CC	5875	469	522	100	1.38e-18
I80_1_FC30VGAAAXX:6:48:684:1808/2	61	61	1	smNRPS-CC	5875	1578	1638	96.721	3.83e-19
I80_1_FC30VGAAAXX:6:48:844:1511/2	65	2	65	smNRPS-CC	5875	1196	1259	95.312	3.83e-19
I80_1_FC30VGAAAXX:6:70:1667:259/1	58	58	1	smNRPS-CC	5875	615	672	98.276	3.83e-19
I80_1_FC30VGAAAXX:6:72:93:1724/1	55	1	55	smNRPS-CC	5875	2823	2877	100	3.83e-19
I80_1_FC30VGAAAXX:6:76:1464:93/2	55	1	55	smNRPS-CC	5875	5821	5875	100	3.83e-19
I80_1_FC30VGAAAXX:6:78:448:517/2	55	1	55	smNRPS-CC	5875	5490	5544	100	3.83e-19
I85_1_FC30VW3AAXX:7:36:379:1794/1	56	56	1	smNRPS-CC	5875	1586	1641	100	1.06e-19
I80_1_FC30VGAAAXX:6:16:1671:830/2	56	1	56	smNRPS-CC	5875	4071	4126	100	1.06e-19
I80_1_FC30VGAAAXX:6:24:1564:1299/2	56	1	56	smNRPS-CC	5875	5787	5842	100	1.06e-19
I80_1_FC30VGAAAXX:6:28:1780:1572/2	56	1	56	smNRPS-CC	5875	5809	5864	100	1.06e-19
I80_1_FC30VGAAAXX:6:36:1041:72/1	56	1	56	smNRPS-CC	5875	5790	5845	100	1.06e-19
I80_1_FC30VGAAAXX:6:41:1230:1644/1	58	1	56	smNRPS-CC	5875	5820	5875	100	1.06e-19
I80_1_FC30VGAAAXX:6:68:272:1681/2	56	1	56	smNRPS-CC	5875	4071	4126	100	1.06e-19
I80_1_FC30VGAAAXX:6:92:1121:763/1	59	1	59	smNRPS-CC	5875	5486	5544	98.305	1.06e-19
I80_1_FC30VGAAAXX:6:12:457:720/1	63	1	63	smNRPS-CC	5875	614	676	96.825	2.96e-20
I80_1_FC30VGAAAXX:6:56:1654:1053/1	66	66	1	smNRPS-CC	5875	2889	2954	95.455	2.96e-20
I80_1_FC30VGAAAXX:6:91:813:1449/1	63	63	1	smNRPS-CC	5875	2327	2389	96.825	2.96e-20
I80_1_FC30VGAAAXX:6:11:1354:1544/2	64	1	64	smNRPS-CC	5875	1335	1398	96.875	8.23e-21
I80_1_FC30VGAAAXX:6:89:1151:1876/2	61	61	1	smNRPS-CC	5875	2736	2796	98.361	8.23e-21
I80_1_FC30VGAAAXX:6:96:1429:1960/1	65	1	64	smNRPS-CC	5875	1574	1637	96.875	8.23e-21
I80_1_FC30VGAAAXX:6:12:296:810/2	71	70	3	smNRPS-CC	5875	5701	5769	95.652	2.29e-21
I80_1_FC30VGAAAXX:6:38:1436:451/1	70	1	59	smNRPS-CC	5875	5817	5875	100	2.29e-21
I80_1_FC30VGAAAXX:6:59:1074:1440/1	68	1	68	smNRPS-CC	5875	1171	1238	95.588	2.29e-21
I80_1_FC30VGAAAXX:6:68:272:1681/1	65	65	1	smNRPS-CC	5875	4353	4417	96.923	2.29e-21
I80_1_FC30VGAAAXX:6:70:715:1555/2	59	59	1	smNRPS-CC	5875	650	708	100	2.29e-21
I80_1_FC30VGAAAXX:6:73:1405:677/1	71	71	4	smNRPS-CC	5875	1580	1647	95.588	2.29e-21
I80_1_FC30VGAAAXX:6:77:856:1749/2	65	1	65	smNRPS-CC	5875	552	616	96.923	2.29e-21
I80_1_FC30VGAAAXX:6:99:20:1021/2	70	1	62	smNRPS-CC	5875	5814	5875	98.387	2.29e-21
I80_1_FC30VGAAAXX:6:19:885:1554/2	64	1	64	smNRPS-CC	5875	5689	5752	98.438	1.77e-22
I80_1_FC30VGAAAXX:6:30:533:1797/1	67	67	1	smNRPS-CC	5875	4438	4504	97.015	1.77e-22
I80_1_FC30VGAAAXX:6:33:1634:866/1	64	1	64	smNRPS-CC	5875	4120	4183	98.438	1.77e-22
I80_1_FC30VGAAAXX:6:40:167:358/2	64	1	64	smNRPS-CC	5875	341	404	98.438	1.77e-22
I80_1_FC30VGAAAXX:6:48:1765:1334/1	64	64	1	smNRPS-CC	5875	1573	1636	98.438	1.77e-22
I80_1_FC30VGAAAXX:6:53:713:859/1	64	1	64	smNRPS-CC	5875	5324	5387	98.438	1.77e-22
I80_1_FC30VGAAAXX:6:58:1358:165/1	67	1	67	smNRPS-CC	5875	427	493	97.015	1.77e-22
I80_1_FC30VGAAAXX:6:34:505:960/1	65	1	65	smNRPS-CC	5875	435	499	98.462	4.92e-23
I80_1_FC30VGAAAXX:6:39:120:1058/2	62	1	62	smNRPS-CC	5875	464	525	100	4.92e-23
I80_1_FC30VGAAAXX:6:39:588:601/2	65	1	65	smNRPS-CC	5875	4104	4168	98.462	4.92e-23
I80_1_FC30VGAAAXX:6:40:742:600/2	62	62	1	smNRPS-CC	5875	644	705	100	4.92e-23
I80_1_FC30VGAAAXX:6:45:75:465/1	66	2	66	smNRPS-CC	5875	461	525	98.462	4.92e-23
I80_1_FC30VGAAAXX:6:52:1621:1567/2	68	1	68	smNRPS-CC	5875	1275	1342	97.059	4.92e-23
I80_1_FC30VGAAAXX:6:67:659:164/1	65	1	65	smNRPS-CC	5875	481	545	98.462	4.92e-23
I80_1_FC30VGAAAXX:6:77:1100:1681/2	69	69	2	smNRPS-CC	5875	4234	4301	97.059	4.92e-23
I80_1_FC30VGAAAXX:6:6:1611:1903/1	65	1	65	smNRPS-CC	5875	4025	4089	98.462	1.37e-23
I80_1_FC30VGAAAXX:6:39:774:173/2	69	1	69	smNRPS-CC	5875	425	493	97.101	1.37e-23
I80_1_FC30VGAAAXX:6:41:1034:1667/2	69	1	69	smNRPS-CC	5875	4997	5065	97.101	1.37e-23
I80_1_FC30VGAAAXX:6:41:1036:1665/2	69	1	69	smNRPS-CC	5875	4997	5065	97.101	1.37e-23
I80_1_FC30VGAAAXX:6:71:982:1435/1	66	1	66	smNRPS-CC	5875	5291	5356	98.485	1.37e-23
I80_1_FC30VGAAAXX:6:5:1485:283/1	64	1	64	smNRPS-CC	5875	4019	4082	100	3.8e-24
I80_1_FC30VGAAAXX:6:25:381:400/2	70	1	70	smNRPS-CC	5875	470	539	97.143	3.8e-24
I80_1_FC30VGAAAXX:6:31:738:1644/2	67	67	1	smNRPS-CC	5875	2666	2732	98.507	3.8e-24
I80_1_FC30VGAAAXX:6:35:568:367/1	64	64	1	smNRPS-CC	5875	31	94	100	3.8e-24
I80_1_FC30VGAAAXX:6:42:1087:1647/1	71	1	67	smNRPS-CC	5875	571	637	98.507	3.8e-24
I80_1_FC30VGAAAXX:6:61:638:1241/1	70	70	1	smNRPS-CC	5875	1571	1640	97.143	3.8e-24
I80_1_FC30VGAAAXX:6:77:887:813/1	64	1	64	smNRPS-CC	5875	5783	5846	100	3.8e-24
I80_1_FC30VGAAAXX:6:79:1182:1929/2	70	70	1	smNRPS-CC	5875	4252	4321	97.143	3.8e-24
I85_1_FC30VW3AAXX:7:42:127:1484/1	65	65	1	smNRPS-CC	5875	4135	4199	100	1.06e-24
I80_1_FC30VGAAAXX:6:38:150:1265/1	68	1	68	smNRPS-CC	5875	414	481	98.529	1.06e-24
I80_1_FC30VGAAAXX:6:40:167:358/1	70	70	1	smNRPS-CC	5875	619	690	97.222	1.06e-24
I80_1_FC30VGAAAXX:6:55:200:1346/1	68	68	1	smNRPS-CC	5875	3601	3668	98.529	1.06e-24
I80_1_FC30VGAAAXX:6:99:866:845/1	65	1	65	smNRPS-CC	5875	456	520	100	1.06e-24
I80_1_FC30VGAAAXX:6:75:152:1993/1	69	69	1	smNRPS-CC	5875	2931	2999	98.551	2.94e-25
I80_1_FC30VGAAAXX:6:80:974:1375/1	66	1	66	smNRPS-CC	5875	5781	5846	100	2.94e-25
I80_1_FC30VGAAAXX:6:82:1351:523/1	67	1	66	smNRPS-CC	5875	5810	5875	100	2.94e-25
I80_1_FC30VGAAAXX:6:30:533:1797/2	70	1	70	smNRPS-CC	5875	4165	4234	98.571	8.17e-26
I80_1_FC30VGAAAXX:6:39:1190:1171/1	70	1	70	smNRPS-CC	5875	1219	1288	98.571	8.17e-26
I80_1_FC30VGAAAXX:6:43:492:345/2	69	69	1	smNRPS-CC	5875	4421	4489	98.551	8.17e-26
I80_1_FC30VGAAAXX:6:74:18:1481/2	68	1	67	smNRPS-CC	5875	5809	5875	100	8.17e-26
I80_1_FC30VGAAAXX:6:74:20:1479/2	71	1	67	smNRPS-CC	5875	5809	5875	100	8.17e-26
I80_1_FC30VGAAAXX:6:20:885:859/2	71	1	71	smNRPS-CC	5875	5306	5376	98.592	2.27e-26
I80_1_FC30VGAAAXX:6:27:432:1731/2	71	1	71	smNRPS-CC	5875	2930	3000	98.592	2.27e-26
I80_1_FC30VGAAAXX:6:27:713:1250/2	71	71	1	smNRPS-CC	5875	5062	5132	98.592	2.27e-26
I80_1_FC30VGAAAXX:6:38:1358:689/1	71	1	71	smNRPS-CC	5875	1219	1289	98.592	2.27e-26
I80_1_FC30VGAAAXX:6:49:605:471/1	71	1	71	smNRPS-CC	5875	5353	5423	98.592	2.27e-26
I80_1_FC30VGAAAXX:6:52:1621:1567/1	71	71	1	smNRPS-CC	5875	1566	1636	98.592	2.27e-26
I80_1_FC30VGAAAXX:6:57:1625:445/1	71	1	71	smNRPS-CC	5875	4203	4273	98.592	2.27e-26
I80_1_FC30VGAAAXX:6:3:392:1609/2	71	71	1	smNRPS-CC	5875	5735	5805	98.592	6.32e-27
I80_1_FC30VGAAAXX:6:43:492:345/1	69	1	69	smNRPS-CC	5875	4131	4199	100	6.32e-27
I80_1_FC30VGAAAXX:6:32:1162:433/2	70	70	1	smNRPS-CC	5875	4063	4132	100	1.76e-27
I80_1_FC30VGAAAXX:6:20:1464:1434/2	71	1	71	smNRPS-CC	5875	4068	4138	100	4.88e-28
I80_1_FC30VGAAAXX:6:22:1094:552/2	71	1	71	smNRPS-CC	5875	5787	5857	100	4.88e-28
I80_1_FC30VGAAAXX:6:28:107:416/1	71	1	71	smNRPS-CC	5875	5762	5832	100	4.88e-28
I80_1_FC30VGAAAXX:6:41:972:802/2	71	1	71	smNRPS-CC	5875	4053	4123	100	4.88e-28
I80_1_FC30VGAAAXX:6:49:855:879/2	71	1	71	smNRPS-CC	5875	4053	4123	100	4.88e-28
I80_1_FC30VGAAAXX:6:53:1207:1054/2	71	71	1	smNRPS-CC	5875	647	717	100	4.88e-28
I80_1_FC30VGAAAXX:6:68:1001:1201/2	71	1	71	smNRPS-CC	5875	5670	5740	100	4.88e-28
I85_1_FC30VW3AAXX:7:32:657:901/2	39	7	39	smNRPS-CB	5945	1	33	100	6.58e-7
I85_1_FC30VW3AAXX:7:32:591:407/2	39	36	1	smNRPS-CB	5945	2420	2455	100	1.41e-8
I85_1_FC30VW3AAXX:7:53:369:1297/2	39	39	1	smNRPS-CB	5945	694	732	97.436	1.41e-8
I80_1_FC30VGAAAXX:6:71:487:324/1	40	1	40	smNRPS-CB	5945	5016	5055	97.5	3.93e-9
I80_1_FC30VGAAAXX:6:97:386:76/2	40	40	1	smNRPS-CB	5945	1940	1979	97.5	3.93e-9
I85_1_FC30VW3AAXX:7:16:503:1143/2	38	1	37	smNRPS-CB	5945	1105	1141	100	3.93e-9
I85_1_FC30VW3AAXX:7:38:1414:1456/2	40	1	40	smNRPS-CB	5945	3892	3931	97.5	3.93e-9
I85_1_FC30VW3AAXX:7:59:602:1586/2	38	1	38	smNRPS-CB	5945	4954	4991	100	1.09e-9
I85_1_FC30VW3AAXX:7:61:834:932/1	40	3	40	smNRPS-CB	5945	4436	4473	100	1.09e-9
I80_1_FC30VGAAAXX:6:86:1200:1597/1	64	27	64	smNRPS-CB	5945	1	38	100	1.09e-9
I85_1_FC30VW3AAXX:7:75:1569:309/1	38	1	38	smNRPS-CB	5945	188	225	100	1.09e-9
I85_1_FC30VW3AAXX:7:35:1285:1535/2	38	1	38	smNRPS-CB	5945	394	431	100	1.09e-9
I85_1_FC30VW3AAXX:7:34:854:1064/1	39	1	39	smNRPS-CB	5945	1929	1967	100	3.04e-10
I85_1_FC30VW3AAXX:7:59:602:1586/1	39	39	1	smNRPS-CB	5945	5047	5085	100	3.04e-10
I85_1_FC30VW3AAXX:7:59:856:555/2	39	1	39	smNRPS-CB	5945	817	855	100	3.04e-10
I85_1_FC30VW3AAXX:7:70:614:1941/1	39	1	39	smNRPS-CB	5945	1624	1662	100	3.04e-10
I80_1_FC30VGAAAXX:6:35:1667:1354/1	42	1	42	smNRPS-CB	5945	1971	2012	97.619	3.04e-10
I85_1_FC30VW3AAXX:7:44:1266:919/1	43	43	1	smNRPS-CB	5945	2625	2667	97.674	8.45e-11
I85_1_FC30VW3AAXX:7:44:1266:919/2	40	1	40	smNRPS-CB	5945	2533	2572	100	8.45e-11
I85_1_FC30VW3AAXX:7:52:812:362/2	41	41	1	smNRPS-CB	5945	1720	1760	100	2.35e-11
I85_1_FC30VW3AAXX:7:34:1048:1754/1	41	1	41	smNRPS-CB	5945	1874	1914	100	2.35e-11
I85_1_FC30VW3AAXX:7:59:973:1868/1	41	1	41	smNRPS-CB	5945	125	165	100	2.35e-11
I85_1_FC30VW3AAXX:7:14:1332:226/1	41	41	1	smNRPS-CB	5945	4540	4580	100	2.35e-11
I85_1_FC30VW3AAXX:7:46:904:343/2	42	1	42	smNRPS-CB	5945	868	909	100	6.53e-12
I85_1_FC30VW3AAXX:7:52:812:362/1	42	1	42	smNRPS-CB	5945	1626	1667	100	6.53e-12
I85_1_FC30VW3AAXX:7:61:834:932/2	45	45	1	smNRPS-CB	5945	4511	4555	97.778	6.53e-12
I85_1_FC30VW3AAXX:7:58:378:155/1	45	45	1	smNRPS-CB	5945	3029	3073	97.778	6.53e-12
I85_1_FC30VW3AAXX:7:32:715:284/2	42	1	42	smNRPS-CB	5945	1515	1556	100	6.53e-12
I85_1_FC30VW3AAXX:7:30:112:1850/1	45	1	45	smNRPS-CB	5945	109	153	97.778	6.53e-12
I85_1_FC30VW3AAXX:7:40:344:1035/1	42	42	1	smNRPS-CB	5945	5339	5380	100	6.53e-12
I80_1_FC30VGAAAXX:6:15:1155:1852/2	46	46	1	smNRPS-CB	5945	5722	5767	97.826	1.82e-12
I80_1_FC30VGAAAXX:6:28:1618:139/1	45	1	43	smNRPS-CB	5945	1517	1559	100	1.82e-12
I85_1_FC30VW3AAXX:7:70:653:66/1	43	1	43	smNRPS-CB	5945	2742	2784	100	1.82e-12
I85_1_FC30VW3AAXX:7:59:1353:1077/1	44	44	1	smNRPS-CB	5945	802	845	100	5.05e-13
I85_1_FC30VW3AAXX:7:84:431:1444/2	44	44	1	smNRPS-CB	5945	3004	3047	100	5.05e-13
I85_1_FC30VW3AAXX:7:34:854:1064/2	48	48	1	smNRPS-CB	5945	2012	2059	97.917	1.4e-13
I80_1_FC30VGAAAXX:6:63:758:1757/1	51	1	51	smNRPS-CB	5945	1344	1394	96.078	1.4e-13
I85_1_FC30VW3AAXX:7:59:856:555/1	46	46	1	smNRPS-CB	5945	910	955	100	3.9e-14
I85_1_FC30VW3AAXX:7:64:1168:1019/1	49	49	1	smNRPS-CB	5945	81	129	97.959	3.9e-14
I80_1_FC30VGAAAXX:6:33:1634:866/2	55	1	55	smNRPS-CB	5945	1416	1470	96.364	8.39e-16
I80_1_FC30VGAAAXX:6:41:1541:1195/2	49	1	49	smNRPS-CB	5945	2534	2582	100	8.39e-16
I80_1_FC30VGAAAXX:6:66:597:393/1	49	1	49	smNRPS-CB	5945	640	688	100	8.39e-16
I80_1_FC30VGAAAXX:6:70:454:626/1	55	1	55	smNRPS-CB	5945	5016	5070	96.364	8.39e-16
I80_1_FC30VGAAAXX:6:94:1074:687/2	49	49	1	smNRPS-CB	5945	1898	1946	100	8.39e-16
I80_1_FC30VGAAAXX:6:97:386:76/1	49	1	49	smNRPS-CB	5945	1623	1671	100	8.39e-16
I85_1_FC30VW3AAXX:7:65:1028:525/1	49	49	1	smNRPS-CB	5945	319	367	100	8.39e-16
I80_1_FC30VGAAAXX:6:57:1370:1380/1	52	1	52	smNRPS-CB	5945	5851	5902	98.077	8.39e-16
I80_1_FC30VGAAAXX:6:6:265:1309/2	50	50	1	smNRPS-CB	5945	1624	1673	100	2.33e-16
I80_1_FC30VGAAAXX:6:40:742:600/1	50	50	1	smNRPS-CB	5945	5537	5586	100	2.33e-16
I80_1_FC30VGAAAXX:6:53:1572:1560/2	50	1	50	smNRPS-CB	5945	5819	5868	100	2.33e-16
I80_1_FC30VGAAAXX:6:53:1574:1559/2	50	1	50	smNRPS-CB	5945	5819	5868	100	2.33e-16
I80_1_FC30VGAAAXX:6:66:1464:421/2	53	1	53	smNRPS-CB	5945	1545	1597	98.113	2.33e-16
I80_1_FC30VGAAAXX:6:79:14:1768/2	53	1	53	smNRPS-CB	5945	4140	4192	98.113	2.33e-16
I80_1_FC30VGAAAXX:6:5:349:1961/2	56	1	53	smNRPS-CB	5945	5355	5407	98.113	6.49e-17
I80_1_FC30VGAAAXX:6:48:425:33/2	51	1	51	smNRPS-CB	5945	2760	2810	100	6.49e-17
I80_1_FC30VGAAAXX:6:67:435:907/1	51	1	51	smNRPS-CB	5945	5357	5407	100	6.49e-17
I80_1_FC30VGAAAXX:6:75:1277:1813/1	54	1	54	smNRPS-CB	5945	313	366	98.148	6.49e-17
I80_1_FC30VGAAAXX:6:82:1049:1324/2	53	1	51	smNRPS-CB	5945	5357	5407	100	6.49e-17
I80_1_FC30VGAAAXX:6:27:1513:69/2	58	55	1	smNRPS-CB	5945	2006	2060	98.182	1.8e-17
I80_1_FC30VGAAAXX:6:74:1660:53/1	55	1	55	smNRPS-CB	5945	2612	2666	98.182	1.8e-17
I80_1_FC30VGAAAXX:6:27:1717:1768/2	53	53	1	smNRPS-CB	5945	1720	1772	100	5.01e-18
I80_1_FC30VGAAAXX:6:37:416:206/2	53	1	53	smNRPS-CB	5945	2760	2812	100	5.01e-18
I80_1_FC30VGAAAXX:6:42:852:1403/1	57	1	57	smNRPS-CB	5945	443	499	98.246	1.39e-18
I80_1_FC30VGAAAXX:6:52:689:135/2	62	62	1	smNRPS-CB	5945	5297	5360	95.312	1.39e-18
I80_1_FC30VGAAAXX:6:55:771:1460/1	60	60	1	smNRPS-CB	5945	2277	2336	96.667	1.39e-18
I80_1_FC30VGAAAXX:6:37:1124:158/1	60	58	1	smNRPS-CB	5945	1931	1988	98.276	3.88e-19
I80_1_FC30VGAAAXX:6:42:490:1238/2	55	1	55	smNRPS-CB	5945	2534	2588	100	3.88e-19
I80_1_FC30VGAAAXX:6:59:1248:253/1	61	61	1	smNRPS-CB	5945	1843	1903	96.721	3.88e-19
I80_1_FC30VGAAAXX:6:12:1155:61/1	62	1	62	smNRPS-CB	5945	4562	4623	96.774	1.08e-19
I80_1_FC30VGAAAXX:6:27:1513:69/1	56	1	56	smNRPS-CB	5945	1694	1749	100	1.08e-19
I80_1_FC30VGAAAXX:6:53:1387:1153/1	59	1	59	smNRPS-CB	5945	1332	1390	98.305	1.08e-19
I80_1_FC30VGAAAXX:6:65:518:272/1	57	57	1	smNRPS-CB	5945	2235	2291	100	3e-20
I80_1_FC30VGAAAXX:6:15:1155:1852/1	61	1	61	smNRPS-CB	5945	5385	5445	98.361	8.33e-21
I80_1_FC30VGAAAXX:6:43:402:469/1	58	58	1	smNRPS-CB	5945	5529	5586	100	8.33e-21
I80_1_FC30VGAAAXX:6:56:1341:497/1	58	58	1	smNRPS-CB	5945	311	368	100	8.33e-21
I80_1_FC30VGAAAXX:6:77:1029:1237/1	64	64	1	smNRPS-CB	5945	5673	5736	96.875	8.33e-21
I80_1_FC30VGAAAXX:6:84:794:1585/1	58	1	58	smNRPS-CB	5945	2988	3045	100	8.33e-21
I80_1_FC30VGAAAXX:6:9:631:1414/1	59	59	1	smNRPS-CB	5945	815	873	100	2.32e-21
I80_1_FC30VGAAAXX:6:17:855:932/2	59	59	1	smNRPS-CB	5945	2993	3051	100	2.32e-21
I80_1_FC30VGAAAXX:6:53:1387:1153/2	59	59	1	smNRPS-CB	5945	1617	1675	100	2.32e-21
I80_1_FC30VGAAAXX:6:74:98:1540/1	67	65	1	smNRPS-CB	5945	278	342	96.923	2.32e-21
I80_1_FC30VGAAAXX:6:90:1122:854/2	68	68	1	smNRPS-CB	5945	5276	5343	95.588	2.32e-21
I80_1_FC30VGAAAXX:6:31:738:1644/1	66	66	1	smNRPS-CB	5945	3318	3383	96.97	6.44e-22
I80_1_FC30VGAAAXX:6:66:1464:421/1	66	66	1	smNRPS-CB	5945	1838	1903	96.97	6.44e-22
I80_1_FC30VGAAAXX:6:79:1182:1929/1	68	66	1	smNRPS-CB	5945	1931	1996	96.97	6.44e-22
I80_1_FC30VGAAAXX:6:92:412:1676/1	66	66	1	smNRPS-CB	5945	432	497	96.97	6.44e-22
I80_1_FC30VGAAAXX:6:28:915:513/2	67	67	1	smNRPS-CB	5945	5648	5714	97.015	1.79e-22
I80_1_FC30VGAAAXX:6:34:505:960/2	67	1	67	smNRPS-CB	5945	5188	5254	97.015	1.79e-22
I80_1_FC30VGAAAXX:6:62:453:1176/2	64	64	1	smNRPS-CB	5945	1634	1697	98.438	1.79e-22
I80_1_FC30VGAAAXX:6:62:1218:528/1	61	61	1	smNRPS-CB	5945	2276	2336	100	1.79e-22
I80_1_FC30VGAAAXX:6:71:1600:1469/2	64	1	64	smNRPS-CB	5945	1484	1547	98.438	1.79e-22
I80_1_FC30VGAAAXX:6:81:604:1843/1	70	70	1	smNRPS-CB	5945	3899	3968	95.714	1.79e-22
I80_1_FC30VGAAAXX:6:4:1373:578/1	70	1	70	smNRPS-CB	5945	5284	5355	95.833	4.98e-23
I80_1_FC30VGAAAXX:6:6:1309:657/2	69	5	69	smNRPS-CB	5945	5224	5288	98.462	4.98e-23
I80_1_FC30VGAAAXX:6:29:455:323/1	62	62	1	smNRPS-CB	5945	1969	2030	100	4.98e-23
I80_1_FC30VGAAAXX:6:67:435:907/2	70	65	1	smNRPS-CB	5945	5353	5417	98.462	4.98e-23
I80_1_FC30VGAAAXX:6:86:1556:1539/1	71	71	1	smNRPS-CB	5945	318	388	95.775	4.98e-23
I80_1_FC30VGAAAXX:6:94:373:1928/2	62	62	1	smNRPS-CB	5945	1887	1948	100	4.98e-23
I80_1_FC30VGAAAXX:6:94:440:1918/1	71	71	1	smNRPS-CB	5945	283	353	95.775	4.98e-23
I80_1_FC30VGAAAXX:6:94:1311:1470/2	62	62	1	smNRPS-CB	5945	1885	1946	100	4.98e-23
I80_1_FC30VGAAAXX:6:74:98:1540/2	71	9	71	smNRPS-CB	5945	1	63	100	1.38e-23
I80_1_FC30VGAAAXX:6:77:1100:1681/1	66	66	1	smNRPS-CB	5945	1951	2016	98.485	1.38e-23
I80_1_FC30VGAAAXX:6:94:1311:1470/1	63	1	63	smNRPS-CB	5945	1597	1659	100	1.38e-23
I80_1_FC30VGAAAXX:6:24:687:122/2	67	1	67	smNRPS-CB	5945	3260	3326	98.507	3.85e-24
I80_1_FC30VGAAAXX:6:70:454:626/2	64	64	1	smNRPS-CB	5945	5303	5366	100	3.85e-24
I80_1_FC30VGAAAXX:6:87:149:362/2	64	64	1	smNRPS-CB	5945	160	223	100	3.85e-24
I80_1_FC30VGAAAXX:6:88:102:1093/1	67	67	1	smNRPS-CB	5945	3014	3080	98.507	3.85e-24
I80_1_FC30VGAAAXX:6:92:1229:1348/1	70	70	1	smNRPS-CB	5945	5266	5335	97.143	3.85e-24
I80_1_FC30VGAAAXX:6:6:267:1309/2	65	65	1	smNRPS-CB	5945	1609	1673	100	1.07e-24
I80_1_FC30VGAAAXX:6:21:136:395/1	71	1	71	smNRPS-CB	5945	5142	5212	97.183	1.07e-24
I80_1_FC30VGAAAXX:6:23:1015:1113/1	68	65	1	smNRPS-CB	5945	4522	4586	100	1.07e-24
I80_1_FC30VGAAAXX:6:57:1084:1873/2	68	68	1	smNRPS-CB	5945	1567	1634	98.529	1.07e-24
I80_1_FC30VGAAAXX:6:63:1391:1341/2	68	68	1	smNRPS-CB	5945	97	164	98.529	1.07e-24
I80_1_FC30VGAAAXX:6:71:487:324/2	65	65	1	smNRPS-CB	5945	5302	5366	100	1.07e-24
I80_1_FC30VGAAAXX:6:99:866:845/2	71	1	68	smNRPS-CB	5945	5153	5220	98.529	1.07e-24
I80_1_FC30VGAAAXX:6:54:723:478/1	69	69	1	smNRPS-CB	5945	43	111	98.551	2.98e-25
I80_1_FC30VGAAAXX:6:88:515:1352/2	69	69	1	smNRPS-CB	5945	154	222	98.551	2.98e-25
I80_1_FC30VGAAAXX:6:17:1004:1880/2	70	1	70	smNRPS-CB	5945	1678	1747	98.571	8.27e-26
I80_1_FC30VGAAAXX:6:98:344:1923/2	70	70	1	smNRPS-CB	5945	46	115	98.571	8.27e-26
I80_1_FC30VGAAAXX:6:63:758:1757/2	71	71	1	smNRPS-CB	5945	1627	1697	98.592	2.3e-26
I80_1_FC30VGAAAXX:6:17:855:932/1	69	1	69	smNRPS-CB	5945	2977	3045	100	6.39e-27
I80_1_FC30VGAAAXX:6:50:1696:1267/2	69	1	69	smNRPS-CB	5945	1723	1791	100	6.39e-27
I80_1_FC30VGAAAXX:6:94:373:1928/1	69	1	69	smNRPS-CB	5945	1585	1653	100	6.39e-27
I80_1_FC30VGAAAXX:6:94:1074:687/1	69	1	69	smNRPS-CB	5945	1597	1665	100	6.39e-27
I80_1_FC30VGAAAXX:6:5:1378:1954/1	70	1	70	smNRPS-CB	5945	5283	5352	100	1.78e-27
I80_1_FC30VGAAAXX:6:94:1159:1694/2	70	70	1	smNRPS-CB	5945	1601	1670	100	1.78e-27
I80_1_FC30VGAAAXX:6:25:110:1853/1	71	1	71	smNRPS-CB	5945	5810	5880	100	4.94e-28
I80_1_FC30VGAAAXX:6:50:1698:1268/2	71	1	71	smNRPS-CB	5945	1723	1793	100	4.94e-28
I80_1_FC30VGAAAXX:6:86:113:1469/2	71	1	71	smNRPS-CB	5945	768	838	100	4.94e-28
I80_1_FC30VGAAAXX:6:92:974:757/1	71	71	1	smNRPS-CB	5945	4525	4595	100	4.94e-28
