FC61KF5AAXX:3:16:17175:14594#0/1	48	48	1	smNRPS-CB	5945	4164	4211	97.917	6.3e-13
FC61KF5AAXX:3:102:10820:15716#0/1	63	63	1	smNRPS-CB	5945	4058	4120	98.413	2.89e-21
FC61KF5AAXX:3:101:14453:19899#0/2	60	1	60	smNRPS-CB	5945	1202	1261	100	2.89e-21
FC61KF5AAXX:3:48:3193:9871#0/1	67	67	6	smNRPS-CB	5945	4811	4872	100	2.23e-22
FC61KF5AAXX:3:94:10471:19744#0/1	73	73	1	smNRPS-CB	5945	4927	4999	97.26	3.71e-25
FC61KF5AAXX:3:110:8466:18473#0/1	73	1	73	smNRPS-CB	5945	3864	3936	97.26	3.71e-25
FC61KF5AAXX:3:16:17175:14594#0/2	72	1	72	smNRPS-CB	5945	3889	3960	98.611	2.87e-26
FC61KF5AAXX:3:58:14874:8094#0/2	72	69	1	smNRPS-CB	5945	3150	3218	100	2.87e-26
FC61KF5AAXX:3:75:10686:19285#0/2	72	72	1	smNRPS-CB	5945	1551	1622	98.611	2.87e-26
FC61KF5AAXX:3:22:5655:18160#0/1	73	1	73	smNRPS-CB	5945	3537	3609	98.63	7.98e-27
FC61KF5AAXX:3:42:3350:18723#0/2	71	71	1	smNRPS-CB	5945	5548	5618	100	2.22e-27
FC61KF5AAXX:3:22:5655:18160#0/2	72	72	1	smNRPS-CB	5945	3788	3859	100	6.17e-28
FC61KF5AAXX:3:28:13991:5037#0/2	72	72	1	smNRPS-CB	5945	2412	2483	100	6.17e-28
FC61KF5AAXX:3:48:3193:9871#0/2	72	1	72	smNRPS-CB	5945	4557	4628	100	6.17e-28
FC61KF5AAXX:3:66:10079:6578#0/2	72	72	1	smNRPS-CB	5945	1897	1968	100	6.17e-28
FC61KF5AAXX:3:67:4537:4639#0/2	72	1	72	smNRPS-CB	5945	1977	2048	100	6.17e-28
FC61KF5AAXX:3:75:10686:19285#0/1	72	1	72	smNRPS-CB	5945	1298	1369	100	6.17e-28
FC61KF5AAXX:3:94:10471:19744#0/2	72	1	72	smNRPS-CB	5945	4682	4753	100	6.17e-28
FC61KF5AAXX:3:102:10820:15716#0/2	72	1	72	smNRPS-CB	5945	3787	3858	100	6.17e-28
FC61KF5AAXX:3:110:8466:18473#0/2	72	72	1	smNRPS-CB	5945	4127	4198	100	6.17e-28
FC61KF5AAXX:3:118:11114:19344#0/2	72	1	72	smNRPS-CB	5945	510	581	100	6.17e-28
FC61KE4AAXX:4:36:16328:16948#GATCAG/2	72	72	1	smNRPS-CB	5945	2734	2805	100	6.17e-28
FC61KF5AAXX:3:28:13991:5037#0/1	73	1	73	smNRPS-CB	5945	2164	2236	100	1.72e-28
FC61KF5AAXX:3:42:3350:18723#0/1	73	1	73	smNRPS-CB	5945	5305	5377	100	1.72e-28
FC61KF5AAXX:3:58:14874:8094#0/1	73	1	73	smNRPS-CB	5945	2905	2977	100	1.72e-28
FC61KF5AAXX:3:66:10079:6578#0/1	73	1	73	smNRPS-CB	5945	1653	1725	100	1.72e-28
FC61KF5AAXX:3:67:4537:4639#0/1	73	73	1	smNRPS-CB	5945	2213	2285	100	1.72e-28
FC61KF5AAXX:3:118:11114:19344#0/1	73	73	1	smNRPS-CB	5945	777	849	100	1.72e-28
