A206BNABXX:4:44:21421:134343#TAGCTTAT/2	40	1	40	smNRPS-CC	5875	4536	4575	100	7.77e-10
B201TPABXX:3:4:8217:113528#TAGCTTAT/2	45	1	45	smNRPS-CC	5875	652	696	100	1.29e-12
B201TPABXX:3:66:3004:88335#TAGCTTAT/2	45	1	45	smNRPS-CC	5875	652	696	100	1.29e-12
A206BNABXX:4:66:6823:184303#TAGCTTAT/2	45	45	1	smNRPS-CC	5875	2284	2328	100	1.29e-12
A206BNABXX:4:68:15662:70443#TAGCTTAT/1	50	50	1	smNRPS-CC	5875	5343	5392	98	9.98e-14
A206BNABXX:4:65:13003:175943#TAGCTTAT/1	47	1	47	smNRPS-CC	5875	1873	1919	100	9.98e-14
B201TPABXX:3:47:15183:166746#TAGCTTAT/2	51	51	1	smNRPS-CC	5875	5540	5590	98.039	2.77e-14
B201TPABXX:3:61:13417:99392#TAGCTTAT/1	49	49	1	smNRPS-CC	5875	3382	3430	100	7.71e-15
A206BNABXX:4:44:18418:118635#TAGCTTAT/2	49	1	49	smNRPS-CC	5875	1858	1906	100	7.71e-15
B201TPABXX:3:63:19695:57813#TAGCTTAT/2	50	1	50	smNRPS-CC	5875	647	696	100	2.14e-15
A206BNABXX:4:43:8411:175768#TAGCTTAT/1	53	53	1	smNRPS-CC	5875	5564	5616	98.113	2.14e-15
B201TPABXX:3:26:15452:127580#TAGCTTAT/1	51	1	51	smNRPS-CC	5875	1085	1135	100	5.96e-16
A206BNABXX:4:45:5870:9881#TAGCTTAT/2	54	1	54	smNRPS-CC	5875	2154	2207	98.148	5.96e-16
A206BNABXX:4:66:9865:181488#TAGCTTAT/2	51	1	51	smNRPS-CC	5875	1122	1172	100	5.96e-16
A206BNABXX:4:24:15091:68564#TAGCTTAT/1	58	1	58	smNRPS-CC	5875	4315	4373	96.61	1.66e-16
A206BNABXX:4:61:15215:124804#TAGCTTAT/1	55	1	55	smNRPS-CC	5875	2723	2777	98.182	1.66e-16
B201TPABXX:3:62:9909:154315#TAGCTTAT/2	56	1	56	smNRPS-CC	5875	2360	2415	98.214	4.61e-17
A206BNABXX:4:42:21112:140679#TAGCTTAT/2	57	1	57	smNRPS-CC	5875	5285	5341	98.246	1.28e-17
B201TPABXX:3:7:3809:129794#TAGCTTAT/2	59	1	59	smNRPS-CC	5875	5569	5627	98.305	9.91e-19
A206BNABXX:4:24:15091:68564#TAGCTTAT/2	56	56	1	smNRPS-CC	5875	4569	4624	100	9.91e-19
A206BNABXX:4:24:21200:71074#TAGCTTAT/2	56	1	56	smNRPS-CC	5875	16	71	100	9.91e-19
A206BNABXX:4:42:8441:31064#TAGCTTAT/1	62	62	1	smNRPS-CC	5875	2772	2833	96.774	9.91e-19
B201TPABXX:3:22:2866:102180#TAGCTTAT/1	59	1	57	smNRPS-CC	5875	3946	4002	100	2.75e-19
A206BNABXX:4:7:17513:190682#TAGCTTAT/1	60	1	60	smNRPS-CC	5875	2148	2207	98.333	2.75e-19
A206BNABXX:4:46:11398:23614#TAGCTTAT/2	87	1	58	smNRPS-CC	5875	5818	5875	100	7.66e-20
B201TPABXX:3:44:10113:77586#TAGCTTAT/2	62	1	62	smNRPS-CC	5875	2929	2990	98.387	2.13e-20
B201TPABXX:3:45:8932:69932#TAGCTTAT/2	62	62	1	smNRPS-CC	5875	5573	5634	98.387	2.13e-20
A206BNABXX:4:6:1414:152701#TAGCTTAT/2	59	1	59	smNRPS-CC	5875	4028	4086	100	2.13e-20
A206BNABXX:4:44:21421:134343#TAGCTTAT/1	65	65	1	smNRPS-CC	5875	4799	4863	96.923	2.13e-20
B201TPABXX:3:28:6807:88847#TAGCTTAT/2	63	1	63	smNRPS-CC	5875	2950	3012	98.413	5.92e-21
A206BNABXX:4:6:15856:50224#TAGCTTAT/1	65	65	1	smNRPS-CC	5875	5567	5631	98.462	4.58e-22
A206BNABXX:4:23:6337:185546#TAGCTTAT/1	65	65	1	smNRPS-CC	5875	2857	2921	98.462	4.58e-22
A206BNABXX:4:27:5864:37619#TAGCTTAT/2	62	1	62	smNRPS-CC	5875	2195	2256	100	4.58e-22
A206BNABXX:4:61:13728:19740#TAGCTTAT/1	65	1	62	smNRPS-CC	5875	1586	1647	100	4.58e-22
A206BNABXX:4:63:12846:142726#TAGCTTAT/1	65	1	65	smNRPS-CC	5875	1190	1254	98.462	4.58e-22
A206BNABXX:4:68:12657:49553#TAGCTTAT/1	62	1	62	smNRPS-CC	5875	168	229	100	4.58e-22
B201TPABXX:3:48:2197:96215#TAGCTTAT/2	63	63	1	smNRPS-CC	5875	5023	5085	100	1.27e-22
B201TPABXX:3:28:17322:43875#TAGCTTAT/2	70	70	1	smNRPS-CC	5875	955	1024	97.143	3.54e-23
A206BNABXX:4:24:19580:32403#TAGCTTAT/2	69	67	1	smNRPS-CC	5875	395	461	98.507	3.54e-23
A206BNABXX:4:41:17611:13194#TAGCTTAT/2	67	1	67	smNRPS-CC	5875	4505	4571	98.507	3.54e-23
A206BNABXX:4:42:2169:158572#TAGCTTAT/1	64	1	64	smNRPS-CC	5875	24	87	100	3.54e-23
A206BNABXX:4:47:2473:170909#TAGCTTAT/2	67	1	67	smNRPS-CC	5875	3047	3113	98.507	3.54e-23
A206BNABXX:4:67:11395:13733#TAGCTTAT/1	70	1	70	smNRPS-CC	5875	4719	4788	97.143	3.54e-23
A206BNABXX:4:61:20276:102256#TAGCTTAT/1	64	1	64	smNRPS-CC	5875	632	695	100	3.54e-23
B201TPABXX:3:28:17322:43875#TAGCTTAT/1	75	1	75	smNRPS-CC	5875	716	789	96	9.84e-24
A206BNABXX:4:23:11449:81938#TAGCTTAT/1	65	65	1	smNRPS-CC	5875	1900	1964	100	9.84e-24
B201TPABXX:3:4:12031:25645#TAGCTTAT/1	65	65	1	smNRPS-CC	5875	3257	3321	100	9.84e-24
A206BNABXX:4:5:14340:63784#TAGCTTAT/2	70	1	70	smNRPS-CC	5875	4661	4730	98.571	7.6e-25
A206BNABXX:4:28:6757:58110#TAGCTTAT/1	70	70	1	smNRPS-CC	5875	5403	5472	98.571	7.6e-25
A206BNABXX:4:47:10780:160931#TAGCTTAT/2	73	1	73	smNRPS-CC	5875	2771	2843	97.26	7.6e-25
B201TPABXX:3:8:14620:187979#TAGCTTAT/1	71	1	71	smNRPS-CC	5875	2409	2479	98.592	2.11e-25
A206BNABXX:4:1:6711:44261#TAGCTTAT/2	71	1	71	smNRPS-CC	5875	1184	1254	98.592	2.11e-25
A206BNABXX:4:41:7063:153278#TAGCTTAT/2	70	70	2	smNRPS-CC	5875	4351	4419	100	5.88e-26
A206BNABXX:4:47:10780:160931#TAGCTTAT/1	72	72	1	smNRPS-CC	5875	3029	3100	98.611	5.88e-26
B201TPABXX:3:1:11246:73817#TAGCTTAT/2	70	70	1	smNRPS-CC	5875	275	344	100	1.63e-26
B201TPABXX:3:28:16012:20319#TAGCTTAT/2	76	1	76	smNRPS-CC	5875	434	509	97.368	1.63e-26
A206BNABXX:4:46:19860:178298#TAGCTTAT/1	85	1	70	smNRPS-CC	5875	5806	5875	100	1.63e-26
B201TPABXX:3:6:15639:42864#TAGCTTAT/1	85	1	71	smNRPS-CC	5875	5805	5875	100	4.54e-27
B201TPABXX:3:26:10238:182003#TAGCTTAT/2	77	1	74	smNRPS-CC	5875	1181	1254	98.649	4.54e-27
B201TPABXX:3:7:3809:129794#TAGCTTAT/1	85	85	8	smNRPS-CC	5875	5798	5875	97.436	1.26e-27
B201TPABXX:3:8:10001:25962#TAGCTTAT/2	87	84	1	smNRPS-CC	5875	2068	2151	95.238	1.26e-27
A206BNABXX:4:47:7490:125428#TAGCTTAT/1	75	75	1	smNRPS-CC	5875	1849	1923	98.667	1.26e-27
A206BNABXX:4:64:7989:148406#TAGCTTAT/2	79	1	79	smNRPS-CC	5875	690	767	97.468	1.26e-27
A206BNABXX:4:68:3211:73249#TAGCTTAT/1	78	78	1	smNRPS-CC	5875	2290	2367	97.436	1.26e-27
B201TPABXX:3:22:12230:16674#TAGCTTAT/1	73	1	73	smNRPS-CC	5875	2179	2251	100	3.51e-28
B201TPABXX:3:61:3894:175230#TAGCTTAT/1	85	1	85	smNRPS-CC	5875	5549	5633	95.294	3.51e-28
A206BNABXX:4:4:10225:42350#TAGCTTAT/1	85	85	1	smNRPS-CC	5875	2330	2414	95.294	3.51e-28
A206BNABXX:4:7:17957:146733#TAGCTTAT/1	81	81	1	smNRPS-CC	5875	590	672	96.386	3.51e-28
A206BNABXX:4:65:17846:82796#TAGCTTAT/1	85	85	1	smNRPS-CC	5875	4670	4754	95.294	3.51e-28
A206BNABXX:4:65:17846:82796#TAGCTTAT/2	85	1	85	smNRPS-CC	5875	4442	4526	95.294	3.51e-28
B201TPABXX:3:5:16675:195777#TAGCTTAT/1	77	1	77	smNRPS-CC	5875	936	1012	98.701	9.77e-29
B201TPABXX:3:45:19215:55888#TAGCTTAT/1	80	80	1	smNRPS-CC	5875	4851	4930	97.5	9.77e-29
B201TPABXX:3:45:19215:55888#TAGCTTAT/2	77	1	77	smNRPS-CC	5875	4626	4702	98.701	9.77e-29
A206BNABXX:4:28:6328:73891#TAGCTTAT/1	83	1	83	smNRPS-CC	5875	4437	4519	96.386	9.77e-29
A206BNABXX:4:41:17611:13194#TAGCTTAT/1	79	79	6	smNRPS-CC	5875	4752	4825	100	9.77e-29
A206BNABXX:4:48:9970:34825#TAGCTTAT/2	77	1	77	smNRPS-CC	5875	4208	4284	98.701	9.77e-29
A206BNABXX:4:67:13646:170734#TAGCTTAT/2	77	1	77	smNRPS-CC	5875	2929	3005	98.701	9.77e-29
B201TPABXX:3:4:14551:90550#TAGCTTAT/2	87	87	1	smNRPS-CC	5875	2627	2713	95.402	2.72e-29
B201TPABXX:3:47:15204:147976#TAGCTTAT/2	81	1	81	smNRPS-CC	5875	5216	5296	97.531	2.72e-29
A206BNABXX:4:7:17957:146733#TAGCTTAT/2	78	1	78	smNRPS-CC	5875	366	443	98.718	2.72e-29
A206BNABXX:4:21:11926:6458#TAGCTTAT/1	85	85	1	smNRPS-CC	5875	715	798	96.471	2.72e-29
B201TPABXX:3:6:16259:46466#TAGCTTAT/2	76	76	1	smNRPS-CC	5875	284	359	100	7.55e-30
B201TPABXX:3:8:14620:187979#TAGCTTAT/2	79	79	1	smNRPS-CC	5875	2623	2701	98.734	7.55e-30
A206BNABXX:4:26:4728:39436#TAGCTTAT/1	85	85	1	smNRPS-CC	5875	5304	5388	96.471	7.55e-30
A206BNABXX:4:27:6208:150989#TAGCTTAT/1	85	85	1	smNRPS-CC	5875	4293	4378	96.512	7.55e-30
A206BNABXX:4:28:6757:58110#TAGCTTAT/2	76	1	76	smNRPS-CC	5875	5168	5243	100	7.55e-30
A206BNABXX:4:44:18418:118635#TAGCTTAT/1	79	79	1	smNRPS-CC	5875	2100	2178	98.734	7.55e-30
A206BNABXX:4:46:4675:45223#TAGCTTAT/2	82	82	1	smNRPS-CC	5875	4870	4951	97.561	7.55e-30
B201TPABXX:3:22:5053:141900#TAGCTTAT/1	85	1	85	smNRPS-CC	5875	570	656	96.552	2.1000000000000002e-30
A206BNABXX:4:2:4848:145717#TAGCTTAT/1	80	80	1	smNRPS-CC	5875	3596	3675	98.75	2.1000000000000002e-30
A206BNABXX:4:5:14340:63784#TAGCTTAT/1	80	80	1	smNRPS-CC	5875	4903	4982	98.75	2.1000000000000002e-30
A206BNABXX:4:64:7801:66531#TAGCTTAT/1	80	1	80	smNRPS-CC	5875	3561	3640	98.75	2.1000000000000002e-30
A206BNABXX:4:66:1318:120118#TAGCTTAT/2	77	77	1	smNRPS-CC	5875	5604	5680	100	2.1000000000000002e-30
B201TPABXX:3:21:5445:48348#TAGCTTAT/1	81	1	81	smNRPS-CC	5875	5114	5194	98.765	5.84e-31
B201TPABXX:3:43:2268:48353#TAGCTTAT/2	81	1	81	smNRPS-CC	5875	5737	5817	98.765	5.84e-31
B201TPABXX:3:44:16537:11355#TAGCTTAT/2	87	1	87	smNRPS-CC	5875	4274	4361	96.591	5.84e-31
B201TPABXX:3:68:7558:181282#TAGCTTAT/1	84	1	84	smNRPS-CC	5875	3856	3939	97.619	5.84e-31
A206BNABXX:4:28:6914:37744#TAGCTTAT/2	87	1	87	smNRPS-CC	5875	3653	3739	96.552	5.84e-31
A206BNABXX:4:28:4430:125051#TAGCTTAT/2	87	87	1	smNRPS-CC	5875	5314	5400	96.552	5.84e-31
A206BNABXX:4:68:3211:73249#TAGCTTAT/2	87	7	87	smNRPS-CC	5875	2224	2304	98.765	5.84e-31
B201TPABXX:3:6:17283:49128#TAGCTTAT/1	85	82	1	smNRPS-CC	5875	2757	2838	98.78	1.62e-31
B201TPABXX:3:7:18905:170471#TAGCTTAT/1	85	1	85	smNRPS-CC	5875	4176	4260	97.647	1.62e-31
B201TPABXX:3:26:10238:182003#TAGCTTAT/1	85	85	1	smNRPS-CC	5875	1662	1746	97.647	1.62e-31
B201TPABXX:3:27:9878:130484#TAGCTTAT/2	87	1	87	smNRPS-CC	5875	558	646	96.629	1.62e-31
B201TPABXX:3:44:6174:30218#TAGCTTAT/1	85	85	1	smNRPS-CC	5875	4339	4424	97.674	1.62e-31
B201TPABXX:3:44:8382:56989#TAGCTTAT/1	85	85	1	smNRPS-CC	5875	4244	4328	97.647	1.62e-31
B201TPABXX:3:45:19280:156388#TAGCTTAT/1	85	82	1	smNRPS-CC	5875	4726	4807	98.78	1.62e-31
B201TPABXX:3:47:15017:31422#TAGCTTAT/1	85	1	85	smNRPS-CC	5875	1549	1633	97.647	1.62e-31
B201TPABXX:3:47:15183:166746#TAGCTTAT/1	85	1	85	smNRPS-CC	5875	5270	5354	97.647	1.62e-31
B201TPABXX:3:62:10764:164729#TAGCTTAT/1	85	85	1	smNRPS-CC	5875	4304	4389	97.674	1.62e-31
B201TPABXX:3:65:17834:11326#TAGCTTAT/1	85	85	1	smNRPS-CC	5875	3580	3664	97.647	1.62e-31
B201TPABXX:3:67:13570:12017#TAGCTTAT/1	85	85	1	smNRPS-CC	5875	4684	4768	97.647	1.62e-31
A206BNABXX:4:6:12525:150633#TAGCTTAT/1	85	85	1	smNRPS-CC	5875	3671	3755	97.647	1.62e-31
A206BNABXX:4:6:1414:152701#TAGCTTAT/1	85	85	1	smNRPS-CC	5875	4258	4342	97.647	1.62e-31
A206BNABXX:4:22:6618:1296#TAGCTTAT/1	85	1	85	smNRPS-CC	5875	2873	2957	97.647	1.62e-31
A206BNABXX:4:23:10960:112139#TAGCTTAT/2	82	1	82	smNRPS-CC	5875	5583	5664	98.78	1.62e-31
A206BNABXX:4:26:16164:19624#TAGCTTAT/2	82	1	82	smNRPS-CC	5875	2719	2800	98.78	1.62e-31
A206BNABXX:4:27:18474:112312#TAGCTTAT/2	79	1	79	smNRPS-CC	5875	2075	2153	100	1.62e-31
A206BNABXX:4:28:6914:37744#TAGCTTAT/1	85	85	1	smNRPS-CC	5875	3886	3970	97.647	1.62e-31
A206BNABXX:4:44:3371:8892#TAGCTTAT/1	85	85	1	smNRPS-CC	5875	5272	5356	97.647	1.62e-31
A206BNABXX:4:45:5870:9881#TAGCTTAT/1	85	85	1	smNRPS-CC	5875	2397	2481	97.647	1.62e-31
A206BNABXX:4:67:15211:115496#TAGCTTAT/1	85	85	1	smNRPS-CC	5875	5322	5406	97.647	1.62e-31
A206BNABXX:4:68:9622:33587#TAGCTTAT/1	85	85	1	smNRPS-CC	5875	5753	5837	97.647	1.62e-31
B201TPABXX:3:44:13289:137521#TAGCTTAT/1	85	1	85	smNRPS-CC	5875	5326	5410	97.647	1.62e-31
B201TPABXX:3:3:10030:199507#TAGCTTAT/1	80	80	1	smNRPS-CC	5875	644	723	100	4.51e-32
B201TPABXX:3:7:14858:41834#TAGCTTAT/1	80	1	80	smNRPS-CC	5875	63	142	100	4.51e-32
B201TPABXX:3:26:16169:191201#TAGCTTAT/1	85	3	85	smNRPS-CC	5875	4829	4911	98.795	4.51e-32
B201TPABXX:3:41:8846:186943#TAGCTTAT/1	85	85	1	smNRPS-CC	5875	626	712	97.701	4.51e-32
B201TPABXX:3:64:5367:144174#TAGCTTAT/1	80	80	1	smNRPS-CC	5875	3820	3899	100	4.51e-32
A206BNABXX:4:47:7811:175145#TAGCTTAT/1	80	1	80	smNRPS-CC	5875	5146	5225	100	4.51e-32
B201TPABXX:3:1:7141:184811#TAGCTTAT/1	84	1	84	smNRPS-CC	5875	3422	3505	98.81	1.25e-32
B201TPABXX:3:1:7141:184811#TAGCTTAT/2	87	87	1	smNRPS-CC	5875	3624	3710	97.701	1.25e-32
B201TPABXX:3:3:17768:46949#TAGCTTAT/2	87	1	87	smNRPS-CC	5875	5537	5623	97.701	1.25e-32
B201TPABXX:3:26:5657:76467#TAGCTTAT/2	87	87	1	smNRPS-CC	5875	3666	3752	97.701	1.25e-32
B201TPABXX:3:45:17959:14147#TAGCTTAT/1	84	1	84	smNRPS-CC	5875	5197	5280	98.81	1.25e-32
B201TPABXX:3:45:17959:14147#TAGCTTAT/2	81	81	1	smNRPS-CC	5875	5433	5513	100	1.25e-32
B201TPABXX:3:47:20276:188319#TAGCTTAT/2	81	1	81	smNRPS-CC	5875	402	482	100	1.25e-32
B201TPABXX:3:48:7905:29657#TAGCTTAT/2	87	1	84	smNRPS-CC	5875	5515	5598	98.81	1.25e-32
B201TPABXX:3:65:3781:195819#TAGCTTAT/2	87	1	87	smNRPS-CC	5875	5365	5451	97.701	1.25e-32
B201TPABXX:3:68:10989:12580#TAGCTTAT/2	87	87	1	smNRPS-CC	5875	2877	2963	97.701	1.25e-32
A206BNABXX:4:4:9671:14086#TAGCTTAT/2	87	1	87	smNRPS-CC	5875	4786	4872	97.701	1.25e-32
A206BNABXX:4:7:17513:190682#TAGCTTAT/2	87	87	1	smNRPS-CC	5875	2382	2468	97.701	1.25e-32
A206BNABXX:4:8:9781:166240#TAGCTTAT/2	87	87	1	smNRPS-CC	5875	1189	1275	97.701	1.25e-32
A206BNABXX:4:23:11449:81938#TAGCTTAT/2	87	1	87	smNRPS-CC	5875	1655	1741	97.701	1.25e-32
A206BNABXX:4:47:2473:170909#TAGCTTAT/1	81	81	1	smNRPS-CC	5875	3275	3355	100	1.25e-32
A206BNABXX:4:48:11462:49315#TAGCTTAT/1	84	84	1	smNRPS-CC	5875	151	234	98.81	1.25e-32
A206BNABXX:4:68:9622:33587#TAGCTTAT/2	87	1	87	smNRPS-CC	5875	5541	5627	97.701	1.25e-32
B201TPABXX:3:47:11278:88292#TAGCTTAT/1	81	81	1	smNRPS-CC	5875	1992	2072	100	1.25e-32
B201TPABXX:3:2:19488:195783#TAGCTTAT/1	85	85	1	smNRPS-CC	5875	5329	5413	98.824	3.49e-33
B201TPABXX:3:2:19488:195783#TAGCTTAT/2	82	1	82	smNRPS-CC	5875	5111	5192	100	3.49e-33
B201TPABXX:3:3:17768:46949#TAGCTTAT/1	85	85	1	smNRPS-CC	5875	5748	5832	98.824	3.49e-33
B201TPABXX:3:4:9063:101203#TAGCTTAT/1	85	1	82	smNRPS-CC	5875	2507	2588	100	3.49e-33
B201TPABXX:3:8:9635:56371#TAGCTTAT/1	85	85	1	smNRPS-CC	5875	1791	1875	98.824	3.49e-33
B201TPABXX:3:24:6044:26550#TAGCTTAT/1	85	85	1	smNRPS-CC	5875	4231	4315	98.824	3.49e-33
B201TPABXX:3:24:4981:97402#TAGCTTAT/1	82	82	1	smNRPS-CC	5875	5	86	100	3.49e-33
B201TPABXX:3:24:6623:170996#TAGCTTAT/1	85	85	1	smNRPS-CC	5875	470	554	98.824	3.49e-33
B201TPABXX:3:26:5657:76467#TAGCTTAT/1	85	1	85	smNRPS-CC	5875	3448	3532	98.824	3.49e-33
B201TPABXX:3:28:6807:88847#TAGCTTAT/1	85	85	1	smNRPS-CC	5875	3171	3255	98.824	3.49e-33
B201TPABXX:3:41:15322:67751#TAGCTTAT/1	85	85	1	smNRPS-CC	5875	440	524	98.824	3.49e-33
B201TPABXX:3:42:14963:6936#TAGCTTAT/1	85	1	85	smNRPS-CC	5875	86	170	98.824	3.49e-33
B201TPABXX:3:45:8932:69932#TAGCTTAT/1	85	1	85	smNRPS-CC	5875	5327	5411	98.824	3.49e-33
B201TPABXX:3:47:20276:188319#TAGCTTAT/1	85	85	1	smNRPS-CC	5875	633	718	98.837	3.49e-33
B201TPABXX:3:48:7905:29657#TAGCTTAT/1	85	85	1	smNRPS-CC	5875	5724	5808	98.824	3.49e-33
B201TPABXX:3:61:3894:175230#TAGCTTAT/2	82	82	1	smNRPS-CC	5875	5793	5874	100	3.49e-33
B201TPABXX:3:62:9909:154315#TAGCTTAT/1	85	85	1	smNRPS-CC	5875	2596	2680	98.824	3.49e-33
B201TPABXX:3:65:17834:11326#TAGCTTAT/2	82	1	82	smNRPS-CC	5875	3343	3424	100	3.49e-33
B201TPABXX:3:65:17167:173274#TAGCTTAT/2	82	1	82	smNRPS-CC	5875	5165	5246	100	3.49e-33
B201TPABXX:3:68:10989:12580#TAGCTTAT/1	85	1	85	smNRPS-CC	5875	2697	2781	98.824	3.49e-33
B201TPABXX:3:68:2620:182323#TAGCTTAT/1	85	85	1	smNRPS-CC	5875	4598	4682	98.824	3.49e-33
A206BNABXX:4:3:11600:167567#TAGCTTAT/1	85	1	85	smNRPS-CC	5875	2770	2854	98.824	3.49e-33
A206BNABXX:4:3:17339:197165#TAGCTTAT/1	85	85	1	smNRPS-CC	5875	2990	3074	98.824	3.49e-33
A206BNABXX:4:4:17316:190504#TAGCTTAT/1	85	1	85	smNRPS-CC	5875	3022	3106	98.824	3.49e-33
A206BNABXX:4:5:13516:121349#TAGCTTAT/1	85	1	85	smNRPS-CC	5875	4223	4307	98.824	3.49e-33
A206BNABXX:4:21:13780:50230#TAGCTTAT/1	85	85	1	smNRPS-CC	5875	5778	5862	98.824	3.49e-33
A206BNABXX:4:21:1595:115292#TAGCTTAT/1	85	1	85	smNRPS-CC	5875	3209	3293	98.824	3.49e-33
A206BNABXX:4:27:18474:112312#TAGCTTAT/1	85	85	1	smNRPS-CC	5875	2314	2398	98.824	3.49e-33
A206BNABXX:4:42:7222:169371#TAGCTTAT/1	85	1	85	smNRPS-CC	5875	4223	4307	98.824	3.49e-33
A206BNABXX:4:45:12208:7371#TAGCTTAT/1	85	1	85	smNRPS-CC	5875	2287	2371	98.824	3.49e-33
A206BNABXX:4:46:4675:45223#TAGCTTAT/1	85	1	85	smNRPS-CC	5875	4635	4719	98.824	3.49e-33
A206BNABXX:4:47:11349:79395#TAGCTTAT/1	85	85	1	smNRPS-CC	5875	5390	5474	98.824	3.49e-33
A206BNABXX:4:47:16101:86675#TAGCTTAT/1	85	85	1	smNRPS-CC	5875	2636	2720	98.824	3.49e-33
A206BNABXX:4:48:16490:47983#TAGCTTAT/1	85	85	1	smNRPS-CC	5875	3594	3678	98.824	3.49e-33
A206BNABXX:4:48:17359:143450#TAGCTTAT/1	85	1	85	smNRPS-CC	5875	3806	3890	98.824	3.49e-33
A206BNABXX:4:48:20025:194045#TAGCTTAT/1	85	85	1	smNRPS-CC	5875	3589	3673	98.824	3.49e-33
A206BNABXX:4:61:11362:43908#TAGCTTAT/1	85	1	85	smNRPS-CC	5875	5502	5586	98.824	3.49e-33
A206BNABXX:4:63:2715:162302#TAGCTTAT/2	87	1	85	smNRPS-CC	5875	2608	2692	98.824	3.49e-33
A206BNABXX:4:65:1764:16466#TAGCTTAT/1	85	1	85	smNRPS-CC	5875	2575	2659	98.824	3.49e-33
A206BNABXX:4:67:6712:105383#TAGCTTAT/1	85	1	85	smNRPS-CC	5875	3052	3136	98.824	3.49e-33
A206BNABXX:4:67:13646:170734#TAGCTTAT/1	85	85	1	smNRPS-CC	5875	3169	3253	98.824	3.49e-33
A206BNABXX:4:68:8713:18184#TAGCTTAT/1	85	85	1	smNRPS-CC	5875	310	394	98.824	3.49e-33
A206BNABXX:4:5:17035:144885#TAGCTTAT/1	85	85	1	smNRPS-CC	5875	1206	1290	98.824	3.49e-33
B201TPABXX:3:1:11246:73817#TAGCTTAT/1	83	1	83	smNRPS-CC	5875	31	113	100	9.7e-34
B201TPABXX:3:4:9063:101203#TAGCTTAT/2	87	87	2	smNRPS-CC	5875	2727	2812	98.837	9.7e-34
A206BNABXX:4:2:10483:75211#TAGCTTAT/1	83	83	1	smNRPS-CC	5875	2494	2576	100	9.7e-34
A206BNABXX:4:27:5864:37619#TAGCTTAT/1	85	83	1	smNRPS-CC	5875	2425	2507	100	9.7e-34
A206BNABXX:4:42:8441:31064#TAGCTTAT/2	86	1	86	smNRPS-CC	5875	2535	2620	98.837	9.7e-34
A206BNABXX:4:63:2715:162302#TAGCTTAT/1	85	83	1	smNRPS-CC	5875	2814	2896	100	9.7e-34
A206BNABXX:4:64:7801:66531#TAGCTTAT/2	86	86	1	smNRPS-CC	5875	3798	3883	98.837	9.7e-34
A206BNABXX:4:68:16434:9711#TAGCTTAT/2	87	1	86	smNRPS-CC	5875	5790	5875	98.837	9.7e-34
B201TPABXX:3:3:10030:199507#TAGCTTAT/2	87	1	87	smNRPS-CC	5875	420	506	98.851	2.7e-34
B201TPABXX:3:5:16675:195777#TAGCTTAT/2	87	87	1	smNRPS-CC	5875	1159	1245	98.851	2.7e-34
B201TPABXX:3:6:17283:49128#TAGCTTAT/2	87	1	87	smNRPS-CC	5875	2537	2623	98.851	2.7e-34
B201TPABXX:3:6:9532:115814#TAGCTTAT/2	87	87	1	smNRPS-CC	5875	4733	4819	98.851	2.7e-34
B201TPABXX:3:7:14858:41834#TAGCTTAT/2	87	87	1	smNRPS-CC	5875	299	385	98.851	2.7e-34
B201TPABXX:3:21:5445:48348#TAGCTTAT/2	87	87	1	smNRPS-CC	5875	5320	5406	98.851	2.7e-34
B201TPABXX:3:22:2866:102180#TAGCTTAT/2	87	87	1	smNRPS-CC	5875	4173	4259	98.851	2.7e-34
B201TPABXX:3:24:6044:26550#TAGCTTAT/2	87	1	87	smNRPS-CC	5875	4004	4090	98.851	2.7e-34
B201TPABXX:3:27:5574:24385#TAGCTTAT/2	87	1	87	smNRPS-CC	5875	3027	3113	98.851	2.7e-34
B201TPABXX:3:28:16012:20319#TAGCTTAT/1	85	85	2	smNRPS-CC	5875	642	725	100	2.7e-34
B201TPABXX:3:44:6648:37982#TAGCTTAT/2	87	87	1	smNRPS-CC	5875	3209	3295	98.851	2.7e-34
B201TPABXX:3:44:8382:56989#TAGCTTAT/2	87	1	87	smNRPS-CC	5875	4005	4091	98.851	2.7e-34
B201TPABXX:3:61:12609:64234#TAGCTTAT/2	87	87	1	smNRPS-CC	5875	4358	4444	98.851	2.7e-34
B201TPABXX:3:64:5367:144174#TAGCTTAT/2	87	1	87	smNRPS-CC	5875	3596	3682	98.851	2.7e-34
B201TPABXX:3:65:17167:173274#TAGCTTAT/1	84	84	1	smNRPS-CC	5875	5396	5479	100	2.7e-34
B201TPABXX:3:68:2620:182323#TAGCTTAT/2	87	1	87	smNRPS-CC	5875	4378	4464	98.851	2.7e-34
A206BNABXX:4:3:11600:167567#TAGCTTAT/2	87	87	1	smNRPS-CC	5875	2992	3078	98.851	2.7e-34
A206BNABXX:4:3:17339:197165#TAGCTTAT/2	87	1	87	smNRPS-CC	5875	2993	3079	98.851	2.7e-34
A206BNABXX:4:4:17316:190504#TAGCTTAT/2	87	87	1	smNRPS-CC	5875	3203	3289	98.851	2.7e-34
A206BNABXX:4:6:15856:50224#TAGCTTAT/2	87	1	87	smNRPS-CC	5875	5310	5396	98.851	2.7e-34
A206BNABXX:4:6:12525:150633#TAGCTTAT/2	87	1	87	smNRPS-CC	5875	3452	3538	98.851	2.7e-34
A206BNABXX:4:21:1595:115292#TAGCTTAT/2	87	87	1	smNRPS-CC	5875	3435	3521	98.851	2.7e-34
A206BNABXX:4:23:6337:185546#TAGCTTAT/2	87	1	87	smNRPS-CC	5875	2593	2679	98.851	2.7e-34
A206BNABXX:4:43:8411:175768#TAGCTTAT/2	87	1	87	smNRPS-CC	5875	5300	5386	98.851	2.7e-34
A206BNABXX:4:44:3371:8892#TAGCTTAT/2	87	1	87	smNRPS-CC	5875	5044	5130	98.851	2.7e-34
A206BNABXX:4:45:7415:120795#TAGCTTAT/2	87	1	87	smNRPS-CC	5875	1799	1885	98.851	2.7e-34
A206BNABXX:4:61:11362:43908#TAGCTTAT/2	87	87	1	smNRPS-CC	5875	5724	5810	98.851	2.7e-34
A206BNABXX:4:63:12846:142726#TAGCTTAT/2	87	87	1	smNRPS-CC	5875	1678	1764	98.851	2.7e-34
A206BNABXX:4:65:1764:16466#TAGCTTAT/2	87	87	1	smNRPS-CC	5875	2804	2890	98.851	2.7e-34
A206BNABXX:4:68:8713:18184#TAGCTTAT/2	87	1	84	smNRPS-CC	5875	76	159	100	2.7e-34
A206BNABXX:4:25:10022:99899#TAGCTTAT/2	87	87	1	smNRPS-CC	5875	902	988	98.851	2.7e-34
B201TPABXX:3:4:8217:113528#TAGCTTAT/1	85	85	1	smNRPS-CC	5875	877	961	100	7.5e-35
B201TPABXX:3:6:16259:46466#TAGCTTAT/1	85	1	85	smNRPS-CC	5875	42	126	100	7.5e-35
B201TPABXX:3:6:9532:115814#TAGCTTAT/1	85	1	85	smNRPS-CC	5875	4513	4597	100	7.5e-35
B201TPABXX:3:6:20077:176606#TAGCTTAT/1	85	1	85	smNRPS-CC	5875	5382	5466	100	7.5e-35
B201TPABXX:3:8:10001:25962#TAGCTTAT/1	85	1	85	smNRPS-CC	5875	1830	1914	100	7.5e-35
B201TPABXX:3:26:6045:72982#TAGCTTAT/1	85	1	85	smNRPS-CC	5875	5712	5796	100	7.5e-35
B201TPABXX:3:27:5574:24385#TAGCTTAT/1	85	85	1	smNRPS-CC	5875	3266	3350	100	7.5e-35
B201TPABXX:3:27:9878:130484#TAGCTTAT/1	85	85	1	smNRPS-CC	5875	784	868	100	7.5e-35
B201TPABXX:3:41:12063:78870#TAGCTTAT/1	85	1	85	smNRPS-CC	5875	5668	5752	100	7.5e-35
B201TPABXX:3:44:16537:11355#TAGCTTAT/1	85	85	1	smNRPS-CC	5875	4524	4608	100	7.5e-35
B201TPABXX:3:44:6648:37982#TAGCTTAT/1	85	1	85	smNRPS-CC	5875	2970	3054	100	7.5e-35
B201TPABXX:3:44:10113:77586#TAGCTTAT/1	85	85	1	smNRPS-CC	5875	3148	3232	100	7.5e-35
B201TPABXX:3:47:15204:147976#TAGCTTAT/1	85	85	1	smNRPS-CC	5875	5430	5514	100	7.5e-35
B201TPABXX:3:61:12609:64234#TAGCTTAT/1	85	1	85	smNRPS-CC	5875	4120	4204	100	7.5e-35
B201TPABXX:3:63:19695:57813#TAGCTTAT/1	85	85	1	smNRPS-CC	5875	878	962	100	7.5e-35
B201TPABXX:3:66:3004:88335#TAGCTTAT/1	85	85	1	smNRPS-CC	5875	877	961	100	7.5e-35
A206BNABXX:4:4:9671:14086#TAGCTTAT/1	85	85	1	smNRPS-CC	5875	5030	5114	100	7.5e-35
A206BNABXX:4:4:5961:130444#TAGCTTAT/1	85	1	85	smNRPS-CC	5875	2237	2321	100	7.5e-35
A206BNABXX:4:8:17773:56142#TAGCTTAT/1	85	85	1	smNRPS-CC	5875	4190	4274	100	7.5e-35
A206BNABXX:4:24:4417:34262#TAGCTTAT/1	85	85	1	smNRPS-CC	5875	515	599	100	7.5e-35
A206BNABXX:4:24:21200:71074#TAGCTTAT/1	85	85	1	smNRPS-CC	5875	257	341	100	7.5e-35
A206BNABXX:4:26:16164:19624#TAGCTTAT/1	85	85	1	smNRPS-CC	5875	2954	3038	100	7.5e-35
A206BNABXX:4:41:7063:153278#TAGCTTAT/1	85	1	85	smNRPS-CC	5875	4094	4178	100	7.5e-35
A206BNABXX:4:41:18808:167841#TAGCTTAT/1	85	85	1	smNRPS-CC	5875	5658	5742	100	7.5e-35
A206BNABXX:4:45:7415:120795#TAGCTTAT/1	85	85	1	smNRPS-CC	5875	2035	2119	100	7.5e-35
A206BNABXX:4:47:11349:79395#TAGCTTAT/2	85	1	85	smNRPS-CC	5875	5156	5240	100	7.5e-35
A206BNABXX:4:64:7989:148406#TAGCTTAT/1	85	85	1	smNRPS-CC	5875	822	906	100	7.5e-35
A206BNABXX:4:66:1318:120118#TAGCTTAT/1	85	1	85	smNRPS-CC	5875	5379	5463	100	7.5e-35
A206BNABXX:4:66:6823:184303#TAGCTTAT/1	85	1	85	smNRPS-CC	5875	2002	2086	100	7.5e-35
A206BNABXX:4:67:11395:13733#TAGCTTAT/2	85	85	1	smNRPS-CC	5875	4954	5038	100	7.5e-35
A206BNABXX:4:45:12208:7371#TAGCTTAT/2	86	86	1	smNRPS-CC	5875	2528	2613	100	2.08e-35
A206BNABXX:4:67:6712:105383#TAGCTTAT/2	86	86	1	smNRPS-CC	5875	3287	3372	100	2.08e-35
B201TPABXX:3:6:20077:176606#TAGCTTAT/2	87	87	1	smNRPS-CC	5875	5613	5699	100	5.8e-36
B201TPABXX:3:22:12230:16674#TAGCTTAT/2	87	87	1	smNRPS-CC	5875	2426	2512	100	5.8e-36
B201TPABXX:3:22:5053:141900#TAGCTTAT/2	87	87	1	smNRPS-CC	5875	806	892	100	5.8e-36
B201TPABXX:3:26:16169:191201#TAGCTTAT/2	87	87	1	smNRPS-CC	5875	5058	5144	100	5.8e-36
B201TPABXX:3:41:8846:186943#TAGCTTAT/2	87	1	87	smNRPS-CC	5875	409	495	100	5.8e-36
B201TPABXX:3:42:14963:6936#TAGCTTAT/2	87	87	1	smNRPS-CC	5875	294	380	100	5.8e-36
B201TPABXX:3:44:6174:30218#TAGCTTAT/2	87	1	87	smNRPS-CC	5875	4106	4192	100	5.8e-36
B201TPABXX:3:45:19280:156388#TAGCTTAT/2	87	1	87	smNRPS-CC	5875	4481	4567	100	5.8e-36
B201TPABXX:3:47:15017:31422#TAGCTTAT/2	87	87	1	smNRPS-CC	5875	1810	1896	100	5.8e-36
B201TPABXX:3:61:13417:99392#TAGCTTAT/2	87	1	87	smNRPS-CC	5875	3103	3189	100	5.8e-36
B201TPABXX:3:62:10764:164729#TAGCTTAT/2	87	1	87	smNRPS-CC	5875	4080	4166	100	5.8e-36
B201TPABXX:3:67:13570:12017#TAGCTTAT/2	87	1	87	smNRPS-CC	5875	4446	4532	100	5.8e-36
B201TPABXX:3:68:7558:181282#TAGCTTAT/2	87	87	1	smNRPS-CC	5875	4090	4176	100	5.8e-36
A206BNABXX:4:2:10483:75211#TAGCTTAT/2	87	1	87	smNRPS-CC	5875	2235	2321	100	5.8e-36
A206BNABXX:4:2:4848:145717#TAGCTTAT/2	87	1	87	smNRPS-CC	5875	3366	3452	100	5.8e-36
A206BNABXX:4:3:12516:165997#TAGCTTAT/2	87	1	87	smNRPS-CC	5875	5670	5756	100	5.8e-36
A206BNABXX:4:4:5961:130444#TAGCTTAT/2	87	87	1	smNRPS-CC	5875	2447	2533	100	5.8e-36
A206BNABXX:4:21:11926:6458#TAGCTTAT/2	87	1	87	smNRPS-CC	5875	495	581	100	5.8e-36
A206BNABXX:4:22:6618:1296#TAGCTTAT/2	87	87	1	smNRPS-CC	5875	3112	3198	100	5.8e-36
A206BNABXX:4:24:4417:34262#TAGCTTAT/2	87	1	87	smNRPS-CC	5875	277	363	100	5.8e-36
A206BNABXX:4:27:6208:150989#TAGCTTAT/2	87	1	87	smNRPS-CC	5875	4060	4146	100	5.8e-36
A206BNABXX:4:41:18808:167841#TAGCTTAT/2	87	1	87	smNRPS-CC	5875	5436	5522	100	5.8e-36
A206BNABXX:4:42:2169:158572#TAGCTTAT/2	87	87	1	smNRPS-CC	5875	261	347	100	5.8e-36
A206BNABXX:4:47:7811:175145#TAGCTTAT/2	87	87	1	smNRPS-CC	5875	5392	5478	100	5.8e-36
A206BNABXX:4:48:16490:47983#TAGCTTAT/2	87	1	87	smNRPS-CC	5875	3355	3441	100	5.8e-36
A206BNABXX:4:48:17359:143450#TAGCTTAT/2	87	87	1	smNRPS-CC	5875	4037	4123	100	5.8e-36
A206BNABXX:4:48:20025:194045#TAGCTTAT/2	87	1	87	smNRPS-CC	5875	3350	3436	100	5.8e-36
A206BNABXX:4:66:18183:128366#TAGCTTAT/2	87	87	1	smNRPS-CC	5875	3150	3236	100	5.8e-36
A206BNABXX:4:68:12657:49553#TAGCTTAT/2	87	87	1	smNRPS-CC	5875	386	472	100	5.8e-36
B201TPABXX:3:24:17107:174310#TAGCTTAT/2	38	38	1	smNRPS-CB	5945	3771	3808	100	1.02e-8
A206BNABXX:4:61:13728:19740#TAGCTTAT/2	38	1	38	smNRPS-CB	5945	4033	4070	100	1.02e-8
B201TPABXX:3:4:8504:139520#TAGCTTAT/1	43	43	1	smNRPS-CB	5945	1156	1198	97.674	7.86e-10
B201TPABXX:3:4:8410:137945#TAGCTTAT/1	45	44	1	smNRPS-CB	5945	1861	1904	97.727	2.19e-10
B201TPABXX:3:5:11718:55713#TAGCTTAT/2	41	41	1	smNRPS-CB	5945	1508	1548	100	2.19e-10
B201TPABXX:3:66:3512:67551#TAGCTTAT/1	42	1	42	smNRPS-CB	5945	5742	5783	100	6.08e-11
A206BNABXX:4:4:10225:42350#TAGCTTAT/2	45	43	1	smNRPS-CB	5945	3766	3808	100	1.69e-11
A206BNABXX:4:24:19580:32403#TAGCTTAT/1	45	45	1	smNRPS-CB	5945	5758	5802	100	1.31e-12
A206BNABXX:4:28:17814:128278#TAGCTTAT/1	45	1	45	smNRPS-CB	5945	3489	3533	100	1.31e-12
B201TPABXX:3:7:3836:167100#TAGCTTAT/1	46	46	1	smNRPS-CB	5945	2982	3027	100	3.63e-13
B201TPABXX:3:4:5486:56627#TAGCTTAT/1	50	50	1	smNRPS-CB	5945	2377	2426	98	1.01e-13
B201TPABXX:3:2:20885:84698#TAGCTTAT/1	49	49	1	smNRPS-CB	5945	634	682	100	7.81e-15
B201TPABXX:3:23:12339:184195#TAGCTTAT/1	52	52	1	smNRPS-CB	5945	618	669	98.077	7.81e-15
A206BNABXX:4:65:19646:45988#TAGCTTAT/1	53	53	1	smNRPS-CB	5945	354	406	98.113	2.17e-15
B201TPABXX:3:68:19480:5439#TAGCTTAT/1	50	1	50	smNRPS-CB	5945	4760	4809	100	2.17e-15
B201TPABXX:3:44:2191:102009#TAGCTTAT/2	51	51	1	smNRPS-CB	5945	4098	4148	100	6.03e-16
A206BNABXX:4:65:17948:181903#TAGCTTAT/1	59	57	1	smNRPS-CB	5945	2599	2655	96.491	6.03e-16
B201TPABXX:3:21:12402:66304#TAGCTTAT/1	85	1	58	smNRPS-CB	5945	5888	5945	96.552	1.68e-16
A206BNABXX:4:6:17947:50722#TAGCTTAT/2	54	54	1	smNRPS-CB	5945	2167	2220	100	1.3e-17
A206BNABXX:4:27:20791:108543#TAGCTTAT/2	64	64	1	smNRPS-CB	5945	1389	1452	95.312	3.61e-18
A206BNABXX:4:66:18183:128366#TAGCTTAT/1	64	64	3	smNRPS-CB	5945	3004	3065	98.387	2.15e-20
B201TPABXX:3:47:10204:156683#TAGCTTAT/2	60	60	1	smNRPS-CB	5945	4054	4113	100	5.99e-21
B201TPABXX:3:48:10689:118861#TAGCTTAT/1	60	60	1	smNRPS-CB	5945	5816	5875	100	5.99e-21
B201TPABXX:3:22:18339:169238#TAGCTTAT/2	70	70	1	smNRPS-CB	5945	3604	3673	95.714	1.67e-21
A206BNABXX:4:46:10746:190079#TAGCTTAT/2	63	3	63	smNRPS-CB	5945	4023	4083	100	1.67e-21
A206BNABXX:4:7:9961:38080#TAGCTTAT/2	87	26	87	smNRPS-CB	5945	1	62	100	4.63e-22
A206BNABXX:4:66:6397:97749#TAGCTTAT/2	68	68	1	smNRPS-CB	5945	3539	3606	97.059	4.63e-22
B201TPABXX:3:27:13357:75104#TAGCTTAT/2	72	1	72	smNRPS-CB	5945	3608	3679	95.833	1.29e-22
B201TPABXX:3:5:2179:160333#TAGCTTAT/2	67	1	67	smNRPS-CB	5945	656	722	98.507	3.58e-23
B201TPABXX:3:27:13357:75104#TAGCTTAT/1	73	73	1	smNRPS-CB	5945	3861	3933	95.89	3.58e-23
A206BNABXX:4:21:8881:54276#TAGCTTAT/2	66	1	66	smNRPS-CB	5945	3378	3443	100	2.77e-24
B201TPABXX:3:7:3836:167100#TAGCTTAT/2	73	1	73	smNRPS-CB	5945	2703	2775	97.26	7.7e-25
B201TPABXX:3:8:12277:197197#TAGCTTAT/1	70	70	1	smNRPS-CB	5945	2860	2929	98.571	7.7e-25
A206BNABXX:4:23:10960:112139#TAGCTTAT/1	85	15	85	smNRPS-CB	5945	1	71	98.592	2.14e-25
A206BNABXX:4:43:6265:198474#TAGCTTAT/2	74	71	1	smNRPS-CB	5945	5196	5266	98.592	2.14e-25
A206BNABXX:4:46:11893:138493#TAGCTTAT/2	74	74	1	smNRPS-CB	5945	667	740	97.297	2.14e-25
B201TPABXX:3:5:2179:160333#TAGCTTAT/1	69	69	1	smNRPS-CB	5945	906	974	100	5.95e-26
B201TPABXX:3:43:7991:49981#TAGCTTAT/2	82	1	82	smNRPS-CB	5945	4482	4563	95.122	1.65e-26
B201TPABXX:3:45:11836:5026#TAGCTTAT/1	79	79	1	smNRPS-CB	5945	3866	3944	96.203	1.65e-26
B201TPABXX:3:25:20483:29631#TAGCTTAT/2	71	1	71	smNRPS-CB	5945	2189	2259	100	4.6e-27
B201TPABXX:3:2:20885:84698#TAGCTTAT/2	81	1	81	smNRPS-CB	5945	356	436	96.296	1.28e-27
B201TPABXX:3:5:11718:55713#TAGCTTAT/1	72	1	72	smNRPS-CB	5945	1219	1290	100	1.28e-27
B201TPABXX:3:26:15975:28047#TAGCTTAT/2	72	72	1	smNRPS-CB	5945	2642	2713	100	1.28e-27
B201TPABXX:3:43:7991:49981#TAGCTTAT/1	79	75	1	smNRPS-CB	5945	4723	4797	98.667	1.28e-27
B201TPABXX:3:48:10689:118861#TAGCTTAT/2	87	1	84	smNRPS-CB	5945	5554	5637	95.238	1.28e-27
A206BNABXX:4:65:19766:154581#TAGCTTAT/2	72	72	1	smNRPS-CB	5945	4058	4129	100	1.28e-27
B201TPABXX:3:24:6623:170996#TAGCTTAT/2	85	85	1	smNRPS-CB	5945	5603	5687	95.294	3.56e-28
B201TPABXX:3:44:6113:176101#TAGCTTAT/1	85	85	1	smNRPS-CB	5945	4709	4793	95.294	3.56e-28
A206BNABXX:4:7:8187:139132#TAGCTTAT/1	80	79	1	smNRPS-CB	5945	5469	5547	97.468	3.56e-28
A206BNABXX:4:28:16537:100338#TAGCTTAT/1	79	79	1	smNRPS-CB	5945	2571	2649	97.468	3.56e-28
A206BNABXX:4:41:15839:135989#TAGCTTAT/1	85	1	85	smNRPS-CB	5945	3544	3628	95.294	3.56e-28
A206BNABXX:4:42:16349:74670#TAGCTTAT/2	79	79	1	smNRPS-CB	5945	5001	5079	97.468	3.56e-28
A206BNABXX:4:43:4023:12883#TAGCTTAT/1	85	85	1	smNRPS-CB	5945	5625	5709	95.294	3.56e-28
A206BNABXX:4:66:13515:121162#TAGCTTAT/1	85	85	1	smNRPS-CB	5945	3541	3625	95.294	3.56e-28
B201TPABXX:3:42:7621:153613#TAGCTTAT/1	77	77	1	smNRPS-CB	5945	1374	1450	98.701	9.89e-29
B201TPABXX:3:66:8438:112130#TAGCTTAT/2	77	77	1	smNRPS-CB	5945	363	439	98.701	9.89e-29
B201TPABXX:3:44:4728:102426#TAGCTTAT/2	75	75	1	smNRPS-CB	5945	4756	4830	100	2.75e-29
B201TPABXX:3:65:7444:118184#TAGCTTAT/2	87	1	87	smNRPS-CB	5945	5628	5714	95.402	2.75e-29
A206BNABXX:4:28:16537:100338#TAGCTTAT/2	78	1	75	smNRPS-CB	5945	2328	2402	100	2.75e-29
A206BNABXX:4:42:11906:59541#TAGCTTAT/2	75	1	75	smNRPS-CB	5945	921	995	100	2.75e-29
A206BNABXX:4:66:10425:153802#TAGCTTAT/2	87	1	87	smNRPS-CB	5945	5629	5715	95.402	2.75e-29
B201TPABXX:3:6:6489:138156#TAGCTTAT/1	85	85	1	smNRPS-CB	5945	299	383	96.471	7.64e-30
B201TPABXX:3:23:12339:184195#TAGCTTAT/2	82	1	82	smNRPS-CB	5945	373	454	97.561	7.64e-30
B201TPABXX:3:26:8463:131228#TAGCTTAT/2	76	1	76	smNRPS-CB	5945	977	1052	100	7.64e-30
B201TPABXX:3:44:2191:102009#TAGCTTAT/1	85	1	85	smNRPS-CB	5945	3830	3914	96.471	7.64e-30
B201TPABXX:3:63:2195:112109#TAGCTTAT/2	82	82	1	smNRPS-CB	5945	342	423	97.561	7.64e-30
A206BNABXX:4:6:17947:50722#TAGCTTAT/1	76	1	76	smNRPS-CB	5945	1919	1994	100	7.64e-30
A206BNABXX:4:21:13780:50230#TAGCTTAT/2	82	82	1	smNRPS-CB	5945	263	344	97.561	7.64e-30
A206BNABXX:4:46:9086:26180#TAGCTTAT/1	85	1	85	smNRPS-CB	5945	4907	4991	96.471	7.64e-30
A206BNABXX:4:61:20298:16118#TAGCTTAT/1	79	79	1	smNRPS-CB	5945	3217	3295	98.734	7.64e-30
B201TPABXX:3:4:8410:137945#TAGCTTAT/2	80	1	80	smNRPS-CB	5945	1647	1726	98.75	2.12e-30
B201TPABXX:3:25:20483:29631#TAGCTTAT/1	80	77	1	smNRPS-CB	5945	2420	2496	100	2.12e-30
B201TPABXX:3:41:11138:133139#TAGCTTAT/1	80	80	1	smNRPS-CB	5945	596	675	98.75	2.12e-30
B201TPABXX:3:65:7444:118184#TAGCTTAT/1	80	80	1	smNRPS-CB	5945	5856	5935	98.75	2.12e-30
A206BNABXX:4:3:16137:7545#TAGCTTAT/2	80	80	1	smNRPS-CB	5945	2622	2701	98.75	2.12e-30
A206BNABXX:4:45:8941:31401#TAGCTTAT/2	86	86	1	smNRPS-CB	5945	4219	4304	96.512	2.12e-30
A206BNABXX:4:61:8682:100228#TAGCTTAT/2	83	83	1	smNRPS-CB	5945	3110	3192	97.59	2.12e-30
A206BNABXX:4:65:19850:182378#TAGCTTAT/1	85	83	1	smNRPS-CB	5945	122	204	97.59	2.12e-30
A206BNABXX:4:67:14447:178805#TAGCTTAT/1	85	85	3	smNRPS-CB	5945	4528	4610	97.59	2.12e-30
B201TPABXX:3:6:6489:138156#TAGCTTAT/2	84	1	84	smNRPS-CB	5945	68	151	97.619	5.91e-31
B201TPABXX:3:23:7003:135411#TAGCTTAT/2	81	81	1	smNRPS-CB	5945	347	427	98.765	5.91e-31
B201TPABXX:3:28:6532:84623#TAGCTTAT/1	78	78	1	smNRPS-CB	5945	628	705	100	5.91e-31
B201TPABXX:3:42:4817:35019#TAGCTTAT/1	81	1	81	smNRPS-CB	5945	3038	3118	98.765	5.91e-31
A206BNABXX:4:6:3075:194666#TAGCTTAT/2	84	84	1	smNRPS-CB	5945	2723	2806	97.619	5.91e-31
A206BNABXX:4:45:10908:11159#TAGCTTAT/2	87	87	1	smNRPS-CB	5945	2688	2774	96.552	5.91e-31
A206BNABXX:4:45:17661:182546#TAGCTTAT/1	81	81	1	smNRPS-CB	5945	5360	5440	98.765	5.91e-31
A206BNABXX:4:65:12752:39576#TAGCTTAT/2	87	87	1	smNRPS-CB	5945	3556	3642	96.552	5.91e-31
A206BNABXX:4:65:19646:45988#TAGCTTAT/2	87	1	87	smNRPS-CB	5945	91	177	96.552	5.91e-31
A206BNABXX:4:66:18845:75468#TAGCTTAT/2	81	1	81	smNRPS-CB	5945	5027	5107	98.765	5.91e-31
B201TPABXX:3:4:12658:61554#TAGCTTAT/1	79	79	1	smNRPS-CB	5945	4766	4844	100	1.64e-31
B201TPABXX:3:6:3118:91713#TAGCTTAT/2	82	1	82	smNRPS-CB	5945	441	522	98.78	1.64e-31
B201TPABXX:3:8:7630:174428#TAGCTTAT/1	85	85	1	smNRPS-CB	5945	3669	3753	97.647	1.64e-31
B201TPABXX:3:8:12277:197197#TAGCTTAT/2	85	1	85	smNRPS-CB	5945	2614	2698	97.647	1.64e-31
B201TPABXX:3:23:7003:135411#TAGCTTAT/1	85	1	85	smNRPS-CB	5945	109	193	97.647	1.64e-31
B201TPABXX:3:25:4749:191127#TAGCTTAT/1	85	85	1	smNRPS-CB	5945	91	175	97.647	1.64e-31
B201TPABXX:3:61:13001:172268#TAGCTTAT/1	85	1	85	smNRPS-CB	5945	5661	5745	97.647	1.64e-31
B201TPABXX:3:62:18664:10895#TAGCTTAT/1	85	85	1	smNRPS-CB	5945	340	424	97.647	1.64e-31
B201TPABXX:3:63:2195:112109#TAGCTTAT/1	85	1	85	smNRPS-CB	5945	84	168	97.647	1.64e-31
B201TPABXX:3:64:17447:55285#TAGCTTAT/1	85	1	85	smNRPS-CB	5945	543	627	97.647	1.64e-31
B201TPABXX:3:64:15626:57259#TAGCTTAT/1	85	1	85	smNRPS-CB	5945	1636	1720	97.647	1.64e-31
B201TPABXX:3:67:10327:69317#TAGCTTAT/1	85	85	1	smNRPS-CB	5945	2696	2780	97.647	1.64e-31
B201TPABXX:3:68:13424:42368#TAGCTTAT/2	82	82	1	smNRPS-CB	5945	3255	3336	98.78	1.64e-31
A206BNABXX:4:4:5292:146555#TAGCTTAT/1	85	85	1	smNRPS-CB	5945	81	165	97.647	1.64e-31
A206BNABXX:4:5:8732:193638#TAGCTTAT/1	85	85	1	smNRPS-CB	5945	3077	3161	97.647	1.64e-31
A206BNABXX:4:6:3075:194666#TAGCTTAT/1	85	1	85	smNRPS-CB	5945	2483	2567	97.647	1.64e-31
A206BNABXX:4:7:10548:75774#TAGCTTAT/1	85	1	85	smNRPS-CB	5945	2468	2552	97.647	1.64e-31
A206BNABXX:4:21:8881:54276#TAGCTTAT/1	85	85	1	smNRPS-CB	5945	3614	3698	97.647	1.64e-31
A206BNABXX:4:23:2059:199056#TAGCTTAT/1	85	1	85	smNRPS-CB	5945	1425	1509	97.647	1.64e-31
A206BNABXX:4:41:15839:135989#TAGCTTAT/2	79	79	1	smNRPS-CB	5945	3799	3877	100	1.64e-31
A206BNABXX:4:43:6265:198474#TAGCTTAT/1	85	1	85	smNRPS-CB	5945	4988	5072	97.647	1.64e-31
A206BNABXX:4:44:18213:132434#TAGCTTAT/1	85	85	1	smNRPS-CB	5945	2476	2560	97.647	1.64e-31
A206BNABXX:4:47:20044:141325#TAGCTTAT/1	85	1	85	smNRPS-CB	5945	3100	3184	97.647	1.64e-31
A206BNABXX:4:65:12752:39576#TAGCTTAT/1	85	1	85	smNRPS-CB	5945	3306	3390	97.647	1.64e-31
A206BNABXX:4:67:2283:129951#TAGCTTAT/1	85	1	85	smNRPS-CB	5945	3033	3117	97.647	1.64e-31
B201TPABXX:3:41:15322:67751#TAGCTTAT/2	86	86	1	smNRPS-CB	5945	5656	5741	97.674	4.57e-32
B201TPABXX:3:42:4817:35019#TAGCTTAT/2	83	83	1	smNRPS-CB	5945	3243	3325	98.795	4.57e-32
B201TPABXX:3:43:4487:135162#TAGCTTAT/1	83	83	1	smNRPS-CB	5945	2293	2375	98.795	4.57e-32
B201TPABXX:3:43:4487:135162#TAGCTTAT/2	87	5	87	smNRPS-CB	5945	2261	2343	98.795	4.57e-32
B201TPABXX:3:62:7808:194944#TAGCTTAT/2	86	86	1	smNRPS-CB	5945	1043	1128	97.674	4.57e-32
A206BNABXX:4:22:5873:17800#TAGCTTAT/2	87	87	2	smNRPS-CB	5945	828	913	97.674	4.57e-32
A206BNABXX:4:46:9086:26180#TAGCTTAT/2	87	87	2	smNRPS-CB	5945	5135	5220	97.674	4.57e-32
B201TPABXX:3:2:16726:98755#TAGCTTAT/1	84	1	84	smNRPS-CB	5945	1162	1245	98.81	1.27e-32
B201TPABXX:3:7:18905:170471#TAGCTTAT/2	87	1	87	smNRPS-CB	5945	1383	1469	97.701	1.27e-32
B201TPABXX:3:8:7630:174428#TAGCTTAT/2	81	1	81	smNRPS-CB	5945	3429	3509	100	1.27e-32
B201TPABXX:3:41:11138:133139#TAGCTTAT/2	87	1	87	smNRPS-CB	5945	337	423	97.701	1.27e-32
B201TPABXX:3:44:4728:102426#TAGCTTAT/1	85	1	84	smNRPS-CB	5945	4514	4597	98.81	1.27e-32
B201TPABXX:3:62:18664:10895#TAGCTTAT/2	87	1	87	smNRPS-CB	5945	81	167	97.701	1.27e-32
B201TPABXX:3:67:10327:69317#TAGCTTAT/2	87	1	87	smNRPS-CB	5945	2460	2546	97.701	1.27e-32
A206BNABXX:4:1:15396:166486#TAGCTTAT/2	82	82	2	smNRPS-CB	5945	2658	2738	100	1.27e-32
A206BNABXX:4:7:10548:75774#TAGCTTAT/2	87	87	1	smNRPS-CB	5945	2711	2797	97.701	1.27e-32
A206BNABXX:4:21:12012:103623#TAGCTTAT/2	87	87	1	smNRPS-CB	5945	4495	4581	97.701	1.27e-32
A206BNABXX:4:22:11772:162452#TAGCTTAT/1	82	1	81	smNRPS-CB	5945	5066	5146	100	1.27e-32
A206BNABXX:4:28:4430:125051#TAGCTTAT/1	85	84	1	smNRPS-CB	5945	712	795	98.81	1.27e-32
A206BNABXX:4:45:8941:31401#TAGCTTAT/1	84	1	84	smNRPS-CB	5945	3975	4058	98.81	1.27e-32
A206BNABXX:4:45:17661:182546#TAGCTTAT/2	87	1	87	smNRPS-CB	5945	5115	5201	97.701	1.27e-32
A206BNABXX:4:64:15562:54378#TAGCTTAT/2	87	87	1	smNRPS-CB	5945	1637	1723	97.701	1.27e-32
A206BNABXX:4:65:5370:156760#TAGCTTAT/2	87	87	1	smNRPS-CB	5945	4988	5074	97.701	1.27e-32
A206BNABXX:4:66:13515:121162#TAGCTTAT/2	87	1	87	smNRPS-CB	5945	3288	3374	97.701	1.27e-32
A206BNABXX:4:67:15211:115496#TAGCTTAT/2	87	87	1	smNRPS-CB	5945	703	789	97.701	1.27e-32
A206BNABXX:4:42:19306:165299#TAGCTTAT/2	87	1	87	smNRPS-CB	5945	4720	4806	97.701	1.27e-32
B201TPABXX:3:23:5807:146914#TAGCTTAT/1	85	85	1	smNRPS-CB	5945	364	448	98.824	3.53e-33
B201TPABXX:3:24:17107:174310#TAGCTTAT/1	85	1	85	smNRPS-CB	5945	3499	3583	98.824	3.53e-33
B201TPABXX:3:26:15975:28047#TAGCTTAT/1	85	1	85	smNRPS-CB	5945	2393	2477	98.824	3.53e-33
B201TPABXX:3:43:9881:20595#TAGCTTAT/1	85	1	85	smNRPS-CB	5945	4525	4609	98.824	3.53e-33
B201TPABXX:3:43:13187:181824#TAGCTTAT/1	85	1	85	smNRPS-CB	5945	3220	3304	98.824	3.53e-33
B201TPABXX:3:61:15412:45172#TAGCTTAT/1	85	85	1	smNRPS-CB	5945	2393	2477	98.824	3.53e-33
B201TPABXX:3:68:13424:42368#TAGCTTAT/1	85	1	85	smNRPS-CB	5945	3003	3087	98.824	3.53e-33
A206BNABXX:4:1:15396:166486#TAGCTTAT/1	85	1	85	smNRPS-CB	5945	2442	2526	98.824	3.53e-33
A206BNABXX:4:3:16137:7545#TAGCTTAT/1	85	1	85	smNRPS-CB	5945	2389	2473	98.824	3.53e-33
A206BNABXX:4:4:9204:36747#TAGCTTAT/1	85	1	85	smNRPS-CB	5945	2660	2744	98.824	3.53e-33
A206BNABXX:4:7:9961:38080#TAGCTTAT/1	85	85	1	smNRPS-CB	5945	197	281	98.824	3.53e-33
A206BNABXX:4:28:4368:195499#TAGCTTAT/1	82	1	82	smNRPS-CB	5945	5033	5114	100	3.53e-33
A206BNABXX:4:42:11906:59541#TAGCTTAT/1	85	85	1	smNRPS-CB	5945	1163	1247	98.824	3.53e-33
A206BNABXX:4:43:13879:47000#TAGCTTAT/1	85	1	85	smNRPS-CB	5945	4524	4608	98.824	3.53e-33
A206BNABXX:4:45:10908:11159#TAGCTTAT/1	85	1	85	smNRPS-CB	5945	2499	2583	98.824	3.53e-33
A206BNABXX:4:46:11893:138493#TAGCTTAT/1	85	1	85	smNRPS-CB	5945	431	515	98.824	3.53e-33
A206BNABXX:4:47:1490:15939#TAGCTTAT/1	85	85	1	smNRPS-CB	5945	3927	4011	98.824	3.53e-33
A206BNABXX:4:61:8682:100228#TAGCTTAT/1	85	1	85	smNRPS-CB	5945	2884	2968	98.824	3.53e-33
A206BNABXX:4:64:15562:54378#TAGCTTAT/1	85	1	85	smNRPS-CB	5945	1407	1491	98.824	3.53e-33
A206BNABXX:4:66:6397:97749#TAGCTTAT/1	85	1	85	smNRPS-CB	5945	3280	3364	98.824	3.53e-33
A206BNABXX:4:7:4958:19188#TAGCTTAT/2	86	1	86	smNRPS-CB	5945	558	643	98.837	9.82e-34
B201TPABXX:3:2:16726:98755#TAGCTTAT/2	87	87	1	smNRPS-CB	5945	1393	1479	98.851	2.73e-34
B201TPABXX:3:4:12658:61554#TAGCTTAT/2	87	1	87	smNRPS-CB	5945	4524	4610	98.851	2.73e-34
B201TPABXX:3:6:19509:6322#TAGCTTAT/2	87	87	1	smNRPS-CB	5945	2400	2486	98.851	2.73e-34
B201TPABXX:3:7:20517:82403#TAGCTTAT/2	87	87	1	smNRPS-CB	5945	1173	1259	98.851	2.73e-34
B201TPABXX:3:26:7341:194798#TAGCTTAT/2	87	1	87	smNRPS-CB	5945	4126	4212	98.851	2.73e-34
B201TPABXX:3:43:9881:20595#TAGCTTAT/2	87	87	1	smNRPS-CB	5945	4739	4825	98.851	2.73e-34
B201TPABXX:3:45:4123:133807#TAGCTTAT/2	87	1	87	smNRPS-CB	5945	4125	4211	98.851	2.73e-34
B201TPABXX:3:46:17114:111496#TAGCTTAT/2	87	1	87	smNRPS-CB	5945	4090	4176	98.851	2.73e-34
B201TPABXX:3:48:20995:40234#TAGCTTAT/2	87	87	1	smNRPS-CB	5945	4000	4086	98.851	2.73e-34
B201TPABXX:3:64:15626:57259#TAGCTTAT/2	87	87	1	smNRPS-CB	5945	1864	1950	98.851	2.73e-34
B201TPABXX:3:67:6734:110602#TAGCTTAT/2	87	1	87	smNRPS-CB	5945	1925	2011	98.851	2.73e-34
A206BNABXX:4:4:9204:36747#TAGCTTAT/2	87	87	1	smNRPS-CB	5945	2906	2992	98.851	2.73e-34
A206BNABXX:4:5:8732:193638#TAGCTTAT/2	87	1	87	smNRPS-CB	5945	2825	2911	98.851	2.73e-34
A206BNABXX:4:23:2059:199056#TAGCTTAT/2	87	87	1	smNRPS-CB	5945	1658	1744	98.851	2.73e-34
A206BNABXX:4:26:4728:39436#TAGCTTAT/2	87	87	1	smNRPS-CB	5945	718	804	98.851	2.73e-34
A206BNABXX:4:42:17343:132890#TAGCTTAT/2	87	1	87	smNRPS-CB	5945	4028	4114	98.851	2.73e-34
A206BNABXX:4:43:4023:12883#TAGCTTAT/2	87	1	87	smNRPS-CB	5945	5371	5457	98.851	2.73e-34
A206BNABXX:4:43:13879:47000#TAGCTTAT/2	87	84	1	smNRPS-CB	5945	4746	4829	100	2.73e-34
A206BNABXX:4:44:18213:132434#TAGCTTAT/2	87	1	87	smNRPS-CB	5945	2256	2342	98.851	2.73e-34
A206BNABXX:4:46:13046:84118#TAGCTTAT/2	87	1	87	smNRPS-CB	5945	2840	2926	98.851	2.73e-34
A206BNABXX:4:47:20044:141325#TAGCTTAT/2	87	87	1	smNRPS-CB	5945	3340	3426	98.851	2.73e-34
A206BNABXX:4:67:2283:129951#TAGCTTAT/2	87	87	1	smNRPS-CB	5945	3249	3335	98.851	2.73e-34
B201TPABXX:3:6:19509:6322#TAGCTTAT/1	85	1	85	smNRPS-CB	5945	2159	2243	100	7.59e-35
B201TPABXX:3:7:20517:82403#TAGCTTAT/1	85	1	85	smNRPS-CB	5945	958	1042	100	7.59e-35
B201TPABXX:3:24:9332:31626#TAGCTTAT/1	85	1	85	smNRPS-CB	5945	5842	5926	100	7.59e-35
B201TPABXX:3:24:14735:81509#TAGCTTAT/1	85	1	85	smNRPS-CB	5945	2931	3015	100	7.59e-35
B201TPABXX:3:24:3848:122299#TAGCTTAT/1	85	1	85	smNRPS-CB	5945	3162	3246	100	7.59e-35
B201TPABXX:3:26:8463:131228#TAGCTTAT/1	85	85	1	smNRPS-CB	5945	1202	1286	100	7.59e-35
B201TPABXX:3:43:13187:181824#TAGCTTAT/2	85	85	1	smNRPS-CB	5945	3447	3531	100	7.59e-35
B201TPABXX:3:47:10204:156683#TAGCTTAT/1	85	1	85	smNRPS-CB	5945	3777	3861	100	7.59e-35
B201TPABXX:3:48:20995:40234#TAGCTTAT/1	85	1	85	smNRPS-CB	5945	3767	3851	100	7.59e-35
B201TPABXX:3:62:7808:194944#TAGCTTAT/1	85	1	85	smNRPS-CB	5945	818	902	100	7.59e-35
B201TPABXX:3:67:6734:110602#TAGCTTAT/1	85	85	1	smNRPS-CB	5945	2161	2245	100	7.59e-35
B201TPABXX:3:68:1905:80790#TAGCTTAT/1	85	85	1	smNRPS-CB	5945	175	259	100	7.59e-35
A206BNABXX:4:7:4958:19188#TAGCTTAT/1	85	85	1	smNRPS-CB	5945	790	874	100	7.59e-35
A206BNABXX:4:26:21010:138583#TAGCTTAT/1	85	1	85	smNRPS-CB	5945	5047	5131	100	7.59e-35
A206BNABXX:4:28:19726:19143#TAGCTTAT/1	85	85	1	smNRPS-CB	5945	5264	5348	100	7.59e-35
A206BNABXX:4:42:16349:74670#TAGCTTAT/1	85	1	85	smNRPS-CB	5945	4763	4847	100	7.59e-35
A206BNABXX:4:48:9970:34825#TAGCTTAT/1	85	1	85	smNRPS-CB	5945	1339	1423	100	7.59e-35
A206BNABXX:4:61:20298:16118#TAGCTTAT/2	85	1	85	smNRPS-CB	5945	2978	3062	100	7.59e-35
A206BNABXX:4:62:6907:123453#TAGCTTAT/1	85	85	1	smNRPS-CB	5945	188	272	100	7.59e-35
A206BNABXX:4:62:15821:188424#TAGCTTAT/1	85	1	85	smNRPS-CB	5945	1920	2004	100	7.59e-35
A206BNABXX:4:65:5370:156760#TAGCTTAT/1	85	1	85	smNRPS-CB	5945	4777	4861	100	7.59e-35
A206BNABXX:4:66:18845:75468#TAGCTTAT/1	85	85	1	smNRPS-CB	5945	5268	5352	100	7.59e-35
A206BNABXX:4:66:10425:153802#TAGCTTAT/1	85	85	1	smNRPS-CB	5945	5828	5912	100	7.59e-35
B201TPABXX:3:23:5807:146914#TAGCTTAT/2	87	1	87	smNRPS-CB	5945	141	227	100	5.87e-36
B201TPABXX:3:24:14735:81509#TAGCTTAT/2	87	87	1	smNRPS-CB	5945	3172	3258	100	5.87e-36
B201TPABXX:3:24:3848:122299#TAGCTTAT/2	87	87	1	smNRPS-CB	5945	3388	3474	100	5.87e-36
B201TPABXX:3:61:15412:45172#TAGCTTAT/2	87	1	87	smNRPS-CB	5945	2165	2251	100	5.87e-36
B201TPABXX:3:64:17447:55285#TAGCTTAT/2	87	87	1	smNRPS-CB	5945	763	849	100	5.87e-36
A206BNABXX:4:5:13516:121349#TAGCTTAT/2	87	1	87	smNRPS-CB	5945	1337	1423	100	5.87e-36
A206BNABXX:4:7:8187:139132#TAGCTTAT/2	87	1	87	smNRPS-CB	5945	5268	5354	100	5.87e-36
A206BNABXX:4:22:11772:162452#TAGCTTAT/2	87	87	1	smNRPS-CB	5945	5290	5376	100	5.87e-36
A206BNABXX:4:26:21010:138583#TAGCTTAT/2	87	87	1	smNRPS-CB	5945	5265	5351	100	5.87e-36
A206BNABXX:4:28:19726:19143#TAGCTTAT/2	87	1	87	smNRPS-CB	5945	5036	5122	100	5.87e-36
A206BNABXX:4:28:4368:195499#TAGCTTAT/2	87	87	1	smNRPS-CB	5945	5269	5355	100	5.87e-36
A206BNABXX:4:42:7222:169371#TAGCTTAT/2	87	1	87	smNRPS-CB	5945	1341	1427	100	5.87e-36
A206BNABXX:4:62:15821:188424#TAGCTTAT/2	87	87	1	smNRPS-CB	5945	2151	2237	100	5.87e-36
A206BNABXX:4:68:15662:70443#TAGCTTAT/2	87	87	1	smNRPS-CB	5945	739	825	100	5.87e-36
A206BNABXX:4:67:2077:24339#TAGCTTAT/2	87	1	87	smNRPS-CB	5945	3467	3553	100	5.87e-36
