FC61B9MAAXX:2:68:725:486#0/1	56	56	1	smNRPS-CB	5945	2068	2123	100	4.35e-19
FC61B9MAAXX:2:17:1078:1660#0/2	57	1	57	smNRPS-CB	5945	4803	4859	100	1.21e-19
FC61B9MAAXX:2:62:372:1480#0/1	62	62	1	smNRPS-CB	5945	1420	1481	98.387	9.34e-21
FC61B9MAAXX:2:27:504:934#0/2	72	72	1	smNRPS-CB	5945	3593	3664	98.611	2.58e-26
FC61B9MAAXX:2:17:1078:1660#0/1	70	70	1	smNRPS-CB	5945	5047	5116	100	7.17e-27
FC61B9MAAXX:2:94:1223:1390#0/1	70	70	1	smNRPS-CB	5945	4740	4809	100	7.17e-27
FC61B9MAAXX:2:27:504:934#0/1	71	1	71	smNRPS-CB	5945	3344	3414	100	1.99e-27
FC61B9MAAXX:2:52:622:185#0/1	71	1	71	smNRPS-CB	5945	64	134	100	1.99e-27
FC61B9MAAXX:2:54:260:625#0/1	71	71	1	smNRPS-CB	5945	2925	2995	100	1.99e-27
FC61B9MAAXX:2:54:260:625#0/2	71	1	71	smNRPS-CB	5945	2673	2743	100	1.99e-27
FC61B9MAAXX:2:102:83:584#0/1	71	1	71	smNRPS-CB	5945	1677	1747	100	1.99e-27
FC61B9MAAXX:2:102:83:584#0/2	71	71	1	smNRPS-CB	5945	1931	2001	100	1.99e-27
FC61B9MAAXX:2:52:622:185#0/2	72	72	1	smNRPS-CB	5945	288	359	100	5.54e-28
FC61B9MAAXX:2:62:372:1480#0/2	72	1	72	smNRPS-CB	5945	1158	1229	100	5.54e-28
FC61B9MAAXX:2:94:1223:1390#0/2	72	1	72	smNRPS-CB	5945	4483	4554	100	5.54e-28
