FC3126TAAXX:7:27:1392:1594#0/2	68	1	68	smNRPS-CC	5875	453	520	100	3.1e-26
I358_1_FC30VV9AAXX:4:85:853:1111/2	38	1	38	smNRPS-CB	5945	2034	2071	100	1.49e-9
I358_1_FC30VV9AAXX:4:85:853:1111/1	43	43	1	smNRPS-CB	5945	2338	2380	100	2.48e-12
I358_1_FC30VV9AAXX:4:26:1465:679/1	44	1	44	smNRPS-CB	5945	5056	5099	100	6.89e-13
FC3126TAAXX:7:89:1300:465#0/2	55	1	55	smNRPS-CB	5945	2337	2391	98.182	2.46e-17
FC3126TAAXX:7:3:1595:981#0/1	57	57	1	smNRPS-CB	5945	4776	4832	100	4.09e-20
FC3126TAAXX:7:42:27:1351#0/2	61	61	1	smNRPS-CB	5945	1507	1567	100	2.44e-22
FC3126TAAXX:7:99:257:1597#0/2	65	1	65	smNRPS-CB	5945	236	300	100	1.46e-24
FC3126TAAXX:7:47:1192:1564#0/1	72	1	69	smNRPS-CB	5945	3745	3813	98.551	4.06e-25
FC3126TAAXX:7:50:713:1975#0/1	72	1	72	smNRPS-CB	5945	613	684	97.222	4.06e-25
FC3126TAAXX:7:89:1300:465#0/1	71	71	3	smNRPS-CB	5945	2397	2465	98.551	4.06e-25
FC3126TAAXX:7:27:1392:1594#0/1	72	1	72	smNRPS-CB	5945	5372	5443	98.611	8.73e-27
FC3126TAAXX:7:45:277:882#0/1	72	1	72	smNRPS-CB	5945	104	175	98.611	8.73e-27
FC3126TAAXX:7:48:1760:1125#0/1	72	72	1	smNRPS-CB	5945	1873	1944	98.611	8.73e-27
FC3126TAAXX:7:50:713:1975#0/2	72	72	1	smNRPS-CB	5945	675	746	98.611	8.73e-27
FC3126TAAXX:7:3:1595:981#0/2	70	1	70	smNRPS-CB	5945	4707	4776	100	2.43e-27
FC3126TAAXX:7:48:1760:1125#0/2	70	1	70	smNRPS-CB	5945	1814	1883	100	2.43e-27
FC3126TAAXX:7:99:257:1597#0/1	70	70	1	smNRPS-CB	5945	288	357	100	2.43e-27
FC3126TAAXX:7:42:27:1351#0/1	71	1	71	smNRPS-CB	5945	1433	1503	100	6.75e-28
FC3126TAAXX:7:39:31:1280#0/1	72	72	1	smNRPS-CB	5945	5766	5837	100	1.88e-28
FC3126TAAXX:7:39:31:1280#0/2	72	1	72	smNRPS-CB	5945	5700	5771	100	1.88e-28
FC3126TAAXX:7:45:277:882#0/2	72	72	1	smNRPS-CB	5945	174	245	100	1.88e-28
FC3126TAAXX:7:47:1192:1564#0/2	72	72	1	smNRPS-CB	5945	3827	3898	100	1.88e-28
