A201L5ABXX:3:8:2153:104292#GCCAATA/2	60	1	36	smNRPS-CC	5875	5840	5875	100	1.49e-7
B200FTABXX:3:24:10726:131700#GCCAAT/2	49	1	49	smNRPS-CC	5875	5053	5101	100	8.86e-15
B200FTABXX:3:47:11000:120099#GCCAAT/2	53	1	53	smNRPS-CC	5875	4860	4912	100	5.29e-17
A2026YABXX:8:22:15808:57664#GCCAATA/1	65	1	62	smNRPS-CC	5875	1922	1983	95.161	5.29e-17
B200FTABXX:3:43:6448:157064#GCCAAT/1	79	1	79	smNRPS-CC	5875	618	696	100	1.86e-31
A2026YABXX:8:45:1577:180765#GCCAATA/1	46	46	1	smNRPS-CB	5945	5678	5723	95.652	9.03e-10
A2026YABXX:8:23:3507:183545#GCCAATA/1	49	1	49	smNRPS-CB	5945	4419	4467	100	8.97e-15
B200FTABXX:3:44:14189:75249#GCCAAT/2	53	53	1	smNRPS-CB	5945	4948	5000	98.113	2.49e-15
A2026YABXX:8:41:8186:52910#GCCAATA/1	50	50	1	smNRPS-CB	5945	2070	2119	100	2.49e-15
A201L5ABXX:3:23:21057:97580#GCCAATA/1	55	1	55	smNRPS-CB	5945	2182	2236	98.182	1.93e-16
A201L5ABXX:3:47:7888:88337#GCCAATA/2	56	56	1	smNRPS-CB	5945	4263	4318	98.214	5.36e-17
A201L5ABXX:3:46:5449:91532#GCCAATA/2	58	58	1	smNRPS-CB	5945	3538	3595	98.276	4.14e-18
A201L5ABXX:3:42:17663:136013#GCCAATA/1	59	1	59	smNRPS-CB	5945	272	330	98.305	1.15e-18
A2026YABXX:8:62:4136:44909#GCCAATA/1	57	57	1	smNRPS-CB	5945	1873	1929	100	3.2e-19
A201L5ABXX:3:23:21057:97580#GCCAATA/2	59	59	1	smNRPS-CB	5945	2454	2512	100	2.48e-20
B200FTABXX:3:22:11176:73457#GCCAAT/2	61	61	1	smNRPS-CB	5945	3004	3064	100	1.91e-21
A201L5ABXX:3:1:2479:184195#GCCAATA/2	62	62	1	smNRPS-CB	5945	1929	1990	100	5.32e-22
B200FTABXX:3:7:2706:105164#GCCAAT/2	70	67	1	smNRPS-CB	5945	4762	4828	98.507	4.11e-23
B200FTABXX:3:63:10577:132466#GCCAAT/2	68	1	68	smNRPS-CB	5945	1852	1919	98.529	1.14e-23
A2026YABXX:8:5:15140:147289#GCCAATA/1	65	65	1	smNRPS-CB	5945	1024	1088	100	1.14e-23
A2026YABXX:8:26:2491:7704#GCCAATA/2	75	1	75	smNRPS-CB	5945	4253	4327	96	3.18e-24
A2026YABXX:8:61:3555:112140#GCCAATA/1	85	17	82	smNRPS-CB	5945	1	66	100	3.18e-24
A201L5ABXX:3:3:17223:35916#GCCAATA/2	70	70	1	smNRPS-CB	5945	3526	3595	98.571	8.84e-25
A201L5ABXX:3:4:3777:21195#GCCAATA/2	74	1	74	smNRPS-CB	5945	3377	3450	97.297	2.46e-25
B200FTABXX:3:66:11422:196005#GCCAAT/2	75	1	75	smNRPS-CB	5945	4098	4172	97.333	6.83e-26
B200FTABXX:3:66:10551:182182#GCCAAT/2	75	74	1	smNRPS-CB	5945	3556	3629	98.649	5.28e-27
A2026YABXX:8:4:14246:40538#GCCAATA/1	74	1	74	smNRPS-CB	5945	1841	1914	98.649	5.28e-27
B200FTABXX:3:64:8940:159034#GCCAAT/2	75	75	1	smNRPS-CB	5945	1370	1444	98.667	1.47e-27
A2026YABXX:8:4:14246:40538#GCCAATA/2	85	85	1	smNRPS-CB	5945	2090	2174	95.294	4.08e-28
B200FTABXX:3:43:6448:157064#GCCAAT/2	77	1	77	smNRPS-CB	5945	5018	5094	98.701	1.14e-28
A2026YABXX:8:26:3563:126421#GCCAATA/1	74	74	1	smNRPS-CB	5945	3820	3893	100	1.14e-28
A201L5ABXX:3:41:5931:84708#GCCAATA/2	74	74	1	smNRPS-CB	5945	1713	1786	100	1.14e-28
A2026YABXX:8:21:14682:138118#GCCAATA/1	80	80	1	smNRPS-CB	5945	4479	4558	98.75	2.44e-30
A2026YABXX:8:61:1302:196838#GCCAATA/1	77	1	77	smNRPS-CB	5945	2938	3014	100	2.44e-30
A2026YABXX:8:28:6259:148723#GCCAATA/1	84	1	84	smNRPS-CB	5945	3653	3736	97.619	6.79e-31
A201L5ABXX:3:5:19261:112359#GCCAATA/2	78	78	1	smNRPS-CB	5945	2316	2393	100	6.79e-31
A201L5ABXX:3:45:5096:73256#GCCAATA/2	90	1	90	smNRPS-CB	5945	3446	3535	95.556	6.79e-31
A201L5ABXX:3:68:7003:188385#GCCAATA/2	90	1	90	smNRPS-CB	5945	4860	4949	95.556	6.79e-31
A2026YABXX:8:41:13096:102323#GCCAATA/1	85	85	1	smNRPS-CB	5945	5630	5714	97.647	1.89e-31
A201L5ABXX:3:27:18773:2639#GCCAATA/1	85	1	85	smNRPS-CB	5945	218	302	97.647	1.89e-31
A201L5ABXX:3:27:18773:2639#GCCAATA/2	79	79	1	smNRPS-CB	5945	400	478	100	1.89e-31
A201L5ABXX:3:65:5962:28080#GCCAATA/1	85	85	1	smNRPS-CB	5945	4720	4804	97.647	1.89e-31
B200FTABXX:3:6:16981:35878#GCCAAT/2	80	80	1	smNRPS-CB	5945	1875	1954	100	5.25e-32
B200FTABXX:3:27:8655:180134#GCCAAT/2	89	1	89	smNRPS-CB	5945	3160	3248	96.629	5.25e-32
A2026YABXX:8:43:1817:124209#GCCAATA/1	85	85	3	smNRPS-CB	5945	295	377	98.795	5.25e-32
A2026YABXX:8:62:4136:44909#GCCAATA/2	82	1	82	smNRPS-CB	5945	1602	1683	98.78	5.25e-32
A201L5ABXX:3:45:12780:100733#GCCAATA/2	80	1	80	smNRPS-CB	5945	2544	2623	100	5.25e-32
A2026YABXX:8:1:6674:198133#GCCAATA/1	85	2	85	smNRPS-CB	5945	3556	3639	98.81	1.46e-32
A2026YABXX:8:67:5407:109760#GCCAATA/1	84	84	1	smNRPS-CB	5945	309	392	98.81	1.46e-32
A201L5ABXX:3:64:11789:109166#GCCAATA/2	81	81	1	smNRPS-CB	5945	2360	2440	100	1.46e-32
B200FTABXX:3:44:17128:45304#GCCAAT/1	85	85	1	smNRPS-CB	5945	3184	3268	98.824	4.06e-33
A2026YABXX:8:1:6674:198133#GCCAATA/2	85	85	1	smNRPS-CB	5945	3831	3915	98.824	4.06e-33
A2026YABXX:8:24:15789:110417#GCCAATA/1	85	1	85	smNRPS-CB	5945	2356	2440	98.824	4.06e-33
A2026YABXX:8:46:2910:63444#GCCAATA/1	85	1	85	smNRPS-CB	5945	2819	2903	98.824	4.06e-33
A201L5ABXX:3:41:5931:84708#GCCAATA/1	85	1	85	smNRPS-CB	5945	1475	1559	98.824	4.06e-33
A201L5ABXX:3:45:12780:100733#GCCAATA/1	85	85	1	smNRPS-CB	5945	2786	2870	98.824	4.06e-33
A201L5ABXX:3:46:9399:168725#GCCAATA/1	82	1	82	smNRPS-CB	5945	3367	3448	100	4.06e-33
A201L5ABXX:3:47:7888:88337#GCCAATA/1	85	1	85	smNRPS-CB	5945	3979	4063	98.824	4.06e-33
A201L5ABXX:3:61:15999:196872#GCCAATA/2	85	85	1	smNRPS-CB	5945	3151	3235	98.824	4.06e-33
A201L5ABXX:3:66:13062:53167#GCCAATA/1	85	85	1	smNRPS-CB	5945	331	415	98.824	4.06e-33
A2026YABXX:8:21:2150:67265#GCCAATA/1	85	85	1	smNRPS-CB	5945	2804	2888	98.824	4.06e-33
A2026YABXX:8:24:15789:110417#GCCAATA/2	85	83	1	smNRPS-CB	5945	2599	2681	100	1.13e-33
A2026YABXX:8:26:11827:149562#GCCAATA/2	83	83	1	smNRPS-CB	5945	5757	5839	100	1.13e-33
A2026YABXX:8:43:9797:44959#GCCAATA/2	89	89	1	smNRPS-CB	5945	3538	3626	97.753	1.13e-33
A2026YABXX:8:1:3371:157740#GCCAATA/2	84	84	1	smNRPS-CB	5945	148	231	100	3.13e-34
A2026YABXX:8:22:7479:20743#GCCAATA/1	84	1	84	smNRPS-CB	5945	2110	2193	100	3.13e-34
A2026YABXX:8:26:2491:7704#GCCAATA/1	85	84	1	smNRPS-CB	5945	4487	4570	100	3.13e-34
A2026YABXX:8:28:6259:148723#GCCAATA/2	90	90	1	smNRPS-CB	5945	3885	3974	97.778	3.13e-34
B200FTABXX:3:6:16981:35878#GCCAAT/1	85	1	85	smNRPS-CB	5945	1635	1719	100	8.72e-35
B200FTABXX:3:7:2706:105164#GCCAAT/1	85	1	85	smNRPS-CB	5945	4495	4579	100	8.72e-35
B200FTABXX:3:8:6775:195002#GCCAAT/1	85	1	85	smNRPS-CB	5945	913	997	100	8.72e-35
B200FTABXX:3:22:11176:73457#GCCAAT/1	85	1	85	smNRPS-CB	5945	2731	2815	100	8.72e-35
B200FTABXX:3:23:2137:159093#GCCAAT/1	85	1	85	smNRPS-CB	5945	3800	3884	100	8.72e-35
B200FTABXX:3:24:10726:131700#GCCAAT/1	85	1	85	smNRPS-CB	5945	501	585	100	8.72e-35
B200FTABXX:3:26:10635:70830#GCCAAT/1	85	85	1	smNRPS-CB	5945	1349	1433	100	8.72e-35
B200FTABXX:3:26:10635:70830#GCCAAT/2	88	1	85	smNRPS-CB	5945	1111	1195	100	8.72e-35
B200FTABXX:3:27:8655:180134#GCCAAT/1	85	85	1	smNRPS-CB	5945	3392	3476	100	8.72e-35
B200FTABXX:3:41:19493:64996#GCCAAT/1	85	85	1	smNRPS-CB	5945	562	646	100	8.72e-35
B200FTABXX:3:44:14189:75249#GCCAAT/1	85	1	85	smNRPS-CB	5945	4663	4747	100	8.72e-35
B200FTABXX:3:47:11000:120099#GCCAAT/1	85	1	85	smNRPS-CB	5945	691	775	100	8.72e-35
B200FTABXX:3:63:10577:132466#GCCAAT/1	85	85	1	smNRPS-CB	5945	2100	2184	100	8.72e-35
B200FTABXX:3:64:8940:159034#GCCAAT/1	85	1	85	smNRPS-CB	5945	1106	1190	100	8.72e-35
B200FTABXX:3:65:6572:19369#GCCAAT/1	85	1	85	smNRPS-CB	5945	2154	2238	100	8.72e-35
B200FTABXX:3:66:10551:182182#GCCAAT/1	85	1	85	smNRPS-CB	5945	3294	3378	100	8.72e-35
B200FTABXX:3:66:11422:196005#GCCAAT/1	85	85	1	smNRPS-CB	5945	4344	4428	100	8.72e-35
B200FTABXX:3:68:12900:110771#GCCAAT/1	85	1	85	smNRPS-CB	5945	5175	5259	100	8.72e-35
A2026YABXX:8:2:7516:79545#GCCAATA/1	85	85	1	smNRPS-CB	5945	4522	4606	100	8.72e-35
A2026YABXX:8:21:6337:95973#GCCAATA/1	85	1	85	smNRPS-CB	5945	5070	5154	100	8.72e-35
A2026YABXX:8:22:9936:89973#GCCAATA/1	85	1	85	smNRPS-CB	5945	1962	2046	100	8.72e-35
A2026YABXX:8:26:18798:30851#GCCAATA/1	85	85	1	smNRPS-CB	5945	1687	1771	100	8.72e-35
A2026YABXX:8:26:11827:149562#GCCAATA/1	85	1	85	smNRPS-CB	5945	5541	5625	100	8.72e-35
A2026YABXX:8:28:11181:194022#GCCAATA/1	85	1	85	smNRPS-CB	5945	2440	2524	100	8.72e-35
A2026YABXX:8:43:9797:44959#GCCAATA/1	85	1	85	smNRPS-CB	5945	3284	3368	100	8.72e-35
A2026YABXX:8:47:19025:80349#GCCAATA/1	85	1	85	smNRPS-CB	5945	3032	3116	100	8.72e-35
A2026YABXX:8:63:10464:142671#GCCAATA/1	85	85	1	smNRPS-CB	5945	660	744	100	8.72e-35
A2026YABXX:8:64:9670:195295#GCCAATA/1	85	85	1	smNRPS-CB	5945	3177	3261	100	8.72e-35
A2026YABXX:8:67:9773:182862#GCCAATA/2	90	90	1	smNRPS-CB	5945	2467	2556	97.778	8.72e-35
A201L5ABXX:3:1:2479:184195#GCCAATA/1	85	1	85	smNRPS-CB	5945	1660	1744	100	8.72e-35
A201L5ABXX:3:3:17223:35916#GCCAATA/1	85	1	85	smNRPS-CB	5945	3263	3347	100	8.72e-35
A201L5ABXX:3:3:15136:108352#GCCAATA/1	85	85	1	smNRPS-CB	5945	4555	4639	100	8.72e-35
A201L5ABXX:3:5:19261:112359#GCCAATA/1	85	1	85	smNRPS-CB	5945	2063	2147	100	8.72e-35
A201L5ABXX:3:6:5152:183116#GCCAATA/1	85	85	1	smNRPS-CB	5945	786	870	100	8.72e-35
A201L5ABXX:3:7:8023:19989#GCCAATA/1	85	85	1	smNRPS-CB	5945	283	367	100	8.72e-35
A201L5ABXX:3:27:13051:73152#GCCAATA/1	85	1	85	smNRPS-CB	5945	1125	1209	100	8.72e-35
A201L5ABXX:3:44:10972:95848#GCCAATA/1	85	1	85	smNRPS-CB	5945	2628	2712	100	8.72e-35
A201L5ABXX:3:46:6415:51777#GCCAATA/2	88	1	88	smNRPS-CB	5945	295	382	98.864	8.72e-35
A201L5ABXX:3:46:5449:91532#GCCAATA/1	85	1	85	smNRPS-CB	5945	3265	3349	100	8.72e-35
A201L5ABXX:3:46:9399:168725#GCCAATA/2	90	90	3	smNRPS-CB	5945	3596	3683	98.864	8.72e-35
A201L5ABXX:3:61:15999:196872#GCCAATA/1	85	1	85	smNRPS-CB	5945	2915	2999	100	8.72e-35
A201L5ABXX:3:64:11789:109166#GCCAATA/1	85	1	85	smNRPS-CB	5945	2103	2187	100	8.72e-35
A201L5ABXX:3:66:14208:25886#GCCAATA/1	85	1	85	smNRPS-CB	5945	4331	4415	100	8.72e-35
A201L5ABXX:3:66:2806:42611#GCCAATA/1	85	1	85	smNRPS-CB	5945	1666	1750	100	8.72e-35
A201L5ABXX:3:68:17515:119200#GCCAATA/1	85	85	1	smNRPS-CB	5945	4298	4382	100	8.72e-35
A201L5ABXX:3:68:7003:188385#GCCAATA/1	85	85	1	smNRPS-CB	5945	5095	5179	100	8.72e-35
B200FTABXX:3:41:19493:64996#GCCAAT/2	90	1	90	smNRPS-CB	5945	325	414	98.889	6.74e-36
A2026YABXX:8:21:14682:138118#GCCAATA/2	90	1	90	smNRPS-CB	5945	4231	4320	98.889	6.74e-36
A2026YABXX:8:23:3507:183545#GCCAATA/2	90	90	1	smNRPS-CB	5945	4663	4752	98.889	6.74e-36
A2026YABXX:8:26:3563:126421#GCCAATA/2	90	1	90	smNRPS-CB	5945	3560	3649	98.889	6.74e-36
A2026YABXX:8:28:11181:194022#GCCAATA/2	90	90	1	smNRPS-CB	5945	2610	2699	98.889	6.74e-36
A2026YABXX:8:43:1817:124209#GCCAATA/2	90	1	90	smNRPS-CB	5945	37	126	98.889	6.74e-36
A2026YABXX:8:48:13422:52126#GCCAATA/2	90	1	90	smNRPS-CB	5945	1518	1607	98.889	6.74e-36
A201L5ABXX:3:66:13062:53167#GCCAATA/2	90	1	90	smNRPS-CB	5945	88	177	98.889	6.74e-36
B200FTABXX:3:8:6775:195002#GCCAAT/2	88	88	1	smNRPS-CB	5945	1163	1250	100	1.87e-36
A2026YABXX:8:61:3555:112140#GCCAATA/2	90	90	1	smNRPS-CB	5945	165	254	98.889	1.87e-36
A2026YABXX:8:63:10464:142671#GCCAATA/2	90	1	90	smNRPS-CB	5945	408	497	98.889	1.87e-36
A2026YABXX:8:67:5407:109760#GCCAATA/2	90	1	90	smNRPS-CB	5945	63	152	98.889	1.87e-36
A201L5ABXX:3:27:13051:73152#GCCAATA/2	88	88	1	smNRPS-CB	5945	1348	1435	100	1.87e-36
A201L5ABXX:3:68:17515:119200#GCCAATA/2	89	1	89	smNRPS-CB	5945	4069	4157	100	5.21e-37
B200FTABXX:3:44:17128:45304#GCCAAT/2	90	1	90	smNRPS-CB	5945	2921	3010	100	1.45e-37
B200FTABXX:3:65:6572:19369#GCCAAT/2	90	90	1	smNRPS-CB	5945	2399	2488	100	1.45e-37
B200FTABXX:3:68:12900:110771#GCCAAT/2	90	90	1	smNRPS-CB	5945	5406	5495	100	1.45e-37
A2026YABXX:8:5:15140:147289#GCCAATA/2	90	1	90	smNRPS-CB	5945	764	853	100	1.45e-37
A2026YABXX:8:21:6337:95973#GCCAATA/2	90	90	1	smNRPS-CB	5945	5321	5410	100	1.45e-37
A2026YABXX:8:22:9936:89973#GCCAATA/2	90	90	1	smNRPS-CB	5945	2206	2295	100	1.45e-37
A2026YABXX:8:41:13096:102323#GCCAATA/2	90	1	90	smNRPS-CB	5945	5368	5457	100	1.45e-37
A2026YABXX:8:45:8103:167591#GCCAATA/2	90	1	90	smNRPS-CB	5945	3153	3242	100	1.45e-37
A2026YABXX:8:46:2910:63444#GCCAATA/2	90	90	1	smNRPS-CB	5945	3047	3136	100	1.45e-37
A2026YABXX:8:47:19025:80349#GCCAATA/2	90	90	1	smNRPS-CB	5945	3280	3369	100	1.45e-37
A201L5ABXX:3:3:15136:108352#GCCAATA/2	90	1	90	smNRPS-CB	5945	4323	4412	100	1.45e-37
A201L5ABXX:3:6:5152:183116#GCCAATA/2	90	1	90	smNRPS-CB	5945	532	621	100	1.45e-37
A201L5ABXX:3:7:8023:19989#GCCAATA/2	90	1	90	smNRPS-CB	5945	41	130	100	1.45e-37
A201L5ABXX:3:41:3699:136270#GCCAATA/2	90	1	90	smNRPS-CB	5945	5847	5936	100	1.45e-37
A201L5ABXX:3:42:17663:136013#GCCAATA/2	90	90	1	smNRPS-CB	5945	511	600	100	1.45e-37
A201L5ABXX:3:44:10972:95848#GCCAATA/2	90	90	1	smNRPS-CB	5945	2888	2977	100	1.45e-37
A201L5ABXX:3:65:5962:28080#GCCAATA/2	90	1	90	smNRPS-CB	5945	4487	4576	100	1.45e-37
A201L5ABXX:3:66:14208:25886#GCCAATA/2	90	90	1	smNRPS-CB	5945	4566	4655	100	1.45e-37
A201L5ABXX:3:66:2806:42611#GCCAATA/2	90	90	1	smNRPS-CB	5945	1859	1948	100	1.45e-37
A201L5ABXX:3:2:13057:197319#GCCAATA/2	90	1	90	smNRPS-CB	5945	3920	4009	100	1.45e-37
