B201TPABXX:1:62:8556:39719#TTAGGCAT/1	52	1	52	smNRPS-CC	5875	645	696	100	1.62e-16
B201TPABXX:1:67:2309:121790#TTAGGCAT/2	60	1	60	smNRPS-CC	5875	637	696	98.333	2.69e-19
A206BNABXX:2:28:14838:28736#TTAGGCAT/1	62	1	62	smNRPS-CC	5875	4662	4723	98.387	2.08e-20
B201TPABXX:1:6:18727:85834#TTAGGCAT/2	60	1	60	smNRPS-CC	5875	637	696	100	5.78e-21
A206BNABXX:2:47:5475:107272#TTAGGCAT/2	71	1	71	smNRPS-CC	5875	626	696	100	4.44e-27
B201TPABXX:1:45:16808:144120#TTAGGCAT/2	76	76	1	smNRPS-CC	5875	5767	5842	98.684	3.43e-28
B201TPABXX:1:46:6076:181205#TTAGGCAT/2	87	1	87	smNRPS-CC	5875	1358	1444	95.402	2.65e-29
A206BNABXX:2:6:14172:182374#TTAGGCAT/1	87	1	87	smNRPS-CC	5875	1364	1450	95.402	2.65e-29
A206BNABXX:2:7:7103:34869#TTAGGCAT/2	87	87	1	smNRPS-CC	5875	1286	1372	95.402	2.65e-29
A206BNABXX:2:61:4954:153611#TTAGGCAT/1	87	87	1	smNRPS-CC	5875	1273	1359	95.402	2.65e-29
B201TPABXX:1:48:10673:192149#TTAGGCAT/1	86	86	1	smNRPS-CC	5875	1265	1350	96.512	2.05e-30
B201TPABXX:1:44:14464:16260#TTAGGCAT/1	87	87	1	smNRPS-CC	5875	5293	5379	96.552	5.7e-31
A206BNABXX:2:62:5519:179711#TTAGGCAT/1	87	87	1	smNRPS-CC	5875	5303	5389	96.552	5.7e-31
A206BNABXX:2:66:6198:98105#TTAGGCAT/2	86	84	1	smNRPS-CC	5875	420	503	97.619	5.7e-31
B201TPABXX:1:27:9578:68298#TTAGGCAT/1	87	1	87	smNRPS-CC	5875	421	507	97.701	1.23e-32
A206BNABXX:2:48:19294:67599#TTAGGCAT/1	87	87	1	smNRPS-CC	5875	412	498	97.701	1.23e-32
A206BNABXX:2:61:12660:172701#TTAGGCAT/1	87	87	1	smNRPS-CC	5875	166	252	97.701	1.23e-32
B201TPABXX:1:4:5813:180591#TTAGGCAT/1	87	87	1	smNRPS-CC	5875	1239	1325	98.851	2.63e-34
B201TPABXX:1:5:11954:159910#TTAGGCAT/1	87	87	1	smNRPS-CC	5875	1560	1646	98.851	2.63e-34
B201TPABXX:1:7:20703:153448#TTAGGCAT/1	87	87	1	smNRPS-CC	5875	1187	1273	98.851	2.63e-34
A206BNABXX:2:21:16725:140721#TTAGGCAT/2	87	1	87	smNRPS-CC	5875	5777	5863	98.851	2.63e-34
A206BNABXX:2:42:10221:68872#TTAGGCAT/2	87	1	87	smNRPS-CC	5875	465	551	98.851	2.63e-34
A206BNABXX:2:42:10240:68871#TTAGGCAT/2	87	1	87	smNRPS-CC	5875	465	551	98.851	2.63e-34
B201TPABXX:1:46:6983:153978#TTAGGCAT/2	87	87	3	smNRPS-CC	5875	5791	5875	100	7.32e-35
B201TPABXX:1:27:9578:68298#TTAGGCAT/2	87	87	1	smNRPS-CC	5875	641	727	100	5.66e-36
A206BNABXX:2:68:11658:91127#TTAGGCAT/2	41	41	1	smNRPS-CB	5945	1290	1330	95.122	4.62e-7
B201TPABXX:1:4:5994:28502#TTAGGCAT/1	40	39	4	smNRPS-CB	5945	3718	3753	100	1.28e-7
B201TPABXX:1:43:17070:141161#TTAGGCAT/1	41	39	1	smNRPS-CB	5945	3766	3804	100	2.76e-9
A206BNABXX:2:66:6198:98105#TTAGGCAT/1	39	39	1	smNRPS-CB	5945	5739	5777	100	2.76e-9
A206BNABXX:2:48:2950:155029#TTAGGCAT/1	47	1	47	smNRPS-CB	5945	3063	3109	97.872	4.59e-12
A206BNABXX:2:5:6534:96223#TTCGGCAT/1	45	45	1	smNRPS-CB	5945	3000	3044	100	1.28e-12
B201TPABXX:1:2:15332:148334#TTAGGCAT/1	49	49	1	smNRPS-CB	5945	3172	3220	97.959	3.55e-13
A206BNABXX:2:68:11658:91127#TTAGGCAT/1	46	1	46	smNRPS-CB	5945	995	1040	100	3.55e-13
B201TPABXX:1:68:17929:72607#TTAGGCAT/2	50	1	50	smNRPS-CB	5945	1656	1705	98	9.86e-14
B201TPABXX:1:22:20227:45111#TTAGGCAT/1	49	49	1	smNRPS-CB	5945	2164	2212	100	7.62e-15
A206BNABXX:2:41:19383:86098#TTAGGCAT/2	58	58	2	smNRPS-CB	5945	1503	1559	96.491	5.89e-16
B201TPABXX:1:47:8996:101063#TTAGGCAT/2	54	54	1	smNRPS-CB	5945	2369	2422	98.148	5.89e-16
A206BNABXX:2:21:2183:158629#TTAGGCAT/1	52	52	1	smNRPS-CB	5945	2607	2658	100	1.64e-16
A206BNABXX:2:2:20970:154579#TTAGGCAT/1	56	56	1	smNRPS-CB	5945	2040	2095	98.214	4.55e-17
A206BNABXX:2:23:19018:23979#TTAGGCAT/1	56	56	1	smNRPS-CB	5945	1381	1436	98.214	4.55e-17
B201TPABXX:1:4:5994:28502#TTAGGCAT/2	60	1	57	smNRPS-CB	5945	3417	3473	98.246	1.27e-17
B201TPABXX:1:24:20449:177110#TTAGGCAT/2	57	57	1	smNRPS-CB	5945	1638	1694	98.246	1.27e-17
B201TPABXX:1:44:1872:19313#TTAGGCAT/2	57	1	57	smNRPS-CB	5945	2570	2626	98.246	1.27e-17
B201TPABXX:1:22:20359:32116#TTAGGCAT/2	55	1	55	smNRPS-CB	5945	76	130	100	3.52e-18
B201TPABXX:1:43:2302:173459#TTAGGCAT/1	55	1	55	smNRPS-CB	5945	226	280	100	3.52e-18
A206BNABXX:2:44:11306:81666#TTNGGCAT/1	58	58	1	smNRPS-CB	5945	718	775	98.276	3.52e-18
B201TPABXX:1:64:2968:20739#TTAGGCAT/1	62	62	1	smNRPS-CB	5945	4195	4256	96.774	9.79e-19
A206BNABXX:2:3:8870:8317#TTAGGCAT/1	56	1	56	smNRPS-CB	5945	2104	2159	100	9.79e-19
A206BNABXX:2:48:19294:67599#TTAGGCAT/2	62	62	1	smNRPS-CB	5945	5728	5789	96.774	9.79e-19
A206BNABXX:2:22:14730:71995#TTAGGCAT/1	58	58	3	smNRPS-CB	5945	4949	5004	100	9.79e-19
B201TPABXX:1:6:12767:137126#TTAGGCAT/2	60	1	57	smNRPS-CB	5945	2581	2637	100	2.72e-19
B201TPABXX:1:23:19086:48831#TTAGGCAT/2	57	57	1	smNRPS-CB	5945	4797	4853	100	2.72e-19
B201TPABXX:1:68:17165:56778#TTAGGCAT/2	60	1	60	smNRPS-CB	5945	3435	3494	98.333	2.72e-19
A206BNABXX:2:45:4943:36894#TTNGGCAT/1	57	57	1	smNRPS-CB	5945	4097	4153	100	2.72e-19
B201TPABXX:1:48:3199:35481#TTAGGCAT/1	62	62	1	smNRPS-CB	5945	3938	3999	98.387	2.1e-20
B201TPABXX:1:65:18799:54972#TTAGGCAT/2	62	1	62	smNRPS-CB	5945	4813	4874	98.387	2.1e-20
B201TPABXX:1:7:20703:153448#TTAGGCAT/2	61	61	1	smNRPS-CB	5945	4944	5004	100	1.63e-21
B201TPABXX:1:46:20700:42784#TTAGGCAT/2	67	1	67	smNRPS-CB	5945	5790	5856	97.015	1.63e-21
B201TPABXX:1:64:2968:20739#TTAGGCAT/2	67	1	67	smNRPS-CB	5945	3913	3979	97.015	1.63e-21
A206BNABXX:2:41:5064:30384#TTAGGCAT/2	65	65	1	smNRPS-CB	5945	2618	2682	98.462	4.52e-22
B201TPABXX:1:67:4151:111799#TTAGGCAT/2	72	72	1	smNRPS-CB	5945	342	413	95.833	1.26e-22
A206BNABXX:2:65:13066:164695#TTNGGCAT/1	65	65	3	smNRPS-CB	5945	3820	3882	100	1.26e-22
B201TPABXX:1:1:21064:57753#TTAGGCAT/2	67	67	1	smNRPS-CB	5945	5377	5443	98.507	3.5e-23
B201TPABXX:1:66:16136:44494#TTAGGCAT/1	67	67	1	smNRPS-CB	5945	1155	1221	98.507	3.5e-23
B201TPABXX:1:61:10822:16171#TTAGGCAT/2	65	1	65	smNRPS-CB	5945	2769	2833	100	9.72e-24
A206BNABXX:2:41:14299:143385#TTAGGCAT/1	74	1	74	smNRPS-CB	5945	3138	3211	95.946	9.72e-24
B201TPABXX:1:68:17929:72607#TTAGGCAT/1	66	66	1	smNRPS-CB	5945	1908	1973	100	2.7e-24
A206BNABXX:2:3:9159:186550#TTCGGCAT/2	66	66	1	smNRPS-CB	5945	3539	3604	100	2.7e-24
A206BNABXX:2:22:3310:43572#TTAGGCAT/2	72	72	1	smNRPS-CB	5945	4844	4915	97.222	2.7e-24
B201TPABXX:1:47:5124:163224#TTAGGCAT/1	72	1	72	smNRPS-CB	5945	4955	5026	97.222	2.7e-24
B201TPABXX:1:48:10673:192149#TTAGGCAT/2	73	73	1	smNRPS-CB	5945	4845	4917	97.26	7.51e-25
A206BNABXX:2:44:11965:112201#TTNGGCAT/2	67	1	67	smNRPS-CB	5945	2555	2621	100	7.51e-25
B201TPABXX:1:68:13718:93715#TTAGGCAT/1	68	1	68	smNRPS-CB	5945	176	243	100	2.09e-25
A206BNABXX:2:7:19346:108520#TTAGGCAT/2	77	77	1	smNRPS-CB	5945	1125	1201	96.104	2.09e-25
A206BNABXX:2:45:18041:79691#TTNGGCAT/2	71	71	1	smNRPS-CB	5945	3004	3074	98.592	2.09e-25
A206BNABXX:2:45:11859:175049#TTNGGCAT/2	74	74	1	smNRPS-CB	5945	1878	1951	97.297	2.09e-25
B201TPABXX:1:68:16038:35951#TTAGGCAT/2	78	78	1	smNRPS-CB	5945	1263	1340	96.154	5.81e-26
A206BNABXX:2:28:13894:60092#TTAGGCAT/1	72	72	1	smNRPS-CB	5945	2423	2494	98.611	5.81e-26
A206BNABXX:2:62:15395:107143#TTAGGCAT/2	69	69	1	smNRPS-CB	5945	848	916	100	5.81e-26
B201TPABXX:1:2:21014:58896#TTAGGCAT/2	76	76	1	smNRPS-CB	5945	5325	5400	97.368	1.62e-26
A206BNABXX:2:26:11594:7033#TTAGGCAT/1	70	70	1	smNRPS-CB	5945	2185	2254	100	1.62e-26
A206BNABXX:2:45:16342:26713#TTNGGCAT/2	76	76	1	smNRPS-CB	5945	1154	1229	97.368	1.62e-26
A206BNABXX:2:48:2950:155029#TTAGGCAT/2	76	76	1	smNRPS-CB	5945	3315	3390	97.368	1.62e-26
A206BNABXX:2:6:19128:123673#TTAGGCAT/2	87	1	84	smNRPS-CB	5945	1744	1823	95.238	1.62e-26
B201TPABXX:1:48:12571:45907#TTAGGCAT/2	77	77	1	smNRPS-CB	5945	2696	2772	97.403	4.49e-27
B201TPABXX:1:64:17494:199495#TTAGGCAT/2	77	77	1	smNRPS-CB	5945	3077	3153	97.403	4.49e-27
A206BNABXX:2:7:9340:90187#TTAGGCAT/2	87	1	85	smNRPS-CB	5945	1743	1823	95.294	4.49e-27
A206BNABXX:2:61:21360:138803#TTAGGCAT/1	77	77	1	smNRPS-CB	5945	3177	3253	97.403	4.49e-27
B201TPABXX:1:24:5648:9384#TTAGGCAT/1	87	81	1	smNRPS-CB	5945	1826	1906	96.296	1.25e-27
B201TPABXX:1:66:16136:44494#TTAGGCAT/2	72	1	72	smNRPS-CB	5945	887	958	100	1.25e-27
A206BNABXX:2:43:5139:132939#TTNGGCAT/2	81	1	81	smNRPS-CB	5945	3560	3640	96.296	1.25e-27
A206BNABXX:2:63:20377:162179#TTAGGCAT/2	72	1	72	smNRPS-CB	5945	2544	2615	100	1.25e-27
B201TPABXX:1:3:5660:156369#TTAGGCAT/1	81	81	1	smNRPS-CB	5945	4506	4586	96.296	1.25e-27
B201TPABXX:1:61:20061:195707#TTAGGCAT/1	78	1	78	smNRPS-CB	5945	4815	4892	97.436	1.25e-27
B201TPABXX:1:3:5666:156389#TTAGGCAT/1	85	82	1	smNRPS-CB	5945	4505	4586	96.341	3.47e-28
B201TPABXX:1:7:16381:115045#TTAGGCAT/1	73	1	73	smNRPS-CB	5945	5069	5141	100	3.47e-28
B201TPABXX:1:68:13424:192407#TTAGGCAT/1	76	1	76	smNRPS-CB	5945	2844	2919	98.684	3.47e-28
A206BNABXX:2:6:13004:150700#TTAGGCAT/2	77	74	1	smNRPS-CB	5945	4023	4096	100	9.65e-29
A206BNABXX:2:41:5064:30384#TTAGGCAT/1	77	1	77	smNRPS-CB	5945	2365	2441	98.701	9.65e-29
A206BNABXX:2:66:19269:154418#TTAGGCAT/2	77	77	1	smNRPS-CB	5945	646	722	98.701	9.65e-29
A206BNABXX:2:68:17422:61893#TTAGGCAT/2	74	74	1	smNRPS-CB	5945	4058	4131	100	9.65e-29
B201TPABXX:1:4:6979:6619#TTAGGCAT/1	87	84	1	smNRPS-CB	5945	1826	1909	96.429	2.68e-29
B201TPABXX:1:24:16292:18690#TTAGGCAT/1	87	87	1	smNRPS-CB	5945	5600	5686	95.402	2.68e-29
B201TPABXX:1:24:17624:20698#TTAGGCAT/2	87	3	83	smNRPS-CB	5945	4923	5003	97.531	2.68e-29
B201TPABXX:1:68:10211:193291#TTAGGCAT/1	87	1	87	smNRPS-CB	5945	5628	5714	95.402	2.68e-29
A206BNABXX:2:43:15289:94546#TTNGGCAT/2	87	87	1	smNRPS-CB	5945	3837	3923	95.402	2.68e-29
A206BNABXX:2:48:6502:17342#TTAGGCAT/2	87	1	87	smNRPS-CB	5945	3842	3928	95.402	2.68e-29
A206BNABXX:2:62:3484:133625#TTAGGCAT/2	87	1	87	smNRPS-CB	5945	3838	3924	95.402	2.68e-29
A206BNABXX:2:65:15932:93070#TTNGGCAT/2	81	81	1	smNRPS-CB	5945	5579	5659	97.531	2.68e-29
A206BNABXX:2:68:3918:121314#TTAGGCAT/1	87	87	1	smNRPS-CB	5945	5622	5708	95.402	2.68e-29
B201TPABXX:1:4:20898:54365#TTAGGCAT/1	86	1	82	smNRPS-CB	5945	5864	5945	97.561	7.46e-30
B201TPABXX:1:22:20359:32116#TTAGGCAT/1	76	76	1	smNRPS-CB	5945	336	411	100	7.46e-30
B201TPABXX:1:63:6899:55716#TTAGGCAT/1	82	82	1	smNRPS-CB	5945	3519	3600	97.561	7.46e-30
A206BNABXX:2:25:6231:157324#TTAGGCAT/2	82	82	1	smNRPS-CB	5945	1993	2074	97.561	7.46e-30
A206BNABXX:2:26:18250:87930#TTAGGCAT/2	76	1	76	smNRPS-CB	5945	581	656	100	7.46e-30
A206BNABXX:2:46:12411:196209#TTAGGCAT/2	85	85	1	smNRPS-CB	5945	304	388	96.471	7.46e-30
A206BNABXX:2:47:5475:107272#TTAGGCAT/1	82	1	82	smNRPS-CB	5945	4971	5052	97.561	7.46e-30
B201TPABXX:1:41:5237:119320#TTAGGCAT/1	80	80	1	smNRPS-CB	5945	1627	1706	98.75	2.07e-30
B201TPABXX:1:44:4459:164185#TTAGGCAT/2	87	2	87	smNRPS-CB	5945	5639	5724	96.512	2.07e-30
B201TPABXX:1:64:6326:5799#TTAGGCAT/2	86	1	86	smNRPS-CB	5945	1442	1527	96.512	2.07e-30
A206BNABXX:2:7:20318:174616#TTAGGCAT/2	80	80	1	smNRPS-CB	5945	2847	2926	98.75	2.07e-30
A206BNABXX:2:23:14449:49249#TTAGGCAT/2	80	1	80	smNRPS-CB	5945	5345	5424	98.75	2.07e-30
A206BNABXX:2:26:18250:87930#TTAGGCAT/1	77	77	1	smNRPS-CB	5945	850	926	100	2.07e-30
A206BNABXX:2:44:13309:168888#TTNGGCAT/2	77	77	1	smNRPS-CB	5945	627	703	100	2.07e-30
A206BNABXX:2:63:15440:29991#TTAGGCAT/1	80	80	1	smNRPS-CB	5945	3180	3259	98.75	2.07e-30
A206BNABXX:2:63:15440:29991#TTAGGCAT/2	77	1	77	smNRPS-CB	5945	2916	2992	100	2.07e-30
B201TPABXX:1:2:15345:148320#TTAGGCAT/1	87	87	1	smNRPS-CB	5945	3134	3220	96.552	5.77e-31
B201TPABXX:1:4:14074:146172#TTAGGCAT/1	87	1	87	smNRPS-CB	5945	3706	3792	96.552	5.77e-31
B201TPABXX:1:6:12564:178651#TTAGGCAT/1	81	81	1	smNRPS-CB	5945	3771	3851	98.765	5.77e-31
B201TPABXX:1:6:3408:181784#TTAGGCAT/1	87	1	87	smNRPS-CB	5945	4917	5003	96.552	5.77e-31
B201TPABXX:1:7:20553:112198#TTAGGCAT/1	87	1	87	smNRPS-CB	5945	1833	1919	96.552	5.77e-31
B201TPABXX:1:22:11711:75446#TTAGGCAT/1	87	87	1	smNRPS-CB	5945	309	395	96.552	5.77e-31
B201TPABXX:1:22:16070:171140#TTAGGCAT/2	87	87	1	smNRPS-CB	5945	291	377	96.552	5.77e-31
B201TPABXX:1:43:17070:141161#TTAGGCAT/2	87	1	87	smNRPS-CB	5945	3473	3559	96.552	5.77e-31
B201TPABXX:1:46:18585:170201#TTAGGCAT/2	87	87	1	smNRPS-CB	5945	3487	3573	96.552	5.77e-31
B201TPABXX:1:63:7974:75261#TTAGGCAT/2	87	1	87	smNRPS-CB	5945	1469	1555	96.552	5.77e-31
B201TPABXX:1:67:7990:78267#TTAGGCAT/2	87	1	87	smNRPS-CB	5945	3130	3216	96.552	5.77e-31
A206BNABXX:2:3:19171:137940#TTAGGCAT/2	87	1	87	smNRPS-CB	5945	1130	1216	96.552	5.77e-31
A206BNABXX:2:6:20375:20303#TTAGGCAT/1	87	87	1	smNRPS-CB	5945	4218	4304	96.552	5.77e-31
A206BNABXX:2:6:6311:151689#TTCGGCAT/2	87	1	87	smNRPS-CB	5945	3110	3196	96.552	5.77e-31
A206BNABXX:2:7:7103:34869#TTAGGCAT/1	87	87	1	smNRPS-CB	5945	4816	4902	96.552	5.77e-31
A206BNABXX:2:22:3310:43572#TTAGGCAT/1	87	1	87	smNRPS-CB	5945	4584	4670	96.552	5.77e-31
A206BNABXX:2:22:11560:103141#TTAGGCAT/2	87	1	87	smNRPS-CB	5945	5815	5901	96.552	5.77e-31
A206BNABXX:2:24:8550:31144#TTAGGCAT/2	87	87	1	smNRPS-CB	5945	3664	3750	96.552	5.77e-31
A206BNABXX:2:26:11594:7033#TTAGGCAT/2	87	1	87	smNRPS-CB	5945	1944	2030	96.552	5.77e-31
A206BNABXX:2:43:9803:33050#TTNGGCAT/2	87	1	87	smNRPS-CB	5945	4914	5000	96.552	5.77e-31
A206BNABXX:2:43:5139:132939#TTNGGCAT/1	87	87	1	smNRPS-CB	5945	3828	3914	96.552	5.77e-31
A206BNABXX:2:44:11306:81666#TTNGGCAT/2	87	1	87	smNRPS-CB	5945	448	534	96.552	5.77e-31
A206BNABXX:2:45:16342:26713#TTNGGCAT/1	81	1	81	smNRPS-CB	5945	897	977	98.765	5.77e-31
A206BNABXX:2:67:2017:105618#TTAGGCAT/1	87	1	87	smNRPS-CB	5945	1105	1191	96.552	5.77e-31
A206BNABXX:2:68:12422:53315#TTAGGCAT/1	87	1	87	smNRPS-CB	5945	1095	1181	96.552	5.77e-31
A206BNABXX:2:68:1534:72941#TTAGGCAT/2	87	1	87	smNRPS-CB	5945	1837	1923	96.552	5.77e-31
B201TPABXX:1:1:11967:87800#TTAGGCAT/2	87	1	85	smNRPS-CB	5945	5818	5902	97.647	1.6e-31
B201TPABXX:1:22:11711:75446#TTAGGCAT/2	82	1	82	smNRPS-CB	5945	76	157	98.78	1.6e-31
B201TPABXX:1:41:5237:119320#TTAGGCAT/2	82	1	82	smNRPS-CB	5945	1383	1464	98.78	1.6e-31
B201TPABXX:1:43:2302:173459#TTAGGCAT/2	79	79	1	smNRPS-CB	5945	480	558	100	1.6e-31
B201TPABXX:1:45:16808:144120#TTAGGCAT/1	87	85	1	smNRPS-CB	5945	275	359	97.647	1.6e-31
B201TPABXX:1:48:16837:180531#TTAGGCAT/1	87	3	87	smNRPS-CB	5945	1525	1609	97.647	1.6e-31
A206BNABXX:2:3:8870:8317#TTAGGCAT/2	82	82	1	smNRPS-CB	5945	2360	2441	98.78	1.6e-31
A206BNABXX:2:3:6390:53911#TTAGGCAT/2	86	85	1	smNRPS-CB	5945	3556	3640	97.647	1.6e-31
A206BNABXX:2:23:4352:156737#TTAGGCAT/2	79	79	1	smNRPS-CB	5945	1885	1963	100	1.6e-31
A206BNABXX:2:25:6231:157324#TTAGGCAT/1	87	1	86	smNRPS-CB	5945	1728	1811	97.674	1.6e-31
A206BNABXX:2:27:3502:163773#TTAGGCAT/2	87	85	1	smNRPS-CB	5945	4510	4594	97.647	1.6e-31
A206BNABXX:2:62:17479:122843#TTAGGCAT/2	87	1	85	smNRPS-CB	5945	5512	5596	97.647	1.6e-31
B201TPABXX:1:24:19923:71015#TTAGGCAT/1	82	1	82	smNRPS-CB	5945	3462	3543	98.78	1.6e-31
B201TPABXX:1:3:3190:63355#TTAGGCAT/1	86	86	1	smNRPS-CB	5945	1171	1256	97.674	4.46e-32
B201TPABXX:1:3:4475:140242#TTAGGCAT/1	86	1	86	smNRPS-CB	5945	2453	2538	97.674	4.46e-32
B201TPABXX:1:5:19382:134558#TTAGGCAT/2	86	1	86	smNRPS-CB	5945	4198	4283	97.674	4.46e-32
B201TPABXX:1:63:7974:75261#TTAGGCAT/1	87	87	1	smNRPS-CB	5945	1718	1802	97.701	4.46e-32
A206BNABXX:2:21:14221:49253#TTAGGCAT/2	86	86	1	smNRPS-CB	5945	3092	3177	97.674	4.46e-32
A206BNABXX:2:24:18825:69757#TTCGGCAT/1	87	86	1	smNRPS-CB	5945	542	627	97.674	4.46e-32
A206BNABXX:2:24:18825:69757#TTCGGCAT/2	86	1	86	smNRPS-CB	5945	324	409	97.674	4.46e-32
A206BNABXX:2:25:7851:71075#TTAGGCAT/1	86	86	1	smNRPS-CB	5945	429	514	97.674	4.46e-32
A206BNABXX:2:68:17422:61893#TTAGGCAT/1	80	1	80	smNRPS-CB	5945	3794	3873	100	4.46e-32
B201TPABXX:1:1:21064:57753#TTAGGCAT/1	87	1	87	smNRPS-CB	5945	5160	5246	97.701	1.24e-32
B201TPABXX:1:2:15332:148334#TTAGGCAT/2	87	1	87	smNRPS-CB	5945	2904	2990	97.701	1.24e-32
B201TPABXX:1:3:16161:53535#TTAGGCAT/1	87	87	1	smNRPS-CB	5945	3466	3552	97.701	1.24e-32
B201TPABXX:1:4:16525:3833#TTAGGCAT/2	87	1	87	smNRPS-CB	5945	1153	1239	97.701	1.24e-32
B201TPABXX:1:4:7062:18682#TTAGGCAT/1	87	87	1	smNRPS-CB	5945	2630	2716	97.701	1.24e-32
B201TPABXX:1:6:18727:85834#TTAGGCAT/1	87	1	87	smNRPS-CB	5945	5001	5087	97.701	1.24e-32
B201TPABXX:1:6:12564:178651#TTAGGCAT/2	87	1	87	smNRPS-CB	5945	3509	3595	97.701	1.24e-32
B201TPABXX:1:6:3408:181784#TTAGGCAT/2	87	87	1	smNRPS-CB	5945	5161	5247	97.701	1.24e-32
B201TPABXX:1:7:20553:112198#TTAGGCAT/2	87	87	1	smNRPS-CB	5945	2083	2169	97.701	1.24e-32
B201TPABXX:1:22:3244:111319#TTAGGCAT/1	87	87	1	smNRPS-CB	5945	3886	3972	97.701	1.24e-32
B201TPABXX:1:22:3244:111319#TTAGGCAT/2	87	1	87	smNRPS-CB	5945	3628	3714	97.701	1.24e-32
B201TPABXX:1:22:16070:171140#TTAGGCAT/1	87	1	87	smNRPS-CB	5945	54	140	97.701	1.24e-32
B201TPABXX:1:24:17624:20698#TTAGGCAT/1	87	87	1	smNRPS-CB	5945	5161	5247	97.701	1.24e-32
B201TPABXX:1:24:9991:36716#TTAGGCAT/2	87	87	1	smNRPS-CB	5945	3073	3159	97.701	1.24e-32
B201TPABXX:1:24:7248:189001#TTAGGCAT/2	87	87	1	smNRPS-CB	5945	2391	2477	97.701	1.24e-32
B201TPABXX:1:26:9208:38964#TTAGGCAT/1	87	87	1	smNRPS-CB	5945	283	369	97.701	1.24e-32
B201TPABXX:1:26:9208:38964#TTAGGCAT/2	87	1	87	smNRPS-CB	5945	53	139	97.701	1.24e-32
B201TPABXX:1:45:6594:178535#TTAGGCAT/2	87	87	1	smNRPS-CB	5945	5510	5596	97.701	1.24e-32
B201TPABXX:1:46:6983:153978#TTAGGCAT/1	87	87	1	smNRPS-CB	5945	242	328	97.701	1.24e-32
B201TPABXX:1:62:8556:39719#TTAGGCAT/2	87	1	87	smNRPS-CB	5945	4987	5073	97.701	1.24e-32
B201TPABXX:1:62:5992:54005#TTAGGCAT/2	87	87	1	smNRPS-CB	5945	61	147	97.701	1.24e-32
B201TPABXX:1:63:16452:87136#TTAGGCAT/2	87	1	87	smNRPS-CB	5945	3807	3893	97.701	1.24e-32
B201TPABXX:1:67:21138:44101#TTAGGCAT/1	87	1	87	smNRPS-CB	5945	5787	5873	97.701	1.24e-32
B201TPABXX:1:68:13424:192407#TTAGGCAT/2	87	87	1	smNRPS-CB	5945	3086	3172	97.701	1.24e-32
A206BNABXX:2:3:6390:53911#TTAGGCAT/1	87	1	87	smNRPS-CB	5945	3305	3391	97.701	1.24e-32
A206BNABXX:2:3:3119:67062#TTAGGCAT/1	87	87	1	smNRPS-CB	5945	3072	3158	97.701	1.24e-32
A206BNABXX:2:3:10248:149627#TTAGGATC/2	87	1	87	smNRPS-CB	5945	2072	2158	97.701	1.24e-32
A206BNABXX:2:4:7337:129314#TTNGGCAT/1	87	87	1	smNRPS-CB	5945	1542	1628	97.701	1.24e-32
A206BNABXX:2:4:7441:177756#TTNGGCAT/1	87	87	1	smNRPS-CB	5945	1539	1625	97.701	1.24e-32
A206BNABXX:2:5:2994:21755#TTAGGCAT/1	87	1	87	smNRPS-CB	5945	5674	5760	97.701	1.24e-32
A206BNABXX:2:5:6534:96223#TTCGGCAT/2	87	1	87	smNRPS-CB	5945	2712	2798	97.701	1.24e-32
A206BNABXX:2:5:18369:196864#TTAGGCAT/2	87	1	87	smNRPS-CB	5945	1558	1644	97.701	1.24e-32
A206BNABXX:2:6:14647:152713#TTAGGCAT/2	87	87	1	smNRPS-CB	5945	1046	1132	97.701	1.24e-32
A206BNABXX:2:7:10482:48872#TTAGGCAT/2	87	1	87	smNRPS-CB	5945	3074	3160	97.701	1.24e-32
A206BNABXX:2:8:4997:166756#TTAGGCAT/2	87	87	1	smNRPS-CB	5945	3295	3381	97.701	1.24e-32
A206BNABXX:2:23:2779:69839#TTCGGCAT/2	87	87	1	smNRPS-CB	5945	5007	5093	97.701	1.24e-32
A206BNABXX:2:25:4214:172319#TTCGGCAT/2	87	84	1	smNRPS-CB	5945	5502	5585	98.81	1.24e-32
A206BNABXX:2:41:19383:86098#TTAGGCAT/1	87	1	87	smNRPS-CB	5945	1224	1310	97.701	1.24e-32
A206BNABXX:2:42:10221:68872#TTAGGCAT/1	87	1	87	smNRPS-CB	5945	5181	5267	97.701	1.24e-32
A206BNABXX:2:42:10240:68871#TTAGGCAT/1	87	1	87	smNRPS-CB	5945	5181	5267	97.701	1.24e-32
A206BNABXX:2:43:9803:33050#TTNGGCAT/1	87	87	1	smNRPS-CB	5945	5150	5236	97.701	1.24e-32
A206BNABXX:2:43:15289:94546#TTNGGCAT/1	87	1	87	smNRPS-CB	5945	3587	3673	97.701	1.24e-32
A206BNABXX:2:44:13309:168888#TTNGGCAT/1	87	1	87	smNRPS-CB	5945	372	458	97.701	1.24e-32
A206BNABXX:2:62:17479:122843#TTAGGCAT/1	81	81	1	smNRPS-CB	5945	5747	5827	100	1.24e-32
A206BNABXX:2:65:18822:158294#TTNGGCAT/2	81	1	81	smNRPS-CB	5945	5295	5375	100	1.24e-32
A206BNABXX:2:65:13066:164695#TTNGGCAT/2	87	1	87	smNRPS-CB	5945	3583	3669	97.701	1.24e-32
A206BNABXX:2:67:18771:6716#TTAGGCAT/1	87	87	1	smNRPS-CB	5945	3295	3381	97.701	1.24e-32
A206BNABXX:2:67:16097:11477#TTAGGCAT/2	87	1	87	smNRPS-CB	5945	1157	1243	97.701	1.24e-32
A206BNABXX:2:68:1534:72941#TTAGGCAT/1	87	87	1	smNRPS-CB	5945	2080	2166	97.701	1.24e-32
B201TPABXX:1:24:16292:18690#TTAGGCAT/2	85	1	85	smNRPS-CB	5945	5350	5434	98.824	3.45e-33
B201TPABXX:1:24:7248:189001#TTAGGCAT/1	82	1	82	smNRPS-CB	5945	2145	2226	100	3.45e-33
B201TPABXX:1:44:1872:19313#TTAGGCAT/1	82	82	1	smNRPS-CB	5945	2804	2885	100	3.45e-33
A206BNABXX:2:6:20375:20303#TTAGGCAT/2	87	3	87	smNRPS-CB	5945	3975	4059	98.824	3.45e-33
A206BNABXX:2:24:5035:90897#TTAGGCAT/1	82	82	1	smNRPS-CB	5945	5309	5390	100	3.45e-33
A206BNABXX:2:25:5331:76596#TTAGGCAT/2	82	82	1	smNRPS-CB	5945	4791	4872	100	3.45e-33
A206BNABXX:2:66:3304:86905#TTCGGCAT/1	82	82	1	smNRPS-CB	5945	731	812	100	3.45e-33
B201TPABXX:1:2:21014:58896#TTAGGCAT/1	86	1	86	smNRPS-CB	5945	5077	5162	98.837	9.58e-34
B201TPABXX:1:68:16038:35951#TTAGGCAT/1	86	1	86	smNRPS-CB	5945	1011	1096	98.837	9.58e-34
A206BNABXX:2:4:7337:129314#TTNGGCAT/2	87	2	87	smNRPS-CB	5945	1296	1381	98.837	9.58e-34
A206BNABXX:2:28:13894:60092#TTAGGCAT/2	83	1	83	smNRPS-CB	5945	2157	2239	100	9.58e-34
A206BNABXX:2:46:12411:196209#TTAGGCAT/1	87	2	87	smNRPS-CB	5945	68	153	98.837	9.58e-34
A206BNABXX:2:67:18771:6716#TTAGGCAT/2	86	1	86	smNRPS-CB	5945	3042	3127	98.837	9.58e-34
B201TPABXX:1:2:13312:20005#TTAGGCAT/1	87	1	87	smNRPS-CB	5945	1399	1485	98.851	2.66e-34
B201TPABXX:1:2:13312:20005#TTAGGCAT/2	87	87	1	smNRPS-CB	5945	1651	1737	98.851	2.66e-34
B201TPABXX:1:2:15345:148320#TTAGGCAT/2	87	1	87	smNRPS-CB	5945	2904	2990	98.851	2.66e-34
B201TPABXX:1:3:16161:53535#TTAGGCAT/2	87	1	87	smNRPS-CB	5945	3237	3323	98.851	2.66e-34
B201TPABXX:1:4:16525:3833#TTAGGCAT/1	87	87	1	smNRPS-CB	5945	1394	1480	98.851	2.66e-34
B201TPABXX:1:4:6979:6619#TTAGGCAT/2	87	1	87	smNRPS-CB	5945	1572	1658	98.851	2.66e-34
B201TPABXX:1:4:7062:18682#TTAGGCAT/2	87	1	87	smNRPS-CB	5945	2399	2485	98.851	2.66e-34
B201TPABXX:1:4:14074:146172#TTAGGCAT/2	87	87	1	smNRPS-CB	5945	3932	4018	98.851	2.66e-34
B201TPABXX:1:5:10799:13479#TTAGGCAT/1	87	87	1	smNRPS-CB	5945	1307	1393	98.851	2.66e-34
B201TPABXX:1:7:16381:115045#TTAGGCAT/2	87	87	1	smNRPS-CB	5945	5310	5396	98.851	2.66e-34
B201TPABXX:1:23:5400:182894#TTAGGCAT/2	87	87	1	smNRPS-CB	5945	3158	3244	98.851	2.66e-34
B201TPABXX:1:24:5648:9384#TTAGGCAT/2	87	1	87	smNRPS-CB	5945	1572	1658	98.851	2.66e-34
B201TPABXX:1:24:9991:36716#TTAGGCAT/1	87	1	87	smNRPS-CB	5945	2879	2965	98.851	2.66e-34
B201TPABXX:1:24:13714:112767#TTAGGCAT/1	87	87	1	smNRPS-CB	5945	3246	3332	98.851	2.66e-34
B201TPABXX:1:24:13714:112767#TTAGGCAT/2	87	1	87	smNRPS-CB	5945	3015	3101	98.851	2.66e-34
B201TPABXX:1:24:20449:177110#TTAGGCAT/1	87	1	87	smNRPS-CB	5945	1370	1456	98.851	2.66e-34
B201TPABXX:1:26:19403:143227#TTAGGCAT/2	87	1	87	smNRPS-CB	5945	559	645	98.851	2.66e-34
B201TPABXX:1:27:4951:195026#TTAGGCAT/2	87	87	1	smNRPS-CB	5945	3012	3098	98.851	2.66e-34
B201TPABXX:1:42:17409:43213#TTAGGCAT/1	87	87	1	smNRPS-CB	5945	893	979	98.851	2.66e-34
B201TPABXX:1:42:17409:43213#TTAGGCAT/2	87	1	87	smNRPS-CB	5945	662	748	98.851	2.66e-34
B201TPABXX:1:44:14464:16260#TTAGGCAT/2	87	87	1	smNRPS-CB	5945	691	777	98.851	2.66e-34
B201TPABXX:1:46:18585:170201#TTAGGCAT/1	87	1	87	smNRPS-CB	5945	3248	3334	98.851	2.66e-34
B201TPABXX:1:47:12892:51276#TTAGGCAT/1	87	1	87	smNRPS-CB	5945	3436	3522	98.851	2.66e-34
B201TPABXX:1:48:12571:45907#TTAGGCAT/1	87	1	87	smNRPS-CB	5945	2432	2518	98.851	2.66e-34
B201TPABXX:1:61:10822:16171#TTAGGCAT/1	87	87	1	smNRPS-CB	5945	3012	3098	98.851	2.66e-34
B201TPABXX:1:63:6899:55716#TTAGGCAT/2	87	1	87	smNRPS-CB	5945	3280	3366	98.851	2.66e-34
B201TPABXX:1:63:9641:83948#TTAGGCAT/2	87	1	87	smNRPS-CB	5945	1927	2013	98.851	2.66e-34
B201TPABXX:1:63:2302:85836#TTAGGCAT/1	87	1	87	smNRPS-CB	5945	3029	3115	98.851	2.66e-34
B201TPABXX:1:63:2302:85836#TTAGGCAT/2	87	87	1	smNRPS-CB	5945	3258	3344	98.851	2.66e-34
B201TPABXX:1:64:13122:98678#TTAGGCAT/1	87	87	1	smNRPS-CB	5945	399	485	98.851	2.66e-34
B201TPABXX:1:65:12791:13732#TTAGGCAT/1	87	87	1	smNRPS-CB	5945	381	467	98.851	2.66e-34
B201TPABXX:1:65:10461:51135#TTAGGCAT/2	87	87	1	smNRPS-CB	5945	3476	3562	98.851	2.66e-34
B201TPABXX:1:65:2182:153221#TTAGGCAT/2	87	87	1	smNRPS-CB	5945	3021	3107	98.851	2.66e-34
B201TPABXX:1:66:2511:121560#TTAGGCAT/2	84	84	1	smNRPS-CB	5945	169	252	100	2.66e-34
B201TPABXX:1:66:14863:148374#TTAGGCAT/1	84	1	84	smNRPS-CB	5945	5279	5362	100	2.66e-34
B201TPABXX:1:67:19181:53933#TTAGGCAT/2	87	87	1	smNRPS-CB	5945	2391	2477	98.851	2.66e-34
B201TPABXX:1:67:3632:100040#TTAGGCAT/2	87	87	1	smNRPS-CB	5945	107	193	98.851	2.66e-34
B201TPABXX:1:67:13594:101153#TTAGGCAT/1	87	87	1	smNRPS-CB	5945	3012	3098	98.851	2.66e-34
B201TPABXX:1:67:4151:111799#TTAGGCAT/1	87	1	87	smNRPS-CB	5945	81	167	98.851	2.66e-34
B201TPABXX:1:68:13718:93715#TTAGGCAT/2	87	87	1	smNRPS-CB	5945	434	520	98.851	2.66e-34
A206BNABXX:2:1:19461:11693#TTAGGCAT/2	87	1	87	smNRPS-CB	5945	5064	5150	98.851	2.66e-34
A206BNABXX:2:3:19171:137940#TTAGGCAT/1	87	87	1	smNRPS-CB	5945	1373	1459	98.851	2.66e-34
A206BNABXX:2:4:5755:117512#TTNGGCAT/2	87	87	1	smNRPS-CB	5945	1952	2038	98.851	2.66e-34
A206BNABXX:2:4:7441:177756#TTNGGCAT/2	87	1	87	smNRPS-CB	5945	1310	1396	98.851	2.66e-34
A206BNABXX:2:5:15035:104581#TTAGGCAT/2	87	87	1	smNRPS-CB	5945	2883	2969	98.851	2.66e-34
A206BNABXX:2:6:6311:151689#TTCGGCAT/1	87	87	1	smNRPS-CB	5945	3350	3436	98.851	2.66e-34
A206BNABXX:2:7:10482:48872#TTAGGCAT/1	87	87	1	smNRPS-CB	5945	3331	3417	98.851	2.66e-34
A206BNABXX:2:7:7052:54687#TTAGGCAT/1	87	87	1	smNRPS-CB	5945	5502	5588	98.851	2.66e-34
A206BNABXX:2:7:20318:174616#TTAGGCAT/1	87	1	87	smNRPS-CB	5945	2613	2699	98.851	2.66e-34
A206BNABXX:2:8:4997:166756#TTAGGCAT/1	87	1	87	smNRPS-CB	5945	3054	3140	98.851	2.66e-34
A206BNABXX:2:21:14221:49253#TTAGGCAT/1	87	1	87	smNRPS-CB	5945	2865	2951	98.851	2.66e-34
A206BNABXX:2:21:14029:123920#TTAGGCAT/2	87	87	1	smNRPS-CB	5945	102	188	98.851	2.66e-34
A206BNABXX:2:21:2183:158629#TTAGGCAT/2	87	1	87	smNRPS-CB	5945	2341	2427	98.851	2.66e-34
A206BNABXX:2:24:5035:90897#TTAGGCAT/2	87	1	87	smNRPS-CB	5945	5064	5150	98.851	2.66e-34
A206BNABXX:2:25:13270:174205#TTCGGCAT/2	87	87	1	smNRPS-CB	5945	3060	3146	98.851	2.66e-34
A206BNABXX:2:28:14838:28736#TTAGGCAT/2	87	1	87	smNRPS-CB	5945	978	1064	98.851	2.66e-34
A206BNABXX:2:43:6745:68700#TTNGGCAT/1	87	1	87	smNRPS-CB	5945	2605	2691	98.851	2.66e-34
A206BNABXX:2:43:6745:68700#TTNGGCAT/2	87	87	1	smNRPS-CB	5945	2849	2935	98.851	2.66e-34
A206BNABXX:2:44:10004:129503#TTNGGCAT/2	87	1	87	smNRPS-CB	5945	1894	1980	98.851	2.66e-34
A206BNABXX:2:45:18041:79691#TTNGGCAT/1	87	1	87	smNRPS-CB	5945	2764	2850	98.851	2.66e-34
A206BNABXX:2:45:15913:159176#TTNGGCAT/1	87	1	87	smNRPS-CB	5945	1383	1469	98.851	2.66e-34
A206BNABXX:2:45:15913:159176#TTNGGCAT/2	87	87	1	smNRPS-CB	5945	1636	1722	98.851	2.66e-34
A206BNABXX:2:46:5414:103413#TTAGGCAT/1	87	87	1	smNRPS-CB	5945	3048	3134	98.851	2.66e-34
A206BNABXX:2:47:11494:70963#TTAGGCAT/1	87	1	87	smNRPS-CB	5945	364	450	98.851	2.66e-34
A206BNABXX:2:48:6502:17342#TTAGGCAT/1	87	87	1	smNRPS-CB	5945	4096	4182	98.851	2.66e-34
A206BNABXX:2:63:4693:35601#TTAGGCAT/1	87	87	1	smNRPS-CB	5945	1613	1699	98.851	2.66e-34
A206BNABXX:2:63:4693:35601#TTAGGCAT/2	87	1	87	smNRPS-CB	5945	1365	1451	98.851	2.66e-34
A206BNABXX:2:63:20377:162179#TTAGGCAT/1	87	87	1	smNRPS-CB	5945	2786	2872	98.851	2.66e-34
A206BNABXX:2:63:15393:173920#TTAGGCAT/2	87	1	87	smNRPS-CB	5945	1535	1621	98.851	2.66e-34
A206BNABXX:2:64:19063:91129#TTNGGCAT/1	87	87	1	smNRPS-CB	5945	1323	1409	98.851	2.66e-34
A206BNABXX:2:66:19269:154418#TTAGGCAT/1	87	1	87	smNRPS-CB	5945	394	480	98.851	2.66e-34
A206BNABXX:2:67:16097:11477#TTAGGCAT/1	87	87	1	smNRPS-CB	5945	1403	1489	98.851	2.66e-34
A206BNABXX:2:67:2017:105618#TTAGGCAT/2	87	87	1	smNRPS-CB	5945	1349	1435	98.851	2.66e-34
A206BNABXX:2:68:12732:101918#TTAGGCAT/1	87	87	1	smNRPS-CB	5945	1618	1704	98.851	2.66e-34
A206BNABXX:2:68:3918:121314#TTAGGCAT/2	87	1	87	smNRPS-CB	5945	5378	5464	98.851	2.66e-34
B201TPABXX:1:68:6019:65143#TTAGGCAT/2	87	1	87	smNRPS-CB	5945	3884	3970	98.851	2.66e-34
A206BNABXX:2:6:15644:175795#TTAGGCAT/1	87	1	87	smNRPS-CB	5945	3459	3545	98.851	2.66e-34
B201TPABXX:1:6:12767:137126#TTAGGCAT/1	87	87	3	smNRPS-CB	5945	2829	2913	100	7.41e-35
B201TPABXX:1:64:2613:149348#TTAGGCAT/1	86	2	86	smNRPS-CB	5945	2528	2612	100	7.41e-35
A206BNABXX:2:7:14768:148565#TTAGGCAT/2	87	85	1	smNRPS-CB	5945	122	206	100	7.41e-35
A206BNABXX:2:45:11859:175049#TTNGGCAT/1	85	1	85	smNRPS-CB	5945	1598	1682	100	7.41e-35
A206BNABXX:2:47:11494:70963#TTAGGCAT/2	85	85	1	smNRPS-CB	5945	624	708	100	7.41e-35
B201TPABXX:1:64:6326:5799#TTAGGCAT/1	87	86	1	smNRPS-CB	5945	1686	1771	100	2.06e-35
A206BNABXX:2:1:19461:11693#TTAGGCAT/1	86	86	1	smNRPS-CB	5945	5305	5390	100	2.06e-35
A206BNABXX:2:3:3119:67062#TTAGGCAT/2	87	1	86	smNRPS-CB	5945	2828	2913	100	2.06e-35
A206BNABXX:2:7:18442:145077#TTAGGCAT/1	86	86	1	smNRPS-CB	5945	4642	4727	100	2.06e-35
A206BNABXX:2:68:8281:49770#TTAGGCAT/1	87	2	87	smNRPS-CB	5945	1898	1983	100	2.06e-35
B201TPABXX:1:2:4561:114595#TTAGGCAT/1	86	86	1	smNRPS-CB	5945	5758	5843	100	2.06e-35
B201TPABXX:1:8:11916:146445#TTAGGCAT/1	87	87	1	smNRPS-CB	5945	5257	5343	100	5.73e-36
B201TPABXX:1:22:6057:5842#TTAGGCAT/1	87	87	1	smNRPS-CB	5945	5261	5347	100	5.73e-36
B201TPABXX:1:22:6057:5842#TTAGGCAT/2	87	1	87	smNRPS-CB	5945	5014	5100	100	5.73e-36
B201TPABXX:1:23:19086:48831#TTAGGCAT/1	87	1	87	smNRPS-CB	5945	4537	4623	100	5.73e-36
B201TPABXX:1:23:5400:182894#TTAGGCAT/1	87	1	87	smNRPS-CB	5945	2919	3005	100	5.73e-36
B201TPABXX:1:25:7657:36002#TTAGGCAT/1	87	1	87	smNRPS-CB	5945	5346	5432	100	5.73e-36
B201TPABXX:1:25:7657:36002#TTAGGCAT/2	87	87	1	smNRPS-CB	5945	5592	5678	100	5.73e-36
B201TPABXX:1:26:19403:143227#TTAGGCAT/1	87	87	1	smNRPS-CB	5945	801	887	100	5.73e-36
B201TPABXX:1:27:4951:195026#TTAGGCAT/1	87	1	87	smNRPS-CB	5945	2773	2859	100	5.73e-36
B201TPABXX:1:45:6594:178535#TTAGGCAT/1	87	1	87	smNRPS-CB	5945	5291	5377	100	5.73e-36
B201TPABXX:1:47:14180:45088#TTAGGCAT/2	87	87	1	smNRPS-CB	5945	187	273	100	5.73e-36
B201TPABXX:1:61:8863:22957#TTAGGCAT/1	87	1	87	smNRPS-CB	5945	5766	5852	100	5.73e-36
B201TPABXX:1:63:9641:83948#TTAGGCAT/1	87	87	1	smNRPS-CB	5945	2167	2253	100	5.73e-36
B201TPABXX:1:64:13122:98678#TTAGGCAT/2	87	1	87	smNRPS-CB	5945	154	240	100	5.73e-36
B201TPABXX:1:64:2613:149348#TTAGGCAT/2	87	87	1	smNRPS-CB	5945	2781	2867	100	5.73e-36
B201TPABXX:1:64:17494:199495#TTAGGCAT/1	87	1	87	smNRPS-CB	5945	2825	2911	100	5.73e-36
B201TPABXX:1:65:12791:13732#TTAGGCAT/2	87	1	87	smNRPS-CB	5945	140	226	100	5.73e-36
B201TPABXX:1:65:10461:51135#TTAGGCAT/1	87	1	87	smNRPS-CB	5945	3223	3309	100	5.73e-36
B201TPABXX:1:65:18799:54972#TTAGGCAT/1	87	87	1	smNRPS-CB	5945	5060	5146	100	5.73e-36
B201TPABXX:1:65:2182:153221#TTAGGCAT/1	87	1	87	smNRPS-CB	5945	2780	2866	100	5.73e-36
B201TPABXX:1:67:19181:53933#TTAGGCAT/1	87	1	87	smNRPS-CB	5945	2151	2237	100	5.73e-36
B201TPABXX:1:67:7990:78267#TTAGGCAT/1	87	87	1	smNRPS-CB	5945	3381	3467	100	5.73e-36
B201TPABXX:1:67:13594:101153#TTAGGCAT/2	87	1	87	smNRPS-CB	5945	2768	2854	100	5.73e-36
A206BNABXX:2:3:11682:32756#TTAGGCAT/1	87	87	1	smNRPS-CB	5945	5267	5353	100	5.73e-36
A206BNABXX:2:3:11682:32756#TTAGGCAT/2	87	1	87	smNRPS-CB	5945	5038	5124	100	5.73e-36
A206BNABXX:2:3:9159:186550#TTCGGCAT/1	87	1	87	smNRPS-CB	5945	3284	3370	100	5.73e-36
A206BNABXX:2:4:5755:117512#TTNGGCAT/1	87	1	87	smNRPS-CB	5945	1707	1793	100	5.73e-36
A206BNABXX:2:5:15035:104581#TTAGGCAT/1	87	1	87	smNRPS-CB	5945	2639	2725	100	5.73e-36
A206BNABXX:2:6:13004:150700#TTAGGCAT/1	87	1	87	smNRPS-CB	5945	3760	3846	100	5.73e-36
A206BNABXX:2:6:14647:152713#TTAGGCAT/1	87	1	87	smNRPS-CB	5945	796	882	100	5.73e-36
A206BNABXX:2:7:7052:54687#TTAGGCAT/2	87	1	87	smNRPS-CB	5945	5272	5358	100	5.73e-36
A206BNABXX:2:7:19346:108520#TTAGGCAT/1	87	1	87	smNRPS-CB	5945	869	955	100	5.73e-36
A206BNABXX:2:7:18442:145077#TTAGGCAT/2	87	1	87	smNRPS-CB	5945	4379	4465	100	5.73e-36
A206BNABXX:2:8:4759:28062#TTAGGCAT/1	87	1	87	smNRPS-CB	5945	2283	2369	100	5.73e-36
A206BNABXX:2:8:4759:28062#TTAGGCAT/2	87	87	1	smNRPS-CB	5945	2513	2599	100	5.73e-36
A206BNABXX:2:22:15269:47180#TTAGGCAT/1	87	1	87	smNRPS-CB	5945	5033	5119	100	5.73e-36
A206BNABXX:2:22:15269:47180#TTAGGCAT/2	87	87	1	smNRPS-CB	5945	5266	5352	100	5.73e-36
A206BNABXX:2:23:2779:69839#TTCGGCAT/1	87	1	87	smNRPS-CB	5945	4770	4856	100	5.73e-36
A206BNABXX:2:23:4352:156737#TTAGGCAT/1	87	1	87	smNRPS-CB	5945	1632	1718	100	5.73e-36
A206BNABXX:2:24:8550:31144#TTAGGCAT/1	87	1	87	smNRPS-CB	5945	3413	3499	100	5.73e-36
A206BNABXX:2:25:18491:48395#TTCGGCAT/1	87	1	87	smNRPS-CB	5945	5025	5111	100	5.73e-36
A206BNABXX:2:25:18491:48395#TTCGGCAT/2	87	87	1	smNRPS-CB	5945	5263	5349	100	5.73e-36
A206BNABXX:2:25:7851:71075#TTAGGCAT/2	87	1	87	smNRPS-CB	5945	177	263	100	5.73e-36
A206BNABXX:2:25:5331:76596#TTAGGCAT/1	87	1	87	smNRPS-CB	5945	4543	4629	100	5.73e-36
A206BNABXX:2:25:4214:172319#TTCGGCAT/1	87	1	87	smNRPS-CB	5945	5258	5344	100	5.73e-36
A206BNABXX:2:25:13270:174205#TTCGGCAT/1	87	1	87	smNRPS-CB	5945	2820	2906	100	5.73e-36
A206BNABXX:2:26:17485:19849#TTAGGCAT/1	87	1	87	smNRPS-CB	5945	5017	5103	100	5.73e-36
A206BNABXX:2:26:17485:19849#TTAGGCAT/2	87	87	1	smNRPS-CB	5945	5259	5345	100	5.73e-36
A206BNABXX:2:27:6587:83190#TTAGGCAT/1	87	87	1	smNRPS-CB	5945	4753	4839	100	5.73e-36
A206BNABXX:2:27:6587:83190#TTAGGCAT/2	87	1	87	smNRPS-CB	5945	4506	4592	100	5.73e-36
A206BNABXX:2:41:14299:143385#TTAGGCAT/2	87	87	1	smNRPS-CB	5945	3379	3465	100	5.73e-36
A206BNABXX:2:42:7761:81011#TTAGGCAT/1	87	87	1	smNRPS-CB	5945	291	377	100	5.73e-36
A206BNABXX:2:42:7761:81011#TTAGGCAT/2	87	1	87	smNRPS-CB	5945	25	111	100	5.73e-36
A206BNABXX:2:44:11965:112201#TTNGGCAT/1	87	87	1	smNRPS-CB	5945	2805	2891	100	5.73e-36
A206BNABXX:2:44:10004:129503#TTNGGCAT/1	87	87	1	smNRPS-CB	5945	2135	2221	100	5.73e-36
A206BNABXX:2:46:5414:103413#TTAGGCAT/2	87	1	87	smNRPS-CB	5945	2811	2897	100	5.73e-36
A206BNABXX:2:47:18749:177509#TTAGGCAT/1	87	1	87	smNRPS-CB	5945	5050	5136	100	5.73e-36
A206BNABXX:2:47:18749:177509#TTAGGCAT/2	87	87	1	smNRPS-CB	5945	5270	5356	100	5.73e-36
A206BNABXX:2:62:15395:107143#TTAGGCAT/1	87	1	87	smNRPS-CB	5945	581	667	100	5.73e-36
A206BNABXX:2:62:3484:133625#TTAGGCAT/1	87	87	1	smNRPS-CB	5945	4073	4159	100	5.73e-36
A206BNABXX:2:62:5519:179711#TTAGGCAT/2	87	87	1	smNRPS-CB	5945	734	820	100	5.73e-36
A206BNABXX:2:64:16631:109145#TTNGGCAT/1	87	87	1	smNRPS-CB	5945	2238	2324	100	5.73e-36
A206BNABXX:2:64:16631:109145#TTNGGCAT/2	87	1	87	smNRPS-CB	5945	2212	2298	100	5.73e-36
A206BNABXX:2:65:15932:93070#TTNGGCAT/1	87	1	87	smNRPS-CB	5945	5351	5437	100	5.73e-36
A206BNABXX:2:65:18822:158294#TTNGGCAT/1	87	87	1	smNRPS-CB	5945	5536	5622	100	5.73e-36
A206BNABXX:2:68:8281:49770#TTAGGCAT/2	87	87	1	smNRPS-CB	5945	2144	2230	100	5.73e-36
A206BNABXX:2:68:12422:53315#TTAGGCAT/2	87	87	1	smNRPS-CB	5945	1339	1425	100	5.73e-36
A206BNABXX:2:68:12732:101918#TTAGGCAT/2	87	1	87	smNRPS-CB	5945	1371	1457	100	5.73e-36
A206BNABXX:2:66:12682:59318#TTAGGCAT/1	87	1	87	smNRPS-CB	5945	3408	3494	100	5.73e-36
