FC617A9AAXX:7:60:3750:6218#0/1	72	1	72	smNRPS-CC	5875	4225	4296	98.611	2.06e-26
FC617A9AAXX:7:59:15676:11065#0/1	72	72	1	smNRPS-CC	5875	4358	4429	100	4.43e-28
FC617A9AAXX:7:59:15676:11065#0/2	72	1	72	smNRPS-CC	5875	4090	4161	100	4.43e-28
FC617A9AAXX:7:117:10134:19895#0/1	72	72	1	smNRPS-CC	5875	4655	4726	100	4.43e-28
FC617A9AAXX:7:117:10134:19895#0/2	72	1	72	smNRPS-CC	5875	4406	4477	100	4.43e-28
FC617A9AAXX:7:60:3750:6218#0/2	38	1	38	smNRPS-CB	5945	1324	1361	97.368	1.66e-7
FC617A9AAXX:7:26:12349:12290#0/2	52	1	52	smNRPS-CB	5945	1315	1366	96.154	1.27e-13
FC617A9AAXX:7:106:4358:3553#0/2	56	56	1	smNRPS-CB	5945	1185	1240	100	3.52e-19
FC617A9AAXX:7:89:1705:2180#0/1	60	60	1	smNRPS-CB	5945	702	761	98.333	9.78e-20
FC617A9AAXX:7:106:4358:3553#0/1	61	1	61	smNRPS-CB	5945	906	966	100	5.85e-22
FC617A9AAXX:7:99:16397:9957#0/2	72	72	1	smNRPS-CB	5945	5539	5610	97.222	9.71e-25
FC617A9AAXX:7:107:14674:4540#0/2	69	69	1	smNRPS-CB	5945	1880	1948	98.551	9.71e-25
FC617A9AAXX:7:3:6064:17711#0/1	72	72	1	smNRPS-CB	5945	1673	1744	98.611	2.09e-26
FC617A9AAXX:7:3:6064:17711#0/2	72	1	72	smNRPS-CB	5945	1428	1499	98.611	2.09e-26
FC617A9AAXX:7:26:12349:12290#0/1	72	72	1	smNRPS-CB	5945	1566	1637	100	4.49e-28
FC617A9AAXX:7:99:16397:9957#0/1	72	1	72	smNRPS-CB	5945	5292	5363	100	4.49e-28
