A200FVABXX:5:45:5483:14530#TTAGGC/1	39	1	39	smNRPS-CC	5875	1881	1919	100	1.49e-9
B200YWABXX:4:47:14034:101907#TTAGGCA/1	49	1	49	smNRPS-CC	5875	5558	5606	97.959	1.91e-13
A200FVABXX:5:48:8477:33202#TTAGGC/2	56	1	56	smNRPS-CC	5875	663	718	98.214	2.45e-17
B200YWABXX:4:62:13374:125839#TTAGGCA/1	86	1	55	smNRPS-CC	5875	5821	5875	100	1.9e-18
B200YWABXX:4:27:11204:96005#TTAGGCA/2	65	64	1	smNRPS-CC	5875	431	494	98.438	8.76e-22
B200YWABXX:4:65:14191:59835#TTAGGCA/1	66	66	2	smNRPS-CC	5875	5315	5379	98.462	2.44e-22
B200YWABXX:4:28:4834:187133#TTAGGCA/2	69	1	69	smNRPS-CC	5875	437	505	97.101	6.77e-23
A200FVABXX:5:4:3454:153244#TTAGGC/2	66	1	66	smNRPS-CC	5875	631	696	100	1.46e-24
B200YWABXX:4:66:3337:68878#TTAGGCA/2	86	83	1	smNRPS-CC	5875	1246	1328	95.181	2.4200000000000002e-27
B200YWABXX:4:46:19331:102371#TTAGGCA/2	86	86	1	smNRPS-CC	5875	4682	4767	95.349	5.2e-29
B200YWABXX:4:47:14034:101907#TTAGGCA/2	82	77	1	smNRPS-CC	5875	5783	5859	100	1.12e-30
B200YWABXX:4:63:7319:69846#TTAGGCA/1	86	1	86	smNRPS-CC	5875	2310	2395	96.512	1.12e-30
B200YWABXX:4:23:11170:12340#TTAGGCA/2	86	86	1	smNRPS-CC	5875	5316	5401	96.512	1.12e-30
A200FVABXX:5:62:3364:48989#TTAGGC/2	86	1	81	smNRPS-CC	5875	1567	1647	98.765	3.11e-31
B200YWABXX:4:46:1642:142751#TTAGGCA/1	80	1	80	smNRPS-CC	5875	462	541	100	2.4e-32
B200YWABXX:4:28:4834:187133#TTAGGCA/1	84	84	1	smNRPS-CC	5875	655	738	98.81	6.68e-33
B200YWABXX:4:28:4845:187114#TTAGGCA/1	86	86	1	smNRPS-CC	5875	653	738	98.837	5.16e-34
B200YWABXX:4:28:4845:187114#TTAGGCA/2	86	1	86	smNRPS-CC	5875	437	522	98.837	5.16e-34
B200YWABXX:4:28:9384:197205#TTAGGCA/1	86	1	86	smNRPS-CC	5875	416	501	98.837	5.16e-34
B200YWABXX:4:28:9384:197205#TTAGGCA/2	86	86	1	smNRPS-CC	5875	633	719	98.851	5.16e-34
B200YWABXX:4:47:4809:182511#TTAGGCA/2	86	86	1	smNRPS-CC	5875	2052	2137	98.837	5.16e-34
B200YWABXX:4:47:4809:182511#TTAGGCA/1	84	1	84	smNRPS-CC	5875	1823	1906	100	1.44e-34
B200YWABXX:4:8:7809:150620#TTAGGCA/1	86	1	86	smNRPS-CC	5875	4589	4674	100	1.11e-35
B200YWABXX:4:8:7809:150620#TTAGGCA/2	86	86	1	smNRPS-CC	5875	4814	4899	100	1.11e-35
B200YWABXX:4:46:1998:82091#TTAGGCA/1	41	39	1	smNRPS-CB	5945	1853	1891	97.436	7e-8
B200YWABXX:4:26:20659:31254#TTAGGCA/1	46	1	46	smNRPS-CB	5945	3120	3165	95.652	4.18e-10
A200FVABXX:5:1:2006:78732#TTAGGC/2	47	1	47	smNRPS-CB	5945	1847	1893	97.872	2.5e-12
B200YWABXX:4:28:16991:113087#TTAGGCA/1	48	48	1	smNRPS-CB	5945	2257	2304	100	1.49e-14
A200FVABXX:5:45:5483:14530#TTAGGC/2	58	1	58	smNRPS-CB	5945	3762	3819	96.552	8.93e-17
B200YWABXX:4:5:6501:31673#TTAGGCA/1	60	60	1	smNRPS-CB	5945	3006	3065	96.667	6.9e-18
B200YWABXX:4:28:16991:113087#TTAGGCA/2	59	1	59	smNRPS-CB	5945	1995	2053	98.305	5.34e-19
A200FVABXX:5:27:16781:142440#TTAGGC/1	60	1	60	smNRPS-CB	5945	2346	2405	98.333	1.48e-19
A200FVABXX:5:1:2006:78732#TTAGGC/1	63	60	1	smNRPS-CB	5945	2096	2155	100	3.19e-21
B200YWABXX:4:7:10904:82499#TTAGGCA/1	64	1	64	smNRPS-CB	5945	3355	3418	98.438	8.87e-22
A200FVABXX:5:3:18773:39273#TTAGGC/2	66	1	66	smNRPS-CB	5945	4134	4199	98.485	6.85e-23
B200YWABXX:4:23:16662:102871#TTAGGCA/2	64	1	64	smNRPS-CB	5945	5041	5104	100	1.91e-23
A200FVABXX:5:6:7980:163448#TTAGGC/2	74	74	1	smNRPS-CB	5945	3492	3565	95.946	5.3e-24
B200YWABXX:4:1:4730:60040#TTAGGCA/2	71	71	1	smNRPS-CB	5945	5523	5593	97.183	5.3e-24
B200YWABXX:4:2:7407:96225#TTAGGCA/2	72	72	2	smNRPS-CB	5945	3541	3611	97.183	5.3e-24
B200YWABXX:4:27:11114:67890#TTAGGCA/2	68	68	1	smNRPS-CB	5945	3005	3072	98.529	5.3e-24
A200FVABXX:5:45:14614:61513#TTAGGC/2	86	86	7	smNRPS-CB	5945	1748	1823	95	1.47e-24
B200YWABXX:4:47:12760:198577#TTAGGCA/1	66	66	1	smNRPS-CB	5945	4066	4131	100	1.47e-24
A200FVABXX:5:26:19668:77933#TTAGGC/2	73	73	1	smNRPS-CB	5945	2653	2725	97.26	4.1e-25
A200FVABXX:5:27:16781:142440#TTAGGC/2	71	71	1	smNRPS-CB	5945	2588	2658	98.592	1.14e-25
B200YWABXX:4:6:12460:128234#TTAGGCA/1	78	78	1	smNRPS-CB	5945	3934	4011	96.154	3.17e-26
A200FVABXX:5:66:19962:78365#TTAGGC/2	72	1	72	smNRPS-CB	5945	2086	2157	100	6.81e-28
B200YWABXX:4:43:5609:177308#TTAGGCA/1	78	78	1	smNRPS-CB	5945	3314	3391	97.436	6.81e-28
B200YWABXX:4:44:19721:165435#TTAGGCA/2	84	84	1	smNRPS-CB	5945	3547	3630	95.238	6.81e-28
A200FVABXX:5:5:3371:37511#TTAGGC/1	76	1	76	smNRPS-CB	5945	2516	2591	98.684	1.89e-28
A200FVABXX:5:5:20801:156931#TTAGGC/1	85	85	1	smNRPS-CB	5945	3477	3561	95.294	1.89e-28
A200FVABXX:5:44:14069:45149#TTAGGC/2	76	76	1	smNRPS-CB	5945	1303	1378	98.684	1.89e-28
B200YWABXX:4:1:4730:60040#TTAGGCA/1	73	1	73	smNRPS-CB	5945	5292	5364	100	1.89e-28
A200FVABXX:5:4:7406:111019#TTAGGC/1	86	1	83	smNRPS-CB	5945	5555	5637	96.386	5.26e-29
B200YWABXX:4:27:15835:116089#TTAGGCA/1	74	74	1	smNRPS-CB	5945	1560	1633	100	5.26e-29
B200YWABXX:4:46:9309:155538#TTAGGCA/1	80	80	1	smNRPS-CB	5945	685	764	97.5	5.26e-29
A200FVABXX:5:1:14301:131878#TTAGGC/2	76	75	1	smNRPS-CB	5945	734	808	100	1.46e-29
B200YWABXX:4:2:7407:96225#TTAGGCA/1	83	3	83	smNRPS-CB	5945	3310	3390	97.531	1.46e-29
B200YWABXX:4:46:9325:155531#TTAGGCA/1	81	81	1	smNRPS-CB	5945	684	764	97.531	1.46e-29
A200FVABXX:5:2:20699:96004#TTAGGC/2	80	80	2	smNRPS-CB	5945	3638	3716	98.734	4.07e-30
A200FVABXX:5:2:20948:87859#TTAGGC/1	83	1	83	smNRPS-CB	5945	1973	2055	97.59	1.13e-30
A200FVABXX:5:5:20801:156931#TTAGGC/2	86	1	86	smNRPS-CB	5945	3251	3336	96.512	1.13e-30
A200FVABXX:5:48:8477:33202#TTAGGC/1	86	1	86	smNRPS-CB	5945	4981	5066	96.512	1.13e-30
A200FVABXX:5:62:11401:112204#TTAGGC/2	86	1	86	smNRPS-CB	5945	3322	3407	96.512	1.13e-30
A200FVABXX:5:66:18535:69939#TTAGGC/1	83	83	1	smNRPS-CB	5945	32	114	97.59	1.13e-30
B200YWABXX:4:6:12460:128234#TTAGGCA/2	86	1	86	smNRPS-CB	5945	3859	3944	96.512	1.13e-30
B200YWABXX:4:43:5609:177308#TTAGGCA/2	85	1	83	smNRPS-CB	5945	3085	3167	97.59	1.13e-30
B200YWABXX:4:48:13480:62908#TTAGGCA/1	86	1	86	smNRPS-CB	5945	3707	3792	96.512	1.13e-30
B200YWABXX:4:48:17592:104140#TTAGGCA/2	86	86	1	smNRPS-CB	5945	5648	5733	96.512	1.13e-30
A200FVABXX:5:66:19962:78365#TTAGGC/1	81	81	1	smNRPS-CB	5945	2317	2397	98.765	3.14e-31
A200FVABXX:5:67:12572:95331#TTAGGC/2	86	3	86	smNRPS-CB	5945	5148	5231	97.619	3.14e-31
A200FVABXX:5:68:3095:139424#TTAGGC/2	86	84	1	smNRPS-CB	5945	4489	4572	97.619	3.14e-31
B200YWABXX:4:7:19291:194068#TTAGGCA/1	81	81	1	smNRPS-CB	5945	4113	4193	98.765	3.14e-31
B200YWABXX:4:7:19291:194068#TTAGGCA/2	86	6	86	smNRPS-CB	5945	3886	3966	98.765	3.14e-31
B200YWABXX:4:26:1283:111226#TTAGGCA/2	78	1	78	smNRPS-CB	5945	3032	3109	100	3.14e-31
A200FVABXX:5:1:9070:94379#TTAGGC/1	85	1	82	smNRPS-CB	5945	2556	2637	98.78	8.74e-32
A200FVABXX:5:4:3454:153244#TTAGGC/1	79	1	79	smNRPS-CB	5945	5026	5104	100	8.74e-32
A200FVABXX:5:47:4796:141175#TTAGGC/1	82	82	1	smNRPS-CB	5945	2724	2805	98.78	8.74e-32
B200YWABXX:4:46:9325:155531#TTAGGCA/2	85	1	85	smNRPS-CB	5945	448	532	97.647	8.74e-32
A200FVABXX:5:1:14301:131878#TTAGGC/1	86	1	86	smNRPS-CB	5945	660	745	97.674	2.43e-32
A200FVABXX:5:4:10779:182766#TTAGGC/2	86	86	1	smNRPS-CB	5945	1863	1948	97.674	2.43e-32
A200FVABXX:5:6:7980:163448#TTAGGC/1	86	1	86	smNRPS-CB	5945	3254	3339	97.674	2.43e-32
A200FVABXX:5:23:2752:38004#TTAGGC/2	86	1	86	smNRPS-CB	5945	5525	5610	97.674	2.43e-32
A200FVABXX:5:27:7181:139425#TTAGGC/1	86	86	1	smNRPS-CB	5945	2581	2666	97.674	2.43e-32
A200FVABXX:5:44:3371:2610#TTAGGC/2	86	1	86	smNRPS-CB	5945	4842	4927	97.674	2.43e-32
A200FVABXX:5:44:14069:45149#TTAGGC/1	86	1	86	smNRPS-CB	5945	1055	1140	97.674	2.43e-32
A200FVABXX:5:46:18187:118323#TTAGGC/2	86	86	1	smNRPS-CB	5945	3131	3216	97.674	2.43e-32
A200FVABXX:5:48:16424:148807#TTAGGC/2	86	86	1	smNRPS-CB	5945	4497	4582	97.674	2.43e-32
A200FVABXX:5:62:11401:112204#TTAGGC/1	86	86	1	smNRPS-CB	5945	3536	3621	97.674	2.43e-32
A200FVABXX:5:66:7142:29693#TTAGGC/1	86	1	86	smNRPS-CB	5945	2058	2143	97.674	2.43e-32
B200YWABXX:4:5:19969:94670#TTAGGCA/2	86	83	1	smNRPS-CB	5945	2090	2172	98.795	2.43e-32
B200YWABXX:4:5:7818:146684#TTAGGCA/1	83	83	1	smNRPS-CB	5945	3399	3481	98.795	2.43e-32
B200YWABXX:4:5:7818:146684#TTAGGCA/2	80	1	80	smNRPS-CB	5945	3163	3242	100	2.43e-32
B200YWABXX:4:8:6944:27026#TTAGGCA/2	83	83	1	smNRPS-CB	5945	4523	4605	98.795	2.43e-32
B200YWABXX:4:8:9231:61553#TTAGGCA/1	86	1	86	smNRPS-CB	5945	2622	2707	97.674	2.43e-32
B200YWABXX:4:44:19721:165435#TTAGGCA/1	86	1	86	smNRPS-CB	5945	3325	3410	97.674	2.43e-32
B200YWABXX:4:45:19004:17198#TTAGGCA/1	86	86	1	smNRPS-CB	5945	3086	3171	97.674	2.43e-32
B200YWABXX:4:46:1642:142751#TTAGGCA/2	86	1	86	smNRPS-CB	5945	5177	5262	97.674	2.43e-32
B200YWABXX:4:46:9309:155538#TTAGGCA/2	86	1	86	smNRPS-CB	5945	448	533	97.674	2.43e-32
B200YWABXX:4:47:16306:74111#TTAGGCA/2	86	86	1	smNRPS-CB	5945	353	438	97.674	2.43e-32
B200YWABXX:4:47:18891:161562#TTAGGCA/1	86	1	86	smNRPS-CB	5945	3747	3832	97.674	2.43e-32
B200YWABXX:4:47:18891:161562#TTAGGCA/2	86	86	1	smNRPS-CB	5945	3971	4056	97.674	2.43e-32
B200YWABXX:4:47:12760:198577#TTAGGCA/2	86	1	86	smNRPS-CB	5945	3808	3893	97.674	2.43e-32
B200YWABXX:4:63:7319:69846#TTAGGCA/2	86	1	86	smNRPS-CB	5945	3343	3428	97.674	2.43e-32
A200FVABXX:5:1:12367:60210#TTAGGC/1	86	1	84	smNRPS-CB	5945	3890	3973	98.81	6.76e-33
A200FVABXX:5:26:19668:77933#TTAGGC/1	86	1	84	smNRPS-CB	5945	2413	2496	98.81	6.76e-33
A200FVABXX:5:64:19111:60567#TTAGGC/2	86	3	86	smNRPS-CB	5945	734	817	98.81	6.76e-33
A200FVABXX:5:21:16350:117090#TTAGGC/2	86	2	86	smNRPS-CB	5945	1525	1609	98.824	1.88e-33
A200FVABXX:5:44:21230:64477#TTAGGC/1	85	1	85	smNRPS-CB	5945	2289	2373	98.824	1.88e-33
B200YWABXX:4:5:13063:125819#TTAGGCA/2	86	85	1	smNRPS-CB	5945	353	437	98.824	1.88e-33
A200FVABXX:5:1:12367:60210#TTAGGC/2	86	86	1	smNRPS-CB	5945	4121	4206	98.837	5.22e-34
A200FVABXX:5:1:9070:94379#TTAGGC/2	86	86	1	smNRPS-CB	5945	2776	2861	98.837	5.22e-34
A200FVABXX:5:4:10779:182766#TTAGGC/1	86	1	86	smNRPS-CB	5945	1615	1700	98.837	5.22e-34
A200FVABXX:5:5:3371:37511#TTAGGC/2	86	86	1	smNRPS-CB	5945	2757	2842	98.837	5.22e-34
A200FVABXX:5:5:7824:116678#TTAGGC/2	86	1	86	smNRPS-CB	5945	1551	1636	98.837	5.22e-34
A200FVABXX:5:6:10566:34595#TTAGGC/1	86	1	86	smNRPS-CB	5945	2386	2471	98.837	5.22e-34
A200FVABXX:5:6:10566:34595#TTAGGC/2	86	86	1	smNRPS-CB	5945	2626	2711	98.837	5.22e-34
A200FVABXX:5:23:2752:38004#TTAGGC/1	86	83	1	smNRPS-CB	5945	5751	5833	100	5.22e-34
A200FVABXX:5:27:7181:139425#TTAGGC/2	86	1	86	smNRPS-CB	5945	2353	2438	98.837	5.22e-34
A200FVABXX:5:42:16331:106895#TTAGGC/2	86	86	1	smNRPS-CB	5945	390	475	98.837	5.22e-34
A200FVABXX:5:44:3371:2610#TTAGGC/1	86	86	1	smNRPS-CB	5945	5072	5157	98.837	5.22e-34
A200FVABXX:5:44:21230:64477#TTAGGC/2	86	86	1	smNRPS-CB	5945	2503	2588	98.837	5.22e-34
A200FVABXX:5:45:14614:61513#TTAGGC/1	86	1	86	smNRPS-CB	5945	1518	1603	98.837	5.22e-34
A200FVABXX:5:46:7197:108641#TTAGGC/1	86	1	86	smNRPS-CB	5945	1682	1767	98.837	5.22e-34
A200FVABXX:5:46:7197:108641#TTAGGC/2	86	86	1	smNRPS-CB	5945	1924	2009	98.837	5.22e-34
A200FVABXX:5:64:19111:60567#TTAGGC/1	86	86	1	smNRPS-CB	5945	963	1048	98.837	5.22e-34
A200FVABXX:5:67:12572:95331#TTAGGC/1	86	86	1	smNRPS-CB	5945	5353	5438	98.837	5.22e-34
B200YWABXX:4:5:19969:94670#TTAGGCA/1	86	1	86	smNRPS-CB	5945	1851	1936	98.837	5.22e-34
B200YWABXX:4:8:9231:61553#TTAGGCA/2	86	86	1	smNRPS-CB	5945	2861	2946	98.837	5.22e-34
B200YWABXX:4:8:15631:82802#TTAGGCA/1	86	1	86	smNRPS-CB	5945	5351	5436	98.837	5.22e-34
B200YWABXX:4:25:13123:169170#TTAGGCA/2	86	1	86	smNRPS-CB	5945	2659	2744	98.837	5.22e-34
B200YWABXX:4:27:11114:67890#TTAGGCA/1	86	1	86	smNRPS-CB	5945	2740	2825	98.837	5.22e-34
B200YWABXX:4:27:15835:116089#TTAGGCA/2	86	1	86	smNRPS-CB	5945	1323	1408	98.837	5.22e-34
B200YWABXX:4:28:12776:40621#TTAGGCA/1	86	86	1	smNRPS-CB	5945	1510	1595	98.837	5.22e-34
B200YWABXX:4:46:19331:102371#TTAGGCA/1	86	86	1	smNRPS-CB	5945	1350	1435	98.837	5.22e-34
B200YWABXX:4:47:16306:74111#TTAGGCA/1	86	1	86	smNRPS-CB	5945	88	173	98.837	5.22e-34
B200YWABXX:4:48:13480:62908#TTAGGCA/2	86	86	1	smNRPS-CB	5945	3934	4019	98.837	5.22e-34
B200YWABXX:4:48:18271:88615#TTAGGCA/2	86	1	86	smNRPS-CB	5945	578	663	98.837	5.22e-34
B200YWABXX:4:65:14191:59835#TTAGGCA/2	86	86	1	smNRPS-CB	5945	734	819	98.837	5.22e-34
B200YWABXX:4:5:15895:140084#TTAGGCA/2	86	1	86	smNRPS-CB	5945	974	1059	98.837	5.22e-34
B200YWABXX:4:7:10904:82499#TTAGGCA/2	84	84	1	smNRPS-CB	5945	3471	3554	100	1.45e-34
B200YWABXX:4:8:8974:180219#TTAGGCA/1	85	1	85	smNRPS-CB	5945	3163	3247	100	4.04e-35
B200YWABXX:4:26:1283:111226#TTAGGCA/1	85	85	1	smNRPS-CB	5945	3260	3344	100	4.04e-35
A200FVABXX:5:2:20948:87859#TTAGGC/2	86	86	1	smNRPS-CB	5945	2199	2284	100	1.12e-35
A200FVABXX:5:2:20699:96004#TTAGGC/1	86	1	86	smNRPS-CB	5945	3402	3487	100	1.12e-35
A200FVABXX:5:4:7406:111019#TTAGGC/2	86	86	1	smNRPS-CB	5945	5741	5826	100	1.12e-35
A200FVABXX:5:42:16331:106895#TTAGGC/1	86	1	86	smNRPS-CB	5945	160	245	100	1.12e-35
A200FVABXX:5:46:18187:118323#TTAGGC/1	86	1	86	smNRPS-CB	5945	2918	3003	100	1.12e-35
A200FVABXX:5:62:3364:48989#TTAGGC/1	86	1	86	smNRPS-CB	5945	4067	4152	100	1.12e-35
A200FVABXX:5:63:18135:32547#TTAGGC/1	86	1	86	smNRPS-CB	5945	5806	5891	100	1.12e-35
A200FVABXX:5:66:7142:29693#TTAGGC/2	86	86	1	smNRPS-CB	5945	2289	2374	100	1.12e-35
B200YWABXX:4:5:13063:125819#TTAGGCA/1	86	1	86	smNRPS-CB	5945	139	224	100	1.12e-35
B200YWABXX:4:8:8974:180219#TTAGGCA/2	86	86	1	smNRPS-CB	5945	3396	3481	100	1.12e-35
B200YWABXX:4:23:16662:102871#TTAGGCA/1	86	86	1	smNRPS-CB	5945	5254	5339	100	1.12e-35
B200YWABXX:4:25:13123:169170#TTAGGCA/1	86	86	1	smNRPS-CB	5945	2906	2991	100	1.12e-35
B200YWABXX:4:28:12776:40621#TTAGGCA/2	86	1	86	smNRPS-CB	5945	1343	1428	100	1.12e-35
B200YWABXX:4:46:1998:82091#TTAGGCA/2	86	1	86	smNRPS-CB	5945	1577	1662	100	1.12e-35
B200YWABXX:4:48:18271:88615#TTAGGCA/1	86	86	1	smNRPS-CB	5945	806	891	100	1.12e-35
B200YWABXX:4:68:7959:199449#TTAGGCA/1	86	1	86	smNRPS-CB	5945	4780	4865	100	1.12e-35
B200YWABXX:4:68:7959:199449#TTAGGCA/2	86	86	1	smNRPS-CB	5945	5015	5100	100	1.12e-35
