A2026YABXX:1:22:10776:167530#ATCACGA/1	71	1	71	smNRPS-CC	5875	624	694	100	1.36e-27
A2026YABXX:1:61:10928:71234#ATCACGA/1	54	54	1	smNRPS-CB	5945	625	678	100	3.88e-18
A2026YABXX:1:21:6402:93680#ATCACGA/2	74	1	74	smNRPS-CB	5945	2266	2339	98.649	1.38e-27
A2026YABXX:1:22:16094:135326#ATCACGA/1	86	1	86	smNRPS-CB	5945	3436	3521	95.349	2.96e-29
A2026YABXX:1:26:9651:64370#ATCACGA/2	86	1	86	smNRPS-CB	5945	5599	5684	95.349	2.96e-29
A2026YABXX:1:8:7754:138397#ATCACGA/2	81	81	1	smNRPS-CB	5945	1015	1095	97.531	8.22e-30
A2026YABXX:1:67:5082:13775#ATCACGA/2	86	86	5	smNRPS-CB	5945	3418	3499	97.561	2.29e-30
A2026YABXX:1:22:10776:167530#ATCACGA/2	86	1	86	smNRPS-CB	5945	5011	5096	96.512	6.36e-31
B201LRABXX:7:5:16734:114677#ATCACGA/1	86	86	3	smNRPS-CB	5945	5513	5596	97.619	1.77e-31
A2026YABXX:1:47:5149:138805#ATCACGA/1	86	1	79	smNRPS-CB	5945	1730	1808	100	4.91e-32
A2026YABXX:1:6:15771:82289#ATCACGA/1	86	86	1	smNRPS-CB	5945	1311	1396	97.674	1.37e-32
A2026YABXX:1:6:15771:82289#ATCACGA/2	86	1	86	smNRPS-CB	5945	1096	1181	97.674	1.37e-32
A2026YABXX:1:22:16094:135326#ATCACGA/2	86	86	1	smNRPS-CB	5945	3648	3733	97.674	1.37e-32
A2026YABXX:1:65:7743:74008#ATCACGA/2	80	1	80	smNRPS-CB	5945	187	266	100	1.37e-32
A2026YABXX:1:61:10928:71234#ATCACGA/2	86	1	86	smNRPS-CB	5945	354	439	98.837	2.94e-34
A2026YABXX:1:65:7743:74008#ATCACGA/1	86	86	1	smNRPS-CB	5945	387	472	98.837	2.94e-34
B201LRABXX:7:5:16734:114677#ATCACGA/2	86	1	86	smNRPS-CB	5945	5313	5398	100	6.31e-36
A2026YABXX:1:8:7754:138397#ATCACGA/1	86	1	86	smNRPS-CB	5945	832	917	100	6.31e-36
A2026YABXX:1:26:9651:64370#ATCACGA/1	86	86	1	smNRPS-CB	5945	5785	5870	100	6.31e-36
A2026YABXX:1:47:5149:138805#ATCACGA/2	86	86	1	smNRPS-CB	5945	1961	2046	100	6.31e-36
A2026YABXX:1:67:5082:13775#ATCACGA/1	86	1	86	smNRPS-CB	5945	3194	3279	100	6.31e-36
