FC615E0AAXX:8:49:6285:9636#0/2	41	37	1	smNRPS-CC	5875	695	731	97.297	6.97e-7
FC615E0AAXX:8:117:3189:11742#0/1	41	41	1	smNRPS-CC	5875	4656	4696	95.122	1.94e-7
FC615E0AAXX:8:84:12276:12140#0/1	39	39	1	smNRPS-CC	5875	5413	5451	97.436	5.39e-8
FC615E0AAXX:8:19:18306:10889#0/2	41	1	41	smNRPS-CC	5875	3595	3635	97.561	4.17e-9
FC615E0AAXX:8:113:8721:13118#0/2	41	1	38	smNRPS-CC	5875	1233	1270	100	4.17e-9
FC615E0AAXX:8:73:14628:2745#0/1	42	1	42	smNRPS-CC	5875	4628	4669	97.619	1.16e-9
FC615E0AAXX:8:80:12001:7939#0/1	39	1	39	smNRPS-CC	5875	1878	1916	100	1.16e-9
FC615E0AAXX:8:40:18817:17935#0/1	40	40	1	smNRPS-CC	5875	4514	4553	100	3.22e-10
FC615E0AAXX:8:66:2590:6595#0/2	40	40	1	smNRPS-CC	5875	3388	3427	100	3.22e-10
FC615E0AAXX:8:84:18787:9133#0/1	40	1	40	smNRPS-CC	5875	3941	3980	100	3.22e-10
FC615E0AAXX:8:29:18675:16678#0/1	41	1	41	smNRPS-CC	5875	2108	2148	100	8.96e-11
FC615E0AAXX:8:73:14628:2745#0/2	44	44	1	smNRPS-CC	5875	4891	4934	97.727	8.96e-11
FC615E0AAXX:8:67:8133:14369#0/1	46	46	1	smNRPS-CC	5875	4895	4940	97.826	6.92e-12
FC615E0AAXX:8:86:16190:2280#0/1	43	1	43	smNRPS-CC	5875	5611	5653	100	6.92e-12
FC615E0AAXX:8:4:6773:1460#0/1	47	47	1	smNRPS-CC	5875	1917	1963	97.872	1.92e-12
FC615E0AAXX:8:75:5387:1318#0/2	44	1	44	smNRPS-CC	5875	2476	2519	100	1.92e-12
FC615E0AAXX:8:17:9198:3181#0/1	48	3	47	smNRPS-CC	5875	2711	2755	100	5.35e-13
FC615E0AAXX:8:24:15207:12535#0/1	45	45	1	smNRPS-CC	5875	3820	3864	100	5.35e-13
FC615E0AAXX:8:24:17271:1357#0/1	45	1	45	smNRPS-CC	5875	5806	5850	100	5.35e-13
FC615E0AAXX:8:48:14799:6720#0/2	51	48	1	smNRPS-CC	5875	695	742	97.917	5.35e-13
FC615E0AAXX:8:83:9644:13031#0/1	45	45	1	smNRPS-CC	5875	2274	2318	100	5.35e-13
FC615E0AAXX:8:85:3459:19636#0/2	45	1	45	smNRPS-CC	5875	652	696	100	5.35e-13
FC615E0AAXX:8:9:7611:18722#0/2	46	46	1	smNRPS-CC	5875	4490	4535	100	1.49e-13
FC615E0AAXX:8:79:18236:18928#0/2	46	46	1	smNRPS-CC	5875	2281	2326	100	1.49e-13
FC615E0AAXX:8:106:15141:14918#0/1	49	49	1	smNRPS-CC	5875	2820	2868	97.959	1.49e-13
FC615E0AAXX:8:100:16150:20155#0/1	46	46	1	smNRPS-CC	5875	4245	4290	100	1.49e-13
FC615E0AAXX:8:103:2073:16031#0/2	49	1	46	smNRPS-CC	5875	2767	2812	100	1.49e-13
FC615E0AAXX:8:12:17265:5281#0/1	51	1	51	smNRPS-CC	5875	1204	1254	98.039	1.15e-14
FC615E0AAXX:8:75:5173:7567#0/2	51	1	51	smNRPS-CC	5875	3639	3689	98.039	1.15e-14
FC615E0AAXX:8:89:1745:4286#0/1	51	1	51	smNRPS-CC	5875	1047	1097	98.039	1.15e-14
FC615E0AAXX:8:107:17816:20213#0/2	51	1	51	smNRPS-CC	5875	2167	2217	98.039	1.15e-14
FC615E0AAXX:8:39:5103:7567#0/1	51	1	49	smNRPS-CC	5875	4371	4419	100	3.2e-15
FC615E0AAXX:8:91:18719:13186#0/2	51	51	3	smNRPS-CC	5875	2282	2330	100	3.2e-15
FC615E0AAXX:8:110:18763:8459#0/2	52	52	1	smNRPS-CC	5875	3365	3416	98.077	3.2e-15
FC615E0AAXX:8:4:3294:13022#0/2	50	50	1	smNRPS-CC	5875	2211	2260	100	8.89e-16
FC615E0AAXX:8:17:9198:3181#0/2	50	50	1	smNRPS-CC	5875	2966	3015	100	8.89e-16
FC615E0AAXX:8:120:7444:9604#0/2	53	53	1	smNRPS-CC	5875	4906	4958	98.113	8.89e-16
FC615E0AAXX:8:111:2698:15098#0/1	50	50	1	smNRPS-CC	5875	3266	3315	100	8.89e-16
FC615E0AAXX:8:17:14295:18387#0/2	51	51	1	smNRPS-CC	5875	1818	1868	100	2.47e-16
FC615E0AAXX:8:33:9198:2417#0/2	51	1	51	smNRPS-CC	5875	5200	5250	100	2.47e-16
FC615E0AAXX:8:53:6272:10461#0/1	54	54	1	smNRPS-CC	5875	2587	2640	98.148	2.47e-16
FC615E0AAXX:8:73:16032:17444#0/1	63	63	6	smNRPS-CC	5875	698	754	96.552	2.47e-16
FC615E0AAXX:8:110:18210:7306#0/1	51	51	1	smNRPS-CC	5875	1818	1868	100	2.47e-16
FC615E0AAXX:8:16:17869:2965#0/2	51	1	51	smNRPS-CC	5875	305	355	100	2.47e-16
FC615E0AAXX:8:68:14236:6385#0/2	51	1	51	smNRPS-CC	5875	895	945	100	2.47e-16
FC615E0AAXX:8:8:5397:18078#0/1	71	1	52	smNRPS-CC	5875	5824	5875	100	6.87e-17
FC615E0AAXX:8:75:5387:1318#0/1	55	55	1	smNRPS-CC	5875	2714	2768	98.182	6.87e-17
FC615E0AAXX:8:107:18683:18510#0/1	52	52	1	smNRPS-CC	5875	4671	4722	100	6.87e-17
FC615E0AAXX:8:109:2448:11448#0/1	55	1	55	smNRPS-CC	5875	367	421	98.182	6.87e-17
FC615E0AAXX:8:26:16061:3211#0/2	56	56	1	smNRPS-CC	5875	411	466	98.214	1.91e-17
FC615E0AAXX:8:53:6272:10461#0/2	53	1	53	smNRPS-CC	5875	2351	2403	100	1.91e-17
FC615E0AAXX:8:69:11194:5808#0/2	53	1	53	smNRPS-CC	5875	3950	4002	100	1.91e-17
FC615E0AAXX:8:78:14195:5834#0/2	56	56	1	smNRPS-CC	5875	148	203	98.214	1.91e-17
FC615E0AAXX:8:84:17338:21083#0/2	53	1	53	smNRPS-CC	5875	1717	1769	100	1.91e-17
FC615E0AAXX:8:103:1418:18445#0/2	53	53	1	smNRPS-CC	5875	3603	3655	100	1.91e-17
FC615E0AAXX:8:119:16552:13658#0/2	53	1	53	smNRPS-CC	5875	644	696	100	1.91e-17
FC615E0AAXX:8:26:4122:20358#0/2	56	53	1	smNRPS-CC	5875	5482	5534	100	1.91e-17
FC615E0AAXX:8:10:10452:3480#0/1	56	1	54	smNRPS-CC	5875	2120	2173	100	5.31e-18
FC615E0AAXX:8:31:13650:6791#0/2	54	1	54	smNRPS-CC	5875	1823	1876	100	5.31e-18
FC615E0AAXX:8:62:14281:14489#0/1	54	1	54	smNRPS-CC	5875	2092	2145	100	5.31e-18
FC615E0AAXX:8:66:6437:3385#0/1	56	56	3	smNRPS-CC	5875	4583	4636	100	5.31e-18
FC615E0AAXX:8:101:18657:12083#0/1	54	54	1	smNRPS-CC	5875	555	608	100	5.31e-18
FC615E0AAXX:8:103:15204:3959#0/2	66	5	64	smNRPS-CC	5875	2356	2415	96.667	5.31e-18
FC615E0AAXX:8:20:11321:2738#0/2	55	55	1	smNRPS-CC	5875	1584	1638	100	1.48e-18
FC615E0AAXX:8:39:15503:13813#0/1	58	1	58	smNRPS-CC	5875	4587	4644	98.276	1.48e-18
FC615E0AAXX:8:42:16884:9259#0/1	71	14	71	smNRPS-CC	5875	1	58	98.276	1.48e-18
FC615E0AAXX:8:44:1092:14219#0/2	55	1	55	smNRPS-CC	5875	4483	4537	100	1.48e-18
FC615E0AAXX:8:53:16287:15650#0/1	55	55	1	smNRPS-CC	5875	2233	2287	100	1.48e-18
FC615E0AAXX:8:58:4621:12463#0/2	55	55	1	smNRPS-CC	5875	2697	2751	100	1.48e-18
FC615E0AAXX:8:64:6912:11823#0/1	55	1	55	smNRPS-CC	5875	1029	1083	100	1.48e-18
FC615E0AAXX:8:75:5173:7567#0/1	61	61	1	smNRPS-CC	5875	3896	3956	96.721	1.48e-18
FC615E0AAXX:8:112:11816:3323#0/1	55	1	55	smNRPS-CC	5875	5198	5252	100	1.48e-18
FC615E0AAXX:8:112:18771:14476#0/1	55	55	1	smNRPS-CC	5875	1242	1296	100	1.48e-18
FC615E0AAXX:8:108:14055:13326#0/1	55	1	55	smNRPS-CC	5875	4242	4296	100	1.48e-18
FC615E0AAXX:8:31:13650:6791#0/1	56	56	1	smNRPS-CC	5875	2059	2114	100	4.11e-19
FC615E0AAXX:8:49:10517:16656#0/2	71	1	56	smNRPS-CC	5875	5820	5875	100	4.11e-19
FC615E0AAXX:8:105:2476:8088#0/2	59	59	1	smNRPS-CC	5875	680	738	98.305	4.11e-19
FC615E0AAXX:8:16:11923:15047#0/1	60	60	1	smNRPS-CC	5875	2297	2356	98.333	1.14e-19
FC615E0AAXX:8:26:12378:4246#0/2	57	57	1	smNRPS-CC	5875	3356	3412	100	1.14e-19
FC615E0AAXX:8:28:3795:8714#0/1	60	1	60	smNRPS-CC	5875	131	190	98.333	1.14e-19
FC615E0AAXX:8:27:1038:11232#0/1	64	1	64	smNRPS-CC	5875	3732	3795	96.875	3.18e-20
FC615E0AAXX:8:28:6335:17625#0/2	65	1	65	smNRPS-CC	5875	2391	2455	96.923	8.83e-21
FC615E0AAXX:8:48:11716:18212#0/2	68	1	68	smNRPS-CC	5875	3027	3094	95.588	8.83e-21
FC615E0AAXX:8:120:2936:5830#0/1	59	1	59	smNRPS-CC	5875	1061	1119	100	8.83e-21
FC615E0AAXX:8:26:8659:11157#0/1	60	1	60	smNRPS-CC	5875	483	542	100	2.45e-21
FC615E0AAXX:8:28:4326:11111#0/2	66	1	66	smNRPS-CC	5875	4307	4373	97.015	2.45e-21
FC615E0AAXX:8:42:6643:9064#0/2	60	60	1	smNRPS-CC	5875	1811	1870	100	2.45e-21
FC615E0AAXX:8:65:11151:17738#0/1	63	1	63	smNRPS-CC	5875	367	429	98.413	2.45e-21
FC615E0AAXX:8:89:3869:16616#0/1	60	60	1	smNRPS-CC	5875	1904	1963	100	2.45e-21
FC615E0AAXX:8:92:10656:1780#0/2	63	1	63	smNRPS-CC	5875	5207	5269	98.413	2.45e-21
FC615E0AAXX:8:107:17816:20213#0/1	69	69	1	smNRPS-CC	5875	2401	2469	95.652	2.45e-21
FC615E0AAXX:8:115:15192:5102#0/2	71	3	71	smNRPS-CC	5875	1533	1601	95.652	2.45e-21
FC615E0AAXX:8:118:7616:12058#0/1	67	67	1	smNRPS-CC	5875	699	764	97.015	2.45e-21
FC615E0AAXX:8:13:7197:15017#0/2	61	61	1	smNRPS-CC	5875	3380	3440	100	6.83e-22
FC615E0AAXX:8:16:9136:11261#0/2	71	2	71	smNRPS-CC	5875	1536	1605	95.714	6.83e-22
FC615E0AAXX:8:19:18306:10889#0/1	61	61	1	smNRPS-CC	5875	3843	3903	100	6.83e-22
FC615E0AAXX:8:46:7177:2316#0/2	71	71	1	smNRPS-CC	5875	708	777	95.775	6.83e-22
FC615E0AAXX:8:49:11297:1887#0/2	61	1	61	smNRPS-CC	5875	1829	1889	100	6.83e-22
FC615E0AAXX:8:80:9312:19878#0/2	64	1	64	smNRPS-CC	5875	4848	4911	98.438	6.83e-22
FC615E0AAXX:8:84:17338:21083#0/1	61	61	1	smNRPS-CC	5875	1968	2028	100	6.83e-22
FC615E0AAXX:8:119:17674:16537#0/2	71	71	1	smNRPS-CC	5875	720	789	95.775	6.83e-22
FC615E0AAXX:8:2:13426:17003#0/1	65	65	1	smNRPS-CC	5875	5283	5347	98.462	1.9e-22
FC615E0AAXX:8:6:7577:19037#0/1	62	62	1	smNRPS-CC	5875	3501	3562	100	1.9e-22
FC615E0AAXX:8:17:15966:9326#0/2	71	1	71	smNRPS-CC	5875	4771	4841	95.775	1.9e-22
FC615E0AAXX:8:28:2972:6759#0/1	65	1	65	smNRPS-CC	5875	876	940	98.462	1.9e-22
FC615E0AAXX:8:30:16817:18142#0/2	62	62	1	smNRPS-CC	5875	1871	1932	100	1.9e-22
FC615E0AAXX:8:32:1730:12160#0/2	65	65	1	smNRPS-CC	5875	794	858	98.462	1.9e-22
FC615E0AAXX:8:35:15319:18660#0/1	65	65	1	smNRPS-CC	5875	4857	4921	98.462	1.9e-22
FC615E0AAXX:8:40:18817:17935#0/2	71	1	71	smNRPS-CC	5875	4259	4329	95.775	1.9e-22
FC615E0AAXX:8:58:2818:17639#0/1	71	71	1	smNRPS-CC	5875	4172	4242	95.775	1.9e-22
FC615E0AAXX:8:67:4912:12949#0/1	68	68	1	smNRPS-CC	5875	2398	2465	97.059	1.9e-22
FC615E0AAXX:8:70:12544:15780#0/1	65	1	62	smNRPS-CC	5875	1586	1647	100	1.9e-22
FC615E0AAXX:8:90:3189:21056#0/2	68	1	68	smNRPS-CC	5875	2318	2385	97.059	1.9e-22
FC615E0AAXX:8:97:3065:17619#0/1	71	71	1	smNRPS-CC	5875	4172	4242	95.775	1.9e-22
FC615E0AAXX:8:99:5655:1295#0/2	63	63	2	smNRPS-CC	5875	664	725	100	1.9e-22
FC615E0AAXX:8:102:5750:7760#0/2	71	1	71	smNRPS-CC	5875	2323	2393	95.775	1.9e-22
FC615E0AAXX:8:24:15142:18962#0/1	71	71	1	smNRPS-CC	5875	424	494	95.775	1.9e-22
FC615E0AAXX:8:119:4876:18142#0/1	71	1	71	smNRPS-CC	5875	1511	1581	95.775	1.9e-22
FC615E0AAXX:8:7:11932:7131#0/1	66	1	66	smNRPS-CC	5875	3937	4002	98.485	5.28e-23
FC615E0AAXX:8:33:5112:15061#0/1	71	3	71	smNRPS-CC	5875	4181	4249	97.101	5.28e-23
FC615E0AAXX:8:48:17366:1252#0/1	66	1	66	smNRPS-CC	5875	5504	5569	98.485	5.28e-23
FC615E0AAXX:8:65:11151:17738#0/2	71	71	1	smNRPS-CC	5875	577	649	95.89	5.28e-23
FC615E0AAXX:8:84:15473:4151#0/1	66	1	66	smNRPS-CC	5875	3843	3908	98.485	5.28e-23
FC615E0AAXX:8:101:5689:19626#0/2	63	63	1	smNRPS-CC	5875	2205	2267	100	5.28e-23
FC615E0AAXX:8:109:2448:11448#0/2	71	71	1	smNRPS-CC	5875	577	649	95.89	5.28e-23
FC615E0AAXX:8:119:14658:3118#0/2	70	69	1	smNRPS-CC	5875	2694	2762	97.101	5.28e-23
FC615E0AAXX:8:3:4065:9148#0/2	64	64	1	smNRPS-CC	5875	447	510	100	1.47e-23
FC615E0AAXX:8:11:17720:13502#0/2	71	71	1	smNRPS-CC	5875	695	764	97.183	1.47e-23
FC615E0AAXX:8:27:4554:4725#0/2	64	1	64	smNRPS-CC	5875	1869	1932	100	1.47e-23
FC615E0AAXX:8:28:2181:11082#0/2	65	64	1	smNRPS-CC	5875	3570	3633	100	1.47e-23
FC615E0AAXX:8:39:18741:15278#0/2	70	1	70	smNRPS-CC	5875	4876	4945	97.143	1.47e-23
FC615E0AAXX:8:40:1955:4452#0/2	64	1	64	smNRPS-CC	5875	4501	4564	100	1.47e-23
FC615E0AAXX:8:42:11663:5900#0/2	67	1	67	smNRPS-CC	5875	3002	3068	98.507	1.47e-23
FC615E0AAXX:8:75:18523:3568#0/1	66	64	1	smNRPS-CC	5875	5282	5345	100	1.47e-23
FC615E0AAXX:8:82:10925:20766#0/1	67	1	67	smNRPS-CC	5875	4905	4971	98.507	1.47e-23
FC615E0AAXX:8:96:4411:4154#0/2	71	8	71	smNRPS-CC	5875	1	64	100	1.47e-23
FC615E0AAXX:8:101:8840:11864#0/1	71	2	71	smNRPS-CC	5875	4181	4250	97.143	1.47e-23
FC615E0AAXX:8:102:17467:14082#0/2	71	71	1	smNRPS-CC	5875	696	765	97.183	1.47e-23
FC615E0AAXX:8:112:11816:3323#0/2	64	64	1	smNRPS-CC	5875	5444	5507	100	1.47e-23
FC615E0AAXX:8:1:2584:15467#0/2	71	71	1	smNRPS-CC	5875	419	489	97.183	4.08e-24
FC615E0AAXX:8:2:5748:16415#0/2	71	1	71	smNRPS-CC	5875	5538	5608	97.183	4.08e-24
FC615E0AAXX:8:3:6727:16502#0/1	71	71	1	smNRPS-CC	5875	3672	3742	97.183	4.08e-24
FC615E0AAXX:8:5:11643:6510#0/1	71	1	71	smNRPS-CC	5875	5258	5328	97.183	4.08e-24
FC615E0AAXX:8:10:14247:15755#0/2	71	71	1	smNRPS-CC	5875	422	492	97.183	4.08e-24
FC615E0AAXX:8:13:10095:12376#0/2	71	71	1	smNRPS-CC	5875	5229	5299	97.183	4.08e-24
FC615E0AAXX:8:14:9476:18314#0/2	71	71	1	smNRPS-CC	5875	4249	4319	97.183	4.08e-24
FC615E0AAXX:8:17:1970:12095#0/2	71	71	1	smNRPS-CC	5875	3239	3309	97.183	4.08e-24
FC615E0AAXX:8:21:9938:9490#0/1	71	71	1	smNRPS-CC	5875	3610	3680	97.183	4.08e-24
FC615E0AAXX:8:25:12187:9222#0/1	71	71	1	smNRPS-CC	5875	2782	2852	97.183	4.08e-24
FC615E0AAXX:8:26:13621:18238#0/1	71	71	1	smNRPS-CC	5875	4269	4339	97.183	4.08e-24
FC615E0AAXX:8:29:9684:13492#0/2	71	1	71	smNRPS-CC	5875	4616	4686	97.183	4.08e-24
FC615E0AAXX:8:32:5931:19477#0/2	71	71	7	smNRPS-CC	5875	5811	5875	100	4.08e-24
FC615E0AAXX:8:33:15092:10257#0/1	71	71	1	smNRPS-CC	5875	416	486	97.183	4.08e-24
FC615E0AAXX:8:35:14977:18438#0/2	71	71	1	smNRPS-CC	5875	4713	4783	97.183	4.08e-24
FC615E0AAXX:8:35:15319:18660#0/2	71	1	71	smNRPS-CC	5875	4628	4698	97.183	4.08e-24
FC615E0AAXX:8:39:15503:13813#0/2	71	71	1	smNRPS-CC	5875	4812	4882	97.183	4.08e-24
FC615E0AAXX:8:41:6284:4312#0/1	71	71	1	smNRPS-CC	5875	1171	1241	97.183	4.08e-24
FC615E0AAXX:8:45:13741:21153#0/1	68	1	68	smNRPS-CC	5875	2759	2826	98.529	4.08e-24
FC615E0AAXX:8:48:5645:2639#0/2	71	71	1	smNRPS-CC	5875	4281	4351	97.183	4.08e-24
FC615E0AAXX:8:48:7028:9571#0/2	65	1	65	smNRPS-CC	5875	3938	4002	100	4.08e-24
FC615E0AAXX:8:58:2585:4739#0/1	71	1	71	smNRPS-CC	5875	3675	3745	97.183	4.08e-24
FC615E0AAXX:8:61:15911:7233#0/2	71	1	71	smNRPS-CC	5875	5256	5326	97.183	4.08e-24
FC615E0AAXX:8:62:3688:15475#0/2	71	1	71	smNRPS-CC	5875	4779	4849	97.183	4.08e-24
FC615E0AAXX:8:67:16325:9757#0/1	71	1	68	smNRPS-CC	5875	3837	3904	98.529	4.08e-24
FC615E0AAXX:8:68:16769:17031#0/1	71	1	71	smNRPS-CC	5875	3680	3750	97.183	4.08e-24
FC615E0AAXX:8:68:16769:17031#0/2	70	68	1	smNRPS-CC	5875	3913	3980	98.529	4.08e-24
FC615E0AAXX:8:71:2181:4686#0/2	71	71	1	smNRPS-CC	5875	5255	5325	97.183	4.08e-24
FC615E0AAXX:8:73:6434:14280#0/1	71	1	71	smNRPS-CC	5875	4778	4848	97.183	4.08e-24
FC615E0AAXX:8:77:2320:13168#0/1	71	71	1	smNRPS-CC	5875	3758	3828	97.183	4.08e-24
FC615E0AAXX:8:93:9391:6959#0/2	71	1	71	smNRPS-CC	5875	3733	3803	97.183	4.08e-24
FC615E0AAXX:8:94:3508:20489#0/1	71	1	68	smNRPS-CC	5875	2877	2944	98.529	4.08e-24
FC615E0AAXX:8:95:12532:12954#0/1	71	1	71	smNRPS-CC	5875	4770	4840	97.183	4.08e-24
FC615E0AAXX:8:97:13848:11358#0/2	71	71	1	smNRPS-CC	5875	3714	3784	97.183	4.08e-24
FC615E0AAXX:8:100:9139:14815#0/1	71	1	71	smNRPS-CC	5875	4802	4872	97.183	4.08e-24
FC615E0AAXX:8:103:2425:12655#0/1	71	1	71	smNRPS-CC	5875	1537	1607	97.183	4.08e-24
FC615E0AAXX:8:103:12470:3576#0/2	71	1	71	smNRPS-CC	5875	5532	5602	97.183	4.08e-24
FC615E0AAXX:8:105:7268:10111#0/2	71	1	71	smNRPS-CC	5875	4875	4945	97.183	4.08e-24
FC615E0AAXX:8:105:9909:10496#0/2	71	1	68	smNRPS-CC	5875	3844	3911	98.529	4.08e-24
FC615E0AAXX:8:106:16250:14808#0/2	71	1	71	smNRPS-CC	5875	4765	4835	97.183	4.08e-24
FC615E0AAXX:8:109:15539:1862#0/2	65	1	65	smNRPS-CC	5875	1011	1075	100	4.08e-24
FC615E0AAXX:8:113:1162:6638#0/1	71	71	1	smNRPS-CC	5875	4618	4688	97.183	4.08e-24
FC615E0AAXX:8:113:18558:16454#0/2	71	71	1	smNRPS-CC	5875	2881	2951	97.183	4.08e-24
FC615E0AAXX:8:114:6553:13478#0/2	68	1	68	smNRPS-CC	5875	150	217	98.529	4.08e-24
FC615E0AAXX:8:94:16962:9840#0/2	71	1	71	smNRPS-CC	5875	4269	4339	97.183	4.08e-24
FC615E0AAXX:8:105:2507:7865#0/2	71	1	71	smNRPS-CC	5875	425	495	97.183	4.08e-24
FC615E0AAXX:8:15:6922:2152#0/2	71	1	71	smNRPS-CC	5875	1231	1301	97.183	4.08e-24
FC615E0AAXX:8:26:8988:13203#0/1	71	1	71	smNRPS-CC	5875	3758	3828	97.183	4.08e-24
FC615E0AAXX:8:37:2916:12973#0/2	65	65	1	smNRPS-CC	5875	1576	1640	100	4.08e-24
FC615E0AAXX:8:2:9448:9598#0/2	71	1	71	smNRPS-CC	5875	622	694	97.26	1.13e-24
FC615E0AAXX:8:17:8205:8319#0/1	71	69	1	smNRPS-CC	5875	4421	4489	98.551	1.13e-24
FC615E0AAXX:8:26:11770:17221#0/2	69	69	1	smNRPS-CC	5875	2284	2352	98.551	1.13e-24
FC615E0AAXX:8:26:11933:17188#0/1	69	69	1	smNRPS-CC	5875	3788	3856	98.551	1.13e-24
FC615E0AAXX:8:56:16137:17954#0/2	66	66	1	smNRPS-CC	5875	5438	5503	100	1.13e-24
FC615E0AAXX:8:60:3681:20355#0/1	66	66	1	smNRPS-CC	5875	1225	1290	100	1.13e-24
FC615E0AAXX:8:73:2093:8532#0/1	66	1	66	smNRPS-CC	5875	1785	1850	100	1.13e-24
FC615E0AAXX:8:88:10416:11463#0/2	71	3	71	smNRPS-CC	5875	4726	4794	98.551	1.13e-24
FC615E0AAXX:8:90:9799:8094#0/2	69	69	1	smNRPS-CC	5875	2675	2743	98.551	1.13e-24
FC615E0AAXX:8:110:17797:20124#0/2	71	71	1	smNRPS-CC	5875	616	688	97.26	1.13e-24
FC615E0AAXX:8:50:1411:3087#0/2	66	66	1	smNRPS-CC	5875	890	955	100	1.13e-24
FC615E0AAXX:8:9:7611:18722#0/1	70	1	70	smNRPS-CC	5875	4241	4310	98.571	3.15e-25
FC615E0AAXX:8:17:1970:12095#0/1	70	1	70	smNRPS-CC	5875	3013	3082	98.571	3.15e-25
FC615E0AAXX:8:26:11933:17188#0/2	70	1	70	smNRPS-CC	5875	3548	3617	98.571	3.15e-25
FC615E0AAXX:8:32:1730:12160#0/1	70	1	70	smNRPS-CC	5875	559	628	98.571	3.15e-25
FC615E0AAXX:8:47:18425:5991#0/2	70	70	1	smNRPS-CC	5875	4286	4355	98.571	3.15e-25
FC615E0AAXX:8:61:14658:16568#0/2	70	1	70	smNRPS-CC	5875	5765	5834	98.571	3.15e-25
FC615E0AAXX:8:72:18962:15662#0/1	70	1	70	smNRPS-CC	5875	2913	2982	98.571	3.15e-25
FC615E0AAXX:8:77:17969:12174#0/1	71	71	5	smNRPS-CC	5875	5809	5875	100	3.15e-25
FC615E0AAXX:8:106:15141:14918#0/2	70	1	70	smNRPS-CC	5875	2574	2643	98.571	3.15e-25
FC615E0AAXX:8:109:5207:3689#0/2	71	1	67	smNRPS-CC	5875	5809	5875	100	3.15e-25
FC615E0AAXX:8:3:6727:16502#0/2	71	1	71	smNRPS-CC	5875	3463	3533	98.592	8.77e-26
FC615E0AAXX:8:5:4627:12592#0/1	71	1	71	smNRPS-CC	5875	1887	1957	98.592	8.77e-26
FC615E0AAXX:8:5:7862:20533#0/1	71	71	1	smNRPS-CC	5875	5337	5407	98.592	8.77e-26
FC615E0AAXX:8:5:9215:5381#0/2	71	1	71	smNRPS-CC	5875	3055	3125	98.592	8.77e-26
FC615E0AAXX:8:5:11643:6510#0/2	71	71	1	smNRPS-CC	5875	5483	5553	98.592	8.77e-26
FC615E0AAXX:8:7:11588:14062#0/2	71	1	71	smNRPS-CC	5875	5779	5849	98.592	8.77e-26
FC615E0AAXX:8:9:11717:16821#0/2	71	71	1	smNRPS-CC	5875	2674	2744	98.592	8.77e-26
FC615E0AAXX:8:10:10452:3480#0/2	71	71	1	smNRPS-CC	5875	2350	2420	98.592	8.77e-26
FC615E0AAXX:8:13:1590:10232#0/1	71	71	1	smNRPS-CC	5875	772	842	98.592	8.77e-26
FC615E0AAXX:8:13:7508:4315#0/1	71	71	1	smNRPS-CC	5875	149	219	98.592	8.77e-26
FC615E0AAXX:8:14:9476:18314#0/1	71	1	71	smNRPS-CC	5875	4004	4074	98.592	8.77e-26
FC615E0AAXX:8:17:14295:18387#0/1	71	4	71	smNRPS-CC	5875	1564	1631	100	8.77e-26
FC615E0AAXX:8:18:6048:1607#0/1	71	1	71	smNRPS-CC	5875	2780	2850	98.592	8.77e-26
FC615E0AAXX:8:18:6048:1607#0/2	71	71	1	smNRPS-CC	5875	3034	3104	98.592	8.77e-26
FC615E0AAXX:8:25:12187:9222#0/2	71	1	71	smNRPS-CC	5875	2555	2625	98.592	8.77e-26
FC615E0AAXX:8:26:4001:4830#0/2	71	1	71	smNRPS-CC	5875	5480	5551	98.611	8.77e-26
FC615E0AAXX:8:26:18813:12435#0/1	71	71	1	smNRPS-CC	5875	4379	4449	98.592	8.77e-26
FC615E0AAXX:8:27:15023:13076#0/2	71	1	71	smNRPS-CC	5875	1181	1251	98.592	8.77e-26
FC615E0AAXX:8:27:16101:6027#0/1	71	71	1	smNRPS-CC	5875	5073	5143	98.592	8.77e-26
FC615E0AAXX:8:27:16101:6027#0/2	71	1	71	smNRPS-CC	5875	4833	4903	98.592	8.77e-26
FC615E0AAXX:8:28:3795:8714#0/2	71	71	1	smNRPS-CC	5875	354	424	98.592	8.77e-26
FC615E0AAXX:8:28:6335:17625#0/1	71	71	1	smNRPS-CC	5875	2614	2684	98.592	8.77e-26
FC615E0AAXX:8:29:9684:13492#0/1	71	71	1	smNRPS-CC	5875	4862	4932	98.592	8.77e-26
FC615E0AAXX:8:30:14456:2099#0/2	71	71	1	smNRPS-CC	5875	1566	1636	98.592	8.77e-26
FC615E0AAXX:8:32:2882:9126#0/2	71	1	71	smNRPS-CC	5875	564	634	98.592	8.77e-26
FC615E0AAXX:8:32:17328:9973#0/1	71	1	71	smNRPS-CC	5875	478	548	98.592	8.77e-26
FC615E0AAXX:8:35:13710:20199#0/2	71	71	1	smNRPS-CC	5875	5766	5836	98.592	8.77e-26
FC615E0AAXX:8:36:2835:3535#0/2	71	1	71	smNRPS-CC	5875	1570	1640	98.592	8.77e-26
FC615E0AAXX:8:36:3073:13298#0/1	71	71	1	smNRPS-CC	5875	4251	4321	98.592	8.77e-26
FC615E0AAXX:8:39:5103:7567#0/2	71	71	1	smNRPS-CC	5875	4605	4675	98.592	8.77e-26
FC615E0AAXX:8:40:1955:4452#0/1	71	71	1	smNRPS-CC	5875	4735	4805	98.592	8.77e-26
FC615E0AAXX:8:41:8567:4672#0/1	71	1	71	smNRPS-CC	5875	4228	4298	98.592	8.77e-26
FC615E0AAXX:8:41:11641:10671#0/1	71	71	1	smNRPS-CC	5875	4195	4265	98.592	8.77e-26
FC615E0AAXX:8:42:11663:5900#0/1	71	71	1	smNRPS-CC	5875	3239	3309	98.592	8.77e-26
FC615E0AAXX:8:42:16884:9259#0/2	71	71	1	smNRPS-CC	5875	209	279	98.592	8.77e-26
FC615E0AAXX:8:44:1092:14219#0/1	71	71	1	smNRPS-CC	5875	4728	4798	98.592	8.77e-26
FC615E0AAXX:8:44:11950:16897#0/2	71	71	1	smNRPS-CC	5875	2732	2802	98.592	8.77e-26
FC615E0AAXX:8:45:13741:21153#0/2	71	71	1	smNRPS-CC	5875	2994	3064	98.592	8.77e-26
FC615E0AAXX:8:47:7531:4979#0/2	71	71	1	smNRPS-CC	5875	1259	1329	98.592	8.77e-26
FC615E0AAXX:8:48:11716:18212#0/1	71	71	1	smNRPS-CC	5875	3262	3332	98.592	8.77e-26
FC615E0AAXX:8:49:6285:9636#0/1	71	1	71	smNRPS-CC	5875	435	505	98.592	8.77e-26
FC615E0AAXX:8:49:10443:10257#0/1	71	1	71	smNRPS-CC	5875	2772	2842	98.592	8.77e-26
FC615E0AAXX:8:49:10443:10257#0/2	71	71	1	smNRPS-CC	5875	3000	3070	98.592	8.77e-26
FC615E0AAXX:8:52:11178:11314#0/1	71	71	1	smNRPS-CC	5875	2741	2811	98.592	8.77e-26
FC615E0AAXX:8:53:1615:9189#0/1	71	71	1	smNRPS-CC	5875	2641	2711	98.592	8.77e-26
FC615E0AAXX:8:53:6631:7383#0/1	71	71	1	smNRPS-CC	5875	562	632	98.592	8.77e-26
FC615E0AAXX:8:53:6631:7383#0/2	71	1	71	smNRPS-CC	5875	324	394	98.592	8.77e-26
FC615E0AAXX:8:56:16137:17954#0/1	71	1	71	smNRPS-CC	5875	5197	5267	98.592	8.77e-26
FC615E0AAXX:8:60:3648:14854#0/2	71	71	1	smNRPS-CC	5875	4252	4322	98.592	8.77e-26
FC615E0AAXX:8:60:5723:15967#0/1	71	71	1	smNRPS-CC	5875	4417	4487	98.592	8.77e-26
FC615E0AAXX:8:61:11795:18698#0/1	71	1	71	smNRPS-CC	5875	5777	5847	98.592	8.77e-26
FC615E0AAXX:8:62:14281:14489#0/2	71	71	1	smNRPS-CC	5875	2325	2395	98.592	8.77e-26
FC615E0AAXX:8:64:11083:3866#0/2	71	1	71	smNRPS-CC	5875	196	266	98.592	8.77e-26
FC615E0AAXX:8:65:4778:4537#0/1	71	71	1	smNRPS-CC	5875	3694	3764	98.592	8.77e-26
FC615E0AAXX:8:66:4779:9904#0/2	71	1	71	smNRPS-CC	5875	196	266	98.592	8.77e-26
FC615E0AAXX:8:67:4912:12949#0/2	71	1	71	smNRPS-CC	5875	2170	2240	98.592	8.77e-26
FC615E0AAXX:8:67:5690:13485#0/1	71	71	1	smNRPS-CC	5875	1239	1309	98.592	8.77e-26
FC615E0AAXX:8:68:3517:18931#0/2	71	1	71	smNRPS-CC	5875	1575	1645	98.592	8.77e-26
FC615E0AAXX:8:68:6182:13975#0/1	71	1	71	smNRPS-CC	5875	4623	4693	98.592	8.77e-26
FC615E0AAXX:8:68:6182:13975#0/2	71	71	1	smNRPS-CC	5875	4849	4919	98.592	8.77e-26
FC615E0AAXX:8:69:17542:12398#0/2	71	1	71	smNRPS-CC	5875	3595	3665	98.592	8.77e-26
FC615E0AAXX:8:74:11857:18156#0/2	71	71	1	smNRPS-CC	5875	2698	2768	98.592	8.77e-26
FC615E0AAXX:8:74:12737:17959#0/2	71	1	71	smNRPS-CC	5875	4852	4922	98.592	8.77e-26
FC615E0AAXX:8:77:2320:13168#0/2	71	1	71	smNRPS-CC	5875	3533	3603	98.592	8.77e-26
FC615E0AAXX:8:77:4320:5433#0/1	71	71	1	smNRPS-CC	5875	5333	5403	98.592	8.77e-26
FC615E0AAXX:8:77:6825:7280#0/2	71	71	1	smNRPS-CC	5875	4400	4470	98.592	8.77e-26
FC615E0AAXX:8:77:8223:8499#0/1	71	71	1	smNRPS-CC	5875	94	164	98.592	8.77e-26
FC615E0AAXX:8:77:17969:12174#0/2	71	1	71	smNRPS-CC	5875	5587	5657	98.592	8.77e-26
FC615E0AAXX:8:78:5258:12621#0/1	71	71	1	smNRPS-CC	5875	175	245	98.592	8.77e-26
FC615E0AAXX:8:78:7868:5314#0/2	71	71	1	smNRPS-CC	5875	4354	4424	98.592	8.77e-26
FC615E0AAXX:8:79:7291:19511#0/1	71	71	1	smNRPS-CC	5875	2653	2723	98.592	8.77e-26
FC615E0AAXX:8:80:15242:16771#0/1	71	1	71	smNRPS-CC	5875	2759	2829	98.592	8.77e-26
FC615E0AAXX:8:80:15242:16771#0/2	71	71	1	smNRPS-CC	5875	3002	3072	98.592	8.77e-26
FC615E0AAXX:8:85:5645:10249#0/1	71	1	71	smNRPS-CC	5875	3737	3807	98.592	8.77e-26
FC615E0AAXX:8:85:5645:10249#0/2	71	71	1	smNRPS-CC	5875	3974	4044	98.592	8.77e-26
FC615E0AAXX:8:85:5663:13455#0/2	71	1	71	smNRPS-CC	5875	2850	2920	98.592	8.77e-26
FC615E0AAXX:8:88:4363:5607#0/2	71	1	71	smNRPS-CC	5875	2280	2350	98.592	8.77e-26
FC615E0AAXX:8:88:16582:16224#0/2	71	1	71	smNRPS-CC	5875	191	261	98.592	8.77e-26
FC615E0AAXX:8:90:8575:3750#0/2	71	1	71	smNRPS-CC	5875	4415	4485	98.592	8.77e-26
FC615E0AAXX:8:90:13522:8348#0/1	71	1	71	smNRPS-CC	5875	2610	2680	98.592	8.77e-26
FC615E0AAXX:8:90:13522:8348#0/2	71	71	1	smNRPS-CC	5875	2845	2915	98.592	8.77e-26
FC615E0AAXX:8:91:11551:1822#0/1	71	1	71	smNRPS-CC	5875	5575	5645	98.592	8.77e-26
FC615E0AAXX:8:91:11551:1822#0/2	71	71	4	smNRPS-CC	5875	5808	5875	100	8.77e-26
FC615E0AAXX:8:93:9391:6959#0/1	71	71	1	smNRPS-CC	5875	3966	4036	98.592	8.77e-26
FC615E0AAXX:8:93:11340:17272#0/2	71	1	71	smNRPS-CC	5875	2583	2653	98.592	8.77e-26
FC615E0AAXX:8:96:4411:4154#0/1	71	71	1	smNRPS-CC	5875	220	290	98.592	8.77e-26
FC615E0AAXX:8:97:10446:17772#0/2	71	71	1	smNRPS-CC	5875	5776	5846	98.592	8.77e-26
FC615E0AAXX:8:99:5655:1295#0/1	71	1	71	smNRPS-CC	5875	441	511	98.592	8.77e-26
FC615E0AAXX:8:99:18705:18340#0/1	71	71	1	smNRPS-CC	5875	324	394	98.592	8.77e-26
FC615E0AAXX:8:99:18705:18340#0/2	71	1	71	smNRPS-CC	5875	111	181	98.592	8.77e-26
FC615E0AAXX:8:102:2028:17663#0/2	71	1	71	smNRPS-CC	5875	2660	2730	98.592	8.77e-26
FC615E0AAXX:8:103:11285:4310#0/2	71	1	71	smNRPS-CC	5875	4285	4355	98.592	8.77e-26
FC615E0AAXX:8:103:12470:3576#0/1	71	71	1	smNRPS-CC	5875	5767	5837	98.592	8.77e-26
FC615E0AAXX:8:104:10265:13554#0/1	71	1	71	smNRPS-CC	5875	3462	3532	98.592	8.77e-26
FC615E0AAXX:8:104:10265:13554#0/2	71	71	1	smNRPS-CC	5875	3701	3771	98.592	8.77e-26
FC615E0AAXX:8:105:4908:8507#0/1	71	71	1	smNRPS-CC	5875	1564	1634	98.592	8.77e-26
FC615E0AAXX:8:105:12041:21107#0/2	71	71	1	smNRPS-CC	5875	2725	2795	98.592	8.77e-26
FC615E0AAXX:8:106:14066:13330#0/2	71	71	1	smNRPS-CC	5875	5265	5335	98.592	8.77e-26
FC615E0AAXX:8:107:4252:13331#0/2	71	70	3	smNRPS-CC	5875	5282	5349	100	8.77e-26
FC615E0AAXX:8:107:7885:13003#0/2	71	1	71	smNRPS-CC	5875	3027	3097	98.592	8.77e-26
FC615E0AAXX:8:108:17449:9684#0/1	71	1	71	smNRPS-CC	5875	5787	5857	98.592	8.77e-26
FC615E0AAXX:8:110:16073:7828#0/1	71	1	71	smNRPS-CC	5875	2574	2644	98.592	8.77e-26
FC615E0AAXX:8:111:18505:10234#0/1	71	71	1	smNRPS-CC	5875	156	226	98.592	8.77e-26
FC615E0AAXX:8:113:1162:6638#0/2	71	1	71	smNRPS-CC	5875	4384	4454	98.592	8.77e-26
FC615E0AAXX:8:113:5789:3608#0/1	71	71	1	smNRPS-CC	5875	4361	4431	98.592	8.77e-26
FC615E0AAXX:8:113:18558:16454#0/1	71	1	71	smNRPS-CC	5875	2650	2720	98.592	8.77e-26
FC615E0AAXX:8:114:4970:21011#0/1	71	1	71	smNRPS-CC	5875	5775	5845	98.592	8.77e-26
FC615E0AAXX:8:115:12575:4620#0/1	71	71	1	smNRPS-CC	5875	2662	2732	98.592	8.77e-26
FC615E0AAXX:8:118:13309:8135#0/1	71	1	71	smNRPS-CC	5875	3021	3091	98.592	8.77e-26
FC615E0AAXX:8:119:5134:6036#0/1	71	1	71	smNRPS-CC	5875	3839	3909	98.592	8.77e-26
FC615E0AAXX:8:120:7803:5290#0/1	71	68	1	smNRPS-CC	5875	3062	3129	100	8.77e-26
FC615E0AAXX:8:120:7803:5290#0/2	71	1	71	smNRPS-CC	5875	2803	2873	98.592	8.77e-26
FC615E0AAXX:8:73:18486:15937#0/1	71	4	71	smNRPS-CC	5875	1564	1631	100	8.77e-26
FC615E0AAXX:8:29:14496:3545#0/2	71	71	1	smNRPS-CC	5875	2655	2725	98.592	8.77e-26
FC615E0AAXX:8:45:2599:14891#0/1	71	71	1	smNRPS-CC	5875	202	272	98.592	8.77e-26
FC615E0AAXX:8:82:3958:8122#0/2	71	71	1	smNRPS-CC	5875	4605	4675	98.592	8.77e-26
FC615E0AAXX:8:86:7418:13364#0/1	71	71	1	smNRPS-CC	5875	1108	1178	98.592	8.77e-26
FC615E0AAXX:8:92:6102:16713#0/2	71	71	1	smNRPS-CC	5875	921	991	98.592	8.77e-26
FC615E0AAXX:8:100:5386:19786#0/2	71	71	1	smNRPS-CC	5875	1258	1328	98.592	8.77e-26
FC615E0AAXX:8:107:15422:3035#0/1	71	71	1	smNRPS-CC	5875	3068	3138	98.592	8.77e-26
FC615E0AAXX:8:7:9950:18834#0/1	71	71	3	smNRPS-CC	5875	5807	5875	100	2.44e-26
FC615E0AAXX:8:15:11676:8220#0/1	71	71	3	smNRPS-CC	5875	4656	4724	100	2.44e-26
FC615E0AAXX:8:29:18675:16678#0/2	71	69	1	smNRPS-CC	5875	2332	2400	100	2.44e-26
FC615E0AAXX:8:48:17366:1252#0/2	71	71	3	smNRPS-CC	5875	5735	5803	100	2.44e-26
FC615E0AAXX:8:65:4323:13251#0/2	71	71	3	smNRPS-CC	5875	5807	5875	100	2.44e-26
FC615E0AAXX:8:79:18236:18928#0/1	69	1	69	smNRPS-CC	5875	2032	2100	100	2.44e-26
FC615E0AAXX:8:107:18683:18510#0/2	69	1	69	smNRPS-CC	5875	4428	4496	100	2.44e-26
FC615E0AAXX:8:109:15539:1862#0/1	71	71	3	smNRPS-CC	5875	1247	1315	100	2.44e-26
FC615E0AAXX:8:115:12575:4620#0/2	71	3	71	smNRPS-CC	5875	2425	2493	100	2.44e-26
FC615E0AAXX:8:1:7221:4874#0/1	71	71	2	smNRPS-CC	5875	1142	1211	100	6.78e-27
FC615E0AAXX:8:2:4342:17261#0/2	70	1	70	smNRPS-CC	5875	1025	1094	100	6.78e-27
FC615E0AAXX:8:2:4778:13594#0/1	70	1	70	smNRPS-CC	5875	1032	1101	100	6.78e-27
FC615E0AAXX:8:9:11717:16821#0/1	70	1	70	smNRPS-CC	5875	2460	2529	100	6.78e-27
FC615E0AAXX:8:26:4682:10335#0/1	71	2	71	smNRPS-CC	5875	5600	5669	100	6.78e-27
FC615E0AAXX:8:33:7410:2262#0/1	71	1	70	smNRPS-CC	5875	90	159	100	6.78e-27
FC615E0AAXX:8:33:9198:2417#0/1	71	70	1	smNRPS-CC	5875	5433	5502	100	6.78e-27
FC615E0AAXX:8:52:11178:11314#0/2	70	1	70	smNRPS-CC	5875	2514	2583	100	6.78e-27
FC615E0AAXX:8:78:17069:8800#0/1	70	70	1	smNRPS-CC	5875	3397	3466	100	6.78e-27
FC615E0AAXX:8:79:7291:19511#0/2	71	2	71	smNRPS-CC	5875	2425	2494	100	6.78e-27
FC615E0AAXX:8:92:13634:8172#0/1	71	71	2	smNRPS-CC	5875	474	543	100	6.78e-27
FC615E0AAXX:8:93:11340:17272#0/1	71	70	1	smNRPS-CC	5875	2814	2883	100	6.78e-27
FC615E0AAXX:8:105:2476:8088#0/1	70	1	70	smNRPS-CC	5875	453	522	100	6.78e-27
FC615E0AAXX:8:118:7616:12058#0/2	70	1	70	smNRPS-CC	5875	469	538	100	6.78e-27
FC615E0AAXX:8:13:5758:15159#0/2	70	70	1	smNRPS-CC	5875	408	477	100	6.78e-27
FC615E0AAXX:8:85:12314:15775#0/2	70	1	70	smNRPS-CC	5875	2031	2100	100	6.78e-27
FC615E0AAXX:8:1:7221:4874#0/2	71	1	71	smNRPS-CC	5875	904	974	100	1.88e-27
FC615E0AAXX:8:1:11781:6363#0/1	71	1	71	smNRPS-CC	5875	5611	5681	100	1.88e-27
FC615E0AAXX:8:1:14307:4947#0/2	71	71	1	smNRPS-CC	5875	3147	3217	100	1.88e-27
FC615E0AAXX:8:2:8656:4925#0/1	71	71	1	smNRPS-CC	5875	41	111	100	1.88e-27
FC615E0AAXX:8:2:9448:9598#0/1	71	71	1	smNRPS-CC	5875	853	923	100	1.88e-27
FC615E0AAXX:8:2:13426:17003#0/2	71	1	71	smNRPS-CC	5875	5053	5123	100	1.88e-27
FC615E0AAXX:8:4:3294:13022#0/1	71	1	71	smNRPS-CC	5875	1949	2019	100	1.88e-27
FC615E0AAXX:8:5:7862:20533#0/2	71	1	71	smNRPS-CC	5875	5110	5180	100	1.88e-27
FC615E0AAXX:8:5:9215:5381#0/1	71	71	1	smNRPS-CC	5875	3298	3368	100	1.88e-27
FC615E0AAXX:8:6:7577:19037#0/2	71	1	71	smNRPS-CC	5875	3254	3324	100	1.88e-27
FC615E0AAXX:8:7:11932:7131#0/2	71	71	1	smNRPS-CC	5875	4158	4228	100	1.88e-27
FC615E0AAXX:8:10:1169:16800#0/1	71	71	1	smNRPS-CC	5875	5401	5471	100	1.88e-27
FC615E0AAXX:8:10:1169:16800#0/2	71	1	71	smNRPS-CC	5875	5156	5226	100	1.88e-27
FC615E0AAXX:8:10:16014:11262#0/2	71	1	71	smNRPS-CC	5875	499	569	100	1.88e-27
FC615E0AAXX:8:11:17720:13502#0/1	71	1	71	smNRPS-CC	5875	482	552	100	1.88e-27
FC615E0AAXX:8:12:18673:13169#0/2	71	71	1	smNRPS-CC	5875	5042	5112	100	1.88e-27
FC615E0AAXX:8:13:1590:10232#0/2	71	1	71	smNRPS-CC	5875	530	600	100	1.88e-27
FC615E0AAXX:8:13:7197:15017#0/1	71	1	71	smNRPS-CC	5875	3147	3217	100	1.88e-27
FC615E0AAXX:8:13:10095:12376#0/1	71	1	71	smNRPS-CC	5875	5003	5073	100	1.88e-27
FC615E0AAXX:8:13:16085:10063#0/1	71	1	71	smNRPS-CC	5875	1802	1872	100	1.88e-27
FC615E0AAXX:8:13:16085:10063#0/2	71	71	1	smNRPS-CC	5875	2033	2103	100	1.88e-27
FC615E0AAXX:8:15:11676:8220#0/2	71	1	71	smNRPS-CC	5875	4437	4507	100	1.88e-27
FC615E0AAXX:8:16:11923:15047#0/2	71	1	71	smNRPS-CC	5875	2044	2114	100	1.88e-27
FC615E0AAXX:8:17:7660:3683#0/1	71	1	71	smNRPS-CC	5875	5799	5869	100	1.88e-27
FC615E0AAXX:8:17:8205:8319#0/2	71	1	71	smNRPS-CC	5875	4196	4266	100	1.88e-27
FC615E0AAXX:8:17:15966:9326#0/1	71	71	1	smNRPS-CC	5875	5015	5085	100	1.88e-27
FC615E0AAXX:8:20:4515:10190#0/1	71	71	1	smNRPS-CC	5875	811	881	100	1.88e-27
FC615E0AAXX:8:20:18671:4281#0/2	71	1	71	smNRPS-CC	5875	5787	5857	100	1.88e-27
FC615E0AAXX:8:21:9938:9490#0/2	71	1	71	smNRPS-CC	5875	3392	3462	100	1.88e-27
FC615E0AAXX:8:23:4256:19765#0/1	71	71	1	smNRPS-CC	5875	3288	3358	100	1.88e-27
FC615E0AAXX:8:23:4256:19765#0/2	71	1	71	smNRPS-CC	5875	3075	3145	100	1.88e-27
FC615E0AAXX:8:26:4001:4830#0/1	71	71	1	smNRPS-CC	5875	5709	5779	100	1.88e-27
FC615E0AAXX:8:26:11770:17221#0/1	71	1	71	smNRPS-CC	5875	2066	2136	100	1.88e-27
FC615E0AAXX:8:26:12378:4246#0/1	71	1	71	smNRPS-CC	5875	3106	3176	100	1.88e-27
FC615E0AAXX:8:26:13621:18238#0/2	71	1	71	smNRPS-CC	5875	4032	4102	100	1.88e-27
FC615E0AAXX:8:26:18813:12435#0/2	71	1	71	smNRPS-CC	5875	4156	4226	100	1.88e-27
FC615E0AAXX:8:27:8913:7638#0/1	71	1	71	smNRPS-CC	5875	1837	1907	100	1.88e-27
FC615E0AAXX:8:27:8913:7638#0/2	71	71	1	smNRPS-CC	5875	2066	2136	100	1.88e-27
FC615E0AAXX:8:28:2181:11082#0/1	71	1	71	smNRPS-CC	5875	3338	3408	100	1.88e-27
FC615E0AAXX:8:28:2972:6759#0/2	71	71	1	smNRPS-CC	5875	1103	1173	100	1.88e-27
FC615E0AAXX:8:28:4326:11111#0/1	71	71	1	smNRPS-CC	5875	4539	4609	100	1.88e-27
FC615E0AAXX:8:28:9554:1852#0/1	71	1	71	smNRPS-CC	5875	257	327	100	1.88e-27
FC615E0AAXX:8:28:9554:1852#0/2	71	71	1	smNRPS-CC	5875	500	570	100	1.88e-27
FC615E0AAXX:8:29:18696:15039#0/1	71	1	71	smNRPS-CC	5875	5802	5872	100	1.88e-27
FC615E0AAXX:8:31:2642:9863#0/1	71	1	71	smNRPS-CC	5875	3336	3406	100	1.88e-27
FC615E0AAXX:8:31:15418:17544#0/2	71	1	71	smNRPS-CC	5875	5783	5853	100	1.88e-27
FC615E0AAXX:8:32:2882:9126#0/1	71	71	1	smNRPS-CC	5875	817	887	100	1.88e-27
FC615E0AAXX:8:32:7775:14667#0/1	71	71	1	smNRPS-CC	5875	1245	1315	100	1.88e-27
FC615E0AAXX:8:33:16914:12045#0/1	71	71	1	smNRPS-CC	5875	3072	3142	100	1.88e-27
FC615E0AAXX:8:33:16914:12045#0/2	71	1	71	smNRPS-CC	5875	2831	2901	100	1.88e-27
FC615E0AAXX:8:34:3133:21049#0/1	71	71	1	smNRPS-CC	5875	2098	2168	100	1.88e-27
FC615E0AAXX:8:35:14977:18438#0/1	71	1	71	smNRPS-CC	5875	4486	4556	100	1.88e-27
FC615E0AAXX:8:37:8715:15349#0/2	71	1	71	smNRPS-CC	5875	469	539	100	1.88e-27
FC615E0AAXX:8:39:18741:15278#0/1	71	71	1	smNRPS-CC	5875	5114	5184	100	1.88e-27
FC615E0AAXX:8:40:8534:12043#0/1	71	1	71	smNRPS-CC	5875	1024	1094	100	1.88e-27
FC615E0AAXX:8:40:8534:12043#0/2	71	71	1	smNRPS-CC	5875	1230	1300	100	1.88e-27
FC615E0AAXX:8:42:6643:9064#0/1	71	1	71	smNRPS-CC	5875	1566	1636	100	1.88e-27
FC615E0AAXX:8:44:11950:16897#0/1	71	1	71	smNRPS-CC	5875	2490	2560	100	1.88e-27
FC615E0AAXX:8:45:5953:12162#0/1	71	1	71	smNRPS-CC	5875	5470	5540	100	1.88e-27
FC615E0AAXX:8:45:5953:12162#0/2	71	71	1	smNRPS-CC	5875	5717	5787	100	1.88e-27
FC615E0AAXX:8:46:7177:2316#0/1	71	1	71	smNRPS-CC	5875	495	565	100	1.88e-27
FC615E0AAXX:8:47:7543:4246#0/1	71	1	71	smNRPS-CC	5875	5432	5502	100	1.88e-27
FC615E0AAXX:8:47:7543:4246#0/2	71	71	1	smNRPS-CC	5875	5660	5730	100	1.88e-27
FC615E0AAXX:8:48:5645:2639#0/1	71	1	71	smNRPS-CC	5875	4074	4144	100	1.88e-27
FC615E0AAXX:8:48:7028:9571#0/1	71	71	1	smNRPS-CC	5875	4143	4213	100	1.88e-27
FC615E0AAXX:8:48:14799:6720#0/1	71	1	71	smNRPS-CC	5875	469	539	100	1.88e-27
FC615E0AAXX:8:49:11297:1887#0/1	71	71	1	smNRPS-CC	5875	2057	2127	100	1.88e-27
FC615E0AAXX:8:53:1615:9189#0/2	71	1	71	smNRPS-CC	5875	2432	2502	100	1.88e-27
FC615E0AAXX:8:53:14313:12979#0/2	71	71	1	smNRPS-CC	5875	612	682	100	1.88e-27
FC615E0AAXX:8:53:16287:15650#0/2	71	1	71	smNRPS-CC	5875	1968	2038	100	1.88e-27
FC615E0AAXX:8:58:2585:4739#0/2	71	71	1	smNRPS-CC	5875	3923	3993	100	1.88e-27
FC615E0AAXX:8:58:4621:12463#0/1	71	1	71	smNRPS-CC	5875	2436	2506	100	1.88e-27
FC615E0AAXX:8:59:5671:2485#0/1	71	1	71	smNRPS-CC	5875	34	104	100	1.88e-27
FC615E0AAXX:8:59:5671:2485#0/2	71	71	1	smNRPS-CC	5875	265	335	100	1.88e-27
FC615E0AAXX:8:59:9739:11154#0/1	71	1	71	smNRPS-CC	5875	3247	3317	100	1.88e-27
FC615E0AAXX:8:59:9739:11154#0/2	71	71	1	smNRPS-CC	5875	3479	3549	100	1.88e-27
FC615E0AAXX:8:60:5723:15967#0/2	71	1	71	smNRPS-CC	5875	4195	4265	100	1.88e-27
FC615E0AAXX:8:61:15911:7233#0/1	71	71	1	smNRPS-CC	5875	5476	5546	100	1.88e-27
FC615E0AAXX:8:62:3688:15475#0/1	71	71	1	smNRPS-CC	5875	5008	5078	100	1.88e-27
FC615E0AAXX:8:64:11083:3866#0/1	71	71	1	smNRPS-CC	5875	418	488	100	1.88e-27
FC615E0AAXX:8:65:4778:4537#0/2	71	1	71	smNRPS-CC	5875	3480	3550	100	1.88e-27
FC615E0AAXX:8:66:2590:6595#0/1	71	1	71	smNRPS-CC	5875	3131	3201	100	1.88e-27
FC615E0AAXX:8:66:4779:9904#0/1	71	71	1	smNRPS-CC	5875	448	518	100	1.88e-27
FC615E0AAXX:8:67:16325:9757#0/2	71	71	1	smNRPS-CC	5875	4082	4152	100	1.88e-27
FC615E0AAXX:8:68:5592:14377#0/1	71	71	1	smNRPS-CC	5875	507	577	100	1.88e-27
FC615E0AAXX:8:68:5592:14377#0/2	71	1	71	smNRPS-CC	5875	257	327	100	1.88e-27
FC615E0AAXX:8:69:11194:5808#0/1	71	71	1	smNRPS-CC	5875	4188	4258	100	1.88e-27
FC615E0AAXX:8:69:14351:8870#0/2	71	1	71	smNRPS-CC	5875	470	540	100	1.88e-27
FC615E0AAXX:8:69:17542:12398#0/1	71	71	1	smNRPS-CC	5875	3833	3903	100	1.88e-27
FC615E0AAXX:8:71:2181:4686#0/1	71	1	71	smNRPS-CC	5875	5010	5080	100	1.88e-27
FC615E0AAXX:8:71:2236:6601#0/1	71	71	1	smNRPS-CC	5875	4064	4134	100	1.88e-27
FC615E0AAXX:8:71:2236:6601#0/2	71	1	71	smNRPS-CC	5875	3833	3903	100	1.88e-27
FC615E0AAXX:8:71:7315:11889#0/1	71	71	1	smNRPS-CC	5875	5152	5222	100	1.88e-27
FC615E0AAXX:8:71:7315:11889#0/2	71	1	71	smNRPS-CC	5875	4942	5012	100	1.88e-27
FC615E0AAXX:8:72:18962:15662#0/2	71	71	1	smNRPS-CC	5875	3145	3215	100	1.88e-27
FC615E0AAXX:8:73:2093:8532#0/2	71	71	1	smNRPS-CC	5875	2009	2079	100	1.88e-27
FC615E0AAXX:8:73:6434:14280#0/2	71	71	1	smNRPS-CC	5875	5011	5081	100	1.88e-27
FC615E0AAXX:8:73:16032:17444#0/2	71	1	71	smNRPS-CC	5875	467	537	100	1.88e-27
FC615E0AAXX:8:74:11857:18156#0/1	71	1	71	smNRPS-CC	5875	2457	2527	100	1.88e-27
FC615E0AAXX:8:74:12737:17959#0/1	71	71	1	smNRPS-CC	5875	5071	5141	100	1.88e-27
FC615E0AAXX:8:75:18523:3568#0/2	71	1	71	smNRPS-CC	5875	5056	5126	100	1.88e-27
FC615E0AAXX:8:76:9227:4181#0/1	71	71	1	smNRPS-CC	5875	811	881	100	1.88e-27
FC615E0AAXX:8:77:4320:5433#0/2	71	1	71	smNRPS-CC	5875	5096	5166	100	1.88e-27
FC615E0AAXX:8:77:6825:7280#0/1	71	1	71	smNRPS-CC	5875	4173	4243	100	1.88e-27
FC615E0AAXX:8:78:7868:5314#0/1	71	1	71	smNRPS-CC	5875	4126	4196	100	1.88e-27
FC615E0AAXX:8:78:17069:8800#0/2	71	1	71	smNRPS-CC	5875	3162	3232	100	1.88e-27
FC615E0AAXX:8:80:9312:19878#0/1	71	71	1	smNRPS-CC	5875	5070	5140	100	1.88e-27
FC615E0AAXX:8:82:10925:20766#0/2	71	71	1	smNRPS-CC	5875	5124	5194	100	1.88e-27
FC615E0AAXX:8:83:9644:13031#0/2	71	1	71	smNRPS-CC	5875	2018	2088	100	1.88e-27
FC615E0AAXX:8:83:9934:8738#0/1	71	1	71	smNRPS-CC	5875	5627	5697	100	1.88e-27
FC615E0AAXX:8:84:8224:5676#0/2	71	1	71	smNRPS-CC	5875	5046	5116	100	1.88e-27
FC615E0AAXX:8:84:15473:4151#0/2	71	71	1	smNRPS-CC	5875	4082	4152	100	1.88e-27
FC615E0AAXX:8:84:18787:9133#0/2	71	71	1	smNRPS-CC	5875	4167	4237	100	1.88e-27
FC615E0AAXX:8:85:5663:13455#0/1	71	71	1	smNRPS-CC	5875	3091	3161	100	1.88e-27
FC615E0AAXX:8:86:15564:3373#0/1	71	71	1	smNRPS-CC	5875	465	535	100	1.88e-27
FC615E0AAXX:8:88:4363:5607#0/1	71	71	1	smNRPS-CC	5875	2520	2590	100	1.88e-27
FC615E0AAXX:8:88:10416:11463#0/1	71	71	1	smNRPS-CC	5875	4954	5024	100	1.88e-27
FC615E0AAXX:8:88:16582:16224#0/1	71	71	1	smNRPS-CC	5875	422	492	100	1.88e-27
FC615E0AAXX:8:90:8575:3750#0/1	71	71	1	smNRPS-CC	5875	4649	4719	100	1.88e-27
FC615E0AAXX:8:90:9799:8094#0/1	71	1	71	smNRPS-CC	5875	2450	2520	100	1.88e-27
FC615E0AAXX:8:90:16441:11019#0/1	71	1	71	smNRPS-CC	5875	829	899	100	1.88e-27
FC615E0AAXX:8:90:16441:11019#0/2	71	71	1	smNRPS-CC	5875	1075	1145	100	1.88e-27
FC615E0AAXX:8:91:18719:13186#0/1	71	1	71	smNRPS-CC	5875	2027	2097	100	1.88e-27
FC615E0AAXX:8:92:10656:1780#0/1	71	71	1	smNRPS-CC	5875	5451	5521	100	1.88e-27
FC615E0AAXX:8:94:3508:20489#0/2	71	71	1	smNRPS-CC	5875	3105	3175	100	1.88e-27
FC615E0AAXX:8:95:12532:12954#0/2	71	71	1	smNRPS-CC	5875	5009	5079	100	1.88e-27
FC615E0AAXX:8:95:18258:12023#0/1	71	71	1	smNRPS-CC	5875	809	879	100	1.88e-27
FC615E0AAXX:8:96:12111:14953#0/1	71	1	71	smNRPS-CC	5875	4952	5022	100	1.88e-27
FC615E0AAXX:8:96:15874:18323#0/2	71	71	1	smNRPS-CC	5875	460	530	100	1.88e-27
FC615E0AAXX:8:97:13848:11358#0/1	71	1	71	smNRPS-CC	5875	3482	3552	100	1.88e-27
FC615E0AAXX:8:99:3110:17174#0/1	71	1	71	smNRPS-CC	5875	5386	5456	100	1.88e-27
FC615E0AAXX:8:99:3110:17174#0/2	71	71	1	smNRPS-CC	5875	5616	5686	100	1.88e-27
FC615E0AAXX:8:99:7717:17339#0/1	71	1	71	smNRPS-CC	5875	5134	5204	100	1.88e-27
FC615E0AAXX:8:99:7717:17339#0/2	71	71	1	smNRPS-CC	5875	5376	5446	100	1.88e-27
FC615E0AAXX:8:100:9139:14815#0/2	71	71	1	smNRPS-CC	5875	5026	5096	100	1.88e-27
FC615E0AAXX:8:101:5689:19626#0/1	71	1	71	smNRPS-CC	5875	1960	2030	100	1.88e-27
FC615E0AAXX:8:101:9948:2171#0/2	71	1	71	smNRPS-CC	5875	615	685	100	1.88e-27
FC615E0AAXX:8:101:18657:12083#0/2	71	1	71	smNRPS-CC	5875	302	372	100	1.88e-27
FC615E0AAXX:8:102:17467:14082#0/1	71	1	71	smNRPS-CC	5875	481	551	100	1.88e-27
FC615E0AAXX:8:103:1418:18445#0/1	71	1	71	smNRPS-CC	5875	3357	3427	100	1.88e-27
FC615E0AAXX:8:105:7268:10111#0/1	71	71	1	smNRPS-CC	5875	5102	5172	100	1.88e-27
FC615E0AAXX:8:105:9909:10496#0/1	71	71	1	smNRPS-CC	5875	4089	4159	100	1.88e-27
FC615E0AAXX:8:105:12041:21107#0/1	71	1	71	smNRPS-CC	5875	2490	2560	100	1.88e-27
FC615E0AAXX:8:106:3539:7963#0/2	71	71	1	smNRPS-CC	5875	4526	4596	100	1.88e-27
FC615E0AAXX:8:106:5606:8398#0/1	71	71	1	smNRPS-CC	5875	1853	1923	100	1.88e-27
FC615E0AAXX:8:106:9113:12280#0/2	71	1	71	smNRPS-CC	5875	5802	5872	100	1.88e-27
FC615E0AAXX:8:106:14066:13330#0/1	71	1	71	smNRPS-CC	5875	5058	5128	100	1.88e-27
FC615E0AAXX:8:106:16250:14808#0/1	71	71	1	smNRPS-CC	5875	5006	5076	100	1.88e-27
FC615E0AAXX:8:107:4252:13331#0/1	71	1	71	smNRPS-CC	5875	5055	5125	100	1.88e-27
FC615E0AAXX:8:107:7885:13003#0/1	71	71	1	smNRPS-CC	5875	3262	3332	100	1.88e-27
FC615E0AAXX:8:108:12183:10908#0/2	71	71	1	smNRPS-CC	5875	164	234	100	1.88e-27
FC615E0AAXX:8:110:16073:7828#0/2	71	71	1	smNRPS-CC	5875	2815	2885	100	1.88e-27
FC615E0AAXX:8:110:17797:20124#0/1	71	1	71	smNRPS-CC	5875	392	462	100	1.88e-27
FC615E0AAXX:8:110:18763:8459#0/1	71	1	71	smNRPS-CC	5875	3105	3175	100	1.88e-27
FC615E0AAXX:8:111:5160:20261#0/1	71	71	1	smNRPS-CC	5875	671	741	100	1.88e-27
FC615E0AAXX:8:111:5160:20261#0/2	71	1	71	smNRPS-CC	5875	453	523	100	1.88e-27
FC615E0AAXX:8:111:17393:21159#0/1	71	71	1	smNRPS-CC	5875	401	471	100	1.88e-27
FC615E0AAXX:8:113:3609:10859#0/1	71	1	71	smNRPS-CC	5875	5160	5230	100	1.88e-27
FC615E0AAXX:8:113:3609:10859#0/2	71	71	1	smNRPS-CC	5875	5376	5446	100	1.88e-27
FC615E0AAXX:8:113:5789:3608#0/2	71	1	71	smNRPS-CC	5875	4117	4187	100	1.88e-27
FC615E0AAXX:8:113:6294:10082#0/1	71	1	71	smNRPS-CC	5875	256	326	100	1.88e-27
FC615E0AAXX:8:113:6294:10082#0/2	71	71	1	smNRPS-CC	5875	486	556	100	1.88e-27
FC615E0AAXX:8:114:6553:13478#0/1	71	71	1	smNRPS-CC	5875	394	464	100	1.88e-27
FC615E0AAXX:8:117:2558:13084#0/1	71	71	1	smNRPS-CC	5875	4071	4141	100	1.88e-27
FC615E0AAXX:8:117:2558:13084#0/2	71	1	71	smNRPS-CC	5875	3830	3900	100	1.88e-27
FC615E0AAXX:8:118:13309:8135#0/2	71	71	1	smNRPS-CC	5875	3261	3331	100	1.88e-27
FC615E0AAXX:8:119:5134:6036#0/2	71	71	1	smNRPS-CC	5875	4074	4144	100	1.88e-27
FC615E0AAXX:8:119:14658:3118#0/1	71	1	71	smNRPS-CC	5875	2479	2549	100	1.88e-27
FC615E0AAXX:8:119:17674:16537#0/1	71	1	71	smNRPS-CC	5875	482	552	100	1.88e-27
FC615E0AAXX:8:120:7444:9604#0/1	71	1	71	smNRPS-CC	5875	4649	4719	100	1.88e-27
FC615E0AAXX:8:104:1985:1472#0/1	71	1	71	smNRPS-CC	5875	3109	3179	100	1.88e-27
FC615E0AAXX:8:63:14115:12121#0/2	71	1	71	smNRPS-CC	5875	5049	5119	100	1.88e-27
FC615E0AAXX:8:70:16541:16699#0/2	71	71	1	smNRPS-CC	5875	1695	1765	100	1.88e-27
FC615E0AAXX:8:43:12878:16878#0/2	71	1	71	smNRPS-CC	5875	2522	2592	100	1.88e-27
FC615E0AAXX:8:49:11437:16362#0/1	71	71	1	smNRPS-CC	5875	1985	2055	100	1.88e-27
FC615E0AAXX:8:59:4195:6883#0/1	71	1	71	smNRPS-CC	5875	2687	2757	100	1.88e-27
FC615E0AAXX:8:80:14133:2160#0/1	71	1	71	smNRPS-CC	5875	3149	3219	100	1.88e-27
FC615E0AAXX:8:46:8404:20874#0/2	40	40	1	smNRPS-CB	5945	2059	2098	95	7.06e-7
FC615E0AAXX:8:1:3509:1634#0/2	52	1	35	smNRPS-CB	5945	5911	5945	100	1.96e-7
FC615E0AAXX:8:40:16029:8057#0/1	40	38	1	smNRPS-CB	5945	3766	3803	97.368	1.96e-7
FC615E0AAXX:8:80:18430:7017#0/2	41	1	39	smNRPS-CB	5945	1322	1360	97.436	5.45e-8
FC615E0AAXX:8:57:14320:1890#0/1	40	1	40	smNRPS-CB	5945	1061	1100	97.5	1.52e-8
FC615E0AAXX:8:60:3681:20355#0/2	40	40	1	smNRPS-CB	5945	4899	4938	97.5	1.52e-8
FC615E0AAXX:8:45:18838:2380#0/1	43	43	1	smNRPS-CB	5945	5143	5185	95.349	1.52e-8
FC615E0AAXX:8:53:15141:3353#0/1	43	1	41	smNRPS-CB	5945	3713	3753	97.561	4.22e-9
FC615E0AAXX:8:23:14876:14904#0/2	45	1	45	smNRPS-CB	5945	2494	2538	95.556	1.17e-9
FC615E0AAXX:8:88:15970:5106#0/1	45	45	1	smNRPS-CB	5945	3547	3591	95.556	1.17e-9
FC615E0AAXX:8:1:11781:6363#0/2	71	32	71	smNRPS-CB	5945	1	40	100	3.26e-10
FC615E0AAXX:8:53:14313:12979#0/1	40	40	1	smNRPS-CB	5945	5522	5561	100	3.26e-10
FC615E0AAXX:8:79:5744:16609#0/2	40	40	1	smNRPS-CB	5945	625	664	100	3.26e-10
FC615E0AAXX:8:86:16190:2280#0/2	71	32	71	smNRPS-CB	5945	1	40	100	3.26e-10
FC615E0AAXX:8:98:15220:6832#0/1	43	43	1	smNRPS-CB	5945	637	679	97.674	3.26e-10
FC615E0AAXX:8:62:14952:18044#0/1	41	1	41	smNRPS-CB	5945	4037	4077	100	9.06e-11
FC615E0AAXX:8:67:11623:3840#0/1	41	41	1	smNRPS-CB	5945	629	669	100	9.06e-11
FC615E0AAXX:8:90:3189:21056#0/1	43	3	43	smNRPS-CB	5945	3370	3410	100	9.06e-11
FC615E0AAXX:8:70:18984:18714#0/1	41	41	1	smNRPS-CB	5945	3813	3853	100	9.06e-11
FC615E0AAXX:8:26:14526:2209#0/1	46	1	46	smNRPS-CB	5945	5510	5555	97.826	7.01e-12
FC615E0AAXX:8:26:16061:3211#0/1	46	43	1	smNRPS-CB	5945	5751	5793	100	7.01e-12
FC615E0AAXX:8:8:18289:1498#0/2	43	43	1	smNRPS-CB	5945	1920	1962	100	7.01e-12
FC615E0AAXX:8:13:5979:21023#0/1	46	46	1	smNRPS-CB	5945	5058	5103	97.826	7.01e-12
FC615E0AAXX:8:80:15293:16653#0/2	43	1	43	smNRPS-CB	5945	2225	2267	100	7.01e-12
FC615E0AAXX:8:21:5749:20373#0/1	44	44	1	smNRPS-CB	5945	3789	3832	100	1.95e-12
FC615E0AAXX:8:26:9270:1819#0/1	50	1	50	smNRPS-CB	5945	3842	3891	96	1.95e-12
FC615E0AAXX:8:35:14592:17975#0/1	47	1	47	smNRPS-CB	5945	1319	1365	97.872	1.95e-12
FC615E0AAXX:8:90:1302:5808#0/1	51	51	1	smNRPS-CB	5945	4734	4784	96.078	5.42e-13
FC615E0AAXX:8:18:8470:6387#0/2	46	46	1	smNRPS-CB	5945	4073	4118	100	1.51e-13
FC615E0AAXX:8:24:9689:9532#0/1	46	46	1	smNRPS-CB	5945	205	250	100	1.51e-13
FC615E0AAXX:8:24:15207:12535#0/2	46	46	1	smNRPS-CB	5945	2362	2407	100	1.51e-13
FC615E0AAXX:8:46:9628:4337#0/1	46	1	46	smNRPS-CB	5945	1734	1779	100	1.51e-13
FC615E0AAXX:8:99:14171:9036#0/1	49	49	1	smNRPS-CB	5945	4211	4259	97.959	1.51e-13
FC615E0AAXX:8:111:17393:21159#0/2	46	46	1	smNRPS-CB	5945	5756	5801	100	1.51e-13
FC615E0AAXX:8:26:11345:12322#0/2	50	1	50	smNRPS-CB	5945	1972	2021	98	4.19e-14
FC615E0AAXX:8:75:19025:1829#0/1	50	1	50	smNRPS-CB	5945	3924	3973	98	4.19e-14
FC615E0AAXX:8:32:19511:13796#0/1	48	1	48	smNRPS-CB	5945	2538	2585	100	1.16e-14
FC615E0AAXX:8:73:18866:9827#0/2	48	1	48	smNRPS-CB	5945	612	659	100	1.16e-14
FC615E0AAXX:8:88:19545:16599#0/2	51	1	51	smNRPS-CB	5945	1202	1252	98.039	1.16e-14
FC615E0AAXX:8:39:13253:21215#0/2	50	48	1	smNRPS-CB	5945	4073	4120	100	1.16e-14
FC615E0AAXX:8:88:19545:16599#0/1	52	52	1	smNRPS-CB	5945	1446	1497	98.077	3.24e-15
FC615E0AAXX:8:103:2425:12655#0/2	49	1	49	smNRPS-CB	5945	4109	4157	100	3.24e-15
FC615E0AAXX:8:118:10844:18876#0/2	71	1	55	smNRPS-CB	5945	5891	5945	96.364	3.24e-15
FC615E0AAXX:8:18:17465:15341#0/1	71	1	56	smNRPS-CB	5945	5890	5945	96.429	9e-16
FC615E0AAXX:8:51:1783:14382#0/2	50	50	1	smNRPS-CB	5945	2194	2243	100	9e-16
FC615E0AAXX:8:61:11891:11872#0/2	50	50	1	smNRPS-CB	5945	661	710	100	9e-16
FC615E0AAXX:8:65:15431:6638#0/1	50	50	1	smNRPS-CB	5945	1506	1555	100	9e-16
FC615E0AAXX:8:69:14351:8870#0/1	53	1	53	smNRPS-CB	5945	5197	5249	98.113	9e-16
FC615E0AAXX:8:102:13088:8146#0/1	50	1	50	smNRPS-CB	5945	4067	4116	100	9e-16
FC615E0AAXX:8:18:18810:15553#0/2	54	54	1	smNRPS-CB	5945	3786	3839	98.148	2.5e-16
FC615E0AAXX:8:30:4037:20068#0/1	51	51	1	smNRPS-CB	5945	1997	2047	100	2.5e-16
FC615E0AAXX:8:63:14820:9167#0/1	51	51	1	smNRPS-CB	5945	4820	4870	100	2.5e-16
FC615E0AAXX:8:18:5568:7353#0/2	52	52	1	smNRPS-CB	5945	3000	3051	100	6.96e-17
FC615E0AAXX:8:18:18810:15553#0/1	55	1	55	smNRPS-CB	5945	3543	3597	98.182	6.96e-17
FC615E0AAXX:8:53:14071:18248#0/1	70	1	58	smNRPS-CB	5945	5888	5945	96.552	6.96e-17
FC615E0AAXX:8:88:16310:1560#0/1	52	52	1	smNRPS-CB	5945	379	430	100	6.96e-17
FC615E0AAXX:8:22:15492:3117#0/2	56	56	1	smNRPS-CB	5945	1048	1103	98.214	1.93e-17
FC615E0AAXX:8:26:14526:2209#0/2	53	53	1	smNRPS-CB	5945	5757	5809	100	1.93e-17
FC615E0AAXX:8:47:2515:19671#0/1	56	56	1	smNRPS-CB	5945	4762	4817	98.214	1.93e-17
FC615E0AAXX:8:48:15925:20960#0/1	56	1	56	smNRPS-CB	5945	5374	5429	98.214	1.93e-17
FC615E0AAXX:8:50:18922:12507#0/1	56	1	56	smNRPS-CB	5945	3364	3419	98.214	1.93e-17
FC615E0AAXX:8:73:15908:12397#0/2	56	56	1	smNRPS-CB	5945	3549	3604	98.214	1.93e-17
FC615E0AAXX:8:85:3459:19636#0/1	53	1	53	smNRPS-CB	5945	4982	5034	100	1.93e-17
FC615E0AAXX:8:98:15220:6832#0/2	55	3	55	smNRPS-CB	5945	379	431	100	1.93e-17
FC615E0AAXX:8:113:6196:16006#0/2	56	56	1	smNRPS-CB	5945	2984	3039	98.214	1.93e-17
FC615E0AAXX:8:24:15694:1468#0/1	60	1	60	smNRPS-CB	5945	3739	3798	96.667	5.38e-18
FC615E0AAXX:8:50:18922:12507#0/2	57	57	1	smNRPS-CB	5945	3643	3699	98.246	5.38e-18
FC615E0AAXX:8:84:18528:9186#0/1	54	54	1	smNRPS-CB	5945	5533	5586	100	5.38e-18
FC615E0AAXX:8:106:16709:19571#0/2	54	54	1	smNRPS-CB	5945	1019	1072	100	5.38e-18
FC615E0AAXX:8:116:16860:13788#0/1	56	3	56	smNRPS-CB	5945	4935	4988	100	5.38e-18
FC615E0AAXX:8:6:1832:13067#0/2	54	54	1	smNRPS-CB	5945	1267	1320	100	5.38e-18
FC615E0AAXX:8:4:17531:3808#0/1	61	1	61	smNRPS-CB	5945	4844	4904	96.721	1.5e-18
FC615E0AAXX:8:4:17867:8333#0/1	55	55	1	smNRPS-CB	5945	4827	4881	100	1.5e-18
FC615E0AAXX:8:18:8519:13367#0/2	58	1	58	smNRPS-CB	5945	2560	2617	98.276	1.5e-18
FC615E0AAXX:8:66:11769:10620#0/1	60	1	58	smNRPS-CB	5945	3659	3716	98.276	1.5e-18
FC615E0AAXX:8:101:15110:2541#0/1	58	58	1	smNRPS-CB	5945	2127	2184	98.276	1.5e-18
FC615E0AAXX:8:116:3659:3791#0/1	55	55	1	smNRPS-CB	5945	989	1043	100	1.5e-18
FC615E0AAXX:8:16:16254:14150#0/2	56	1	56	smNRPS-CB	5945	5852	5907	100	4.16e-19
FC615E0AAXX:8:50:6026:20664#0/2	56	1	56	smNRPS-CB	5945	5867	5922	100	4.16e-19
FC615E0AAXX:8:67:7148:3855#0/2	56	56	1	smNRPS-CB	5945	992	1047	100	4.16e-19
FC615E0AAXX:8:107:5288:11292#0/2	61	59	1	smNRPS-CB	5945	4723	4781	98.305	4.16e-19
FC615E0AAXX:8:108:1152:13817#0/1	56	1	56	smNRPS-CB	5945	3373	3428	100	4.16e-19
FC615E0AAXX:8:118:3892:16278#0/2	71	1	62	smNRPS-CB	5945	5884	5945	96.774	4.16e-19
FC615E0AAXX:8:1:2584:15467#0/1	60	60	1	smNRPS-CB	5945	5684	5743	98.333	1.16e-19
FC615E0AAXX:8:102:13088:8146#0/2	60	60	1	smNRPS-CB	5945	4209	4268	98.333	1.16e-19
FC615E0AAXX:8:120:7818:9205#0/2	65	65	3	smNRPS-CB	5945	1132	1194	96.825	1.16e-19
FC615E0AAXX:8:67:8746:1295#0/2	59	57	1	smNRPS-CB	5945	2230	2286	100	1.16e-19
FC615E0AAXX:8:34:16414:19075#0/1	61	1	61	smNRPS-CB	5945	1655	1715	98.361	3.21e-20
FC615E0AAXX:8:34:16414:19075#0/2	61	61	1	smNRPS-CB	5945	1888	1948	98.361	3.21e-20
FC615E0AAXX:8:72:2815:15046#0/1	66	64	1	smNRPS-CB	5945	3965	4028	96.875	3.21e-20
FC615E0AAXX:8:89:14914:2253#0/2	71	14	71	smNRPS-CB	5945	1	58	100	3.21e-20
FC615E0AAXX:8:18:14296:17338#0/2	61	1	59	smNRPS-CB	5945	2774	2832	100	8.94e-21
FC615E0AAXX:8:34:14267:19255#0/1	70	6	70	smNRPS-CB	5945	4720	4784	96.923	8.94e-21
FC615E0AAXX:8:37:8715:15349#0/1	65	1	65	smNRPS-CB	5945	5190	5254	96.923	8.94e-21
FC615E0AAXX:8:46:16294:9630#0/1	59	59	1	smNRPS-CB	5945	5309	5367	100	8.94e-21
FC615E0AAXX:8:72:13390:4953#0/1	59	1	59	smNRPS-CB	5945	5853	5911	100	8.94e-21
FC615E0AAXX:8:4:16156:4583#0/1	66	1	66	smNRPS-CB	5945	4732	4797	96.97	2.48e-21
FC615E0AAXX:8:23:8998:15928#0/1	71	69	1	smNRPS-CB	5945	3466	3534	95.652	2.48e-21
FC615E0AAXX:8:35:4964:9192#0/1	66	1	66	smNRPS-CB	5945	247	312	96.97	2.48e-21
FC615E0AAXX:8:41:11641:10671#0/2	63	63	1	smNRPS-CB	5945	1857	1919	98.413	2.48e-21
FC615E0AAXX:8:43:10419:21113#0/1	66	66	1	smNRPS-CB	5945	3107	3172	96.97	2.48e-21
FC615E0AAXX:8:46:9914:15828#0/1	66	1	66	smNRPS-CB	5945	2480	2545	96.97	2.48e-21
FC615E0AAXX:8:56:7625:5302#0/1	71	3	71	smNRPS-CB	5945	3466	3534	95.652	2.48e-21
FC615E0AAXX:8:79:5744:16609#0/1	66	1	66	smNRPS-CB	5945	370	435	96.97	2.48e-21
FC615E0AAXX:8:91:7137:5347#0/1	71	3	71	smNRPS-CB	5945	3466	3534	95.652	2.48e-21
FC615E0AAXX:8:4:6854:9941#0/1	64	64	1	smNRPS-CB	5945	1048	1111	98.438	6.91e-22
FC615E0AAXX:8:18:5470:3601#0/2	71	67	1	smNRPS-CB	5945	4723	4789	97.015	6.91e-22
FC615E0AAXX:8:52:11800:1747#0/1	61	61	1	smNRPS-CB	5945	5753	5813	100	6.91e-22
FC615E0AAXX:8:58:18037:15218#0/2	61	61	1	smNRPS-CB	5945	178	238	100	6.91e-22
FC615E0AAXX:8:70:1700:18391#0/2	61	61	1	smNRPS-CB	5945	5309	5369	100	6.91e-22
FC615E0AAXX:8:88:11642:8870#0/1	61	61	1	smNRPS-CB	5945	3004	3064	100	6.91e-22
FC615E0AAXX:8:99:14171:9036#0/2	67	1	67	smNRPS-CB	5945	3953	4019	97.015	6.91e-22
FC615E0AAXX:8:112:19800:18534#0/1	71	71	2	smNRPS-CB	5945	1953	2022	95.714	6.91e-22
FC615E0AAXX:8:83:3731:10069#0/1	70	1	70	smNRPS-CB	5945	4976	5045	95.714	6.91e-22
FC615E0AAXX:8:4:16156:4583#0/2	71	71	1	smNRPS-CB	5945	4972	5042	95.775	1.92e-22
FC615E0AAXX:8:7:5075:7240#0/2	71	71	1	smNRPS-CB	5945	4969	5039	95.775	1.92e-22
FC615E0AAXX:8:15:10291:11350#0/1	71	1	71	smNRPS-CB	5945	5557	5627	95.775	1.92e-22
FC615E0AAXX:8:17:11248:2206#0/2	71	71	1	smNRPS-CB	5945	5551	5621	95.775	1.92e-22
FC615E0AAXX:8:19:13596:17153#0/1	71	71	1	smNRPS-CB	5945	4999	5069	95.775	1.92e-22
FC615E0AAXX:8:27:3160:8931#0/2	71	1	71	smNRPS-CB	5945	1100	1170	95.775	1.92e-22
FC615E0AAXX:8:27:10155:5632#0/1	71	1	71	smNRPS-CB	5945	3870	3940	95.775	1.92e-22
FC615E0AAXX:8:32:5931:19477#0/1	65	65	1	smNRPS-CB	5945	241	305	98.462	1.92e-22
FC615E0AAXX:8:34:14267:19255#0/2	71	71	1	smNRPS-CB	5945	4965	5035	95.775	1.92e-22
FC615E0AAXX:8:39:15024:11205#0/1	71	71	1	smNRPS-CB	5945	3854	3924	95.775	1.92e-22
FC615E0AAXX:8:47:7531:4979#0/1	71	68	1	smNRPS-CB	5945	4848	4915	97.059	1.92e-22
FC615E0AAXX:8:64:17191:7044#0/2	71	71	1	smNRPS-CB	5945	3855	3925	95.775	1.92e-22
FC615E0AAXX:8:70:5319:2154#0/1	71	1	71	smNRPS-CB	5945	4210	4280	95.775	1.92e-22
FC615E0AAXX:8:71:18114:20550#0/1	65	1	65	smNRPS-CB	5945	1550	1614	98.462	1.92e-22
FC615E0AAXX:8:78:11641:18096#0/2	65	1	65	smNRPS-CB	5945	3365	3429	98.462	1.92e-22
FC615E0AAXX:8:80:14797:10076#0/2	68	68	1	smNRPS-CB	5945	3108	3175	97.059	1.92e-22
FC615E0AAXX:8:86:3250:11877#0/2	71	1	71	smNRPS-CB	5945	1079	1149	95.775	1.92e-22
FC615E0AAXX:8:88:15970:5106#0/2	71	1	71	smNRPS-CB	5945	3306	3376	95.775	1.92e-22
FC615E0AAXX:8:103:5687:7201#0/2	71	71	1	smNRPS-CB	5945	1114	1184	95.775	1.92e-22
FC615E0AAXX:8:104:12038:17917#0/1	71	1	71	smNRPS-CB	5945	1113	1183	95.775	1.92e-22
FC615E0AAXX:8:107:18929:18176#0/1	65	65	1	smNRPS-CB	5945	2233	2297	98.462	1.92e-22
FC615E0AAXX:8:107:18929:18176#0/2	70	1	68	smNRPS-CB	5945	1996	2063	97.059	1.92e-22
FC615E0AAXX:8:114:16949:13198#0/1	71	1	71	smNRPS-CB	5945	4772	4842	95.775	1.92e-22
FC615E0AAXX:8:116:9241:18548#0/1	71	1	71	smNRPS-CB	5945	5555	5625	95.775	1.92e-22
FC615E0AAXX:8:118:6242:3711#0/2	71	1	71	smNRPS-CB	5945	5621	5691	95.775	1.92e-22
FC615E0AAXX:8:119:16552:13658#0/1	71	1	71	smNRPS-CB	5945	4991	5061	95.775	1.92e-22
FC615E0AAXX:8:11:18176:4107#0/1	71	1	71	smNRPS-CB	5945	4970	5040	95.775	1.92e-22
FC615E0AAXX:8:1:14307:4947#0/1	71	71	6	smNRPS-CB	5945	3000	3065	98.485	5.34e-23
FC615E0AAXX:8:24:15694:1468#0/2	66	66	1	smNRPS-CB	5945	3986	4051	98.485	5.34e-23
FC615E0AAXX:8:30:16521:17633#0/2	66	66	1	smNRPS-CB	5945	3766	3831	98.485	5.34e-23
FC615E0AAXX:8:37:16119:18805#0/1	66	66	1	smNRPS-CB	5945	1933	1998	98.485	5.34e-23
FC615E0AAXX:8:42:12128:1899#0/1	66	66	1	smNRPS-CB	5945	351	416	98.485	5.34e-23
FC615E0AAXX:8:44:15531:4156#0/2	70	69	1	smNRPS-CB	5945	1969	2037	97.101	5.34e-23
FC615E0AAXX:8:45:10871:1689#0/1	69	1	69	smNRPS-CB	5945	56	124	97.101	5.34e-23
FC615E0AAXX:8:56:7625:5302#0/2	71	71	6	smNRPS-CB	5945	3688	3753	98.485	5.34e-23
FC615E0AAXX:8:66:11769:10620#0/2	71	69	1	smNRPS-CB	5945	3886	3954	97.101	5.34e-23
FC615E0AAXX:8:70:1700:18391#0/1	70	1	66	smNRPS-CB	5945	5078	5143	98.485	5.34e-23
FC615E0AAXX:8:71:16562:11012#0/1	71	1	69	smNRPS-CB	5945	1954	2022	97.101	5.34e-23
FC615E0AAXX:8:76:9227:4181#0/2	71	71	1	smNRPS-CB	5945	5283	5355	95.89	5.34e-23
FC615E0AAXX:8:81:5804:18118#0/1	66	66	1	smNRPS-CB	5945	4000	4065	98.485	5.34e-23
FC615E0AAXX:8:97:7827:5929#0/2	66	66	1	smNRPS-CB	5945	982	1047	98.485	5.34e-23
FC615E0AAXX:8:102:2724:10692#0/2	71	71	3	smNRPS-CB	5945	1292	1360	97.101	5.34e-23
FC615E0AAXX:8:105:9201:12681#0/2	65	63	1	smNRPS-CB	5945	5517	5579	100	5.34e-23
FC615E0AAXX:8:108:19425:5348#0/2	71	3	71	smNRPS-CB	5945	5141	5209	97.101	5.34e-23
FC615E0AAXX:8:119:6685:15159#0/1	66	1	66	smNRPS-CB	5945	564	629	98.485	5.34e-23
FC615E0AAXX:8:20:17243:3884#0/1	66	66	1	smNRPS-CB	5945	2613	2678	98.485	5.34e-23
FC615E0AAXX:8:44:15157:16111#0/1	66	1	66	smNRPS-CB	5945	1203	1268	98.485	5.34e-23
FC615E0AAXX:8:6:11580:16745#0/1	64	64	1	smNRPS-CB	5945	5759	5822	100	1.48e-23
FC615E0AAXX:8:9:6105:2969#0/2	70	70	1	smNRPS-CB	5945	2705	2774	97.143	1.48e-23
FC615E0AAXX:8:31:19470:4188#0/1	70	67	1	smNRPS-CB	5945	3766	3832	98.507	1.48e-23
FC615E0AAXX:8:52:11800:1747#0/2	66	3	66	smNRPS-CB	5945	5517	5580	100	1.48e-23
FC615E0AAXX:8:64:6905:4593#0/2	71	1	70	smNRPS-CB	5945	1125	1194	97.143	1.48e-23
FC615E0AAXX:8:70:4882:2370#0/2	70	70	1	smNRPS-CB	5945	1992	2061	97.143	1.48e-23
FC615E0AAXX:8:81:5209:7470#0/2	65	65	2	smNRPS-CB	5945	3004	3067	100	1.48e-23
FC615E0AAXX:8:83:9292:14819#0/1	64	64	1	smNRPS-CB	5945	3004	3067	100	1.48e-23
FC615E0AAXX:8:84:8224:5676#0/1	71	2	71	smNRPS-CB	5945	524	593	97.143	1.48e-23
FC615E0AAXX:8:86:14548:7225#0/2	64	64	1	smNRPS-CB	5945	4058	4121	100	1.48e-23
FC615E0AAXX:8:90:7262:16789#0/2	64	1	64	smNRPS-CB	5945	4141	4204	100	1.48e-23
FC615E0AAXX:8:91:7137:5347#0/2	71	71	5	smNRPS-CB	5945	3687	3753	98.507	1.48e-23
FC615E0AAXX:8:97:10446:17772#0/1	64	64	1	smNRPS-CB	5945	276	339	100	1.48e-23
FC615E0AAXX:8:101:15110:2541#0/2	64	1	64	smNRPS-CB	5945	1871	1934	100	1.48e-23
FC615E0AAXX:8:112:19800:18534#0/2	71	1	71	smNRPS-CB	5945	1738	1806	97.183	1.48e-23
FC615E0AAXX:8:1:6062:4125#0/1	71	1	71	smNRPS-CB	5945	3127	3197	97.183	4.13e-24
FC615E0AAXX:8:1:11124:13450#0/2	71	71	1	smNRPS-CB	5945	2475	2545	97.183	4.13e-24
FC615E0AAXX:8:1:16971:9803#0/1	71	71	1	smNRPS-CB	5945	3426	3496	97.183	4.13e-24
FC615E0AAXX:8:3:4065:9148#0/1	71	71	1	smNRPS-CB	5945	5658	5728	97.183	4.13e-24
FC615E0AAXX:8:4:17867:8333#0/2	71	1	71	smNRPS-CB	5945	4563	4633	97.183	4.13e-24
FC615E0AAXX:8:6:11580:16745#0/2	71	1	71	smNRPS-CB	5945	5525	5595	97.183	4.13e-24
FC615E0AAXX:8:7:5075:7240#0/1	71	1	71	smNRPS-CB	5945	4755	4825	97.183	4.13e-24
FC615E0AAXX:8:7:12070:19930#0/1	71	71	1	smNRPS-CB	5945	3616	3686	97.183	4.13e-24
FC615E0AAXX:8:7:14642:9739#0/1	71	71	1	smNRPS-CB	5945	5142	5212	97.183	4.13e-24
FC615E0AAXX:8:10:9001:4946#0/2	71	1	71	smNRPS-CB	5945	2056	2126	97.183	4.13e-24
FC615E0AAXX:8:10:14247:15755#0/1	71	71	1	smNRPS-CB	5945	5675	5745	97.183	4.13e-24
FC615E0AAXX:8:11:9933:5948#0/1	71	1	71	smNRPS-CB	5945	5113	5183	97.183	4.13e-24
FC615E0AAXX:8:13:3317:7520#0/1	71	71	1	smNRPS-CB	5945	3329	3399	97.183	4.13e-24
FC615E0AAXX:8:13:3317:7520#0/2	70	1	65	smNRPS-CB	5945	3083	3147	100	4.13e-24
FC615E0AAXX:8:18:5470:3601#0/1	71	1	71	smNRPS-CB	5945	4502	4572	97.183	4.13e-24
FC615E0AAXX:8:19:14447:17106#0/1	71	71	1	smNRPS-CB	5945	1960	2030	97.183	4.13e-24
FC615E0AAXX:8:20:11321:2738#0/1	71	71	1	smNRPS-CB	5945	4544	4614	97.183	4.13e-24
FC615E0AAXX:8:21:5749:20373#0/2	71	1	71	smNRPS-CB	5945	3534	3604	97.183	4.13e-24
FC615E0AAXX:8:26:8659:11157#0/2	71	1	71	smNRPS-CB	5945	5179	5249	97.183	4.13e-24
FC615E0AAXX:8:27:9725:20446#0/2	71	1	71	smNRPS-CB	5945	5179	5249	97.183	4.13e-24
FC615E0AAXX:8:28:10007:15511#0/2	71	71	1	smNRPS-CB	5945	3094	3164	97.183	4.13e-24
FC615E0AAXX:8:30:11153:18131#0/2	71	71	1	smNRPS-CB	5945	5493	5563	97.183	4.13e-24
FC615E0AAXX:8:30:14456:2099#0/1	71	71	1	smNRPS-CB	5945	4547	4617	97.183	4.13e-24
FC615E0AAXX:8:32:4622:18100#0/1	71	1	68	smNRPS-CB	5945	71	138	98.529	4.13e-24
FC615E0AAXX:8:32:7775:14667#0/2	71	71	1	smNRPS-CB	5945	4858	4928	97.183	4.13e-24
FC615E0AAXX:8:33:7740:18693#0/2	71	1	71	smNRPS-CB	5945	532	602	97.183	4.13e-24
FC615E0AAXX:8:33:15092:10257#0/2	71	69	2	smNRPS-CB	5945	5682	5749	98.529	4.13e-24
FC615E0AAXX:8:34:7475:5609#0/2	71	1	71	smNRPS-CB	5945	3135	3205	97.183	4.13e-24
FC615E0AAXX:8:35:10970:19248#0/1	71	1	71	smNRPS-CB	5945	3144	3214	97.183	4.13e-24
FC615E0AAXX:8:35:13246:6988#0/1	71	71	1	smNRPS-CB	5945	4214	4284	97.183	4.13e-24
FC615E0AAXX:8:35:13246:6988#0/2	71	1	71	smNRPS-CB	5945	3968	4038	97.183	4.13e-24
FC615E0AAXX:8:36:13023:5032#0/2	68	65	1	smNRPS-CB	5945	1686	1750	100	4.13e-24
FC615E0AAXX:8:40:5100:6113#0/2	71	71	1	smNRPS-CB	5945	2470	2540	97.183	4.13e-24
FC615E0AAXX:8:44:10295:8620#0/1	71	1	71	smNRPS-CB	5945	5085	5155	97.183	4.13e-24
FC615E0AAXX:8:46:9628:4337#0/2	71	71	1	smNRPS-CB	5945	1972	2042	97.183	4.13e-24
FC615E0AAXX:8:46:11892:13070#0/2	71	1	71	smNRPS-CB	5945	5142	5212	97.183	4.13e-24
FC615E0AAXX:8:47:2515:19671#0/2	71	1	71	smNRPS-CB	5945	4507	4577	97.183	4.13e-24
FC615E0AAXX:8:49:10554:4527#0/1	71	1	71	smNRPS-CB	5945	3305	3375	97.183	4.13e-24
FC615E0AAXX:8:49:10554:4527#0/2	71	71	1	smNRPS-CB	5945	3551	3621	97.183	4.13e-24
FC615E0AAXX:8:53:6198:6288#0/2	71	1	71	smNRPS-CB	5945	64	134	97.183	4.13e-24
FC615E0AAXX:8:53:15141:3353#0/2	71	71	1	smNRPS-CB	5945	3941	4011	97.183	4.13e-24
FC615E0AAXX:8:54:5835:18813#0/2	71	1	71	smNRPS-CB	5945	54	124	97.183	4.13e-24
FC615E0AAXX:8:64:17191:7044#0/1	71	1	68	smNRPS-CB	5945	3616	3683	98.529	4.13e-24
FC615E0AAXX:8:65:15431:6638#0/2	65	1	65	smNRPS-CB	5945	1241	1305	100	4.13e-24
FC615E0AAXX:8:66:15979:10960#0/2	71	71	1	smNRPS-CB	5945	3103	3173	97.183	4.13e-24
FC615E0AAXX:8:67:8133:14369#0/2	71	71	1	smNRPS-CB	5945	1158	1228	97.183	4.13e-24
FC615E0AAXX:8:70:12211:13987#0/2	71	1	71	smNRPS-CB	5945	56	126	97.183	4.13e-24
FC615E0AAXX:8:70:13858:9689#0/1	71	71	1	smNRPS-CB	5945	3093	3163	97.183	4.13e-24
FC615E0AAXX:8:71:10849:6738#0/1	71	1	71	smNRPS-CB	5945	5088	5158	97.183	4.13e-24
FC615E0AAXX:8:72:2486:9133#0/1	71	71	1	smNRPS-CB	5945	5544	5614	97.183	4.13e-24
FC615E0AAXX:8:72:8207:5224#0/1	71	1	71	smNRPS-CB	5945	5160	5230	97.183	4.13e-24
FC615E0AAXX:8:73:16456:7059#0/1	71	1	71	smNRPS-CB	5945	3532	3602	97.183	4.13e-24
FC615E0AAXX:8:74:10656:11276#0/2	71	1	71	smNRPS-CB	5945	3106	3176	97.183	4.13e-24
FC615E0AAXX:8:74:15204:3837#0/1	71	1	71	smNRPS-CB	5945	5141	5211	97.183	4.13e-24
FC615E0AAXX:8:81:10350:11851#0/1	71	1	71	smNRPS-CB	5945	3087	3157	97.183	4.13e-24
FC615E0AAXX:8:81:10350:11851#0/2	71	71	1	smNRPS-CB	5945	3315	3385	97.183	4.13e-24
FC615E0AAXX:8:82:4221:14959#0/1	71	1	71	smNRPS-CB	5945	2485	2555	97.183	4.13e-24
FC615E0AAXX:8:85:9950:4867#0/2	71	71	1	smNRPS-CB	5945	3677	3747	97.183	4.13e-24
FC615E0AAXX:8:85:11961:5920#0/1	71	1	71	smNRPS-CB	5945	2066	2136	97.183	4.13e-24
FC615E0AAXX:8:86:15564:3373#0/2	71	71	1	smNRPS-CB	5945	5646	5716	97.183	4.13e-24
FC615E0AAXX:8:87:19250:9121#0/2	71	1	71	smNRPS-CB	5945	2385	2455	97.183	4.13e-24
FC615E0AAXX:8:88:5289:8283#0/2	71	1	71	smNRPS-CB	5945	3094	3164	97.183	4.13e-24
FC615E0AAXX:8:89:18479:16547#0/2	71	1	71	smNRPS-CB	5945	107	177	97.183	4.13e-24
FC615E0AAXX:8:91:4781:4716#0/2	71	68	1	smNRPS-CB	5945	5510	5577	98.529	4.13e-24
FC615E0AAXX:8:92:8336:11008#0/1	71	1	71	smNRPS-CB	5945	65	135	97.183	4.13e-24
FC615E0AAXX:8:92:13634:8172#0/2	71	71	1	smNRPS-CB	5945	5655	5725	97.183	4.13e-24
FC615E0AAXX:8:97:10041:1653#0/2	71	71	1	smNRPS-CB	5945	62	132	97.183	4.13e-24
FC615E0AAXX:8:97:10610:4505#0/1	71	71	1	smNRPS-CB	5945	5381	5451	97.183	4.13e-24
FC615E0AAXX:8:97:10610:4505#0/2	71	1	71	smNRPS-CB	5945	5160	5230	97.183	4.13e-24
FC615E0AAXX:8:97:12776:9385#0/2	71	71	1	smNRPS-CB	5945	3112	3182	97.183	4.13e-24
FC615E0AAXX:8:98:7923:11096#0/1	71	71	1	smNRPS-CB	5945	2083	2153	97.183	4.13e-24
FC615E0AAXX:8:98:7923:11096#0/2	71	1	71	smNRPS-CB	5945	1843	1913	97.183	4.13e-24
FC615E0AAXX:8:102:10274:14036#0/1	71	1	71	smNRPS-CB	5945	5861	5931	97.183	4.13e-24
FC615E0AAXX:8:103:15204:3959#0/1	71	1	71	smNRPS-CB	5945	3298	3368	97.183	4.13e-24
FC615E0AAXX:8:104:7043:19582#0/2	71	71	1	smNRPS-CB	5945	3129	3199	97.183	4.13e-24
FC615E0AAXX:8:105:11616:13916#0/2	71	71	1	smNRPS-CB	5945	1835	1905	97.183	4.13e-24
FC615E0AAXX:8:106:8173:15389#0/1	71	1	71	smNRPS-CB	5945	1283	1353	97.183	4.13e-24
FC615E0AAXX:8:108:6785:16802#0/2	71	71	1	smNRPS-CB	5945	3665	3735	97.183	4.13e-24
FC615E0AAXX:8:108:18796:15362#0/2	71	1	71	smNRPS-CB	5945	1939	2009	97.183	4.13e-24
FC615E0AAXX:8:109:5276:12290#0/1	71	1	71	smNRPS-CB	5945	4852	4922	97.183	4.13e-24
FC615E0AAXX:8:109:5276:12290#0/2	71	71	1	smNRPS-CB	5945	5079	5149	97.183	4.13e-24
FC615E0AAXX:8:109:6690:7207#0/1	71	1	71	smNRPS-CB	5945	5180	5250	97.183	4.13e-24
FC615E0AAXX:8:115:3511:7252#0/2	71	1	71	smNRPS-CB	5945	4213	4283	97.183	4.13e-24
FC615E0AAXX:8:116:17532:20247#0/1	71	1	71	smNRPS-CB	5945	1123	1193	97.183	4.13e-24
FC615E0AAXX:8:120:14420:20625#0/2	71	1	71	smNRPS-CB	5945	3096	3166	97.183	4.13e-24
FC615E0AAXX:8:91:18532:10943#0/1	71	71	1	smNRPS-CB	5945	2794	2864	97.183	4.13e-24
FC615E0AAXX:8:89:18255:2104#0/2	65	1	65	smNRPS-CB	5945	881	945	100	4.13e-24
FC615E0AAXX:8:112:5759:12535#0/1	71	71	1	smNRPS-CB	5945	3671	3741	97.183	4.13e-24
FC615E0AAXX:8:14:16140:18124#0/1	69	1	69	smNRPS-CB	5945	324	392	98.551	1.15e-24
FC615E0AAXX:8:20:4515:10190#0/2	71	71	1	smNRPS-CB	5945	5276	5348	97.26	1.15e-24
FC615E0AAXX:8:27:13914:7160#0/2	71	69	1	smNRPS-CB	5945	68	136	98.551	1.15e-24
FC615E0AAXX:8:30:4037:20068#0/2	66	1	66	smNRPS-CB	5945	1736	1801	100	1.15e-24
FC615E0AAXX:8:32:9434:8472#0/1	71	70	2	smNRPS-CB	5945	3685	3753	98.551	1.15e-24
FC615E0AAXX:8:34:13432:3508#0/2	71	1	71	smNRPS-CB	5945	5272	5344	97.26	1.15e-24
FC615E0AAXX:8:43:15228:5141#0/1	66	66	1	smNRPS-CB	5945	3399	3464	100	1.15e-24
FC615E0AAXX:8:55:13091:7431#0/2	66	66	1	smNRPS-CB	5945	3004	3069	100	1.15e-24
FC615E0AAXX:8:77:18451:11897#0/1	69	1	69	smNRPS-CB	5945	564	632	98.551	1.15e-24
FC615E0AAXX:8:80:12001:7939#0/2	69	1	69	smNRPS-CB	5945	3787	3855	98.551	1.15e-24
FC615E0AAXX:8:89:10647:7845#0/2	66	1	66	smNRPS-CB	5945	896	961	100	1.15e-24
FC615E0AAXX:8:95:18258:12023#0/2	71	71	1	smNRPS-CB	5945	5277	5349	97.26	1.15e-24
FC615E0AAXX:8:116:1680:5262#0/1	66	66	1	smNRPS-CB	5945	5522	5587	100	1.15e-24
FC615E0AAXX:8:119:9979:6247#0/1	69	1	69	smNRPS-CB	5945	2763	2831	98.551	1.15e-24
FC615E0AAXX:8:14:16140:18124#0/2	71	70	1	smNRPS-CB	5945	548	617	98.571	3.19e-25
FC615E0AAXX:8:38:4501:6503#0/1	71	1	70	smNRPS-CB	5945	5151	5220	98.571	3.19e-25
FC615E0AAXX:8:43:2450:10814#0/2	70	1	70	smNRPS-CB	5945	1451	1520	98.571	3.19e-25
FC615E0AAXX:8:81:5270:9404#0/2	71	71	2	smNRPS-CB	5945	2457	2526	98.571	3.19e-25
FC615E0AAXX:8:87:1882:8913#0/1	71	71	2	smNRPS-CB	5945	51	120	98.571	3.19e-25
FC615E0AAXX:8:87:19250:9121#0/1	70	70	1	smNRPS-CB	5945	2626	2695	98.571	3.19e-25
FC615E0AAXX:8:109:11552:5027#0/1	70	70	1	smNRPS-CB	5945	677	746	98.571	3.19e-25
FC615E0AAXX:8:109:16190:21092#0/2	70	70	1	smNRPS-CB	5945	399	468	98.571	3.19e-25
FC615E0AAXX:8:116:17532:20247#0/2	70	67	1	smNRPS-CB	5945	1362	1428	100	3.19e-25
FC615E0AAXX:8:51:12530:13696#0/1	70	1	70	smNRPS-CB	5945	983	1052	98.571	3.19e-25
FC615E0AAXX:8:1:6062:4125#0/2	71	71	1	smNRPS-CB	5945	3358	3428	98.592	8.87e-26
FC615E0AAXX:8:4:6938:5615#0/1	71	71	1	smNRPS-CB	5945	3242	3313	98.611	8.87e-26
FC615E0AAXX:8:4:6938:5615#0/2	71	1	71	smNRPS-CB	5945	3015	3085	98.592	8.87e-26
FC615E0AAXX:8:4:17531:3808#0/2	71	71	1	smNRPS-CB	5945	5056	5126	98.592	8.87e-26
FC615E0AAXX:8:6:4194:17564#0/1	71	71	1	smNRPS-CB	5945	2663	2733	98.592	8.87e-26
FC615E0AAXX:8:6:4194:17564#0/2	71	1	71	smNRPS-CB	5945	2434	2504	98.592	8.87e-26
FC615E0AAXX:8:7:4582:8582#0/1	71	1	71	smNRPS-CB	5945	2141	2211	98.592	8.87e-26
FC615E0AAXX:8:7:4582:8582#0/2	71	71	1	smNRPS-CB	5945	2374	2444	98.592	8.87e-26
FC615E0AAXX:8:7:8603:8345#0/1	71	1	71	smNRPS-CB	5945	3175	3245	98.592	8.87e-26
FC615E0AAXX:8:7:8603:8345#0/2	71	71	1	smNRPS-CB	5945	3397	3467	98.592	8.87e-26
FC615E0AAXX:8:7:9950:18834#0/2	71	71	1	smNRPS-CB	5945	220	290	98.592	8.87e-26
FC615E0AAXX:8:7:14642:9739#0/2	71	1	71	smNRPS-CB	5945	4910	4980	98.592	8.87e-26
FC615E0AAXX:8:11:9933:5948#0/2	71	71	1	smNRPS-CB	5945	5335	5405	98.592	8.87e-26
FC615E0AAXX:8:13:10007:14813#0/1	71	1	71	smNRPS-CB	5945	1470	1540	98.592	8.87e-26
FC615E0AAXX:8:15:4800:2769#0/1	71	71	1	smNRPS-CB	5945	4748	4818	98.592	8.87e-26
FC615E0AAXX:8:16:9136:11261#0/1	71	1	71	smNRPS-CB	5945	4106	4176	98.592	8.87e-26
FC615E0AAXX:8:17:8704:3315#0/1	71	71	1	smNRPS-CB	5945	2374	2444	98.592	8.87e-26
FC615E0AAXX:8:18:8519:13367#0/1	71	71	1	smNRPS-CB	5945	2793	2863	98.592	8.87e-26
FC615E0AAXX:8:18:14296:17338#0/1	71	71	1	smNRPS-CB	5945	3005	3075	98.592	8.87e-26
FC615E0AAXX:8:19:13596:17153#0/2	71	1	71	smNRPS-CB	5945	4762	4832	98.592	8.87e-26
FC615E0AAXX:8:21:10000:8120#0/1	71	71	1	smNRPS-CB	5945	2173	2243	98.592	8.87e-26
FC615E0AAXX:8:22:12596:3850#0/1	71	71	1	smNRPS-CB	5945	2689	2759	98.592	8.87e-26
FC615E0AAXX:8:22:12596:3850#0/2	71	1	71	smNRPS-CB	5945	2448	2518	98.592	8.87e-26
FC615E0AAXX:8:23:11556:19557#0/1	71	71	1	smNRPS-CB	5945	2676	2746	98.592	8.87e-26
FC615E0AAXX:8:23:11556:19557#0/2	71	1	71	smNRPS-CB	5945	2444	2514	98.592	8.87e-26
FC615E0AAXX:8:23:14663:18481#0/2	71	1	71	smNRPS-CB	5945	5725	5795	98.592	8.87e-26
FC615E0AAXX:8:23:14876:14904#0/1	71	71	1	smNRPS-CB	5945	2718	2788	98.592	8.87e-26
FC615E0AAXX:8:25:13313:17531#0/1	71	1	71	smNRPS-CB	5945	318	388	98.592	8.87e-26
FC615E0AAXX:8:26:11345:12322#0/1	71	71	1	smNRPS-CB	5945	2202	2272	98.592	8.87e-26
FC615E0AAXX:8:27:10155:5632#0/2	71	71	1	smNRPS-CB	5945	4113	4183	98.592	8.87e-26
FC615E0AAXX:8:28:10007:15511#0/1	71	1	71	smNRPS-CB	5945	2851	2921	98.592	8.87e-26
FC615E0AAXX:8:29:4367:1624#0/1	71	1	71	smNRPS-CB	5945	1681	1751	98.592	8.87e-26
FC615E0AAXX:8:30:16521:17633#0/1	71	1	71	smNRPS-CB	5945	3528	3598	98.592	8.87e-26
FC615E0AAXX:8:31:19470:4188#0/2	71	1	71	smNRPS-CB	5945	3518	3588	98.592	8.87e-26
FC615E0AAXX:8:32:19511:13796#0/2	71	71	1	smNRPS-CB	5945	2779	2849	98.592	8.87e-26
FC615E0AAXX:8:33:12878:6906#0/2	71	71	1	smNRPS-CB	5945	812	882	98.592	8.87e-26
FC615E0AAXX:8:34:3527:11080#0/1	71	71	1	smNRPS-CB	5945	2434	2504	98.592	8.87e-26
FC615E0AAXX:8:34:7475:5609#0/1	71	71	1	smNRPS-CB	5945	3359	3429	98.592	8.87e-26
FC615E0AAXX:8:35:12214:3014#0/1	71	1	71	smNRPS-CB	5945	70	140	98.592	8.87e-26
FC615E0AAXX:8:35:14592:17975#0/2	71	71	1	smNRPS-CB	5945	1546	1616	98.592	8.87e-26
FC615E0AAXX:8:36:13023:5032#0/1	71	1	71	smNRPS-CB	5945	1451	1521	98.592	8.87e-26
FC615E0AAXX:8:36:13743:6702#0/1	71	71	1	smNRPS-CB	5945	2365	2435	98.592	8.87e-26
FC615E0AAXX:8:38:4501:6503#0/2	71	71	1	smNRPS-CB	5945	5371	5441	98.592	8.87e-26
FC615E0AAXX:8:39:15024:11205#0/2	71	1	71	smNRPS-CB	5945	3604	3674	98.592	8.87e-26
FC615E0AAXX:8:40:16029:8057#0/2	71	1	71	smNRPS-CB	5945	3488	3558	98.592	8.87e-26
FC615E0AAXX:8:43:2450:10814#0/1	71	71	1	smNRPS-CB	5945	1667	1737	98.592	8.87e-26
FC615E0AAXX:8:43:5817:3796#0/1	71	71	1	smNRPS-CB	5945	3467	3537	98.592	8.87e-26
FC615E0AAXX:8:43:10419:21113#0/2	71	1	71	smNRPS-CB	5945	2851	2921	98.592	8.87e-26
FC615E0AAXX:8:44:15634:11513#0/2	71	71	1	smNRPS-CB	5945	5806	5876	98.592	8.87e-26
FC615E0AAXX:8:44:16023:10552#0/2	71	71	1	smNRPS-CB	5945	5511	5581	98.592	8.87e-26
FC615E0AAXX:8:46:9914:15828#0/2	71	71	1	smNRPS-CB	5945	2700	2770	98.592	8.87e-26
FC615E0AAXX:8:46:11892:13070#0/1	71	71	1	smNRPS-CB	5945	5354	5424	98.592	8.87e-26
FC615E0AAXX:8:46:16294:9630#0/2	71	1	71	smNRPS-CB	5945	5085	5155	98.592	8.87e-26
FC615E0AAXX:8:52:2192:8966#0/1	71	71	1	smNRPS-CB	5945	3632	3702	98.592	8.87e-26
FC615E0AAXX:8:52:2192:8966#0/2	71	1	71	smNRPS-CB	5945	3404	3474	98.592	8.87e-26
FC615E0AAXX:8:52:7469:19067#0/1	71	71	1	smNRPS-CB	5945	106	176	98.592	8.87e-26
FC615E0AAXX:8:53:6198:6288#0/1	71	71	1	smNRPS-CB	5945	310	380	98.592	8.87e-26
FC615E0AAXX:8:53:9054:13696#0/1	71	1	71	smNRPS-CB	5945	74	144	98.592	8.87e-26
FC615E0AAXX:8:53:9054:13696#0/2	71	71	1	smNRPS-CB	5945	321	391	98.592	8.87e-26
FC615E0AAXX:8:54:5634:11971#0/1	71	1	71	smNRPS-CB	5945	5371	5441	98.592	8.87e-26
FC615E0AAXX:8:55:5585:6382#0/2	71	71	1	smNRPS-CB	5945	2399	2469	98.592	8.87e-26
FC615E0AAXX:8:57:14320:1890#0/2	71	71	1	smNRPS-CB	5945	1281	1351	98.592	8.87e-26
FC615E0AAXX:8:57:15530:7941#0/2	71	71	1	smNRPS-CB	5945	77	147	98.592	8.87e-26
FC615E0AAXX:8:58:2818:17639#0/2	71	71	1	smNRPS-CB	5945	1878	1948	98.592	8.87e-26
FC615E0AAXX:8:60:14822:6046#0/2	71	1	71	smNRPS-CB	5945	5355	5425	98.592	8.87e-26
FC615E0AAXX:8:61:11891:11872#0/1	71	1	71	smNRPS-CB	5945	397	467	98.592	8.87e-26
FC615E0AAXX:8:61:15891:11957#0/2	71	1	71	smNRPS-CB	5945	1681	1751	98.592	8.87e-26
FC615E0AAXX:8:64:6905:4593#0/1	71	71	1	smNRPS-CB	5945	1356	1426	98.592	8.87e-26
FC615E0AAXX:8:64:7927:9263#0/1	69	69	2	smNRPS-CB	5945	3000	3067	100	8.87e-26
FC615E0AAXX:8:64:7927:9263#0/2	71	1	71	smNRPS-CB	5945	2754	2824	98.592	8.87e-26
FC615E0AAXX:8:65:4323:13251#0/1	71	71	1	smNRPS-CB	5945	220	290	98.592	8.87e-26
FC615E0AAXX:8:66:15979:10960#0/1	71	1	71	smNRPS-CB	5945	2879	2949	98.592	8.87e-26
FC615E0AAXX:8:67:11623:3840#0/2	71	1	71	smNRPS-CB	5945	367	437	98.592	8.87e-26
FC615E0AAXX:8:70:13858:9689#0/2	71	1	71	smNRPS-CB	5945	2857	2927	98.592	8.87e-26
FC615E0AAXX:8:72:6185:17805#0/1	71	1	71	smNRPS-CB	5945	2819	2889	98.592	8.87e-26
FC615E0AAXX:8:72:6185:17805#0/2	71	71	1	smNRPS-CB	5945	3040	3110	98.592	8.87e-26
FC615E0AAXX:8:72:8207:5224#0/2	71	71	1	smNRPS-CB	5945	5364	5434	98.592	8.87e-26
FC615E0AAXX:8:73:16456:7059#0/2	68	68	1	smNRPS-CB	5945	3788	3855	100	8.87e-26
FC615E0AAXX:8:74:10656:11276#0/1	71	71	1	smNRPS-CB	5945	3347	3417	98.592	8.87e-26
FC615E0AAXX:8:74:15204:3837#0/2	71	71	1	smNRPS-CB	5945	5348	5418	98.592	8.87e-26
FC615E0AAXX:8:78:11641:18096#0/1	71	71	1	smNRPS-CB	5945	3601	3671	98.592	8.87e-26
FC615E0AAXX:8:79:9700:9694#0/2	71	71	1	smNRPS-CB	5945	81	151	98.592	8.87e-26
FC615E0AAXX:8:80:4938:20829#0/1	71	1	71	smNRPS-CB	5945	5148	5218	98.592	8.87e-26
FC615E0AAXX:8:80:4938:20829#0/2	71	71	1	smNRPS-CB	5945	5364	5434	98.592	8.87e-26
FC615E0AAXX:8:80:14797:10076#0/1	71	1	71	smNRPS-CB	5945	2881	2951	98.592	8.87e-26
FC615E0AAXX:8:81:5209:7470#0/1	71	1	71	smNRPS-CB	5945	2784	2854	98.592	8.87e-26
FC615E0AAXX:8:81:5804:18118#0/2	71	1	71	smNRPS-CB	5945	3768	3838	98.592	8.87e-26
FC615E0AAXX:8:82:4221:14959#0/2	71	71	1	smNRPS-CB	5945	2699	2769	98.592	8.87e-26
FC615E0AAXX:8:84:7184:13739#0/1	71	71	1	smNRPS-CB	5945	1680	1750	98.592	8.87e-26
FC615E0AAXX:8:84:12276:12140#0/2	71	71	1	smNRPS-CB	5945	656	726	98.592	8.87e-26
FC615E0AAXX:8:85:11961:5920#0/2	71	71	1	smNRPS-CB	5945	2307	2377	98.592	8.87e-26
FC615E0AAXX:8:86:3250:11877#0/1	71	71	1	smNRPS-CB	5945	1320	1390	98.592	8.87e-26
FC615E0AAXX:8:89:7416:5245#0/2	71	71	1	smNRPS-CB	5945	3638	3708	98.592	8.87e-26
FC615E0AAXX:8:89:18479:16547#0/1	71	71	1	smNRPS-CB	5945	340	410	98.592	8.87e-26
FC615E0AAXX:8:91:5335:17584#0/2	71	1	71	smNRPS-CB	5945	1675	1745	98.592	8.87e-26
FC615E0AAXX:8:91:6036:5962#0/2	71	71	1	smNRPS-CB	5945	3354	3424	98.592	8.87e-26
FC615E0AAXX:8:91:13229:16176#0/1	71	1	71	smNRPS-CB	5945	3990	4060	98.592	8.87e-26
FC615E0AAXX:8:92:16741:16224#0/1	71	1	71	smNRPS-CB	5945	3228	3298	98.592	8.87e-26
FC615E0AAXX:8:96:6927:9732#0/2	71	1	71	smNRPS-CB	5945	5864	5934	98.592	8.87e-26
FC615E0AAXX:8:97:6718:5202#0/1	71	1	71	smNRPS-CB	5945	1642	1712	98.592	8.87e-26
FC615E0AAXX:8:97:12776:9385#0/1	71	1	71	smNRPS-CB	5945	2881	2951	98.592	8.87e-26
FC615E0AAXX:8:99:12526:1324#0/2	71	71	1	smNRPS-CB	5945	5374	5444	98.592	8.87e-26
FC615E0AAXX:8:100:10701:8352#0/1	71	1	71	smNRPS-CB	5945	87	157	98.592	8.87e-26
FC615E0AAXX:8:100:10701:8352#0/2	71	71	1	smNRPS-CB	5945	316	386	98.592	8.87e-26
FC615E0AAXX:8:100:17441:14075#0/1	71	1	71	smNRPS-CB	5945	1655	1725	98.592	8.87e-26
FC615E0AAXX:8:101:4699:7340#0/1	71	1	71	smNRPS-CB	5945	2803	2873	98.592	8.87e-26
FC615E0AAXX:8:101:4699:7340#0/2	71	71	1	smNRPS-CB	5945	3044	3114	98.592	8.87e-26
FC615E0AAXX:8:102:2028:17663#0/1	71	1	71	smNRPS-CB	5945	3024	3094	98.592	8.87e-26
FC615E0AAXX:8:102:5014:2325#0/2	71	1	71	smNRPS-CB	5945	437	507	98.592	8.87e-26
FC615E0AAXX:8:102:5750:7760#0/1	71	1	71	smNRPS-CB	5945	3351	3421	98.592	8.87e-26
FC615E0AAXX:8:103:11285:4310#0/1	71	1	71	smNRPS-CB	5945	1262	1332	98.592	8.87e-26
FC615E0AAXX:8:104:3536:9787#0/1	71	71	1	smNRPS-CB	5945	659	729	98.592	8.87e-26
FC615E0AAXX:8:104:3536:9787#0/2	71	1	71	smNRPS-CB	5945	407	477	98.592	8.87e-26
FC615E0AAXX:8:104:7043:19582#0/1	71	1	71	smNRPS-CB	5945	2894	2964	98.592	8.87e-26
FC615E0AAXX:8:105:4908:8507#0/2	71	68	1	smNRPS-CB	5945	4522	4589	100	8.87e-26
FC615E0AAXX:8:106:8173:15389#0/2	71	71	1	smNRPS-CB	5945	1511	1581	98.592	8.87e-26
FC615E0AAXX:8:108:12308:8555#0/1	71	1	71	smNRPS-CB	5945	3281	3351	98.592	8.87e-26
FC615E0AAXX:8:108:12308:8555#0/2	71	71	1	smNRPS-CB	5945	3509	3579	98.592	8.87e-26
FC615E0AAXX:8:108:14128:18581#0/2	71	71	1	smNRPS-CB	5945	79	149	98.592	8.87e-26
FC615E0AAXX:8:108:19425:5348#0/1	71	71	1	smNRPS-CB	5945	5358	5428	98.592	8.87e-26
FC615E0AAXX:8:109:6690:7207#0/2	71	71	1	smNRPS-CB	5945	5385	5455	98.592	8.87e-26
FC615E0AAXX:8:109:11552:5027#0/2	71	1	71	smNRPS-CB	5945	441	511	98.592	8.87e-26
FC615E0AAXX:8:109:12884:12480#0/2	71	71	1	smNRPS-CB	5945	1069	1139	98.592	8.87e-26
FC615E0AAXX:8:109:18445:3161#0/1	71	71	1	smNRPS-CB	5945	2374	2444	98.592	8.87e-26
FC615E0AAXX:8:113:6196:16006#0/1	71	1	71	smNRPS-CB	5945	2747	2817	98.592	8.87e-26
FC615E0AAXX:8:113:18871:5193#0/1	71	71	1	smNRPS-CB	5945	3931	4001	98.592	8.87e-26
FC615E0AAXX:8:115:15020:17047#0/1	71	1	71	smNRPS-CB	5945	2152	2222	98.592	8.87e-26
FC615E0AAXX:8:115:15020:17047#0/2	71	71	1	smNRPS-CB	5945	2398	2468	98.592	8.87e-26
FC615E0AAXX:8:115:15192:5102#0/1	71	1	71	smNRPS-CB	5945	4122	4192	98.592	8.87e-26
FC615E0AAXX:8:116:3659:3791#0/2	71	1	71	smNRPS-CB	5945	727	797	98.592	8.87e-26
FC615E0AAXX:8:116:4219:20479#0/2	71	1	71	smNRPS-CB	5945	2802	2872	98.592	8.87e-26
FC615E0AAXX:8:117:14803:10622#0/1	71	71	1	smNRPS-CB	5945	352	422	98.592	8.87e-26
FC615E0AAXX:8:117:16948:9689#0/2	71	71	1	smNRPS-CB	5945	2672	2742	98.592	8.87e-26
FC615E0AAXX:8:119:1647:14903#0/1	71	71	1	smNRPS-CB	5945	2436	2506	98.592	8.87e-26
FC615E0AAXX:8:120:14420:20625#0/1	71	71	1	smNRPS-CB	5945	3325	3395	98.592	8.87e-26
FC615E0AAXX:8:42:4520:10409#0/2	71	1	71	smNRPS-CB	5945	3493	3563	98.592	8.87e-26
FC615E0AAXX:8:57:4672:6144#0/2	71	1	71	smNRPS-CB	5945	3492	3562	98.592	8.87e-26
FC615E0AAXX:8:63:14034:12731#0/2	71	1	71	smNRPS-CB	5945	3889	3959	98.592	8.87e-26
FC615E0AAXX:8:32:2267:15231#0/2	71	71	1	smNRPS-CB	5945	2793	2863	98.592	8.87e-26
FC615E0AAXX:8:83:4682:1330#0/1	71	71	1	smNRPS-CB	5945	2455	2525	98.592	8.87e-26
FC615E0AAXX:8:83:12266:3564#0/2	71	71	1	smNRPS-CB	5945	1263	1333	98.592	8.87e-26
FC615E0AAXX:8:108:18439:12511#0/2	71	1	71	smNRPS-CB	5945	346	416	98.592	8.87e-26
FC615E0AAXX:8:118:18685:19133#0/1	71	1	71	smNRPS-CB	5945	5083	5153	98.592	8.87e-26
FC615E0AAXX:8:6:17927:17399#0/2	71	69	1	smNRPS-CB	5945	122	190	100	2.47e-26
FC615E0AAXX:8:7:12070:19930#0/2	69	1	69	smNRPS-CB	5945	3394	3462	100	2.47e-26
FC615E0AAXX:8:55:13091:7431#0/1	71	1	69	smNRPS-CB	5945	2764	2832	100	2.47e-26
FC615E0AAXX:8:88:16310:1560#0/2	71	3	71	smNRPS-CB	5945	140	208	100	2.47e-26
FC615E0AAXX:8:108:1152:13817#0/2	71	69	1	smNRPS-CB	5945	3613	3681	100	2.47e-26
FC615E0AAXX:8:114:16949:13198#0/2	71	69	1	smNRPS-CB	5945	5019	5087	100	2.47e-26
FC615E0AAXX:8:9:6105:2969#0/1	70	1	70	smNRPS-CB	5945	2463	2532	100	6.86e-27
FC615E0AAXX:8:18:8470:6387#0/1	71	1	70	smNRPS-CB	5945	3813	3882	100	6.86e-27
FC615E0AAXX:8:33:12878:6906#0/1	70	1	70	smNRPS-CB	5945	588	657	100	6.86e-27
FC615E0AAXX:8:35:12214:3014#0/2	70	70	1	smNRPS-CB	5945	283	352	100	6.86e-27
FC615E0AAXX:8:46:17193:15082#0/1	70	1	70	smNRPS-CB	5945	5052	5121	100	6.86e-27
FC615E0AAXX:8:51:1783:14382#0/1	70	1	70	smNRPS-CB	5945	1928	1997	100	6.86e-27
FC615E0AAXX:8:89:10993:16083#0/2	71	2	71	smNRPS-CB	5945	2096	2165	100	6.86e-27
FC615E0AAXX:8:97:7869:8090#0/1	71	71	2	smNRPS-CB	5945	3395	3464	100	6.86e-27
FC615E0AAXX:8:97:7869:8090#0/2	70	1	70	smNRPS-CB	5945	3171	3240	100	6.86e-27
FC615E0AAXX:8:109:16190:21092#0/1	70	1	70	smNRPS-CB	5945	163	232	100	6.86e-27
FC615E0AAXX:8:1:11124:13450#0/1	71	1	71	smNRPS-CB	5945	2255	2325	100	1.91e-27
FC615E0AAXX:8:1:16971:9803#0/2	71	1	71	smNRPS-CB	5945	3193	3263	100	1.91e-27
FC615E0AAXX:8:4:6854:9941#0/2	71	1	71	smNRPS-CB	5945	799	869	100	1.91e-27
FC615E0AAXX:8:7:2676:8032#0/1	71	71	1	smNRPS-CB	5945	3200	3270	100	1.91e-27
FC615E0AAXX:8:7:2676:8032#0/2	71	1	71	smNRPS-CB	5945	2961	3031	100	1.91e-27
FC615E0AAXX:8:9:17776:7132#0/1	71	71	1	smNRPS-CB	5945	3300	3370	100	1.91e-27
FC615E0AAXX:8:10:9001:4946#0/1	71	71	1	smNRPS-CB	5945	2307	2377	100	1.91e-27
FC615E0AAXX:8:10:9243:6858#0/2	71	71	1	smNRPS-CB	5945	5829	5899	100	1.91e-27
FC615E0AAXX:8:11:17632:4028#0/2	71	1	71	smNRPS-CB	5945	5834	5904	100	1.91e-27
FC615E0AAXX:8:13:10007:14813#0/2	71	71	1	smNRPS-CB	5945	1693	1763	100	1.91e-27
FC615E0AAXX:8:14:10637:10420#0/1	71	1	71	smNRPS-CB	5945	5057	5127	100	1.91e-27
FC615E0AAXX:8:14:10637:10420#0/2	71	71	1	smNRPS-CB	5945	5306	5376	100	1.91e-27
FC615E0AAXX:8:14:11503:8981#0/1	71	71	1	smNRPS-CB	5945	3178	3248	100	1.91e-27
FC615E0AAXX:8:14:11503:8981#0/2	71	1	71	smNRPS-CB	5945	2937	3007	100	1.91e-27
FC615E0AAXX:8:15:4800:2769#0/2	71	1	71	smNRPS-CB	5945	4525	4595	100	1.91e-27
FC615E0AAXX:8:15:10291:11350#0/2	71	71	1	smNRPS-CB	5945	5785	5855	100	1.91e-27
FC615E0AAXX:8:16:3145:18392#0/1	71	1	71	smNRPS-CB	5945	4793	4863	100	1.91e-27
FC615E0AAXX:8:16:3145:18392#0/2	71	71	1	smNRPS-CB	5945	5022	5092	100	1.91e-27
FC615E0AAXX:8:17:8704:3315#0/2	71	1	71	smNRPS-CB	5945	2141	2211	100	1.91e-27
FC615E0AAXX:8:17:11248:2206#0/1	71	1	71	smNRPS-CB	5945	5313	5383	100	1.91e-27
FC615E0AAXX:8:18:4681:14533#0/1	71	71	1	smNRPS-CB	5945	5290	5360	100	1.91e-27
FC615E0AAXX:8:18:4681:14533#0/2	71	1	71	smNRPS-CB	5945	5050	5120	100	1.91e-27
FC615E0AAXX:8:18:5568:7353#0/1	71	1	71	smNRPS-CB	5945	2743	2813	100	1.91e-27
FC615E0AAXX:8:18:10471:8863#0/1	71	1	71	smNRPS-CB	5945	147	217	100	1.91e-27
FC615E0AAXX:8:18:10471:8863#0/2	71	71	1	smNRPS-CB	5945	297	367	100	1.91e-27
FC615E0AAXX:8:19:14447:17106#0/2	71	1	71	smNRPS-CB	5945	1697	1767	100	1.91e-27
FC615E0AAXX:8:20:1878:7424#0/1	71	1	71	smNRPS-CB	5945	4958	5028	100	1.91e-27
FC615E0AAXX:8:20:1878:7424#0/2	71	71	1	smNRPS-CB	5945	5178	5248	100	1.91e-27
FC615E0AAXX:8:21:2528:16731#0/1	71	1	71	smNRPS-CB	5945	5067	5137	100	1.91e-27
FC615E0AAXX:8:21:2528:16731#0/2	71	71	1	smNRPS-CB	5945	5287	5357	100	1.91e-27
FC615E0AAXX:8:21:9996:17531#0/2	71	1	71	smNRPS-CB	5945	5747	5817	100	1.91e-27
FC615E0AAXX:8:21:10000:8120#0/2	71	1	71	smNRPS-CB	5945	1922	1992	100	1.91e-27
FC615E0AAXX:8:21:10403:4522#0/2	71	71	1	smNRPS-CB	5945	5842	5912	100	1.91e-27
FC615E0AAXX:8:22:5701:17674#0/1	71	1	71	smNRPS-CB	5945	586	656	100	1.91e-27
FC615E0AAXX:8:22:5701:17674#0/2	71	71	1	smNRPS-CB	5945	806	876	100	1.91e-27
FC615E0AAXX:8:22:7245:9300#0/1	71	71	1	smNRPS-CB	5945	5795	5865	100	1.91e-27
FC615E0AAXX:8:22:15492:3117#0/1	71	1	71	smNRPS-CB	5945	799	869	100	1.91e-27
FC615E0AAXX:8:23:8998:15928#0/2	71	1	71	smNRPS-CB	5945	3233	3303	100	1.91e-27
FC615E0AAXX:8:25:13313:17531#0/2	71	71	1	smNRPS-CB	5945	536	606	100	1.91e-27
FC615E0AAXX:8:26:9270:1819#0/2	71	71	1	smNRPS-CB	5945	4088	4158	100	1.91e-27
FC615E0AAXX:8:27:3160:8931#0/1	71	71	1	smNRPS-CB	5945	1337	1407	100	1.91e-27
FC615E0AAXX:8:27:4554:4725#0/1	71	1	71	smNRPS-CB	5945	3786	3856	100	1.91e-27
FC615E0AAXX:8:27:9933:19607#0/1	71	1	71	smNRPS-CB	5945	1580	1650	100	1.91e-27
FC615E0AAXX:8:29:4367:1624#0/2	71	71	1	smNRPS-CB	5945	1921	1991	100	1.91e-27
FC615E0AAXX:8:30:10314:3499#0/2	71	1	71	smNRPS-CB	5945	3076	3146	100	1.91e-27
FC615E0AAXX:8:30:11153:18131#0/1	71	1	71	smNRPS-CB	5945	5273	5343	100	1.91e-27
FC615E0AAXX:8:32:4622:18100#0/2	71	71	1	smNRPS-CB	5945	296	366	100	1.91e-27
FC615E0AAXX:8:32:9148:20712#0/2	71	1	71	smNRPS-CB	5945	1708	1778	100	1.91e-27
FC615E0AAXX:8:32:9434:8472#0/2	71	1	71	smNRPS-CB	5945	3432	3502	100	1.91e-27
FC615E0AAXX:8:33:5112:15061#0/2	71	1	71	smNRPS-CB	5945	1405	1475	100	1.91e-27
FC615E0AAXX:8:33:6078:19262#0/1	71	1	71	smNRPS-CB	5945	5784	5854	100	1.91e-27
FC615E0AAXX:8:33:7740:18693#0/1	71	71	1	smNRPS-CB	5945	768	838	100	1.91e-27
FC615E0AAXX:8:34:3527:11080#0/2	71	1	71	smNRPS-CB	5945	2214	2284	100	1.91e-27
FC615E0AAXX:8:35:4964:9192#0/2	71	71	1	smNRPS-CB	5945	477	547	100	1.91e-27
FC615E0AAXX:8:35:10970:19248#0/2	71	71	1	smNRPS-CB	5945	3373	3443	100	1.91e-27
FC615E0AAXX:8:35:13710:20199#0/1	71	71	1	smNRPS-CB	5945	288	358	100	1.91e-27
FC615E0AAXX:8:36:2835:3535#0/1	71	1	71	smNRPS-CB	5945	4077	4147	100	1.91e-27
FC615E0AAXX:8:36:13743:6702#0/2	71	1	71	smNRPS-CB	5945	2132	2202	100	1.91e-27
FC615E0AAXX:8:37:16119:18805#0/2	71	1	71	smNRPS-CB	5945	1711	1781	100	1.91e-27
FC615E0AAXX:8:40:5100:6113#0/1	71	1	71	smNRPS-CB	5945	2243	2313	100	1.91e-27
FC615E0AAXX:8:41:6284:4312#0/2	71	71	1	smNRPS-CB	5945	4933	5003	100	1.91e-27
FC615E0AAXX:8:41:8567:4672#0/2	71	1	71	smNRPS-CB	5945	1333	1403	100	1.91e-27
FC615E0AAXX:8:42:12128:1899#0/2	71	1	71	smNRPS-CB	5945	129	199	100	1.91e-27
FC615E0AAXX:8:43:3523:5176#0/2	71	71	1	smNRPS-CB	5945	4812	4882	100	1.91e-27
FC615E0AAXX:8:43:5817:3796#0/2	71	1	71	smNRPS-CB	5945	3237	3307	100	1.91e-27
FC615E0AAXX:8:43:15228:5141#0/2	71	1	71	smNRPS-CB	5945	3163	3233	100	1.91e-27
FC615E0AAXX:8:44:10295:8620#0/2	71	71	1	smNRPS-CB	5945	5290	5360	100	1.91e-27
FC615E0AAXX:8:44:10735:16155#0/2	71	1	71	smNRPS-CB	5945	5337	5407	100	1.91e-27
FC615E0AAXX:8:44:16023:10552#0/1	71	1	71	smNRPS-CB	5945	5297	5367	100	1.91e-27
FC615E0AAXX:8:45:5920:10872#0/1	71	1	71	smNRPS-CB	5945	5844	5914	100	1.91e-27
FC615E0AAXX:8:45:10871:1689#0/2	71	71	1	smNRPS-CB	5945	283	353	100	1.91e-27
FC615E0AAXX:8:46:17193:15082#0/2	71	71	1	smNRPS-CB	5945	5270	5340	100	1.91e-27
FC615E0AAXX:8:51:7484:13854#0/2	71	71	1	smNRPS-CB	5945	5043	5113	100	1.91e-27
FC615E0AAXX:8:54:5835:18813#0/1	71	71	1	smNRPS-CB	5945	287	357	100	1.91e-27
FC615E0AAXX:8:55:5585:6382#0/1	71	1	71	smNRPS-CB	5945	2166	2236	100	1.91e-27
FC615E0AAXX:8:56:8356:6396#0/1	71	1	71	smNRPS-CB	5945	2019	2089	100	1.91e-27
FC615E0AAXX:8:56:8356:6396#0/2	71	71	1	smNRPS-CB	5945	2267	2337	100	1.91e-27
FC615E0AAXX:8:59:1783:5382#0/2	71	1	71	smNRPS-CB	5945	1717	1787	100	1.91e-27
FC615E0AAXX:8:59:15465:13025#0/1	71	71	1	smNRPS-CB	5945	2145	2215	100	1.91e-27
FC615E0AAXX:8:59:15465:13025#0/2	71	1	71	smNRPS-CB	5945	1905	1975	100	1.91e-27
FC615E0AAXX:8:60:10734:1945#0/1	71	71	1	smNRPS-CB	5945	801	871	100	1.91e-27
FC615E0AAXX:8:60:10734:1945#0/2	71	1	71	smNRPS-CB	5945	585	655	100	1.91e-27
FC615E0AAXX:8:61:10932:8949#0/2	71	71	1	smNRPS-CB	5945	185	255	100	1.91e-27
FC615E0AAXX:8:63:3515:17064#0/1	71	71	1	smNRPS-CB	5945	2140	2210	100	1.91e-27
FC615E0AAXX:8:63:3515:17064#0/2	71	1	71	smNRPS-CB	5945	1919	1989	100	1.91e-27
FC615E0AAXX:8:65:4781:3739#0/2	71	71	1	smNRPS-CB	5945	161	231	100	1.91e-27
FC615E0AAXX:8:65:7203:7250#0/1	71	71	1	smNRPS-CB	5945	2165	2235	100	1.91e-27
FC615E0AAXX:8:65:7203:7250#0/2	71	1	71	smNRPS-CB	5945	1927	1997	100	1.91e-27
FC615E0AAXX:8:66:17683:5086#0/2	71	1	71	smNRPS-CB	5945	5873	5943	100	1.91e-27
FC615E0AAXX:8:67:7148:3855#0/1	71	1	71	smNRPS-CB	5945	727	797	100	1.91e-27
FC615E0AAXX:8:68:3517:18931#0/1	71	1	71	smNRPS-CB	5945	4062	4132	100	1.91e-27
FC615E0AAXX:8:70:12211:13987#0/1	71	71	1	smNRPS-CB	5945	283	353	100	1.91e-27
FC615E0AAXX:8:70:12544:15780#0/2	71	1	71	smNRPS-CB	5945	4055	4125	100	1.91e-27
FC615E0AAXX:8:71:10849:6738#0/2	71	71	1	smNRPS-CB	5945	5305	5375	100	1.91e-27
FC615E0AAXX:8:71:16562:11012#0/2	71	71	1	smNRPS-CB	5945	2199	2269	100	1.91e-27
FC615E0AAXX:8:72:2486:9133#0/2	71	1	71	smNRPS-CB	5945	5309	5379	100	1.91e-27
FC615E0AAXX:8:73:18866:9827#0/1	71	71	1	smNRPS-CB	5945	842	912	100	1.91e-27
FC615E0AAXX:8:74:7727:7340#0/1	71	1	71	smNRPS-CB	5945	5831	5901	100	1.91e-27
FC615E0AAXX:8:76:9403:18016#0/1	71	71	1	smNRPS-CB	5945	2502	2572	100	1.91e-27
FC615E0AAXX:8:76:9403:18016#0/2	71	1	71	smNRPS-CB	5945	2308	2378	100	1.91e-27
FC615E0AAXX:8:77:18451:11897#0/2	71	71	1	smNRPS-CB	5945	793	863	100	1.91e-27
FC615E0AAXX:8:80:18430:7017#0/1	71	71	1	smNRPS-CB	5945	1566	1636	100	1.91e-27
FC615E0AAXX:8:81:5270:9404#0/1	71	1	71	smNRPS-CB	5945	2238	2308	100	1.91e-27
FC615E0AAXX:8:83:9292:14819#0/2	71	1	71	smNRPS-CB	5945	2754	2824	100	1.91e-27
FC615E0AAXX:8:84:18528:9186#0/2	71	1	71	smNRPS-CB	5945	5277	5347	100	1.91e-27
FC615E0AAXX:8:85:9950:4867#0/1	71	1	71	smNRPS-CB	5945	3438	3508	100	1.91e-27
FC615E0AAXX:8:86:14548:7225#0/1	71	1	71	smNRPS-CB	5945	3799	3869	100	1.91e-27
FC615E0AAXX:8:86:19555:19859#0/2	71	1	71	smNRPS-CB	5945	5834	5904	100	1.91e-27
FC615E0AAXX:8:88:11642:8870#0/2	71	1	71	smNRPS-CB	5945	2757	2827	100	1.91e-27
FC615E0AAXX:8:89:7416:5245#0/1	71	1	71	smNRPS-CB	5945	3398	3468	100	1.91e-27
FC615E0AAXX:8:89:14070:10196#0/2	71	1	71	smNRPS-CB	5945	5336	5406	100	1.91e-27
FC615E0AAXX:8:90:7262:16789#0/1	71	71	1	smNRPS-CB	5945	4374	4444	100	1.91e-27
FC615E0AAXX:8:91:4781:4716#0/1	71	1	71	smNRPS-CB	5945	5291	5361	100	1.91e-27
FC615E0AAXX:8:91:5335:17584#0/1	71	71	1	smNRPS-CB	5945	1893	1963	100	1.91e-27
FC615E0AAXX:8:91:10791:5117#0/2	71	1	71	smNRPS-CB	5945	5802	5872	100	1.91e-27
FC615E0AAXX:8:92:8336:11008#0/2	71	71	1	smNRPS-CB	5945	292	362	100	1.91e-27
FC615E0AAXX:8:92:16741:16224#0/2	71	71	1	smNRPS-CB	5945	3416	3486	100	1.91e-27
FC615E0AAXX:8:94:4753:3294#0/2	71	71	1	smNRPS-CB	5945	1570	1640	100	1.91e-27
FC615E0AAXX:8:97:3065:17619#0/2	71	71	1	smNRPS-CB	5945	1900	1970	100	1.91e-27
FC615E0AAXX:8:97:6718:5202#0/2	71	71	1	smNRPS-CB	5945	1882	1952	100	1.91e-27
FC615E0AAXX:8:97:7827:5929#0/1	71	1	71	smNRPS-CB	5945	737	807	100	1.91e-27
FC615E0AAXX:8:100:17441:14075#0/2	71	71	1	smNRPS-CB	5945	1893	1963	100	1.91e-27
FC615E0AAXX:8:101:8840:11864#0/2	71	1	71	smNRPS-CB	5945	1399	1469	100	1.91e-27
FC615E0AAXX:8:101:9948:2171#0/1	71	1	71	smNRPS-CB	5945	5045	5115	100	1.91e-27
FC615E0AAXX:8:103:5687:7201#0/1	71	1	71	smNRPS-CB	5945	891	961	100	1.91e-27
FC615E0AAXX:8:104:5463:4945#0/1	71	71	1	smNRPS-CB	5945	2659	2729	100	1.91e-27
FC615E0AAXX:8:104:5463:4945#0/2	71	1	71	smNRPS-CB	5945	2424	2494	100	1.91e-27
FC615E0AAXX:8:104:12038:17917#0/2	71	71	1	smNRPS-CB	5945	1330	1400	100	1.91e-27
FC615E0AAXX:8:105:9201:12681#0/1	71	1	71	smNRPS-CB	5945	5283	5353	100	1.91e-27
FC615E0AAXX:8:105:11616:13916#0/1	71	1	71	smNRPS-CB	5945	1602	1672	100	1.91e-27
FC615E0AAXX:8:106:16709:19571#0/1	71	1	71	smNRPS-CB	5945	889	959	100	1.91e-27
FC615E0AAXX:8:108:6785:16802#0/1	71	1	71	smNRPS-CB	5945	3426	3496	100	1.91e-27
FC615E0AAXX:8:108:18622:9333#0/1	71	71	1	smNRPS-CB	5945	150	220	100	1.91e-27
FC615E0AAXX:8:108:18796:15362#0/1	71	71	1	smNRPS-CB	5945	2165	2235	100	1.91e-27
FC615E0AAXX:8:109:12884:12480#0/1	71	1	71	smNRPS-CB	5945	841	911	100	1.91e-27
FC615E0AAXX:8:109:18445:3161#0/2	71	1	71	smNRPS-CB	5945	2145	2215	100	1.91e-27
FC615E0AAXX:8:110:5474:13279#0/1	71	1	71	smNRPS-CB	5945	781	851	100	1.91e-27
FC615E0AAXX:8:110:5474:13279#0/2	71	71	1	smNRPS-CB	5945	898	968	100	1.91e-27
FC615E0AAXX:8:110:15219:15741#0/1	71	71	1	smNRPS-CB	5945	1376	1446	100	1.91e-27
FC615E0AAXX:8:110:15219:15741#0/2	71	1	71	smNRPS-CB	5945	1133	1203	100	1.91e-27
FC615E0AAXX:8:111:10199:1951#0/1	71	71	1	smNRPS-CB	5945	3190	3260	100	1.91e-27
FC615E0AAXX:8:111:10199:1951#0/2	71	1	71	smNRPS-CB	5945	2966	3036	100	1.91e-27
FC615E0AAXX:8:116:1680:5262#0/2	71	1	71	smNRPS-CB	5945	5295	5365	100	1.91e-27
FC615E0AAXX:8:116:4219:20479#0/1	71	71	1	smNRPS-CB	5945	3024	3094	100	1.91e-27
FC615E0AAXX:8:116:9241:18548#0/2	71	71	1	smNRPS-CB	5945	5791	5861	100	1.91e-27
FC615E0AAXX:8:117:16948:9689#0/1	71	1	71	smNRPS-CB	5945	2423	2493	100	1.91e-27
FC615E0AAXX:8:118:6242:3711#0/1	71	71	1	smNRPS-CB	5945	5855	5925	100	1.91e-27
FC615E0AAXX:8:119:1647:14903#0/2	71	1	71	smNRPS-CB	5945	2210	2280	100	1.91e-27
FC615E0AAXX:8:119:6685:15159#0/2	71	71	1	smNRPS-CB	5945	808	878	100	1.91e-27
FC615E0AAXX:8:120:7818:9205#0/1	71	1	71	smNRPS-CB	5945	881	951	100	1.91e-27
FC615E0AAXX:8:39:9143:10175#0/2	71	1	71	smNRPS-CB	5945	748	818	100	1.91e-27
FC615E0AAXX:8:51:7311:2572#0/1	71	1	71	smNRPS-CB	5945	5268	5338	100	1.91e-27
FC615E0AAXX:8:58:15944:5768#0/1	71	71	1	smNRPS-CB	5945	749	819	100	1.91e-27
FC615E0AAXX:8:76:6211:13546#0/1	71	1	71	smNRPS-CB	5945	3462	3532	100	1.91e-27
