FC61KF5AAXX:4:70:5709:12907#0/1	67	67	1	smNRPS-CC	5875	2329	2395	95.522	3.51e-20
FC61KF5AAXX:4:41:10063:14783#0/1	72	1	72	smNRPS-CC	5875	507	578	95.833	5.84e-23
FC61KE4AAXX:4:31:1188:6655#TAGCTT/1	53	53	3	smNRPS-CB	5945	2974	3024	96.078	5.99e-13
FC61KF5AAXX:4:3:7826:20503#0/1	56	56	1	smNRPS-CB	5945	3654	3709	98.214	2.14e-17
FC61KF5AAXX:4:110:10188:4703#0/1	72	1	72	smNRPS-CB	5945	1122	1193	97.222	1.27e-24
FC61KE4AAXX:4:37:16852:14396#TAGCTT/2	70	70	1	smNRPS-CB	5945	1397	1466	98.571	3.53e-25
FC61KF5AAXX:4:24:3941:13407#0/1	72	72	1	smNRPS-CB	5945	5381	5452	98.611	2.73e-26
FC61KF5AAXX:4:50:17874:14700#0/2	72	1	72	smNRPS-CB	5945	572	643	98.611	2.73e-26
FC61KE4AAXX:4:16:12569:13200#TAGCTT/1	69	1	69	smNRPS-CB	5945	2315	2383	100	2.73e-26
FC61KE4AAXX:4:16:12569:13200#TAGCTT/2	72	72	1	smNRPS-CB	5945	2549	2620	98.611	2.73e-26
FC61KF5AAXX:4:100:9965:10568#0/1	71	71	1	smNRPS-CB	5945	177	247	100	2.11e-27
FC61KF5AAXX:4:3:7826:20503#0/2	72	1	72	smNRPS-CB	5945	3391	3462	100	5.87e-28
FC61KF5AAXX:4:50:17874:14700#0/1	72	72	1	smNRPS-CB	5945	801	872	100	5.87e-28
FC61KF5AAXX:4:110:10188:4703#0/2	72	72	1	smNRPS-CB	5945	1369	1440	100	5.87e-28
