A206BNABXX:2:65:11616:71507#CGNTGTAT/2	87	1	47	smNRPS-CC	5875	5829	5875	100	9.98e-14
B201TPABXX:1:24:16865:180742#CGATGTAT/2	62	1	62	smNRPS-CC	5875	5539	5600	98.387	2.13e-20
A206BNABXX:2:67:3271:106157#CGATGTAT/2	61	1	61	smNRPS-CC	5875	4304	4364	100	1.65e-21
B201TPABXX:1:68:14210:196406#CGATGTAT/2	70	70	1	smNRPS-CC	5875	5306	5375	98.571	7.61e-25
B201TPABXX:1:24:16865:180742#CGATGTAT/1	85	85	1	smNRPS-CC	5875	5771	5855	100	7.5e-35
A206BNABXX:2:22:13442:60679#CGATGTAT/1	87	1	87	smNRPS-CC	5875	1589	1675	100	5.8e-36
A206BNABXX:2:22:13442:60679#CGATGTAT/2	87	87	1	smNRPS-CC	5875	1828	1914	100	5.8e-36
B201TPABXX:1:28:11721:158838#CGATGTAT/1	47	47	1	smNRPS-CB	5945	1030	1076	100	1.01e-13
A206BNABXX:2:24:21369:5081#CGATGTAT/1	51	51	1	smNRPS-CB	5945	874	924	100	6.04e-16
B201TPABXX:1:28:11721:158838#CGATGTAT/2	57	1	57	smNRPS-CB	5945	753	809	100	2.79e-19
A206BNABXX:2:48:5196:135427#CGATGTAT/2	64	64	1	smNRPS-CB	5945	3786	3849	100	3.58e-23
B201TPABXX:1:24:17422:193997#CGATGTAT/1	64	1	64	smNRPS-CB	5945	2254	2317	100	3.58e-23
A206BNABXX:2:26:1858:127215#CGATGTAT/1	71	1	71	smNRPS-CB	5945	3638	3708	97.183	9.96e-24
A206BNABXX:2:26:1858:127215#CGATGTAT/2	66	66	1	smNRPS-CB	5945	3792	3857	100	2.77e-24
B201TPABXX:1:6:4097:146421#CGATGTAT/1	72	1	69	smNRPS-CB	5945	1207	1275	98.551	2.77e-24
B201TPABXX:1:4:13635:123488#CGATGTAT/2	72	1	72	smNRPS-CB	5945	2331	2402	100	1.28e-27
A206BNABXX:2:48:5196:135427#CGATGTAT/1	87	1	87	smNRPS-CB	5945	3532	3618	96.552	5.91e-31
A206BNABXX:2:63:6162:51146#CGCTGTAT/1	87	1	87	smNRPS-CB	5945	3959	4045	96.552	5.91e-31
B201TPABXX:1:4:13635:123488#CGATGTAT/1	87	87	1	smNRPS-CB	5945	2554	2640	97.701	1.27e-32
A206BNABXX:2:66:11491:113549#CGATGTTT/2	87	1	87	smNRPS-CB	5945	4823	4909	97.701	1.27e-32
B201TPABXX:1:44:14693:69466#CGATGTAT/1	87	1	87	smNRPS-CB	5945	5531	5617	97.701	1.27e-32
B201TPABXX:1:68:14210:196406#CGATGTAT/1	82	82	1	smNRPS-CB	5945	732	813	100	3.53e-33
A206BNABXX:2:21:8685:157796#CGCTGTAT/2	87	86	1	smNRPS-CB	5945	2606	2691	98.837	9.82e-34
B201TPABXX:1:41:19319:124949#CGATGTAT/1	87	1	87	smNRPS-CB	5945	2619	2705	98.851	2.73e-34
B201TPABXX:1:41:19319:124949#CGATGTAT/2	87	87	1	smNRPS-CB	5945	2847	2933	98.851	2.73e-34
A206BNABXX:2:2:14650:108888#CGATGTAT/1	87	87	1	smNRPS-CB	5945	3152	3238	98.851	2.73e-34
A206BNABXX:2:2:20501:156643#CGATGTAT/2	87	1	87	smNRPS-CB	5945	663	749	98.851	2.73e-34
A206BNABXX:2:21:8685:157796#CGCTGTAT/1	87	1	87	smNRPS-CB	5945	2389	2475	98.851	2.73e-34
A206BNABXX:2:44:2487:44704#CGNTGTAT/2	87	1	87	smNRPS-CB	5945	2433	2519	98.851	2.73e-34
A206BNABXX:2:66:11491:113549#CGATGTTT/1	87	87	1	smNRPS-CB	5945	5066	5152	98.851	2.73e-34
A206BNABXX:2:2:14650:108888#CGATGTAT/2	87	1	87	smNRPS-CB	5945	2919	3005	100	5.87e-36
A206BNABXX:2:2:20501:156643#CGATGTAT/1	87	87	1	smNRPS-CB	5945	880	966	100	5.87e-36
A206BNABXX:2:44:2487:44704#CGNTGTAT/1	87	87	1	smNRPS-CB	5945	2645	2731	100	5.87e-36
A206BNABXX:2:62:10775:136774#CGATGTAT/1	87	1	87	smNRPS-CB	5945	3000	3086	100	5.87e-36
A206BNABXX:2:62:10775:136774#CGATGTAT/2	87	87	1	smNRPS-CB	5945	3227	3313	100	5.87e-36
