FC61B9MAAXX:7:5:1503:850#0/1	71	71	1	smNRPS-CC	5875	1281	1351	95.775	2.12e-22
FC61B9MAAXX:7:8:1032:1666#0/1	71	8	71	smNRPS-CC	5875	1	64	100	1.64e-23
FC61B9MAAXX:7:102:1768:1574#0/2	70	70	1	smNRPS-CC	5875	2385	2454	97.143	1.64e-23
FC61B9MAAXX:7:69:168:731#0/2	71	71	1	smNRPS-CC	5875	2382	2452	97.183	4.56e-24
FC61B9MAAXX:7:86:1075:405#0/2	71	1	71	smNRPS-CC	5875	3398	3468	97.183	4.56e-24
FC61B9MAAXX:7:80:1475:490#0/1	71	71	1	smNRPS-CC	5875	1946	2016	98.592	9.79e-26
FC61B9MAAXX:7:8:1032:1666#0/2	71	71	1	smNRPS-CC	5875	244	314	100	2.1e-27
FC61B9MAAXX:7:17:231:902#0/2	71	71	1	smNRPS-CC	5875	2692	2762	100	2.1e-27
FC61B9MAAXX:7:28:1079:1598#0/2	71	1	71	smNRPS-CC	5875	5469	5539	100	2.1e-27
FC61B9MAAXX:7:39:66:840#0/1	71	71	1	smNRPS-CC	5875	4360	4430	100	2.1e-27
FC61B9MAAXX:7:39:66:840#0/2	71	1	71	smNRPS-CC	5875	4101	4171	100	2.1e-27
FC61B9MAAXX:7:46:799:1326#0/1	71	71	1	smNRPS-CC	5875	1236	1306	100	2.1e-27
FC61B9MAAXX:7:50:1201:301#0/1	71	71	1	smNRPS-CC	5875	5786	5856	100	2.1e-27
FC61B9MAAXX:7:52:83:82#0/2	71	1	71	smNRPS-CC	5875	5621	5691	100	2.1e-27
FC61B9MAAXX:7:53:359:826#0/1	71	71	1	smNRPS-CC	5875	5287	5357	100	2.1e-27
FC61B9MAAXX:7:53:359:826#0/2	71	1	71	smNRPS-CC	5875	5021	5091	100	2.1e-27
FC61B9MAAXX:7:65:279:338#0/1	71	71	1	smNRPS-CC	5875	3090	3160	100	2.1e-27
FC61B9MAAXX:7:65:279:338#0/2	71	1	71	smNRPS-CC	5875	2834	2904	100	2.1e-27
FC61B9MAAXX:7:80:1475:490#0/2	71	1	71	smNRPS-CC	5875	1698	1768	100	2.1e-27
FC61B9MAAXX:7:102:1768:1574#0/1	71	1	71	smNRPS-CC	5875	2155	2225	100	2.1e-27
FC61B9MAAXX:7:91:70:177#0/2	38	38	3	smNRPS-CB	5945	4213	4248	100	6.09e-8
FC61B9MAAXX:7:77:752:685#0/1	39	39	1	smNRPS-CB	5945	5309	5347	100	1.31e-9
FC61B9MAAXX:7:118:420:1945#0/1	42	42	1	smNRPS-CB	5945	4161	4202	97.619	1.31e-9
FC61B9MAAXX:7:38:1658:746#0/2	47	47	1	smNRPS-CB	5945	1507	1553	95.745	1.01e-10
FC61B9MAAXX:7:83:12:1923#0/2	41	1	41	smNRPS-CB	5945	3195	3235	100	1.01e-10
FC61B9MAAXX:7:91:70:177#0/1	45	1	43	smNRPS-CB	5945	3931	3973	100	7.82e-12
FC61B9MAAXX:7:94:366:994#0/2	46	1	46	smNRPS-CB	5945	2966	3011	100	1.68e-13
FC61B9MAAXX:7:23:1039:1902#0/2	56	1	56	smNRPS-CB	5945	3109	3164	96.429	1e-15
FC61B9MAAXX:7:79:30:102#0/1	53	1	50	smNRPS-CB	5945	224	273	100	1e-15
FC61B9MAAXX:7:99:509:1593#0/2	58	1	55	smNRPS-CB	5945	2528	2582	100	1.67e-18
FC61B9MAAXX:7:59:951:180#0/1	59	1	59	smNRPS-CB	5945	919	977	98.305	4.64e-19
FC61B9MAAXX:7:48:218:104#0/1	60	1	60	smNRPS-CB	5945	4121	4180	98.333	1.29e-19
FC61B9MAAXX:7:5:1503:850#0/2	67	67	1	smNRPS-CB	5945	4849	4915	95.522	3.59e-20
FC61B9MAAXX:7:79:96:380#0/2	63	63	1	smNRPS-CB	5945	3513	3575	98.413	2.77e-21
FC61B9MAAXX:7:83:12:1923#0/1	70	70	1	smNRPS-CB	5945	3441	3510	95.714	7.71e-22
FC61B9MAAXX:7:55:1811:357#0/2	71	71	1	smNRPS-CB	5945	1506	1576	95.775	2.14e-22
FC61B9MAAXX:7:99:336:1805#0/1	71	1	71	smNRPS-CB	5945	1939	2009	95.775	2.14e-22
FC61B9MAAXX:7:118:1396:144#0/1	68	1	68	smNRPS-CB	5945	3662	3729	97.059	2.14e-22
FC61B9MAAXX:7:99:336:1805#0/2	63	63	1	smNRPS-CB	5945	2178	2240	100	5.96e-23
FC61B9MAAXX:7:24:261:720#0/1	66	3	66	smNRPS-CB	5945	989	1052	100	1.66e-23
FC61B9MAAXX:7:27:1004:1195#0/2	70	1	70	smNRPS-CB	5945	1210	1279	97.143	1.66e-23
FC61B9MAAXX:7:57:1625:831#0/2	70	1	70	smNRPS-CB	5945	2473	2542	97.143	1.66e-23
FC61B9MAAXX:7:2:1176:457#0/1	71	1	71	smNRPS-CB	5945	3663	3733	97.183	4.61e-24
FC61B9MAAXX:7:2:1176:457#0/2	71	71	1	smNRPS-CB	5945	3890	3960	97.183	4.61e-24
FC61B9MAAXX:7:15:519:855#0/1	71	71	1	smNRPS-CB	5945	3107	3177	97.183	4.61e-24
FC61B9MAAXX:7:17:231:902#0/1	71	71	1	smNRPS-CB	5945	3475	3545	97.183	4.61e-24
FC61B9MAAXX:7:18:272:1180#0/1	71	1	71	smNRPS-CB	5945	3727	3797	97.183	4.61e-24
FC61B9MAAXX:7:18:1670:1081#0/2	71	1	71	smNRPS-CB	5945	2701	2771	97.183	4.61e-24
FC61B9MAAXX:7:22:117:1170#0/2	71	1	71	smNRPS-CB	5945	5142	5212	97.183	4.61e-24
FC61B9MAAXX:7:35:266:776#0/1	71	1	71	smNRPS-CB	5945	5492	5562	97.183	4.61e-24
FC61B9MAAXX:7:38:1658:746#0/1	70	3	70	smNRPS-CB	5945	1223	1290	98.529	4.61e-24
FC61B9MAAXX:7:57:1625:831#0/1	71	71	1	smNRPS-CB	5945	2705	2775	97.183	4.61e-24
FC61B9MAAXX:7:58:430:437#0/2	71	1	71	smNRPS-CB	5945	3138	3208	97.183	4.61e-24
FC61B9MAAXX:7:63:1325:294#0/1	71	1	71	smNRPS-CB	5945	58	128	97.183	4.61e-24
FC61B9MAAXX:7:79:30:102#0/2	68	68	1	smNRPS-CB	5945	462	529	98.529	4.61e-24
FC61B9MAAXX:7:108:632:897#0/2	71	71	1	smNRPS-CB	5945	2578	2648	97.183	4.61e-24
FC61B9MAAXX:7:118:420:1945#0/2	71	1	71	smNRPS-CB	5945	3890	3960	97.183	4.61e-24
FC61B9MAAXX:7:119:1226:1824#0/1	71	71	1	smNRPS-CB	5945	960	1030	97.183	4.61e-24
FC61B9MAAXX:7:19:637:71#0/1	71	1	71	smNRPS-CB	5945	2041	2111	97.183	4.61e-24
FC61B9MAAXX:7:63:1325:294#0/2	71	71	3	smNRPS-CB	5945	85	153	98.551	1.28e-24
FC61B9MAAXX:7:84:543:470#0/2	71	3	71	smNRPS-CB	5945	1145	1213	98.551	1.28e-24
FC61B9MAAXX:7:16:1330:973#0/1	70	70	1	smNRPS-CB	5945	3782	3851	98.571	3.56e-25
FC61B9MAAXX:7:18:272:1180#0/2	71	70	1	smNRPS-CB	5945	3975	4044	98.571	3.56e-25
FC61B9MAAXX:7:19:678:1141#0/2	70	1	70	smNRPS-CB	5945	4126	4195	98.571	3.56e-25
FC61B9MAAXX:7:27:1004:1195#0/1	70	70	1	smNRPS-CB	5945	1442	1511	98.571	3.56e-25
FC61B9MAAXX:7:66:237:946#0/1	70	1	70	smNRPS-CB	5945	211	280	98.571	3.56e-25
FC61B9MAAXX:7:79:96:380#0/1	71	1	70	smNRPS-CB	5945	3262	3331	98.571	3.56e-25
FC61B9MAAXX:7:2:1478:1252#0/2	71	1	71	smNRPS-CB	5945	667	737	98.592	9.91e-26
FC61B9MAAXX:7:7:493:896#0/1	71	1	71	smNRPS-CB	5945	1368	1438	98.592	9.91e-26
FC61B9MAAXX:7:16:1330:973#0/2	71	1	71	smNRPS-CB	5945	3518	3588	98.592	9.91e-26
FC61B9MAAXX:7:17:459:1060#0/2	71	1	71	smNRPS-CB	5945	5510	5580	98.592	9.91e-26
FC61B9MAAXX:7:22:117:1170#0/1	71	71	1	smNRPS-CB	5945	5374	5444	98.592	9.91e-26
FC61B9MAAXX:7:23:1039:1902#0/1	71	71	1	smNRPS-CB	5945	3337	3407	98.592	9.91e-26
FC61B9MAAXX:7:32:379:478#0/1	71	71	1	smNRPS-CB	5945	428	498	98.592	9.91e-26
FC61B9MAAXX:7:50:1201:301#0/2	71	71	1	smNRPS-CB	5945	267	337	98.592	9.91e-26
FC61B9MAAXX:7:55:1811:357#0/1	71	1	71	smNRPS-CB	5945	1254	1324	98.592	9.91e-26
FC61B9MAAXX:7:69:1880:1216#0/1	71	1	71	smNRPS-CB	5945	5124	5194	98.592	9.91e-26
FC61B9MAAXX:7:69:1880:1216#0/2	71	71	1	smNRPS-CB	5945	5355	5425	98.592	9.91e-26
FC61B9MAAXX:7:70:383:178#0/1	71	1	71	smNRPS-CB	5945	1379	1449	98.592	9.91e-26
FC61B9MAAXX:7:84:543:470#0/1	71	71	1	smNRPS-CB	5945	1389	1459	98.592	9.91e-26
FC61B9MAAXX:7:98:332:13#0/1	71	71	1	smNRPS-CB	5945	1669	1739	98.592	9.91e-26
FC61B9MAAXX:7:98:332:13#0/2	71	1	71	smNRPS-CB	5945	1442	1512	98.592	9.91e-26
FC61B9MAAXX:7:99:509:1593#0/1	71	71	1	smNRPS-CB	5945	2774	2844	98.592	9.91e-26
FC61B9MAAXX:7:118:1396:144#0/2	71	71	1	smNRPS-CB	5945	3896	3966	98.592	9.91e-26
FC61B9MAAXX:7:19:730:1455#0/1	71	71	1	smNRPS-CB	5945	2378	2448	98.592	9.91e-26
FC61B9MAAXX:7:5:157:1124#0/1	71	71	1	smNRPS-CB	5945	2360	2430	98.592	9.91e-26
FC61B9MAAXX:7:15:519:855#0/2	71	1	69	smNRPS-CB	5945	2845	2913	100	2.75e-26
FC61B9MAAXX:7:35:266:776#0/2	70	70	1	smNRPS-CB	5945	5741	5810	100	7.66e-27
FC61B9MAAXX:7:53:637:1664#0/2	71	70	1	smNRPS-CB	5945	155	224	100	7.66e-27
FC61B9MAAXX:7:66:237:946#0/2	71	71	2	smNRPS-CB	5945	453	522	100	7.66e-27
FC61B9MAAXX:7:70:383:178#0/2	70	70	1	smNRPS-CB	5945	1609	1678	100	7.66e-27
FC61B9MAAXX:7:82:833:1205#0/1	70	1	70	smNRPS-CB	5945	840	909	100	7.66e-27
FC61B9MAAXX:7:2:1478:1252#0/1	71	71	1	smNRPS-CB	5945	892	962	100	2.13e-27
FC61B9MAAXX:7:7:493:896#0/2	71	71	1	smNRPS-CB	5945	1600	1670	100	2.13e-27
FC61B9MAAXX:7:17:459:1060#0/1	71	71	1	smNRPS-CB	5945	5760	5830	100	2.13e-27
FC61B9MAAXX:7:18:1670:1081#0/1	71	71	1	smNRPS-CB	5945	2928	2998	100	2.13e-27
FC61B9MAAXX:7:20:642:324#0/2	71	1	71	smNRPS-CB	5945	5303	5373	100	2.13e-27
FC61B9MAAXX:7:22:1878:1324#0/1	71	1	71	smNRPS-CB	5945	2977	3047	100	2.13e-27
FC61B9MAAXX:7:22:1878:1324#0/2	71	71	1	smNRPS-CB	5945	3203	3273	100	2.13e-27
FC61B9MAAXX:7:25:1272:124#0/2	71	71	1	smNRPS-CB	5945	168	238	100	2.13e-27
FC61B9MAAXX:7:32:379:478#0/2	71	1	71	smNRPS-CB	5945	187	257	100	2.13e-27
FC61B9MAAXX:7:58:430:437#0/1	71	71	1	smNRPS-CB	5945	3380	3450	100	2.13e-27
FC61B9MAAXX:7:70:1185:666#0/1	71	1	71	smNRPS-CB	5945	882	952	100	2.13e-27
FC61B9MAAXX:7:77:752:685#0/2	71	1	71	smNRPS-CB	5945	5049	5119	100	2.13e-27
FC61B9MAAXX:7:94:366:994#0/1	71	71	1	smNRPS-CB	5945	3201	3271	100	2.13e-27
FC61B9MAAXX:7:106:1242:612#0/1	71	71	1	smNRPS-CB	5945	3227	3297	100	2.13e-27
FC61B9MAAXX:7:106:1242:612#0/2	71	1	71	smNRPS-CB	5945	2967	3037	100	2.13e-27
FC61B9MAAXX:7:108:632:897#0/1	71	1	71	smNRPS-CB	5945	2323	2393	100	2.13e-27
FC61B9MAAXX:7:119:1226:1824#0/2	71	1	71	smNRPS-CB	5945	721	791	100	2.13e-27
FC61B9MAAXX:7:56:840:1749#0/2	71	1	71	smNRPS-CB	5945	850	920	100	2.13e-27
