B200YWABXX:6:27:16920:168449#GATCAGA/1	73	73	1	smNRPS-CC	5875	438	510	97.26	3.83e-25
B201K8ABXX:6:68:10052:77065#GATCAG/2	87	87	1	smNRPS-CC	5875	1910	1996	95.402	1.37e-29
B200YWABXX:6:44:3331:99883#GATCAGA/1	76	1	76	smNRPS-CC	5875	5132	5207	100	3.81e-30
B201K8ABXX:6:43:11661:25547#GATCAG/1	86	86	1	smNRPS-CC	5875	4358	4443	97.674	2.27e-32
B201K8ABXX:6:46:12503:34508#GATCAG/1	86	86	1	smNRPS-CC	5875	2852	2937	98.837	4.89e-34
B200YWABXX:6:62:5187:41827#GATCAGA/1	86	1	86	smNRPS-CC	5875	2732	2817	98.837	4.89e-34
B201K8ABXX:6:46:12503:34508#GATCAG/2	87	1	87	smNRPS-CC	5875	2592	2678	98.851	1.3600000000000001e-34
B200YWABXX:6:62:5187:41827#GATCAGA/2	87	87	1	smNRPS-CC	5875	2981	3067	98.851	1.3600000000000001e-34
B201K8ABXX:6:61:15608:163340#GATCAG/1	86	1	86	smNRPS-CC	5875	5691	5776	100	1.05e-35
B200YWABXX:6:44:3331:99883#GATCAGA/2	87	87	1	smNRPS-CC	5875	5368	5454	100	2.92e-36
B201K8ABXX:6:68:12260:74541#GATCAG/2	51	1	51	smNRPS-CB	5945	3341	3391	98.039	1.42e-14
B201K8ABXX:6:7:16544:75828#GATCAG/1	86	86	1	smNRPS-CB	5945	3092	3177	97.674	2.3e-32
B201K8ABXX:6:45:3977:45615#GATCAG/2	86	86	1	smNRPS-CB	5945	3114	3199	97.674	2.3e-32
B200YWABXX:6:44:19785:149824#GATCAGA/1	86	86	1	smNRPS-CB	5945	5259	5344	97.674	2.3e-32
B201K8ABXX:6:7:16544:75828#GATCAG/2	87	1	87	smNRPS-CB	5945	2903	2989	98.851	1.38e-34
B201K8ABXX:6:45:3977:45615#GATCAG/1	86	1	86	smNRPS-CB	5945	2870	2955	100	1.06e-35
B200YWABXX:6:65:10742:146859#GATCAGA/1	86	86	1	smNRPS-CB	5945	1912	1997	100	1.06e-35
B200YWABXX:6:65:10742:146859#GATCAGA/2	87	1	87	smNRPS-CB	5945	1678	1764	100	2.96e-36
