A206BNABXX:3:25:1929:13591#TGACCAAT/1	52	1	52	smNRPS-CC	5875	500	551	98.077	5.2e-15
B201TPABXX:2:61:6772:198676#TGACCAAT/2	62	1	62	smNRPS-CC	5875	1149	1210	95.161	3.11e-17
B201TPABXX:2:25:19282:60584#TGACCAAT/2	85	85	1	smNRPS-CC	5875	4215	4299	98.824	2.35e-33
A206BNABXX:3:61:12945:96709#TGACCAAT/2	56	1	56	smNRPS-CB	5945	605	660	100	6.76e-19
B201TPABXX:2:25:19282:60584#TGACCAAT/1	87	87	3	smNRPS-CB	5945	1814	1896	95.294	8.62e-28
B201TPABXX:2:47:17293:41897#TGACCAAT/2	82	82	1	smNRPS-CB	5945	3489	3570	96.341	2.4e-28
A206BNABXX:3:64:4104:199371#TGACCAAT/2	87	87	2	smNRPS-CB	5945	5607	5692	95.349	6.66e-29
A206BNABXX:3:67:2074:175672#TGACCAAT/1	87	1	80	smNRPS-CB	5945	5866	5945	97.5	6.66e-29
A206BNABXX:3:68:7661:47823#TGACCAAT/1	77	77	1	smNRPS-CB	5945	4102	4178	98.701	6.66e-29
B201TPABXX:2:46:10827:130307#TGACCAAT/1	87	85	1	smNRPS-CB	5945	3621	3705	97.647	1.11e-31
B201TPABXX:2:46:10827:130307#TGACCAAT/2	79	1	79	smNRPS-CB	5945	3386	3464	100	1.11e-31
B201TPABXX:2:5:18130:181818#TGACCAAT/1	87	1	87	smNRPS-CB	5945	1959	2045	97.701	8.56e-33
B201TPABXX:2:26:1964:140063#TGACCAAT/1	87	87	1	smNRPS-CB	5945	5488	5574	97.701	8.56e-33
A206BNABXX:3:25:1929:13591#TGACCAAT/2	87	1	87	smNRPS-CB	5945	5149	5235	97.701	8.56e-33
A206BNABXX:3:66:13933:52100#TGACCAAT/2	84	84	1	smNRPS-CB	5945	1038	1121	98.81	8.56e-33
B201TPABXX:2:48:7831:113619#TGACCAAT/2	83	82	1	smNRPS-CB	5945	1861	1942	100	2.38e-33
B201TPABXX:2:5:18130:181818#TGACCAAT/2	87	87	1	smNRPS-CB	5945	2214	2300	98.851	1.84e-34
B201TPABXX:2:26:1964:140063#TGACCAAT/2	87	1	87	smNRPS-CB	5945	5277	5363	98.851	1.84e-34
B201TPABXX:2:47:17293:41897#TGACCAAT/1	87	1	87	smNRPS-CB	5945	3265	3351	98.851	1.84e-34
B201TPABXX:2:48:7831:113619#TGACCAAT/1	87	1	87	smNRPS-CB	5945	1609	1695	98.851	1.84e-34
B201TPABXX:2:66:6561:113841#TGACCAAT/2	87	1	87	smNRPS-CB	5945	4830	4916	98.851	1.84e-34
A206BNABXX:3:8:14767:139835#TGACCAAT/1	87	87	1	smNRPS-CB	5945	1682	1768	98.851	1.84e-34
A206BNABXX:3:8:14767:139835#TGACCAAT/2	87	1	87	smNRPS-CB	5945	1458	1544	98.851	1.84e-34
A206BNABXX:3:25:12353:169452#TGACCAAT/1	87	1	87	smNRPS-CB	5945	4115	4201	98.851	1.84e-34
A206BNABXX:3:64:4104:199371#TGACCAAT/1	87	1	87	smNRPS-CB	5945	5367	5453	98.851	1.84e-34
A206BNABXX:3:67:15709:69008#TGACCAAT/1	87	87	1	smNRPS-CB	5945	2608	2694	98.851	1.84e-34
A206BNABXX:3:67:15709:69008#TGACCAAT/2	87	1	87	smNRPS-CB	5945	2396	2482	98.851	1.84e-34
A206BNABXX:3:23:14160:177095#TGACCAAT/2	87	1	87	smNRPS-CB	5945	3479	3565	98.851	1.84e-34
A206BNABXX:3:23:14207:177615#TGACCAAT/2	87	1	87	smNRPS-CB	5945	3479	3565	98.851	1.84e-34
B201TPABXX:2:5:14287:118086#TGACCAAT/1	87	87	1	smNRPS-CB	5945	3170	3256	100	3.95e-36
B201TPABXX:2:5:14287:118086#TGACCAAT/2	87	1	87	smNRPS-CB	5945	2928	3014	100	3.95e-36
B201TPABXX:2:27:8944:35264#TGACCAAT/1	87	1	87	smNRPS-CB	5945	2948	3034	100	3.95e-36
B201TPABXX:2:27:8944:35264#TGACCAAT/2	87	87	1	smNRPS-CB	5945	3197	3283	100	3.95e-36
B201TPABXX:2:66:6561:113841#TGACCAAT/1	87	87	1	smNRPS-CB	5945	5058	5144	100	3.95e-36
A206BNABXX:3:61:12945:96709#TGACCAAT/1	87	87	1	smNRPS-CB	5945	830	916	100	3.95e-36
A206BNABXX:3:66:13933:52100#TGACCAAT/1	87	1	87	smNRPS-CB	5945	815	901	100	3.95e-36
