FC615G7AAXX:7:97:4069:12982#0/2	58	1	53	smNRPS-CC	5875	1595	1647	100	1.96e-17
FC615G7AAXX:7:97:4069:12982#0/1	60	1	60	smNRPS-CB	5945	4029	4088	100	2.54e-21
FC615G7AAXX:7:110:2242:4924#0/1	66	66	1	smNRPS-CB	5945	3673	3738	100	1.18e-24
FC615G7AAXX:7:2:16567:5889#0/1	72	72	1	smNRPS-CB	5945	843	914	100	5.43e-28
FC615G7AAXX:7:2:16567:5889#0/2	72	1	72	smNRPS-CB	5945	606	677	100	5.43e-28
FC615G7AAXX:7:56:15814:10505#0/1	72	1	72	smNRPS-CB	5945	2442	2513	100	5.43e-28
FC615G7AAXX:7:56:15814:10505#0/2	72	72	1	smNRPS-CB	5945	2710	2781	100	5.43e-28
FC615G7AAXX:7:101:17147:14057#0/1	72	72	1	smNRPS-CB	5945	1332	1403	100	5.43e-28
FC615G7AAXX:7:101:17147:14057#0/2	72	1	72	smNRPS-CB	5945	1072	1143	100	5.43e-28
FC615G7AAXX:7:110:2242:4924#0/2	72	1	72	smNRPS-CB	5945	3401	3472	100	5.43e-28
