FC615HNAAXX:7:30:8235:9568#TTAGGCAT/1	68	1	43	smNRPS-CC	5875	5833	5875	100	7.64e-12
FC615HNAAXX:7:77:17850:6793#TTAGGCAT/2	52	52	1	smNRPS-CC	5875	2836	2887	100	7.58e-17
FC615HNAAXX:7:47:6610:5261#TTAGGCAT/2	58	58	1	smNRPS-CC	5875	4353	4410	100	3.5e-20
FC615HNAAXX:7:8:1695:9471#TTAGGCAT/1	68	68	1	smNRPS-CC	5875	1286	1353	95.588	9.74e-21
FC615HNAAXX:7:70:12807:17569#TTAGGCAT/1	61	1	61	smNRPS-CC	5875	5056	5116	100	7.53e-22
FC615HNAAXX:7:35:12062:5959#TTAGGCAT/2	72	1	72	smNRPS-CC	5875	4763	4834	95.833	5.82e-23
FC615HNAAXX:7:11:17123:11881#TTAGGCAT/1	68	68	1	smNRPS-CC	5875	3023	3090	98.529	4.5e-24
FC615HNAAXX:7:77:17850:6793#TTAGGCAT/1	68	1	68	smNRPS-CC	5875	2574	2641	98.529	4.5e-24
FC615HNAAXX:7:26:14779:13885#TTAGGCAT/1	68	68	3	smNRPS-CC	5875	1255	1320	100	1.25e-24
FC615HNAAXX:7:35:12062:5959#TTAGGCAT/1	68	68	1	smNRPS-CC	5875	4980	5047	100	9.67e-26
FC615HNAAXX:7:47:6610:5261#TTAGGCAT/1	68	1	68	smNRPS-CC	5875	4113	4180	100	9.67e-26
FC615HNAAXX:7:11:17123:11881#TTAGGCAT/2	72	1	72	smNRPS-CC	5875	2783	2854	98.611	2.69e-26
FC615HNAAXX:7:95:10804:13179#TTAGGCAT/2	72	1	72	smNRPS-CC	5875	491	562	100	5.78e-28
FC615HNAAXX:7:64:2273:4522#TTAGGCAT/2	42	42	1	smNRPS-CB	5945	3784	3825	100	2.78e-11
FC615HNAAXX:7:76:9450:4442#TTAGGCAT/2	48	1	48	smNRPS-CB	5945	3654	3701	97.917	5.98e-13
FC615HNAAXX:7:5:14504:1595#TTAGGCAT/2	51	1	51	smNRPS-CB	5945	1976	2026	100	2.76e-16
FC615HNAAXX:7:64:4717:16809#TTAGGCAT/1	68	1	68	smNRPS-CB	5945	4919	4986	95.588	9.86e-21
FC615HNAAXX:7:118:1890:5066#TTAGGCAT/1	68	1	65	smNRPS-CB	5945	1130	1194	96.923	9.86e-21
FC615HNAAXX:7:23:19331:1551#TTAGGCAT/1	61	61	1	smNRPS-CB	5945	2754	2814	100	7.62e-22
FC615HNAAXX:7:5:14504:1595#TTAGGCAT/1	68	68	1	smNRPS-CB	5945	2217	2284	97.059	2.12e-22
FC615HNAAXX:7:65:8122:15298#TTAGGCAT/1	68	1	68	smNRPS-CB	5945	5621	5688	97.059	2.12e-22
FC615HNAAXX:7:99:7769:8789#TTAGGCAT/1	68	1	68	smNRPS-CB	5945	529	596	97.059	2.12e-22
FC615HNAAXX:7:47:4485:9669#TTAGGCAT/2	66	1	66	smNRPS-CB	5945	5821	5886	98.485	5.89e-23
FC615HNAAXX:7:115:5757:8724#TTAGGCAT/2	72	1	69	smNRPS-CB	5945	4863	4931	97.101	5.89e-23
FC615HNAAXX:7:16:3310:13255#TTAGGCAT/2	72	70	1	smNRPS-CB	5945	5646	5715	97.143	1.64e-23
FC615HNAAXX:7:16:3310:13255#TTAGGCAT/1	68	1	68	smNRPS-CB	5945	5386	5453	98.529	4.55e-24
FC615HNAAXX:7:60:14061:9435#TTAGGCAT/1	68	68	1	smNRPS-CB	5945	2382	2449	98.529	4.55e-24
FC615HNAAXX:7:76:4000:6415#TTAGGCAT/1	68	1	68	smNRPS-CB	5945	194	261	98.529	4.55e-24
FC615HNAAXX:7:76:4000:6415#TTAGGCAT/2	68	68	1	smNRPS-CB	5945	433	500	98.529	4.55e-24
FC615HNAAXX:7:64:4717:16809#TTAGGCAT/2	72	72	1	smNRPS-CB	5945	5139	5210	97.222	1.27e-24
FC615HNAAXX:7:76:9450:4442#TTAGGCAT/1	68	66	1	smNRPS-CB	5945	3895	3960	100	1.27e-24
FC615HNAAXX:7:8:14152:3013#TTAGGCAT/2	72	70	1	smNRPS-CB	5945	140	209	98.571	3.52e-25
FC615HNAAXX:7:1:13483:17130#TTAGGCAT/1	68	68	1	smNRPS-CB	5945	4524	4591	100	9.79e-26
FC615HNAAXX:7:8:3994:4176#TTAGGCAT/1	68	68	1	smNRPS-CB	5945	4488	4555	100	9.79e-26
FC615HNAAXX:7:17:13882:10482#TTAGGCAT/1	68	1	68	smNRPS-CB	5945	2758	2825	100	9.79e-26
FC615HNAAXX:7:32:9662:16605#TTAGGCAT/2	71	1	71	smNRPS-CB	5945	5730	5800	98.592	9.79e-26
FC615HNAAXX:7:32:14432:17124#TTAGGCAT/1	68	68	1	smNRPS-CB	5945	2922	2989	100	9.79e-26
FC615HNAAXX:7:78:4573:15575#TTAGGCAT/1	68	68	1	smNRPS-CB	5945	5401	5468	100	9.79e-26
FC615HNAAXX:7:8:3994:4176#TTAGGCAT/2	72	1	72	smNRPS-CB	5945	4249	4320	98.611	2.72e-26
FC615HNAAXX:7:17:13882:10482#TTAGGCAT/2	72	72	1	smNRPS-CB	5945	3009	3080	98.611	2.72e-26
FC615HNAAXX:7:32:14432:17124#TTAGGCAT/2	72	1	72	smNRPS-CB	5945	2691	2762	98.611	2.72e-26
FC615HNAAXX:7:105:13219:8753#TTAGGCAT/2	72	72	1	smNRPS-CB	5945	2795	2866	98.611	2.72e-26
FC615HNAAXX:7:113:8407:20425#TAGGCATC/2	71	3	71	smNRPS-CB	5945	5751	5819	100	2.72e-26
FC615HNAAXX:7:23:19331:1551#TTAGGCAT/2	70	1	70	smNRPS-CB	5945	2484	2553	100	7.57e-27
FC615HNAAXX:7:105:5597:20118#TTAGGCAT/2	70	1	70	smNRPS-CB	5945	5821	5890	100	7.57e-27
FC615HNAAXX:7:65:8122:15298#TTAGGCAT/2	72	72	2	smNRPS-CB	5945	5875	5945	100	2.1e-27
FC615HNAAXX:7:60:14061:9435#TTAGGCAT/2	72	1	72	smNRPS-CB	5945	2145	2216	100	5.85e-28
FC615HNAAXX:7:78:4573:15575#TTAGGCAT/2	72	1	72	smNRPS-CB	5945	5154	5225	100	5.85e-28
FC615HNAAXX:7:118:1890:5066#TTAGGCAT/2	72	72	1	smNRPS-CB	5945	1396	1467	100	5.85e-28
