B200YWABXX:4:24:4186:92168#ACAGTGA/1	52	1	52	smNRPS-CC	5875	2098	2149	100	9.78e-17
B200YWABXX:4:26:15345:182132#ACAGTGA/1	57	1	57	smNRPS-CC	5875	1702	1758	100	1.62e-19
B200YWABXX:4:24:4186:92168#ACAGTGA/2	66	66	1	smNRPS-CC	5875	2252	2317	100	1.61e-24
A200FVABXX:5:23:12466:55349#ACAGTG/1	87	17	87	smNRPS-CC	5875	1	71	100	2.68e-27
B200YWABXX:4:26:7603:29541#ACAGTGA/1	87	1	76	smNRPS-CC	5875	5800	5875	98.684	2.07e-28
B200YWABXX:4:65:12511:85166#ACAGTGA/2	77	77	1	smNRPS-CC	5875	2712	2788	98.701	5.76e-29
B200YWABXX:4:68:17629:172703#ACAGTGA/1	74	74	1	smNRPS-CC	5875	5064	5137	100	5.76e-29
A200FVABXX:5:46:10424:167807#ACAGTG/2	87	1	87	smNRPS-CC	5875	414	500	95.402	1.6e-29
B200YWABXX:4:42:8166:137827#ACAGTGA/2	87	87	1	smNRPS-CC	5875	4377	4463	97.701	7.4e-33
B200YWABXX:4:68:17629:172703#ACAGTGA/2	87	1	87	smNRPS-CC	5875	4803	4889	97.701	7.4e-33
A200FVABXX:5:23:12466:55349#ACAGTG/2	87	87	1	smNRPS-CC	5875	230	316	98.851	1.59e-34
A200FVABXX:5:45:19735:23501#ACAGTG/1	87	87	1	smNRPS-CC	5875	324	410	98.851	1.59e-34
A200FVABXX:5:45:19735:23501#ACAGTG/2	87	1	87	smNRPS-CC	5875	78	164	98.851	1.59e-34
A200FVABXX:5:45:11414:150196#ACAGTG/1	87	87	1	smNRPS-CC	5875	3943	4029	98.851	1.59e-34
A200FVABXX:5:8:14882:4864#ACAGTG/2	87	87	1	smNRPS-CC	5875	1744	1830	100	3.42e-36
B200YWABXX:4:65:12511:85166#ACAGTGA/1	87	1	87	smNRPS-CC	5875	2449	2535	100	3.42e-36
B200YWABXX:4:67:16523:196729#ACAGTGA/1	47	47	1	smNRPS-CB	5945	1971	2017	95.745	1.29e-10
B200YWABXX:4:22:17627:170750#ACAGTGA/1	42	2	42	smNRPS-CB	5945	441	481	100	1.29e-10
A200FVABXX:5:42:14104:137120#ACAGTG/1	46	46	1	smNRPS-CB	5945	2994	3039	97.826	9.96e-12
B200YWABXX:4:26:2901:77996#ACAGTGA/2	47	47	1	smNRPS-CB	5945	1464	1510	97.872	2.77e-12
A200FVABXX:5:28:15223:102724#ACAGTG/1	46	46	1	smNRPS-CB	5945	1130	1175	100	2.14e-13
B200YWABXX:4:47:2131:127571#ACAGTGA/1	46	1	46	smNRPS-CB	5945	2123	2168	100	2.14e-13
B200YWABXX:4:23:18244:95499#ACAGTGA/1	46	1	46	smNRPS-CB	5945	1571	1616	100	2.14e-13
A200FVABXX:5:26:11247:200531#ACAGTG/1	87	41	87	smNRPS-CB	5945	1	47	100	5.95e-14
B200YWABXX:4:2:5778:69186#ACAGTGA/1	47	47	1	smNRPS-CB	5945	2067	2113	100	5.95e-14
B200YWABXX:4:66:17088:154071#ACAGTGA/1	47	47	1	smNRPS-CB	5945	2961	3007	100	5.95e-14
B200YWABXX:4:61:11276:85460#ACAGTGA/2	49	49	1	smNRPS-CB	5945	5747	5795	100	4.6e-15
B200YWABXX:4:63:19216:190511#ACAGTGA/2	52	52	1	smNRPS-CB	5945	2796	2847	98.077	4.6e-15
A200FVABXX:5:5:10565:53296#ACAGTG/1	50	50	1	smNRPS-CB	5945	3783	3832	100	1.28e-15
A200FVABXX:5:61:12621:162665#ACAGTG/2	50	50	1	smNRPS-CB	5945	1252	1301	100	1.28e-15
A200FVABXX:5:27:4023:46502#ACAGTG/1	52	52	1	smNRPS-CB	5945	2973	3024	100	9.89e-17
B200YWABXX:4:44:14389:124959#ACAGTGA/1	56	56	2	smNRPS-CB	5945	3500	3554	98.182	9.89e-17
B200YWABXX:4:63:19216:190511#ACAGTGA/1	52	1	52	smNRPS-CB	5945	2527	2578	100	9.89e-17
A200FVABXX:5:47:2371:113749#ACAGTG/2	59	1	59	smNRPS-CB	5945	5304	5362	96.61	2.75e-17
B200YWABXX:4:67:16523:196729#ACAGTGA/2	57	1	57	smNRPS-CB	5945	1680	1736	98.246	7.65e-18
B200YWABXX:4:1:6327:101956#ACAGTGA/1	55	1	55	smNRPS-CB	5945	3027	3081	100	2.13e-18
B200YWABXX:4:65:7792:126076#ACAGTGA/1	58	1	58	smNRPS-CB	5945	3711	3768	98.276	2.13e-18
A200FVABXX:5:5:4436:139935#ACAGTG/2	60	60	1	smNRPS-CB	5945	3753	3812	98.333	1.64e-19
A200FVABXX:5:26:6777:195498#ACAGTG/2	57	57	1	smNRPS-CB	5945	4185	4241	100	1.64e-19
B200YWABXX:4:27:18761:87104#ACAGTGA/2	63	1	60	smNRPS-CB	5945	4067	4126	98.333	1.64e-19
B200YWABXX:4:65:1266:128788#ACAGTGA/1	57	57	1	smNRPS-CB	5945	4208	4264	100	1.64e-19
B200YWABXX:4:68:16981:99964#ACAGTGA/2	63	1	63	smNRPS-CB	5945	3139	3201	96.825	1.64e-19
B200YWABXX:4:68:17761:148617#ACAGTGA/1	57	57	1	smNRPS-CB	5945	1098	1154	100	1.64e-19
A200FVABXX:5:4:1441:6410#ACAGTG/2	64	64	1	smNRPS-CB	5945	4879	4942	96.875	4.57e-20
A200FVABXX:5:62:10135:50321#ACAGTG/2	65	65	1	smNRPS-CB	5945	4631	4695	96.923	1.27e-20
B200YWABXX:4:2:3216:138013#ACAGTGA/1	62	62	1	smNRPS-CB	5945	3700	3761	98.387	1.27e-20
B200YWABXX:4:23:6978:194807#ACAGTGA/2	65	1	65	smNRPS-CB	5945	3665	3729	96.923	1.27e-20
B200YWABXX:4:25:10243:78858#ACAGTGA/1	62	62	1	smNRPS-CB	5945	1053	1114	98.387	1.27e-20
B200YWABXX:4:27:18761:87104#ACAGTGA/1	62	62	1	smNRPS-CB	5945	4329	4390	98.387	1.27e-20
B200YWABXX:4:2:3241:23087#ACAGTGA/2	60	1	60	smNRPS-CB	5945	5554	5613	100	3.53e-21
A200FVABXX:5:1:15749:92015#ACAGTG/2	61	61	1	smNRPS-CB	5945	4058	4118	100	9.82e-22
B200YWABXX:4:24:13318:138788#ACAGTGA/1	62	62	1	smNRPS-CB	5945	1152	1213	100	2.73e-22
B200YWABXX:4:65:1872:30381#ACAGTGA/2	62	62	1	smNRPS-CB	5945	2968	3029	100	2.73e-22
B200YWABXX:4:66:12525:189240#ACAGTGA/1	62	1	62	smNRPS-CB	5945	4065	4126	100	2.73e-22
B200YWABXX:4:61:5405:182982#ACAGTGA/2	67	67	1	smNRPS-CB	5945	1265	1331	98.507	2.11e-23
B200YWABXX:4:65:1266:128788#ACAGTGA/2	64	1	64	smNRPS-CB	5945	3927	3990	100	2.11e-23
A200FVABXX:5:28:15223:102724#ACAGTG/2	65	1	65	smNRPS-CB	5945	839	903	100	5.87e-24
B200YWABXX:4:8:3218:82850#ACAGTGA/2	66	66	1	smNRPS-CB	5945	5729	5794	100	1.63e-24
B200YWABXX:4:44:7307:140803#ACAGTGA/1	66	1	66	smNRPS-CB	5945	2520	2585	100	1.63e-24
B200YWABXX:4:2:3241:23087#ACAGTGA/1	67	67	1	smNRPS-CB	5945	5823	5889	100	4.54e-25
B200YWABXX:4:67:7990:26550#ACAGTGA/2	74	74	1	smNRPS-CB	5945	5739	5812	97.297	1.26e-25
B200YWABXX:4:2:3216:138013#ACAGTGA/2	72	1	72	smNRPS-CB	5945	3440	3511	98.611	3.51e-26
A200FVABXX:5:1:20921:161628#ACAGTG/1	70	70	1	smNRPS-CB	5945	3373	3442	100	9.75e-27
B200YWABXX:4:4:2637:75295#ACAGTGA/2	70	1	70	smNRPS-CB	5945	1411	1480	100	9.75e-27
B200YWABXX:4:47:14135:184705#ACAGTGA/2	70	1	70	smNRPS-CB	5945	2568	2637	100	9.75e-27
B200YWABXX:4:61:5405:182982#ACAGTGA/1	70	1	70	smNRPS-CB	5945	989	1058	100	9.75e-27
B200YWABXX:4:7:19591:71298#ACAGTGA/1	71	71	1	smNRPS-CB	5945	4004	4074	100	2.71e-27
B200YWABXX:4:8:3218:82850#ACAGTGA/1	80	1	80	smNRPS-CB	5945	5463	5542	96.25	2.71e-27
B200YWABXX:4:25:15243:170125#ACAGTGA/2	72	1	72	smNRPS-CB	5945	648	719	100	7.54e-28
B200YWABXX:4:23:6093:80168#ACAGTGA/1	76	76	1	smNRPS-CB	5945	2291	2366	98.684	2.1e-28
B200YWABXX:4:46:6093:111601#ACAGTGA/2	76	76	1	smNRPS-CB	5945	1036	1111	98.684	2.1e-28
B200YWABXX:4:48:4890:134195#ACAGTGA/2	76	76	1	smNRPS-CB	5945	3509	3584	98.684	2.1e-28
B200YWABXX:4:63:12610:173370#ACAGTGA/2	76	76	1	smNRPS-CB	5945	4417	4492	98.684	2.1e-28
B200YWABXX:4:4:3582:11225#ACAGTGA/1	86	1	86	smNRPS-CB	5945	4815	4900	95.349	5.83e-29
B200YWABXX:4:7:3694:182130#ACAGTGA/2	77	77	1	smNRPS-CB	5945	4468	4544	98.701	5.83e-29
B200YWABXX:4:47:2131:127571#ACAGTGA/2	74	74	1	smNRPS-CB	5945	2369	2442	100	5.83e-29
A200FVABXX:5:65:18047:120400#ACAGTG/1	78	1	78	smNRPS-CB	5945	4267	4344	98.718	1.62e-29
B200YWABXX:4:2:5778:69186#ACAGTGA/2	85	1	85	smNRPS-CB	5945	1787	1869	96.471	1.62e-29
B200YWABXX:4:66:12525:189240#ACAGTGA/2	81	81	1	smNRPS-CB	5945	4324	4404	97.531	1.62e-29
A200FVABXX:5:8:12345:29166#ACAGTG/2	81	79	1	smNRPS-CB	5945	588	666	98.734	4.51e-30
A200FVABXX:5:3:7992:121740#ACAGTG/2	77	77	1	smNRPS-CB	5945	1102	1178	100	1.25e-30
A200FVABXX:5:8:18563:112575#ACAGTG/1	80	80	1	smNRPS-CB	5945	2365	2444	98.75	1.25e-30
A200FVABXX:5:22:5129:178865#ACAGTG/2	77	1	77	smNRPS-CB	5945	287	363	100	1.25e-30
A200FVABXX:5:65:18047:120400#ACAGTG/2	80	80	1	smNRPS-CB	5945	4536	4615	98.75	1.25e-30
B200YWABXX:4:1:15035:85237#ACAGTGA/1	77	77	1	smNRPS-CB	5945	4060	4136	100	1.25e-30
B200YWABXX:4:1:14375:145528#ACAGTGA/1	77	1	77	smNRPS-CB	5945	1193	1269	100	1.25e-30
A200FVABXX:5:5:9157:131927#ACAGTG/2	81	81	1	smNRPS-CB	5945	4133	4213	98.765	3.48e-31
B200YWABXX:4:67:16642:64348#ACAGTGA/1	87	1	87	smNRPS-CB	5945	2280	2366	96.552	3.48e-31
B200YWABXX:4:24:13318:138788#ACAGTGA/2	79	1	79	smNRPS-CB	5945	902	980	100	9.68e-32
B200YWABXX:4:25:15243:170125#ACAGTGA/1	79	79	1	smNRPS-CB	5945	902	980	100	9.68e-32
B200YWABXX:4:43:6380:39591#ACAGTGA/1	79	1	79	smNRPS-CB	5945	639	717	100	9.68e-32
A200FVABXX:5:5:9174:131933#ACAGTG/1	86	1	86	smNRPS-CB	5945	3874	3959	97.674	2.69e-32
A200FVABXX:5:5:9174:131933#ACAGTG/2	80	80	1	smNRPS-CB	5945	4134	4213	100	2.69e-32
A200FVABXX:5:67:6803:99906#ACAGTG/2	80	80	1	smNRPS-CB	5945	4625	4704	100	2.69e-32
B200YWABXX:4:23:6651:61546#ACAGTGA/1	80	80	1	smNRPS-CB	5945	703	782	100	2.69e-32
B200YWABXX:4:28:2681:115938#ACAGTGA/1	82	80	1	smNRPS-CB	5945	4043	4122	100	2.69e-32
B200YWABXX:4:66:3223:32698#ACAGTGA/2	80	80	1	smNRPS-CB	5945	4211	4290	100	2.69e-32
A200FVABXX:5:1:20939:161630#ACAGTG/2	87	1	87	smNRPS-CB	5945	3117	3203	97.701	7.49e-33
A200FVABXX:5:4:3599:144178#ACAGTG/2	87	87	1	smNRPS-CB	5945	5593	5679	97.701	7.49e-33
A200FVABXX:5:5:10565:53296#ACAGTG/2	87	1	87	smNRPS-CB	5945	3495	3581	97.701	7.49e-33
A200FVABXX:5:5:3773:79501#ACAGTG/2	87	1	87	smNRPS-CB	5945	5621	5707	97.701	7.49e-33
A200FVABXX:5:5:9157:131927#ACAGTG/1	87	1	87	smNRPS-CB	5945	3874	3960	97.701	7.49e-33
A200FVABXX:5:23:9984:125904#ACAGTG/1	87	1	87	smNRPS-CB	5945	210	296	97.701	7.49e-33
A200FVABXX:5:26:13307:69733#ACAGTG/1	87	87	1	smNRPS-CB	5945	3852	3938	97.701	7.49e-33
A200FVABXX:5:26:11247:200531#ACAGTG/2	87	87	1	smNRPS-CB	5945	190	276	97.701	7.49e-33
A200FVABXX:5:43:2504:37870#ACAGTG/1	87	1	87	smNRPS-CB	5945	5252	5338	97.701	7.49e-33
A200FVABXX:5:44:6734:32826#ACAGTG/2	87	1	87	smNRPS-CB	5945	3814	3900	97.701	7.49e-33
B200YWABXX:4:1:6327:101956#ACAGTGA/2	81	81	1	smNRPS-CB	5945	3283	3363	100	7.49e-33
B200YWABXX:4:2:9441:78724#ACAGTGA/1	87	1	87	smNRPS-CB	5945	3861	3947	97.701	7.49e-33
B200YWABXX:4:4:8327:177487#ACAGTGA/1	81	1	81	smNRPS-CB	5945	824	904	100	7.49e-33
B200YWABXX:4:4:8327:177487#ACAGTGA/2	87	87	1	smNRPS-CB	5945	1066	1152	97.701	7.49e-33
B200YWABXX:4:6:16709:38891#ACAGTGA/1	87	1	87	smNRPS-CB	5945	3093	3179	97.701	7.49e-33
B200YWABXX:4:7:9600:60186#ACAGTGA/2	81	1	81	smNRPS-CB	5945	5356	5436	100	7.49e-33
B200YWABXX:4:27:3316:90804#ACAGTGA/1	87	87	1	smNRPS-CB	5945	5256	5342	97.701	7.49e-33
B200YWABXX:4:28:15117:38967#ACAGTGA/1	87	87	1	smNRPS-CB	5945	5643	5729	97.701	7.49e-33
B200YWABXX:4:45:19598:174061#ACAGTGA/1	87	87	1	smNRPS-CB	5945	234	320	97.701	7.49e-33
B200YWABXX:4:66:8716:46413#ACAGTGA/1	87	87	1	smNRPS-CB	5945	3087	3173	97.701	7.49e-33
B200YWABXX:4:67:7990:26550#ACAGTGA/1	87	1	87	smNRPS-CB	5945	5486	5572	97.701	7.49e-33
B200YWABXX:4:1:20990:26442#ACAGTGA/2	87	87	1	smNRPS-CB	5945	2808	2894	97.701	7.49e-33
A200FVABXX:5:5:3773:79501#ACAGTG/1	87	87	6	smNRPS-CB	5945	5864	5945	100	2.08e-33
A200FVABXX:5:44:6734:32826#ACAGTG/1	82	82	1	smNRPS-CB	5945	4065	4146	100	2.08e-33
B200YWABXX:4:6:16709:38891#ACAGTGA/2	82	82	1	smNRPS-CB	5945	3314	3395	100	2.08e-33
A200FVABXX:5:5:9321:49722#ACAGTG/2	86	86	1	smNRPS-CB	5945	361	446	98.837	5.79e-34
A200FVABXX:5:42:7872:3824#ACAGTG/1	86	86	1	smNRPS-CB	5945	4133	4218	98.837	5.79e-34
B200YWABXX:4:23:6978:194807#ACAGTGA/1	86	86	1	smNRPS-CB	5945	3902	3987	98.837	5.79e-34
A200FVABXX:5:5:14471:117630#ACAGTG/2	87	1	87	smNRPS-CB	5945	5487	5573	98.851	1.61e-34
A200FVABXX:5:5:11703:151761#ACAGTG/1	87	87	1	smNRPS-CB	5945	4467	4553	98.851	1.61e-34
A200FVABXX:5:8:12345:29166#ACAGTG/1	87	1	87	smNRPS-CB	5945	352	438	98.851	1.61e-34
A200FVABXX:5:8:18516:128655#ACAGTG/2	87	87	1	smNRPS-CB	5945	375	461	98.851	1.61e-34
A200FVABXX:5:26:13307:69733#ACAGTG/2	87	1	87	smNRPS-CB	5945	3623	3709	98.851	1.61e-34
A200FVABXX:5:26:6777:195498#ACAGTG/1	87	1	87	smNRPS-CB	5945	3913	3999	98.851	1.61e-34
A200FVABXX:5:41:16949:165314#ACAGTG/1	87	1	87	smNRPS-CB	5945	3614	3700	98.851	1.61e-34
A200FVABXX:5:42:7872:3824#ACAGTG/2	87	1	87	smNRPS-CB	5945	3913	3999	98.851	1.61e-34
A200FVABXX:5:43:14286:17045#ACAGTG/2	87	87	1	smNRPS-CB	5945	5497	5583	98.851	1.61e-34
A200FVABXX:5:43:21332:36887#ACAGTG/2	87	1	87	smNRPS-CB	5945	2815	2901	98.851	1.61e-34
A200FVABXX:5:62:13159:91638#ACAGTG/2	87	87	1	smNRPS-CB	5945	4467	4553	98.851	1.61e-34
B200YWABXX:4:2:13994:3480#ACAGTGA/2	87	87	1	smNRPS-CB	5945	837	923	98.851	1.61e-34
B200YWABXX:4:4:13153:52613#ACAGTGA/1	87	1	87	smNRPS-CB	5945	1415	1501	98.851	1.61e-34
B200YWABXX:4:4:9833:115092#ACAGTGA/2	87	1	87	smNRPS-CB	5945	3047	3133	98.851	1.61e-34
B200YWABXX:4:5:16643:187074#ACAGTGA/2	87	87	1	smNRPS-CB	5945	338	424	98.851	1.61e-34
B200YWABXX:4:7:19591:71298#ACAGTGA/2	87	1	87	smNRPS-CB	5945	3750	3836	98.851	1.61e-34
B200YWABXX:4:7:3694:182130#ACAGTGA/1	87	1	87	smNRPS-CB	5945	4235	4321	98.851	1.61e-34
B200YWABXX:4:23:6093:80168#ACAGTGA/2	87	1	87	smNRPS-CB	5945	2042	2128	98.851	1.61e-34
B200YWABXX:4:27:10947:91247#ACAGTGA/1	87	1	87	smNRPS-CB	5945	2895	2981	98.851	1.61e-34
B200YWABXX:4:28:18632:41555#ACAGTGA/1	87	87	1	smNRPS-CB	5945	11	97	98.851	1.61e-34
B200YWABXX:4:28:6950:79941#ACAGTGA/1	87	1	87	smNRPS-CB	5945	2803	2889	98.851	1.61e-34
B200YWABXX:4:28:2681:115938#ACAGTGA/2	87	1	87	smNRPS-CB	5945	3769	3855	98.851	1.61e-34
B200YWABXX:4:41:15904:85420#ACAGTGA/2	87	1	87	smNRPS-CB	5945	1079	1165	98.851	1.61e-34
B200YWABXX:4:44:7307:140803#ACAGTGA/2	87	87	1	smNRPS-CB	5945	2759	2845	98.851	1.61e-34
B200YWABXX:4:47:17771:6726#ACAGTGA/1	87	87	1	smNRPS-CB	5945	5461	5547	98.851	1.61e-34
B200YWABXX:4:47:14135:184705#ACAGTGA/1	87	87	1	smNRPS-CB	5945	2811	2897	98.851	1.61e-34
B200YWABXX:4:61:11276:85460#ACAGTGA/1	87	1	87	smNRPS-CB	5945	5451	5537	98.851	1.61e-34
B200YWABXX:4:64:4907:113901#ACAGTGA/1	87	87	1	smNRPS-CB	5945	350	436	98.851	1.61e-34
B200YWABXX:4:65:7792:126076#ACAGTGA/2	87	87	1	smNRPS-CB	5945	3955	4041	98.851	1.61e-34
A200FVABXX:5:7:20844:5470#ACAGTG/1	87	1	85	smNRPS-CB	5945	4788	4872	100	4.47e-35
A200FVABXX:5:68:4807:60964#ACAGTG/1	87	1	85	smNRPS-CB	5945	1737	1821	100	4.47e-35
B200YWABXX:4:6:3710:13395#ACAGTGA/2	85	1	85	smNRPS-CB	5945	2916	3000	100	4.47e-35
B200YWABXX:4:44:19129:155650#ACAGTGA/2	85	85	1	smNRPS-CB	5945	5377	5461	100	4.47e-35
A200FVABXX:5:7:10817:111339#ACAGTG/2	86	86	1	smNRPS-CB	5945	4636	4721	100	1.24e-35
A200FVABXX:5:61:12621:162665#ACAGTG/1	86	1	86	smNRPS-CB	5945	995	1080	100	1.24e-35
A200FVABXX:5:63:11665:172192#ACAGTG/1	86	1	86	smNRPS-CB	5945	984	1069	100	1.24e-35
B200YWABXX:4:1:15035:85237#ACAGTGA/2	87	1	86	smNRPS-CB	5945	3808	3893	100	1.24e-35
B200YWABXX:4:5:10054:58906#ACAGTGA/2	86	86	1	smNRPS-CB	5945	1591	1676	100	1.24e-35
B200YWABXX:4:22:5161:200626#ACAGTGA/1	86	86	1	smNRPS-CB	5945	2319	2404	100	1.24e-35
B200YWABXX:4:45:15820:126911#ACAGTGA/1	86	86	1	smNRPS-CB	5945	4500	4585	100	1.24e-35
B200YWABXX:4:45:19598:174061#ACAGTGA/2	87	2	87	smNRPS-CB	5945	1	86	100	1.24e-35
B200YWABXX:4:46:20341:113822#ACAGTGA/2	86	86	1	smNRPS-CB	5945	5329	5414	100	1.24e-35
B200YWABXX:4:66:17088:154071#ACAGTGA/2	87	1	86	smNRPS-CB	5945	2677	2762	100	1.24e-35
B200YWABXX:4:67:16642:64348#ACAGTGA/2	86	86	1	smNRPS-CB	5945	2538	2623	100	1.24e-35
B200YWABXX:4:67:11617:139865#ACAGTGA/1	86	1	86	smNRPS-CB	5945	1939	2024	100	1.24e-35
A200FVABXX:5:1:15749:92015#ACAGTG/1	87	1	87	smNRPS-CB	5945	3784	3870	100	3.46e-36
A200FVABXX:5:1:20939:161630#ACAGTG/1	87	87	1	smNRPS-CB	5945	3356	3442	100	3.46e-36
A200FVABXX:5:3:7992:121740#ACAGTG/1	87	1	87	smNRPS-CB	5945	839	925	100	3.46e-36
A200FVABXX:5:4:1441:6410#ACAGTG/1	87	1	87	smNRPS-CB	5945	4628	4714	100	3.46e-36
A200FVABXX:5:4:3599:144178#ACAGTG/1	87	1	87	smNRPS-CB	5945	5362	5448	100	3.46e-36
A200FVABXX:5:5:9321:49722#ACAGTG/1	87	1	87	smNRPS-CB	5945	111	197	100	3.46e-36
A200FVABXX:5:5:21065:149228#ACAGTG/1	87	87	1	smNRPS-CB	5945	1622	1708	100	3.46e-36
A200FVABXX:5:5:21065:149228#ACAGTG/2	87	1	87	smNRPS-CB	5945	1380	1466	100	3.46e-36
A200FVABXX:5:6:6740:142790#ACAGTG/1	87	1	87	smNRPS-CB	5945	4589	4675	100	3.46e-36
A200FVABXX:5:7:20844:5470#ACAGTG/2	87	87	1	smNRPS-CB	5945	5048	5134	100	3.46e-36
A200FVABXX:5:7:10817:111339#ACAGTG/1	87	1	87	smNRPS-CB	5945	4386	4472	100	3.46e-36
A200FVABXX:5:8:18563:112575#ACAGTG/2	87	1	87	smNRPS-CB	5945	2108	2194	100	3.46e-36
A200FVABXX:5:8:18516:128655#ACAGTG/1	87	1	87	smNRPS-CB	5945	132	218	100	3.46e-36
A200FVABXX:5:21:11328:129394#ACAGTG/1	87	87	1	smNRPS-CB	5945	162	248	100	3.46e-36
A200FVABXX:5:22:5129:178865#ACAGTG/1	87	87	1	smNRPS-CB	5945	535	621	100	3.46e-36
A200FVABXX:5:23:9984:125904#ACAGTG/2	87	87	1	smNRPS-CB	5945	449	535	100	3.46e-36
A200FVABXX:5:27:11635:21918#ACAGTG/1	87	87	1	smNRPS-CB	5945	4089	4175	100	3.46e-36
A200FVABXX:5:27:4023:46502#ACAGTG/2	87	1	87	smNRPS-CB	5945	2696	2782	100	3.46e-36
A200FVABXX:5:27:9142:54367#ACAGTG/1	87	87	1	smNRPS-CB	5945	5305	5391	100	3.46e-36
A200FVABXX:5:27:9142:54367#ACAGTG/2	87	1	87	smNRPS-CB	5945	5054	5140	100	3.46e-36
A200FVABXX:5:28:4862:175112#ACAGTG/1	87	1	87	smNRPS-CB	5945	5304	5390	100	3.46e-36
A200FVABXX:5:42:11765:129298#ACAGTG/1	87	87	1	smNRPS-CB	5945	1844	1930	100	3.46e-36
A200FVABXX:5:42:11765:129298#ACAGTG/2	87	1	87	smNRPS-CB	5945	1616	1702	100	3.46e-36
A200FVABXX:5:43:14286:17045#ACAGTG/1	87	1	87	smNRPS-CB	5945	5259	5345	100	3.46e-36
A200FVABXX:5:43:21332:36887#ACAGTG/1	87	87	1	smNRPS-CB	5945	3059	3145	100	3.46e-36
A200FVABXX:5:45:15901:94551#ACAGTG/1	87	1	87	smNRPS-CB	5945	4038	4124	100	3.46e-36
A200FVABXX:5:46:11696:87127#ACAGTG/1	87	1	87	smNRPS-CB	5945	662	748	100	3.46e-36
A200FVABXX:5:46:11696:87127#ACAGTG/2	87	87	1	smNRPS-CB	5945	903	989	100	3.46e-36
A200FVABXX:5:47:19168:64864#ACAGTG/1	87	1	87	smNRPS-CB	5945	667	753	100	3.46e-36
A200FVABXX:5:47:19168:64864#ACAGTG/2	87	87	1	smNRPS-CB	5945	899	985	100	3.46e-36
A200FVABXX:5:62:7160:19561#ACAGTG/1	87	1	87	smNRPS-CB	5945	496	582	100	3.46e-36
A200FVABXX:5:62:7160:19561#ACAGTG/2	87	87	1	smNRPS-CB	5945	747	833	100	3.46e-36
A200FVABXX:5:62:8732:33672#ACAGTG/2	87	87	1	smNRPS-CB	5945	2404	2490	100	3.46e-36
A200FVABXX:5:62:10135:50321#ACAGTG/1	87	1	87	smNRPS-CB	5945	4379	4465	100	3.46e-36
A200FVABXX:5:65:13388:10796#ACAGTG/2	87	1	87	smNRPS-CB	5945	52	138	100	3.46e-36
A200FVABXX:5:65:16137:132554#ACAGTG/1	87	87	1	smNRPS-CB	5945	1596	1682	100	3.46e-36
A200FVABXX:5:65:16137:132554#ACAGTG/2	87	1	87	smNRPS-CB	5945	1358	1444	100	3.46e-36
A200FVABXX:5:67:6803:99906#ACAGTG/1	87	1	87	smNRPS-CB	5945	4373	4459	100	3.46e-36
A200FVABXX:5:67:9441:142338#ACAGTG/1	87	87	1	smNRPS-CB	5945	2517	2603	100	3.46e-36
A200FVABXX:5:67:9441:142338#ACAGTG/2	87	1	87	smNRPS-CB	5945	2284	2370	100	3.46e-36
A200FVABXX:5:67:14207:147990#ACAGTG/2	87	1	87	smNRPS-CB	5945	5820	5906	100	3.46e-36
A200FVABXX:5:68:4807:60964#ACAGTG/2	87	87	1	smNRPS-CB	5945	1887	1973	100	3.46e-36
B200YWABXX:4:2:13994:3480#ACAGTGA/1	87	1	87	smNRPS-CB	5945	588	674	100	3.46e-36
B200YWABXX:4:2:9441:78724#ACAGTGA/2	87	87	1	smNRPS-CB	5945	4109	4195	100	3.46e-36
B200YWABXX:4:3:21025:198130#ACAGTGA/2	87	87	1	smNRPS-CB	5945	6	92	100	3.46e-36
B200YWABXX:4:4:13153:52613#ACAGTGA/2	87	87	1	smNRPS-CB	5945	1651	1737	100	3.46e-36
B200YWABXX:4:4:2637:75295#ACAGTGA/1	87	87	1	smNRPS-CB	5945	1656	1742	100	3.46e-36
B200YWABXX:4:4:12379:108488#ACAGTGA/1	87	1	87	smNRPS-CB	5945	4206	4292	100	3.46e-36
B200YWABXX:4:4:9833:115092#ACAGTGA/1	87	87	1	smNRPS-CB	5945	3300	3386	100	3.46e-36
B200YWABXX:4:5:10054:58906#ACAGTGA/1	87	1	87	smNRPS-CB	5945	1334	1420	100	3.46e-36
B200YWABXX:4:5:16643:187074#ACAGTGA/1	87	1	87	smNRPS-CB	5945	123	209	100	3.46e-36
B200YWABXX:4:6:3710:13395#ACAGTGA/1	87	87	1	smNRPS-CB	5945	3152	3238	100	3.46e-36
B200YWABXX:4:8:8550:37782#ACAGTGA/1	87	87	1	smNRPS-CB	5945	527	613	100	3.46e-36
B200YWABXX:4:8:16525:143616#ACAGTGA/2	87	1	87	smNRPS-CB	5945	1176	1262	100	3.46e-36
B200YWABXX:4:22:5461:71239#ACAGTGA/2	87	87	1	smNRPS-CB	5945	3162	3248	100	3.46e-36
B200YWABXX:4:22:5161:200626#ACAGTGA/2	87	1	87	smNRPS-CB	5945	2072	2158	100	3.46e-36
B200YWABXX:4:23:6651:61546#ACAGTGA/2	87	1	87	smNRPS-CB	5945	445	531	100	3.46e-36
B200YWABXX:4:26:6724:67163#ACAGTGA/1	87	1	87	smNRPS-CB	5945	5818	5904	100	3.46e-36
B200YWABXX:4:26:2901:77996#ACAGTGA/1	87	1	87	smNRPS-CB	5945	1176	1262	100	3.46e-36
B200YWABXX:4:28:15117:38967#ACAGTGA/2	87	1	87	smNRPS-CB	5945	5414	5500	100	3.46e-36
B200YWABXX:4:28:6950:79941#ACAGTGA/2	87	87	1	smNRPS-CB	5945	3044	3130	100	3.46e-36
B200YWABXX:4:28:16075:93784#ACAGTGA/1	87	1	87	smNRPS-CB	5945	81	167	100	3.46e-36
B200YWABXX:4:41:15904:85420#ACAGTGA/1	87	87	1	smNRPS-CB	5945	1332	1418	100	3.46e-36
B200YWABXX:4:42:14508:41185#ACAGTGA/2	87	87	1	smNRPS-CB	5945	3280	3366	100	3.46e-36
B200YWABXX:4:43:6380:39591#ACAGTGA/2	87	87	1	smNRPS-CB	5945	878	964	100	3.46e-36
B200YWABXX:4:43:9384:173004#ACAGTGA/2	87	1	87	smNRPS-CB	5945	1136	1222	100	3.46e-36
B200YWABXX:4:44:14389:124959#ACAGTGA/2	87	1	87	smNRPS-CB	5945	3240	3326	100	3.46e-36
B200YWABXX:4:44:19129:155650#ACAGTGA/1	87	1	87	smNRPS-CB	5945	5133	5219	100	3.46e-36
B200YWABXX:4:45:15820:126911#ACAGTGA/2	87	1	87	smNRPS-CB	5945	4267	4353	100	3.46e-36
B200YWABXX:4:46:6093:111601#ACAGTGA/1	87	1	87	smNRPS-CB	5945	790	876	100	3.46e-36
B200YWABXX:4:46:20341:113822#ACAGTGA/1	87	1	87	smNRPS-CB	5945	5097	5183	100	3.46e-36
B200YWABXX:4:46:11908:193061#ACAGTGA/1	87	1	87	smNRPS-CB	5945	2246	2332	100	3.46e-36
B200YWABXX:4:46:11908:193061#ACAGTGA/2	87	87	1	smNRPS-CB	5945	2506	2592	100	3.46e-36
B200YWABXX:4:47:17771:6726#ACAGTGA/2	87	1	87	smNRPS-CB	5945	5219	5305	100	3.46e-36
B200YWABXX:4:48:4890:134195#ACAGTGA/1	87	1	87	smNRPS-CB	5945	3273	3359	100	3.46e-36
B200YWABXX:4:65:1872:30381#ACAGTGA/1	87	1	87	smNRPS-CB	5945	2709	2795	100	3.46e-36
B200YWABXX:4:66:3223:32698#ACAGTGA/1	87	1	87	smNRPS-CB	5945	3957	4043	100	3.46e-36
B200YWABXX:4:66:8716:46413#ACAGTGA/2	87	1	87	smNRPS-CB	5945	2855	2941	100	3.46e-36
B200YWABXX:4:68:5266:15496#ACAGTGA/1	87	1	87	smNRPS-CB	5945	1506	1592	100	3.46e-36
B200YWABXX:4:68:5266:15496#ACAGTGA/2	87	87	1	smNRPS-CB	5945	1663	1749	100	3.46e-36
B200YWABXX:4:68:16981:99964#ACAGTGA/1	87	87	1	smNRPS-CB	5945	3374	3460	100	3.46e-36
