FC615DRAAXX:3:9:17527:8560#0/2	39	1	39	smNRPS-CC	5875	4691	4729	97.436	5.38e-8
FC615DRAAXX:3:33:9981:14828#0/1	40	38	1	smNRPS-CC	5875	4514	4551	100	4.16e-9
FC615DRAAXX:3:20:18787:13933#0/2	39	39	1	smNRPS-CC	5875	4533	4571	100	1.16e-9
FC615DRAAXX:3:37:12157:15425#0/2	40	1	40	smNRPS-CC	5875	4683	4722	100	3.21e-10
FC615DRAAXX:3:44:2703:7869#0/2	41	41	1	smNRPS-CC	5875	3926	3966	100	8.94e-11
FC615DRAAXX:3:58:15555:9045#0/1	41	41	1	smNRPS-CC	5875	18	58	100	8.94e-11
FC615DRAAXX:3:101:10059:18053#0/1	41	1	41	smNRPS-CC	5875	1253	1293	100	8.94e-11
FC615DRAAXX:3:7:16668:14802#0/2	42	1	42	smNRPS-CC	5875	1847	1888	100	2.48e-11
FC615DRAAXX:3:91:3529:1169#0/2	42	1	42	smNRPS-CC	5875	306	347	100	2.48e-11
FC615DRAAXX:3:110:1497:8805#0/2	46	1	46	smNRPS-CC	5875	1213	1258	97.826	6.91e-12
FC615DRAAXX:3:22:15740:1290#0/2	47	1	47	smNRPS-CC	5875	5225	5271	97.872	1.92e-12
FC615DRAAXX:3:32:1181:19468#0/1	44	1	44	smNRPS-CC	5875	1876	1919	100	1.92e-12
FC615DRAAXX:3:35:10112:10896#0/2	47	47	1	smNRPS-CC	5875	2298	2344	97.872	1.92e-12
FC615DRAAXX:3:89:6257:4516#0/2	45	45	1	smNRPS-CC	5875	3577	3621	100	5.34e-13
FC615DRAAXX:3:57:11578:3727#0/2	46	1	46	smNRPS-CC	5875	4568	4613	100	1.48e-13
FC615DRAAXX:3:61:14201:8402#0/1	46	46	1	smNRPS-CC	5875	2968	3013	100	1.48e-13
FC615DRAAXX:3:17:9981:19736#0/2	47	47	1	smNRPS-CC	5875	5198	5244	100	4.13e-14
FC615DRAAXX:3:54:15824:4713#0/2	47	1	47	smNRPS-CC	5875	4582	4628	100	4.13e-14
FC615DRAAXX:3:2:15357:4938#0/1	51	1	51	smNRPS-CC	5875	653	703	98.039	1.15e-14
FC615DRAAXX:3:31:10456:4421#0/1	51	51	1	smNRPS-CC	5875	3547	3597	98.039	1.15e-14
FC615DRAAXX:3:55:14735:15849#0/2	50	1	50	smNRPS-CC	5875	492	541	100	8.87e-16
FC615DRAAXX:3:96:4339:10828#0/1	50	1	50	smNRPS-CC	5875	805	854	100	8.87e-16
FC615DRAAXX:3:73:17871:20741#0/1	51	1	51	smNRPS-CC	5875	1129	1179	100	2.47e-16
FC615DRAAXX:3:74:14063:6206#0/1	54	54	1	smNRPS-CC	5875	2879	2932	98.148	2.47e-16
FC615DRAAXX:3:25:8664:2935#0/2	55	1	55	smNRPS-CC	5875	1200	1254	98.182	6.86e-17
FC615DRAAXX:3:13:15228:17600#0/1	55	55	1	smNRPS-CC	5875	2655	2709	98.182	6.86e-17
FC615DRAAXX:3:94:7280:13815#0/1	56	1	56	smNRPS-CC	5875	2152	2207	98.214	1.91e-17
FC615DRAAXX:3:32:1181:19468#0/2	57	57	1	smNRPS-CC	5875	2133	2189	98.246	5.3e-18
FC615DRAAXX:3:95:2596:16489#0/1	54	54	1	smNRPS-CC	5875	2218	2271	100	5.3e-18
FC615DRAAXX:3:108:1758:3449#0/1	54	54	1	smNRPS-CC	5875	3410	3463	100	5.3e-18
FC615DRAAXX:3:77:3549:19899#0/1	59	1	57	smNRPS-CC	5875	3761	3817	98.246	5.3e-18
FC615DRAAXX:3:34:14274:12964#0/1	58	1	58	smNRPS-CC	5875	151	208	98.276	1.47e-18
FC615DRAAXX:3:60:9925:20760#0/1	59	1	59	smNRPS-CC	5875	2941	2999	98.305	4.1e-19
FC615DRAAXX:3:99:15338:14013#0/2	59	59	1	smNRPS-CC	5875	2572	2630	98.305	4.1e-19
FC615DRAAXX:3:112:15905:16368#0/1	62	1	62	smNRPS-CC	5875	2376	2437	96.774	4.1e-19
FC615DRAAXX:3:75:4780:4119#0/1	56	1	56	smNRPS-CC	5875	4662	4717	100	4.1e-19
FC615DRAAXX:3:53:17468:4718#0/2	60	1	60	smNRPS-CC	5875	5561	5620	98.333	1.14e-19
FC615DRAAXX:3:87:7922:1102#0/2	57	57	1	smNRPS-CC	5875	1821	1877	100	1.14e-19
FC615DRAAXX:3:88:7477:8738#0/2	60	60	1	smNRPS-CC	5875	2281	2340	98.333	1.14e-19
FC615DRAAXX:3:96:4339:10828#0/2	57	57	1	smNRPS-CC	5875	1070	1126	100	1.14e-19
FC615DRAAXX:3:26:1672:13932#0/1	64	1	61	smNRPS-CC	5875	1194	1254	98.361	3.17e-20
FC615DRAAXX:3:32:3207:11035#0/1	71	1	58	smNRPS-CC	5875	5818	5875	100	3.17e-20
FC615DRAAXX:3:41:11065:15245#0/1	61	61	1	smNRPS-CC	5875	4917	4977	98.361	3.17e-20
FC615DRAAXX:3:78:7903:17159#0/1	58	58	1	smNRPS-CC	5875	1690	1747	100	3.17e-20
FC615DRAAXX:3:86:3853:18349#0/2	61	61	1	smNRPS-CC	5875	2745	2805	98.361	3.17e-20
FC615DRAAXX:3:41:14465:16180#0/1	65	1	65	smNRPS-CC	5875	1658	1722	96.923	8.81e-21
FC615DRAAXX:3:65:17748:2822#0/1	63	63	2	smNRPS-CC	5875	4877	4938	98.387	8.81e-21
FC615DRAAXX:3:81:16243:20907#0/1	65	65	1	smNRPS-CC	5875	4720	4784	96.923	8.81e-21
FC615DRAAXX:3:87:15630:10479#0/2	62	62	1	smNRPS-CC	5875	1160	1221	98.387	8.81e-21
FC615DRAAXX:3:94:7280:13815#0/2	65	65	1	smNRPS-CC	5875	2396	2460	96.923	8.81e-21
FC615DRAAXX:3:95:2596:16489#0/2	65	1	65	smNRPS-CC	5875	1971	2035	96.923	8.81e-21
FC615DRAAXX:3:36:16924:12174#0/1	66	66	1	smNRPS-CC	5875	4885	4950	96.97	2.45e-21
FC615DRAAXX:3:37:18374:19980#0/2	60	1	60	smNRPS-CC	5875	511	570	100	2.45e-21
FC615DRAAXX:3:84:12788:20498#0/1	63	63	1	smNRPS-CC	5875	4680	4742	98.413	2.45e-21
FC615DRAAXX:3:77:7646:3160#0/1	60	60	1	smNRPS-CC	5875	1979	2038	100	2.45e-21
FC615DRAAXX:3:1:15727:19796#0/2	64	1	64	smNRPS-CC	5875	780	843	98.438	6.81e-22
FC615DRAAXX:3:7:1725:15852#0/2	61	61	1	smNRPS-CC	5875	2435	2495	100	6.81e-22
FC615DRAAXX:3:55:14735:15849#0/1	71	71	1	smNRPS-CC	5875	719	788	95.775	6.81e-22
FC615DRAAXX:3:78:7903:17159#0/2	64	1	64	smNRPS-CC	5875	1195	1258	98.438	6.81e-22
FC615DRAAXX:3:79:2524:15162#0/1	61	1	61	smNRPS-CC	5875	183	243	100	6.81e-22
FC615DRAAXX:3:108:5361:18816#0/2	72	12	72	smNRPS-CC	5875	1	61	100	6.81e-22
FC615DRAAXX:3:3:12637:17714#0/2	62	1	62	smNRPS-CC	5875	822	883	100	1.89e-22
FC615DRAAXX:3:11:8090:18029#0/1	68	1	68	smNRPS-CC	5875	1191	1258	97.059	1.89e-22
FC615DRAAXX:3:39:10674:19845#0/1	71	1	71	smNRPS-CC	5875	4769	4839	95.775	1.89e-22
FC615DRAAXX:3:41:11065:15245#0/2	62	1	62	smNRPS-CC	5875	4661	4722	100	1.89e-22
FC615DRAAXX:3:65:15294:15705#0/2	72	72	1	smNRPS-CC	5875	736	806	95.833	1.89e-22
FC615DRAAXX:3:66:4142:17160#0/1	71	1	71	smNRPS-CC	5875	4296	4367	95.833	1.89e-22
FC615DRAAXX:3:70:17699:1109#0/2	62	62	1	smNRPS-CC	5875	5131	5192	100	1.89e-22
FC615DRAAXX:3:71:6650:2144#0/2	62	62	1	smNRPS-CC	5875	5663	5724	100	1.89e-22
FC615DRAAXX:3:75:15064:13380#0/1	65	1	65	smNRPS-CC	5875	4678	4742	98.462	1.89e-22
FC615DRAAXX:3:84:8792:11305#0/2	62	1	62	smNRPS-CC	5875	297	358	100	1.89e-22
FC615DRAAXX:3:107:16701:4597#0/1	71	71	1	smNRPS-CC	5875	4290	4361	95.833	1.89e-22
FC615DRAAXX:3:111:4276:3003#0/1	71	71	1	smNRPS-CC	5875	4296	4367	95.833	1.89e-22
FC615DRAAXX:3:8:2028:3702#0/1	63	63	1	smNRPS-CC	5875	1823	1885	100	5.27e-23
FC615DRAAXX:3:29:7692:3821#0/2	69	69	1	smNRPS-CC	5875	3599	3667	97.101	5.27e-23
FC615DRAAXX:3:59:6501:11453#0/2	72	72	1	smNRPS-CC	5875	4284	4356	95.89	5.27e-23
FC615DRAAXX:3:74:7614:11812#0/2	69	69	1	smNRPS-CC	5875	3761	3829	97.101	5.27e-23
FC615DRAAXX:3:78:17828:7038#0/2	63	1	63	smNRPS-CC	5875	1957	2019	100	5.27e-23
FC615DRAAXX:3:105:3908:2008#0/2	69	69	1	smNRPS-CC	5875	5220	5288	97.101	5.27e-23
FC615DRAAXX:3:114:2349:17422#0/2	66	1	66	smNRPS-CC	5875	359	424	98.485	5.27e-23
FC615DRAAXX:3:10:18773:4799#0/2	66	1	66	smNRPS-CC	5875	4431	4496	98.485	5.27e-23
FC615DRAAXX:3:7:16668:14802#0/1	64	64	1	smNRPS-CC	5875	2094	2157	100	1.46e-23
FC615DRAAXX:3:8:10976:16236#0/1	70	70	1	smNRPS-CC	5875	4893	4962	97.143	1.46e-23
FC615DRAAXX:3:37:18374:19980#0/1	70	70	1	smNRPS-CC	5875	750	819	97.143	1.46e-23
FC615DRAAXX:3:69:3249:9577#0/1	70	1	70	smNRPS-CC	5875	3671	3740	97.143	1.46e-23
FC615DRAAXX:3:71:6650:2144#0/1	64	1	64	smNRPS-CC	5875	5411	5474	100	1.46e-23
FC615DRAAXX:3:75:15064:13380#0/2	67	67	1	smNRPS-CC	5875	4907	4973	98.507	1.46e-23
FC615DRAAXX:3:81:14325:4585#0/2	67	64	1	smNRPS-CC	5875	4493	4556	100	1.46e-23
FC615DRAAXX:3:85:12385:17155#0/2	67	1	67	smNRPS-CC	5875	5192	5258	98.507	1.46e-23
FC615DRAAXX:3:87:7922:1102#0/1	71	8	71	smNRPS-CC	5875	1564	1627	100	1.46e-23
FC615DRAAXX:3:96:15054:8319#0/1	70	70	1	smNRPS-CC	5875	3779	3848	97.143	1.46e-23
FC615DRAAXX:3:1:4024:20579#0/1	71	65	1	smNRPS-CC	5875	30	94	100	4.07e-24
FC615DRAAXX:3:13:18057:12134#0/1	71	71	1	smNRPS-CC	5875	2747	2817	97.183	4.07e-24
FC615DRAAXX:3:17:9981:19736#0/1	71	1	71	smNRPS-CC	5875	4953	5023	97.183	4.07e-24
FC615DRAAXX:3:24:3404:20666#0/1	71	71	1	smNRPS-CC	5875	3845	3915	97.183	4.07e-24
FC615DRAAXX:3:27:2638:11781#0/1	65	1	65	smNRPS-CC	5875	2599	2663	100	4.07e-24
FC615DRAAXX:3:33:7076:19228#0/2	65	65	1	smNRPS-CC	5875	3316	3380	100	4.07e-24
FC615DRAAXX:3:42:6544:17755#0/1	71	71	1	smNRPS-CC	5875	3884	3954	97.183	4.07e-24
FC615DRAAXX:3:43:6199:11895#0/1	71	71	1	smNRPS-CC	5875	5218	5288	97.183	4.07e-24
FC615DRAAXX:3:45:14534:1834#0/1	71	71	1	smNRPS-CC	5875	4695	4765	97.183	4.07e-24
FC615DRAAXX:3:52:17093:4355#0/1	71	1	71	smNRPS-CC	5875	3677	3747	97.183	4.07e-24
FC615DRAAXX:3:53:8512:15243#0/1	71	1	71	smNRPS-CC	5875	2306	2376	97.183	4.07e-24
FC615DRAAXX:3:54:18007:9361#0/1	71	71	1	smNRPS-CC	5875	3900	3970	97.183	4.07e-24
FC615DRAAXX:3:56:10060:12479#0/2	72	1	68	smNRPS-CC	5875	570	637	98.529	4.07e-24
FC615DRAAXX:3:57:11578:3727#0/1	71	71	1	smNRPS-CC	5875	4798	4868	97.183	4.07e-24
FC615DRAAXX:3:60:3172:11789#0/2	71	1	71	smNRPS-CC	5875	4762	4832	97.183	4.07e-24
FC615DRAAXX:3:68:16283:12149#0/1	71	1	71	smNRPS-CC	5875	4812	4882	97.183	4.07e-24
FC615DRAAXX:3:81:18069:16184#0/2	71	1	71	smNRPS-CC	5875	308	378	97.183	4.07e-24
FC615DRAAXX:3:84:12788:20498#0/2	68	1	68	smNRPS-CC	5875	4423	4490	98.529	4.07e-24
FC615DRAAXX:3:93:8441:15880#0/1	71	71	1	smNRPS-CC	5875	4775	4845	97.183	4.07e-24
FC615DRAAXX:3:96:15168:12431#0/1	71	1	71	smNRPS-CC	5875	112	182	97.183	4.07e-24
FC615DRAAXX:3:97:13266:1478#0/2	68	1	68	smNRPS-CC	5875	2652	2719	98.529	4.07e-24
FC615DRAAXX:3:97:13635:2769#0/1	71	1	71	smNRPS-CC	5875	4799	4869	97.183	4.07e-24
FC615DRAAXX:3:99:16166:7775#0/1	71	71	1	smNRPS-CC	5875	3766	3836	97.183	4.07e-24
FC615DRAAXX:3:100:3142:3639#0/2	71	71	1	smNRPS-CC	5875	119	189	97.183	4.07e-24
FC615DRAAXX:3:116:15351:13894#0/1	71	1	71	smNRPS-CC	5875	3655	3725	97.183	4.07e-24
FC615DRAAXX:3:1:3609:5194#0/2	72	72	1	smNRPS-CC	5875	5226	5297	97.222	1.13e-24
FC615DRAAXX:3:1:4024:20579#0/2	72	1	66	smNRPS-CC	5875	33	98	100	1.13e-24
FC615DRAAXX:3:7:1725:15852#0/1	66	1	66	smNRPS-CC	5875	2184	2249	100	1.13e-24
FC615DRAAXX:3:7:2743:18563#0/2	72	72	1	smNRPS-CC	5875	2747	2818	97.222	1.13e-24
FC615DRAAXX:3:8:8725:4251#0/2	72	1	72	smNRPS-CC	5875	4769	4840	97.222	1.13e-24
FC615DRAAXX:3:12:14512:13531#0/2	72	1	72	smNRPS-CC	5875	2893	2964	97.222	1.13e-24
FC615DRAAXX:3:20:18787:13933#0/1	71	1	69	smNRPS-CC	5875	4254	4322	98.551	1.13e-24
FC615DRAAXX:3:24:12951:4661#0/1	66	66	1	smNRPS-CC	5875	3385	3450	100	1.13e-24
FC615DRAAXX:3:30:17578:20859#0/2	66	1	66	smNRPS-CC	5875	4953	5018	100	1.13e-24
FC615DRAAXX:3:33:9981:14828#0/2	72	1	72	smNRPS-CC	5875	4257	4328	97.222	1.13e-24
FC615DRAAXX:3:34:1320:18818#0/1	66	1	66	smNRPS-CC	5875	5662	5727	100	1.13e-24
FC615DRAAXX:3:42:6544:17755#0/2	72	1	72	smNRPS-CC	5875	3634	3705	97.222	1.13e-24
FC615DRAAXX:3:44:2703:7869#0/1	71	3	71	smNRPS-CC	5875	3661	3729	98.551	1.13e-24
FC615DRAAXX:3:47:14717:18483#0/2	72	72	1	smNRPS-CC	5875	3844	3915	97.222	1.13e-24
FC615DRAAXX:3:54:18007:9361#0/2	72	1	72	smNRPS-CC	5875	3678	3749	97.222	1.13e-24
FC615DRAAXX:3:57:12424:9667#0/2	72	72	1	smNRPS-CC	5875	4782	4853	97.222	1.13e-24
FC615DRAAXX:3:61:14201:8402#0/2	69	1	69	smNRPS-CC	5875	2800	2868	98.551	1.13e-24
FC615DRAAXX:3:69:3249:9577#0/2	72	72	1	smNRPS-CC	5875	3900	3971	97.222	1.13e-24
FC615DRAAXX:3:70:17699:1109#0/1	66	1	66	smNRPS-CC	5875	4885	4950	100	1.13e-24
FC615DRAAXX:3:74:12271:5208#0/2	72	1	72	smNRPS-CC	5875	3757	3828	97.222	1.13e-24
FC615DRAAXX:3:74:12771:12705#0/2	72	72	1	smNRPS-CC	5875	4313	4385	97.26	1.13e-24
FC615DRAAXX:3:89:2084:3769#0/2	72	1	72	smNRPS-CC	5875	3424	3495	97.222	1.13e-24
FC615DRAAXX:3:92:13834:13663#0/2	72	1	72	smNRPS-CC	5875	2747	2818	97.222	1.13e-24
FC615DRAAXX:3:95:3867:8230#0/1	69	1	69	smNRPS-CC	5875	3943	4011	98.551	1.13e-24
FC615DRAAXX:3:102:4619:14514#0/2	72	72	1	smNRPS-CC	5875	3803	3874	97.222	1.13e-24
FC615DRAAXX:3:107:14636:5302#0/2	72	1	72	smNRPS-CC	5875	2748	2819	97.222	1.13e-24
FC615DRAAXX:3:114:1320:3722#0/2	72	1	72	smNRPS-CC	5875	2580	2651	97.222	1.13e-24
FC615DRAAXX:3:114:5500:17924#0/1	66	1	66	smNRPS-CC	5875	1854	1919	100	1.13e-24
FC615DRAAXX:3:115:19164:8074#0/2	69	1	69	smNRPS-CC	5875	2597	2665	98.551	1.13e-24
FC615DRAAXX:3:63:7880:1548#0/2	71	71	1	smNRPS-CC	5875	617	689	97.26	1.13e-24
FC615DRAAXX:3:10:15766:6360#0/1	67	1	67	smNRPS-CC	5875	1845	1911	100	3.15e-25
FC615DRAAXX:3:35:10112:10896#0/1	70	1	70	smNRPS-CC	5875	2045	2114	98.571	3.15e-25
FC615DRAAXX:3:38:14201:18047#0/1	70	1	70	smNRPS-CC	5875	1185	1254	98.571	3.15e-25
FC615DRAAXX:3:53:8512:15243#0/2	67	67	1	smNRPS-CC	5875	2548	2614	100	3.15e-25
FC615DRAAXX:3:78:3520:8621#0/2	67	67	1	smNRPS-CC	5875	2498	2564	100	3.15e-25
FC615DRAAXX:3:79:12355:10767#0/2	67	1	67	smNRPS-CC	5875	3495	3561	100	3.15e-25
FC615DRAAXX:3:104:13230:6740#0/2	72	72	6	smNRPS-CC	5875	1100	1166	100	3.15e-25
FC615DRAAXX:3:106:7996:19356#0/1	71	71	1	smNRPS-CC	5875	690	759	98.592	3.15e-25
FC615DRAAXX:3:109:7135:2356#0/1	71	70	1	smNRPS-CC	5875	4726	4795	98.571	3.15e-25
FC615DRAAXX:3:116:15351:13894#0/2	72	70	1	smNRPS-CC	5875	3906	3975	98.571	3.15e-25
FC615DRAAXX:3:1:11153:20617#0/1	71	71	1	smNRPS-CC	5875	5595	5665	98.592	8.75e-26
FC615DRAAXX:3:1:14721:13355#0/1	71	1	71	smNRPS-CC	5875	2594	2664	98.592	8.75e-26
FC615DRAAXX:3:5:14645:15176#0/1	71	1	71	smNRPS-CC	5875	3597	3667	98.592	8.75e-26
FC615DRAAXX:3:7:13752:2385#0/1	71	1	71	smNRPS-CC	5875	3049	3119	98.592	8.75e-26
FC615DRAAXX:3:9:17527:8560#0/1	71	71	1	smNRPS-CC	5875	4918	4988	98.592	8.75e-26
FC615DRAAXX:3:10:6155:16663#0/1	71	1	71	smNRPS-CC	5875	2768	2838	98.592	8.75e-26
FC615DRAAXX:3:11:9210:17383#0/1	71	71	1	smNRPS-CC	5875	1673	1743	98.592	8.75e-26
FC615DRAAXX:3:20:15965:12257#0/1	71	1	71	smNRPS-CC	5875	124	194	98.592	8.75e-26
FC615DRAAXX:3:22:2507:19094#0/1	71	71	1	smNRPS-CC	5875	5275	5345	98.592	8.75e-26
FC615DRAAXX:3:24:6191:9016#0/1	71	71	1	smNRPS-CC	5875	2562	2632	98.592	8.75e-26
FC615DRAAXX:3:29:14790:21014#0/1	71	1	71	smNRPS-CC	5875	5738	5808	98.592	8.75e-26
FC615DRAAXX:3:30:16448:2753#0/1	71	71	1	smNRPS-CC	5875	4243	4313	98.592	8.75e-26
FC615DRAAXX:3:33:4680:6998#0/2	71	1	71	smNRPS-CC	5875	3595	3665	98.592	8.75e-26
FC615DRAAXX:3:35:19138:6288#0/1	71	1	71	smNRPS-CC	5875	5793	5863	98.592	8.75e-26
FC615DRAAXX:3:37:12157:15425#0/1	71	71	1	smNRPS-CC	5875	4918	4988	98.592	8.75e-26
FC615DRAAXX:3:45:2452:6460#0/1	71	1	71	smNRPS-CC	5875	5196	5266	98.592	8.75e-26
FC615DRAAXX:3:45:16155:15073#0/1	71	1	71	smNRPS-CC	5875	321	391	98.592	8.75e-26
FC615DRAAXX:3:47:14717:18483#0/1	71	1	71	smNRPS-CC	5875	3605	3675	98.592	8.75e-26
FC615DRAAXX:3:49:7042:9637#0/1	71	71	1	smNRPS-CC	5875	5774	5844	98.592	8.75e-26
FC615DRAAXX:3:49:7042:9637#0/2	71	1	71	smNRPS-CC	5875	5516	5586	98.592	8.75e-26
FC615DRAAXX:3:49:13448:14481#0/1	71	1	71	smNRPS-CC	5875	2412	2482	98.592	8.75e-26
FC615DRAAXX:3:49:16191:5373#0/1	68	1	68	smNRPS-CC	5875	1768	1835	100	8.75e-26
FC615DRAAXX:3:53:16911:14691#0/1	71	1	71	smNRPS-CC	5875	3226	3296	98.592	8.75e-26
FC615DRAAXX:3:53:17468:4718#0/1	71	71	1	smNRPS-CC	5875	5784	5854	98.592	8.75e-26
FC615DRAAXX:3:54:15824:4713#0/1	71	71	1	smNRPS-CC	5875	4834	4904	98.592	8.75e-26
FC615DRAAXX:3:56:4046:16720#0/1	71	1	71	smNRPS-CC	5875	2765	2835	98.592	8.75e-26
FC615DRAAXX:3:59:16289:6599#0/1	71	1	71	smNRPS-CC	5875	2583	2653	98.592	8.75e-26
FC615DRAAXX:3:59:16289:6599#0/2	71	71	1	smNRPS-CC	5875	2798	2868	98.592	8.75e-26
FC615DRAAXX:3:61:13531:16093#0/1	71	1	71	smNRPS-CC	5875	3188	3258	98.592	8.75e-26
FC615DRAAXX:3:61:14463:12611#0/1	71	1	71	smNRPS-CC	5875	5205	5275	98.592	8.75e-26
FC615DRAAXX:3:63:16719:5518#0/1	71	1	71	smNRPS-CC	5875	3594	3664	98.592	8.75e-26
FC615DRAAXX:3:65:7194:15664#0/1	71	1	71	smNRPS-CC	5875	2708	2778	98.592	8.75e-26
FC615DRAAXX:3:66:3025:9326#0/1	71	1	71	smNRPS-CC	5875	5571	5641	98.592	8.75e-26
FC615DRAAXX:3:69:3195:18491#0/1	71	71	1	smNRPS-CC	5875	3012	3082	98.592	8.75e-26
FC615DRAAXX:3:69:3195:18491#0/2	71	1	71	smNRPS-CC	5875	2777	2847	98.592	8.75e-26
FC615DRAAXX:3:72:13617:8905#0/1	68	1	68	smNRPS-CC	5875	69	136	100	8.75e-26
FC615DRAAXX:3:74:7614:11812#0/1	71	1	71	smNRPS-CC	5875	3529	3599	98.592	8.75e-26
FC615DRAAXX:3:74:12271:5208#0/1	71	71	1	smNRPS-CC	5875	4004	4074	98.592	8.75e-26
FC615DRAAXX:3:74:17278:5807#0/1	71	1	68	smNRPS-CC	5875	3501	3568	100	8.75e-26
FC615DRAAXX:3:74:17278:5807#0/2	71	71	1	smNRPS-CC	5875	3738	3808	98.592	8.75e-26
FC615DRAAXX:3:78:3520:8621#0/1	71	1	71	smNRPS-CC	5875	2266	2336	98.592	8.75e-26
FC615DRAAXX:3:78:17828:7038#0/1	71	71	1	smNRPS-CC	5875	2221	2291	98.592	8.75e-26
FC615DRAAXX:3:79:12355:10767#0/1	71	71	1	smNRPS-CC	5875	3738	3808	98.592	8.75e-26
FC615DRAAXX:3:80:6216:9765#0/1	71	71	1	smNRPS-CC	5875	149	219	98.592	8.75e-26
FC615DRAAXX:3:81:14325:4585#0/1	71	1	71	smNRPS-CC	5875	4248	4318	98.592	8.75e-26
FC615DRAAXX:3:81:18069:16184#0/1	71	71	1	smNRPS-CC	5875	552	622	98.592	8.75e-26
FC615DRAAXX:3:82:2958:14079#0/1	71	71	1	smNRPS-CC	5875	5337	5407	98.592	8.75e-26
FC615DRAAXX:3:84:8792:11305#0/1	71	71	1	smNRPS-CC	5875	544	614	98.592	8.75e-26
FC615DRAAXX:3:87:15630:10479#0/1	71	1	71	smNRPS-CC	5875	914	984	98.592	8.75e-26
FC615DRAAXX:3:89:2084:3769#0/1	71	71	1	smNRPS-CC	5875	3663	3733	98.592	8.75e-26
FC615DRAAXX:3:89:6257:4516#0/1	71	1	71	smNRPS-CC	5875	3240	3310	98.592	8.75e-26
FC615DRAAXX:3:91:9220:7425#0/1	71	1	71	smNRPS-CC	5875	2598	2668	98.592	8.75e-26
FC615DRAAXX:3:96:1338:8247#0/1	71	71	1	smNRPS-CC	5875	4666	4736	98.592	8.75e-26
FC615DRAAXX:3:97:9530:8605#0/1	71	71	1	smNRPS-CC	5875	2319	2389	98.592	8.75e-26
FC615DRAAXX:3:97:17061:15633#0/1	71	71	1	smNRPS-CC	5875	2732	2802	98.592	8.75e-26
FC615DRAAXX:3:99:11968:8247#0/1	71	1	71	smNRPS-CC	5875	3596	3666	98.592	8.75e-26
FC615DRAAXX:3:99:15338:14013#0/1	71	1	71	smNRPS-CC	5875	2307	2377	98.592	8.75e-26
FC615DRAAXX:3:105:3908:2008#0/1	68	1	68	smNRPS-CC	5875	4988	5055	100	8.75e-26
FC615DRAAXX:3:107:14571:16110#0/1	71	1	71	smNRPS-CC	5875	4734	4804	98.592	8.75e-26
FC615DRAAXX:3:108:5361:18816#0/1	71	71	1	smNRPS-CC	5875	218	288	98.592	8.75e-26
FC615DRAAXX:3:109:7135:2356#0/2	68	1	68	smNRPS-CC	5875	4483	4550	100	8.75e-26
FC615DRAAXX:3:118:6349:13837#0/1	71	1	71	smNRPS-CC	5875	972	1043	98.611	8.75e-26
FC615DRAAXX:3:119:2729:16121#0/2	71	71	1	smNRPS-CC	5875	5201	5271	98.592	8.75e-26
FC615DRAAXX:3:47:15397:2643#0/1	71	71	1	smNRPS-CC	5875	1677	1747	98.592	8.75e-26
FC615DRAAXX:3:49:2608:14984#0/1	71	1	71	smNRPS-CC	5875	5269	5339	98.592	8.75e-26
FC615DRAAXX:3:60:10877:1645#0/1	71	1	71	smNRPS-CC	5875	5270	5340	98.592	8.75e-26
FC615DRAAXX:3:68:15286:15060#0/1	71	71	1	smNRPS-CC	5875	2602	2672	98.592	8.75e-26
FC615DRAAXX:3:117:10183:16979#0/1	71	1	71	smNRPS-CC	5875	195	265	98.592	8.75e-26
FC615DRAAXX:3:2:14879:17774#0/1	71	71	3	smNRPS-CC	5875	3836	3904	100	2.43e-26
FC615DRAAXX:3:2:14879:17774#0/2	72	1	72	smNRPS-CC	5875	3595	3666	98.611	2.43e-26
FC615DRAAXX:3:10:6155:16663#0/2	72	72	1	smNRPS-CC	5875	3013	3084	98.611	2.43e-26
FC615DRAAXX:3:10:15766:6360#0/2	72	72	1	smNRPS-CC	5875	2076	2147	98.611	2.43e-26
FC615DRAAXX:3:11:9210:17383#0/2	72	1	72	smNRPS-CC	5875	1172	1243	98.611	2.43e-26
FC615DRAAXX:3:14:3134:11562#0/2	72	1	72	smNRPS-CC	5875	765	836	98.611	2.43e-26
FC615DRAAXX:3:20:15965:12257#0/2	72	72	1	smNRPS-CC	5875	351	422	98.611	2.43e-26
FC615DRAAXX:3:24:3404:20666#0/2	72	1	72	smNRPS-CC	5875	3612	3683	98.611	2.43e-26
FC615DRAAXX:3:24:6191:9016#0/2	72	1	72	smNRPS-CC	5875	2323	2394	98.611	2.43e-26
FC615DRAAXX:3:28:8823:7491#0/2	72	72	1	smNRPS-CC	5875	5264	5335	98.611	2.43e-26
FC615DRAAXX:3:29:7692:3821#0/1	71	1	69	smNRPS-CC	5875	3357	3425	100	2.43e-26
FC615DRAAXX:3:33:4680:6998#0/1	71	71	3	smNRPS-CC	5875	3836	3904	100	2.43e-26
FC615DRAAXX:3:34:14274:12964#0/2	69	69	1	smNRPS-CC	5875	403	471	100	2.43e-26
FC615DRAAXX:3:38:10112:17009#0/2	72	1	72	smNRPS-CC	5875	4920	4991	98.611	2.43e-26
FC615DRAAXX:3:38:14201:18047#0/2	72	72	1	smNRPS-CC	5875	1673	1744	98.611	2.43e-26
FC615DRAAXX:3:46:5240:4311#0/2	72	72	1	smNRPS-CC	5875	1769	1840	98.611	2.43e-26
FC615DRAAXX:3:49:13448:14481#0/2	72	72	1	smNRPS-CC	5875	2635	2706	98.611	2.43e-26
FC615DRAAXX:3:53:4664:1767#0/2	72	1	72	smNRPS-CC	5875	3742	3813	98.611	2.43e-26
FC615DRAAXX:3:53:16911:14691#0/2	72	72	1	smNRPS-CC	5875	3456	3527	98.611	2.43e-26
FC615DRAAXX:3:55:14606:19995#0/2	72	1	72	smNRPS-CC	5875	4865	4936	98.611	2.43e-26
FC615DRAAXX:3:61:13531:16093#0/2	72	72	1	smNRPS-CC	5875	3434	3505	98.611	2.43e-26
FC615DRAAXX:3:63:12223:10184#0/2	72	1	72	smNRPS-CC	5875	4918	4989	98.611	2.43e-26
FC615DRAAXX:3:65:17748:2822#0/2	72	1	72	smNRPS-CC	5875	4834	4905	98.611	2.43e-26
FC615DRAAXX:3:68:12607:19072#0/2	69	69	1	smNRPS-CC	5875	1794	1862	100	2.43e-26
FC615DRAAXX:3:74:14063:6206#0/2	72	1	72	smNRPS-CC	5875	2629	2700	98.611	2.43e-26
FC615DRAAXX:3:81:16243:20907#0/2	72	1	72	smNRPS-CC	5875	4471	4542	98.611	2.43e-26
FC615DRAAXX:3:83:16502:5085#0/2	72	1	72	smNRPS-CC	5875	3517	3588	98.611	2.43e-26
FC615DRAAXX:3:84:1390:19180#0/2	72	1	72	smNRPS-CC	5875	2637	2708	98.611	2.43e-26
FC615DRAAXX:3:87:17568:12116#0/1	71	71	3	smNRPS-CC	5875	1143	1211	100	2.43e-26
FC615DRAAXX:3:89:14329:18704#0/2	72	1	72	smNRPS-CC	5875	3788	3859	98.611	2.43e-26
FC615DRAAXX:3:96:15054:8319#0/2	72	1	72	smNRPS-CC	5875	3532	3603	98.611	2.43e-26
FC615DRAAXX:3:96:15168:12431#0/2	72	72	1	smNRPS-CC	5875	368	439	98.611	2.43e-26
FC615DRAAXX:3:99:16166:7775#0/2	72	1	72	smNRPS-CC	5875	3528	3599	98.611	2.43e-26
FC615DRAAXX:3:100:18054:5930#0/2	72	72	1	smNRPS-CC	5875	2682	2753	98.611	2.43e-26
FC615DRAAXX:3:103:13888:3001#0/2	72	1	72	smNRPS-CC	5875	3571	3642	98.611	2.43e-26
FC615DRAAXX:3:105:10549:5718#0/1	71	69	1	smNRPS-CC	5875	4940	5008	100	2.43e-26
FC615DRAAXX:3:106:16081:1598#0/2	72	1	72	smNRPS-CC	5875	353	424	98.611	2.43e-26
FC615DRAAXX:3:112:12347:18955#0/2	72	1	72	smNRPS-CC	5875	4917	4988	98.611	2.43e-26
FC615DRAAXX:3:112:15905:16368#0/2	72	72	1	smNRPS-CC	5875	2611	2682	98.611	2.43e-26
FC615DRAAXX:3:3:12020:12631#0/2	72	72	1	smNRPS-CC	5875	917	988	98.611	2.43e-26
FC615DRAAXX:3:70:2932:14553#0/2	72	1	72	smNRPS-CC	5875	5755	5826	98.611	2.43e-26
FC615DRAAXX:3:93:16089:18892#0/2	72	72	1	smNRPS-CC	5875	4596	4667	98.611	2.43e-26
FC615DRAAXX:3:22:15740:1290#0/1	70	70	1	smNRPS-CC	5875	5461	5530	100	6.76e-27
FC615DRAAXX:3:30:17578:20859#0/1	70	70	1	smNRPS-CC	5875	5190	5259	100	6.76e-27
FC615DRAAXX:3:49:16191:5373#0/2	70	70	1	smNRPS-CC	5875	2005	2074	100	6.76e-27
FC615DRAAXX:3:51:2178:19537#0/1	71	2	71	smNRPS-CC	5875	4829	4898	100	6.76e-27
FC615DRAAXX:3:52:15391:18269#0/1	70	70	1	smNRPS-CC	5875	3595	3664	100	6.76e-27
FC615DRAAXX:3:52:17093:4355#0/2	70	70	1	smNRPS-CC	5875	3924	3993	100	6.76e-27
FC615DRAAXX:3:98:8810:6495#0/2	72	1	70	smNRPS-CC	5875	3933	4002	100	6.76e-27
FC615DRAAXX:3:102:4619:14514#0/1	71	2	71	smNRPS-CC	5875	3570	3639	100	6.76e-27
FC615DRAAXX:3:118:6349:13837#0/2	71	70	1	smNRPS-CC	5875	1213	1282	100	6.76e-27
FC615DRAAXX:3:1:3609:5194#0/1	71	1	71	smNRPS-CC	5875	4996	5066	100	1.88e-27
FC615DRAAXX:3:1:3823:16751#0/1	71	71	1	smNRPS-CC	5875	3479	3549	100	1.88e-27
FC615DRAAXX:3:1:15727:19796#0/1	71	71	1	smNRPS-CC	5875	1027	1097	100	1.88e-27
FC615DRAAXX:3:3:12637:17714#0/1	71	71	1	smNRPS-CC	5875	1051	1121	100	1.88e-27
FC615DRAAXX:3:4:17078:13898#0/1	71	1	71	smNRPS-CC	5875	438	508	100	1.88e-27
FC615DRAAXX:3:5:6632:14211#0/1	71	1	71	smNRPS-CC	5875	220	290	100	1.88e-27
FC615DRAAXX:3:7:2743:18563#0/1	71	1	71	smNRPS-CC	5875	2508	2578	100	1.88e-27
FC615DRAAXX:3:8:8725:4251#0/1	71	71	1	smNRPS-CC	5875	5011	5081	100	1.88e-27
FC615DRAAXX:3:8:10976:16236#0/2	72	2	72	smNRPS-CC	5875	4638	4708	100	1.88e-27
FC615DRAAXX:3:12:5489:12047#0/1	71	71	1	smNRPS-CC	5875	3322	3392	100	1.88e-27
FC615DRAAXX:3:12:14512:13531#0/1	71	71	1	smNRPS-CC	5875	3146	3216	100	1.88e-27
FC615DRAAXX:3:14:3134:11562#0/1	71	71	1	smNRPS-CC	5875	1002	1072	100	1.88e-27
FC615DRAAXX:3:14:17835:3440#0/1	71	1	71	smNRPS-CC	5875	4951	5021	100	1.88e-27
FC615DRAAXX:3:15:1506:3767#0/1	71	1	71	smNRPS-CC	5875	495	565	100	1.88e-27
FC615DRAAXX:3:15:12210:5940#0/1	71	71	1	smNRPS-CC	5875	5381	5451	100	1.88e-27
FC615DRAAXX:3:17:6112:4464#0/1	71	71	1	smNRPS-CC	5875	3767	3837	100	1.88e-27
FC615DRAAXX:3:21:5004:5713#0/1	71	1	71	smNRPS-CC	5875	275	345	100	1.88e-27
FC615DRAAXX:3:23:7342:10998#0/1	71	1	71	smNRPS-CC	5875	786	856	100	1.88e-27
FC615DRAAXX:3:23:13235:6082#0/1	71	1	71	smNRPS-CC	5875	5137	5207	100	1.88e-27
FC615DRAAXX:3:25:8664:2935#0/1	71	71	1	smNRPS-CC	5875	1698	1768	100	1.88e-27
FC615DRAAXX:3:26:3926:6719#0/1	71	71	1	smNRPS-CC	5875	5671	5741	100	1.88e-27
FC615DRAAXX:3:28:8823:7491#0/1	71	1	71	smNRPS-CC	5875	5039	5109	100	1.88e-27
FC615DRAAXX:3:30:16572:20591#0/1	71	1	71	smNRPS-CC	5875	5441	5511	100	1.88e-27
FC615DRAAXX:3:31:9242:6283#0/1	71	71	1	smNRPS-CC	5875	5415	5485	100	1.88e-27
FC615DRAAXX:3:32:3682:9261#0/1	71	71	1	smNRPS-CC	5875	5699	5769	100	1.88e-27
FC615DRAAXX:3:33:7076:19228#0/1	71	1	71	smNRPS-CC	5875	3066	3136	100	1.88e-27
FC615DRAAXX:3:34:7587:19038#0/1	71	1	71	smNRPS-CC	5875	4949	5019	100	1.88e-27
FC615DRAAXX:3:38:10112:17009#0/1	71	71	1	smNRPS-CC	5875	5171	5241	100	1.88e-27
FC615DRAAXX:3:40:8958:13944#0/1	71	1	71	smNRPS-CC	5875	2258	2328	100	1.88e-27
FC615DRAAXX:3:40:8958:13944#0/2	71	71	1	smNRPS-CC	5875	2493	2563	100	1.88e-27
FC615DRAAXX:3:43:14910:7922#0/1	71	1	71	smNRPS-CC	5875	5122	5192	100	1.88e-27
FC615DRAAXX:3:45:14534:1834#0/2	71	1	71	smNRPS-CC	5875	4456	4526	100	1.88e-27
FC615DRAAXX:3:47:6093:8944#0/1	71	1	71	smNRPS-CC	5875	5419	5489	100	1.88e-27
FC615DRAAXX:3:51:2178:19537#0/2	71	71	1	smNRPS-CC	5875	5051	5121	100	1.88e-27
FC615DRAAXX:3:55:14606:19995#0/1	71	71	1	smNRPS-CC	5875	5098	5168	100	1.88e-27
FC615DRAAXX:3:56:2976:6307#0/1	71	1	71	smNRPS-CC	5875	5115	5185	100	1.88e-27
FC615DRAAXX:3:56:10060:12479#0/1	71	71	1	smNRPS-CC	5875	815	885	100	1.88e-27
FC615DRAAXX:3:57:12424:9667#0/1	71	1	71	smNRPS-CC	5875	4541	4611	100	1.88e-27
FC615DRAAXX:3:58:12331:5529#0/2	71	1	71	smNRPS-CC	5875	497	567	100	1.88e-27
FC615DRAAXX:3:59:6501:11453#0/1	71	1	71	smNRPS-CC	5875	4049	4119	100	1.88e-27
FC615DRAAXX:3:59:17573:6589#0/1	71	71	1	smNRPS-CC	5875	286	356	100	1.88e-27
FC615DRAAXX:3:60:3172:11789#0/1	71	71	1	smNRPS-CC	5875	5011	5081	100	1.88e-27
FC615DRAAXX:3:63:12223:10184#0/1	71	71	1	smNRPS-CC	5875	5170	5240	100	1.88e-27
FC615DRAAXX:3:63:16719:5518#0/2	71	71	1	smNRPS-CC	5875	3824	3894	100	1.88e-27
FC615DRAAXX:3:65:15294:15705#0/1	71	1	71	smNRPS-CC	5875	518	588	100	1.88e-27
FC615DRAAXX:3:66:3025:9326#0/2	72	72	2	smNRPS-CC	5875	5805	5875	100	1.88e-27
FC615DRAAXX:3:68:13747:10682#0/1	71	71	1	smNRPS-CC	5875	66	136	100	1.88e-27
FC615DRAAXX:3:74:12771:12705#0/1	71	1	71	smNRPS-CC	5875	4082	4152	100	1.88e-27
FC615DRAAXX:3:75:15669:7771#0/1	71	71	1	smNRPS-CC	5875	495	565	100	1.88e-27
FC615DRAAXX:3:76:13094:18821#0/1	71	71	1	smNRPS-CC	5875	1839	1909	100	1.88e-27
FC615DRAAXX:3:85:12385:17155#0/1	71	71	1	smNRPS-CC	5875	5425	5495	100	1.88e-27
FC615DRAAXX:3:86:3853:18349#0/1	71	1	71	smNRPS-CC	5875	2504	2574	100	1.88e-27
FC615DRAAXX:3:88:7477:8738#0/1	71	1	71	smNRPS-CC	5875	2044	2114	100	1.88e-27
FC615DRAAXX:3:88:8786:17242#0/1	71	1	71	smNRPS-CC	5875	5627	5697	100	1.88e-27
FC615DRAAXX:3:89:14329:18704#0/1	71	71	1	smNRPS-CC	5875	4031	4101	100	1.88e-27
FC615DRAAXX:3:91:3529:1169#0/1	71	71	1	smNRPS-CC	5875	452	522	100	1.88e-27
FC615DRAAXX:3:92:13834:13663#0/1	71	71	1	smNRPS-CC	5875	2986	3056	100	1.88e-27
FC615DRAAXX:3:93:10749:4807#0/1	71	1	71	smNRPS-CC	5875	4212	4282	100	1.88e-27
FC615DRAAXX:3:98:7178:17199#0/1	71	71	1	smNRPS-CC	5875	1838	1908	100	1.88e-27
FC615DRAAXX:3:98:8810:6495#0/1	71	71	1	smNRPS-CC	5875	4162	4232	100	1.88e-27
FC615DRAAXX:3:100:18054:5930#0/1	71	1	71	smNRPS-CC	5875	2438	2508	100	1.88e-27
FC615DRAAXX:3:102:13032:3816#0/1	71	71	1	smNRPS-CC	5875	664	734	100	1.88e-27
FC615DRAAXX:3:103:13888:3001#0/1	71	71	1	smNRPS-CC	5875	3820	3890	100	1.88e-27
FC615DRAAXX:3:104:13230:6740#0/1	71	1	71	smNRPS-CC	5875	872	942	100	1.88e-27
FC615DRAAXX:3:107:14571:16110#0/2	71	71	1	smNRPS-CC	5875	4972	5042	100	1.88e-27
FC615DRAAXX:3:107:14636:5302#0/1	71	71	1	smNRPS-CC	5875	2986	3056	100	1.88e-27
FC615DRAAXX:3:110:1497:8805#0/1	71	71	1	smNRPS-CC	5875	1720	1790	100	1.88e-27
FC615DRAAXX:3:112:12347:18955#0/1	71	71	1	smNRPS-CC	5875	5147	5217	100	1.88e-27
FC615DRAAXX:3:114:1320:3722#0/1	71	71	1	smNRPS-CC	5875	2816	2886	100	1.88e-27
FC615DRAAXX:3:114:5500:17924#0/2	72	72	2	smNRPS-CC	5875	2103	2173	100	1.88e-27
FC615DRAAXX:3:114:5506:16580#0/1	71	71	1	smNRPS-CC	5875	144	214	100	1.88e-27
FC615DRAAXX:3:115:19164:8074#0/1	71	71	1	smNRPS-CC	5875	2825	2895	100	1.88e-27
FC615DRAAXX:3:117:10725:1259#0/1	71	71	1	smNRPS-CC	5875	1759	1829	100	1.88e-27
FC615DRAAXX:3:119:2729:16121#0/1	71	1	71	smNRPS-CC	5875	4976	5046	100	1.88e-27
FC615DRAAXX:3:119:16482:13087#0/1	71	71	1	smNRPS-CC	5875	2471	2541	100	1.88e-27
FC615DRAAXX:3:60:9413:7825#0/1	71	1	71	smNRPS-CC	5875	1935	2005	100	1.88e-27
FC615DRAAXX:3:79:12756:15673#0/1	71	1	71	smNRPS-CC	5875	396	466	100	1.88e-27
FC615DRAAXX:3:1:3823:16751#0/2	72	1	72	smNRPS-CC	5875	3251	3322	100	5.23e-28
FC615DRAAXX:3:1:11153:20617#0/2	72	1	72	smNRPS-CC	5875	5354	5425	100	5.23e-28
FC615DRAAXX:3:1:14721:13355#0/2	72	72	1	smNRPS-CC	5875	2839	2910	100	5.23e-28
FC615DRAAXX:3:2:15357:4938#0/2	72	72	1	smNRPS-CC	5875	884	955	100	5.23e-28
FC615DRAAXX:3:4:17078:13898#0/2	72	72	1	smNRPS-CC	5875	660	731	100	5.23e-28
FC615DRAAXX:3:5:6632:14211#0/2	72	72	1	smNRPS-CC	5875	473	544	100	5.23e-28
FC615DRAAXX:3:5:14645:15176#0/2	72	72	1	smNRPS-CC	5875	3825	3896	100	5.23e-28
FC615DRAAXX:3:7:13752:2385#0/2	72	72	1	smNRPS-CC	5875	3298	3369	100	5.23e-28
FC615DRAAXX:3:8:2028:3702#0/2	72	1	72	smNRPS-CC	5875	1574	1645	100	5.23e-28
FC615DRAAXX:3:11:8090:18029#0/2	72	72	1	smNRPS-CC	5875	1687	1758	100	5.23e-28
FC615DRAAXX:3:12:5489:12047#0/2	72	1	72	smNRPS-CC	5875	3071	3142	100	5.23e-28
FC615DRAAXX:3:13:18057:12134#0/2	72	1	72	smNRPS-CC	5875	2499	2570	100	5.23e-28
FC615DRAAXX:3:14:17835:3440#0/2	72	72	1	smNRPS-CC	5875	5188	5259	100	5.23e-28
FC615DRAAXX:3:15:12210:5940#0/2	72	1	72	smNRPS-CC	5875	5139	5210	100	5.23e-28
FC615DRAAXX:3:17:6112:4464#0/2	72	1	72	smNRPS-CC	5875	3664	3735	100	5.23e-28
FC615DRAAXX:3:21:5004:5713#0/2	72	72	1	smNRPS-CC	5875	507	578	100	5.23e-28
FC615DRAAXX:3:22:2507:19094#0/2	72	1	72	smNRPS-CC	5875	5028	5099	100	5.23e-28
FC615DRAAXX:3:23:7342:10998#0/2	72	72	1	smNRPS-CC	5875	1028	1099	100	5.23e-28
FC615DRAAXX:3:23:13235:6082#0/2	72	72	1	smNRPS-CC	5875	5371	5442	100	5.23e-28
FC615DRAAXX:3:24:12951:4661#0/2	72	1	72	smNRPS-CC	5875	3124	3195	100	5.23e-28
FC615DRAAXX:3:26:1672:13932#0/2	72	72	1	smNRPS-CC	5875	1687	1758	100	5.23e-28
FC615DRAAXX:3:26:3926:6719#0/2	72	1	72	smNRPS-CC	5875	5427	5498	100	5.23e-28
FC615DRAAXX:3:27:2638:11781#0/2	72	72	1	smNRPS-CC	5875	2686	2757	100	5.23e-28
FC615DRAAXX:3:27:13672:3338#0/2	72	72	1	smNRPS-CC	5875	11	82	100	5.23e-28
FC615DRAAXX:3:29:18836:20590#0/2	72	1	72	smNRPS-CC	5875	2453	2524	100	5.23e-28
FC615DRAAXX:3:30:16448:2753#0/2	72	1	72	smNRPS-CC	5875	4055	4126	100	5.23e-28
FC615DRAAXX:3:30:16572:20591#0/2	72	72	1	smNRPS-CC	5875	5679	5750	100	5.23e-28
FC615DRAAXX:3:31:9242:6283#0/2	72	1	72	smNRPS-CC	5875	5168	5239	100	5.23e-28
FC615DRAAXX:3:31:10456:4421#0/2	72	1	72	smNRPS-CC	5875	3300	3371	100	5.23e-28
FC615DRAAXX:3:32:3682:9261#0/2	72	1	72	smNRPS-CC	5875	5457	5528	100	5.23e-28
FC615DRAAXX:3:33:9744:7844#0/2	72	72	1	smNRPS-CC	5875	842	913	100	5.23e-28
FC615DRAAXX:3:34:7587:19038#0/2	72	72	1	smNRPS-CC	5875	5176	5247	100	5.23e-28
FC615DRAAXX:3:36:16924:12174#0/2	72	1	72	smNRPS-CC	5875	4648	4719	100	5.23e-28
FC615DRAAXX:3:37:13527:6830#0/2	72	1	72	smNRPS-CC	5875	1040	1111	100	5.23e-28
FC615DRAAXX:3:39:10674:19845#0/2	72	72	1	smNRPS-CC	5875	5011	5082	100	5.23e-28
FC615DRAAXX:3:40:18763:20933#0/2	72	1	72	smNRPS-CC	5875	5001	5072	100	5.23e-28
FC615DRAAXX:3:41:14465:16180#0/2	72	72	1	smNRPS-CC	5875	1901	1972	100	5.23e-28
FC615DRAAXX:3:43:6199:11895#0/2	72	1	72	smNRPS-CC	5875	4996	5067	100	5.23e-28
FC615DRAAXX:3:43:12752:17020#0/2	72	1	72	smNRPS-CC	5875	4051	4122	100	5.23e-28
FC615DRAAXX:3:43:14910:7922#0/2	72	72	1	smNRPS-CC	5875	5365	5436	100	5.23e-28
FC615DRAAXX:3:45:2452:6460#0/2	72	72	1	smNRPS-CC	5875	5447	5518	100	5.23e-28
FC615DRAAXX:3:45:16155:15073#0/2	72	72	1	smNRPS-CC	5875	484	555	100	5.23e-28
FC615DRAAXX:3:47:6093:8944#0/2	72	72	1	smNRPS-CC	5875	5646	5717	100	5.23e-28
FC615DRAAXX:3:52:15391:18269#0/2	72	1	72	smNRPS-CC	5875	3370	3441	100	5.23e-28
FC615DRAAXX:3:56:2976:6307#0/2	72	72	1	smNRPS-CC	5875	5361	5432	100	5.23e-28
FC615DRAAXX:3:56:4046:16720#0/2	72	72	1	smNRPS-CC	5875	2950	3021	100	5.23e-28
FC615DRAAXX:3:59:17573:6589#0/2	72	1	72	smNRPS-CC	5875	47	118	100	5.23e-28
FC615DRAAXX:3:60:9925:20760#0/2	72	72	1	smNRPS-CC	5875	3160	3231	100	5.23e-28
FC615DRAAXX:3:61:14463:12611#0/2	72	72	1	smNRPS-CC	5875	5453	5524	100	5.23e-28
FC615DRAAXX:3:65:7194:15664#0/2	72	72	1	smNRPS-CC	5875	2946	3017	100	5.23e-28
FC615DRAAXX:3:66:4142:17160#0/2	72	72	1	smNRPS-CC	5875	4523	4594	100	5.23e-28
FC615DRAAXX:3:68:16283:12149#0/2	72	72	1	smNRPS-CC	5875	5059	5130	100	5.23e-28
FC615DRAAXX:3:72:13617:8905#0/2	72	72	1	smNRPS-CC	5875	307	378	100	5.23e-28
FC615DRAAXX:3:75:15669:7771#0/2	72	1	72	smNRPS-CC	5875	262	333	100	5.23e-28
FC615DRAAXX:3:79:2524:15162#0/2	72	72	1	smNRPS-CC	5875	439	510	100	5.23e-28
FC615DRAAXX:3:82:2958:14079#0/2	72	1	72	smNRPS-CC	5875	5104	5175	100	5.23e-28
FC615DRAAXX:3:87:17568:12116#0/2	72	1	72	smNRPS-CC	5875	892	963	100	5.23e-28
FC615DRAAXX:3:91:9220:7425#0/2	72	72	1	smNRPS-CC	5875	2825	2896	100	5.23e-28
FC615DRAAXX:3:93:10749:4807#0/2	72	72	1	smNRPS-CC	5875	4442	4513	100	5.23e-28
FC615DRAAXX:3:95:3867:8230#0/2	72	72	1	smNRPS-CC	5875	4170	4241	100	5.23e-28
FC615DRAAXX:3:96:1338:8247#0/2	72	1	72	smNRPS-CC	5875	4429	4500	100	5.23e-28
FC615DRAAXX:3:97:9530:8605#0/2	72	1	72	smNRPS-CC	5875	2078	2149	100	5.23e-28
FC615DRAAXX:3:97:13635:2769#0/2	72	72	1	smNRPS-CC	5875	5055	5126	100	5.23e-28
FC615DRAAXX:3:97:17061:15633#0/2	72	1	72	smNRPS-CC	5875	2511	2582	100	5.23e-28
FC615DRAAXX:3:99:11968:8247#0/2	72	72	1	smNRPS-CC	5875	3829	3900	100	5.23e-28
FC615DRAAXX:3:101:10059:18053#0/2	72	72	1	smNRPS-CC	5875	1740	1811	100	5.23e-28
FC615DRAAXX:3:102:11328:4560#0/2	72	72	1	smNRPS-CC	5875	1854	1925	100	5.23e-28
FC615DRAAXX:3:102:13032:3816#0/2	72	1	72	smNRPS-CC	5875	435	506	100	5.23e-28
FC615DRAAXX:3:106:7996:19356#0/2	72	1	72	smNRPS-CC	5875	465	536	100	5.23e-28
FC615DRAAXX:3:107:16701:4597#0/2	72	1	72	smNRPS-CC	5875	4072	4143	100	5.23e-28
FC615DRAAXX:3:108:1758:3449#0/2	72	1	72	smNRPS-CC	5875	3158	3229	100	5.23e-28
FC615DRAAXX:3:111:4276:3003#0/2	72	1	72	smNRPS-CC	5875	4064	4135	100	5.23e-28
FC615DRAAXX:3:119:16482:13087#0/2	72	1	72	smNRPS-CC	5875	2225	2296	100	5.23e-28
FC615DRAAXX:3:30:15425:5511#0/2	72	1	72	smNRPS-CC	5875	388	459	100	5.23e-28
FC615DRAAXX:3:12:7982:1185#0/2	40	40	1	smNRPS-CB	5945	376	415	100	3.25e-10
FC615DRAAXX:3:27:17788:1886#0/1	41	41	1	smNRPS-CB	5945	5052	5092	100	9.04e-11
FC615DRAAXX:3:37:14925:11050#0/1	43	43	1	smNRPS-CB	5945	3004	3046	100	6.99e-12
FC615DRAAXX:3:27:17788:1886#0/2	49	1	49	smNRPS-CB	5945	4783	4831	100	3.23e-15
FC615DRAAXX:3:29:4372:1704#0/2	61	61	1	smNRPS-CB	5945	171	231	96.721	1.49e-18
FC615DRAAXX:3:37:3267:7075#0/2	69	67	4	smNRPS-CB	5945	3003	3066	96.875	3.21e-20
FC615DRAAXX:3:7:2654:8412#0/2	59	59	1	smNRPS-CB	5945	5739	5797	100	8.92e-21
FC615DRAAXX:3:113:4321:15494#0/2	59	1	59	smNRPS-CB	5945	2429	2487	100	8.92e-21
FC615DRAAXX:3:84:1390:19180#0/1	69	1	69	smNRPS-CB	5945	3020	3088	95.652	2.48e-21
FC615DRAAXX:3:27:10232:15864#0/2	61	61	1	smNRPS-CB	5945	1512	1572	100	6.89e-22
FC615DRAAXX:3:16:7581:18537#0/2	72	72	1	smNRPS-CB	5945	1813	1882	95.833	1.92e-22
FC615DRAAXX:3:27:2980:1870#0/1	65	65	1	smNRPS-CB	5945	1537	1601	98.462	1.92e-22
FC615DRAAXX:3:11:15649:15221#0/1	71	1	71	smNRPS-CB	5945	4969	5039	95.775	1.92e-22
FC615DRAAXX:3:84:9302:16082#0/1	71	71	1	smNRPS-CB	5945	221	291	95.775	1.92e-22
FC615DRAAXX:3:27:2980:1870#0/2	69	1	69	smNRPS-CB	5945	1297	1365	97.101	5.33e-23
FC615DRAAXX:3:106:16081:1598#0/1	71	1	68	smNRPS-CB	5945	5281	5350	97.143	5.33e-23
FC615DRAAXX:3:114:2349:17422#0/1	71	1	71	smNRPS-CB	5945	5282	5354	95.89	5.33e-23
FC615DRAAXX:3:70:12797:13936#0/2	64	1	64	smNRPS-CB	5945	3818	3881	100	1.48e-23
FC615DRAAXX:3:7:2654:8412#0/1	71	1	71	smNRPS-CB	5945	5490	5560	97.183	4.12e-24
FC615DRAAXX:3:96:2725:18986#0/1	71	71	1	smNRPS-CB	5945	3133	3203	97.183	4.12e-24
FC615DRAAXX:3:33:9744:7844#0/1	71	71	1	smNRPS-CB	5945	5267	5339	97.26	1.15e-24
FC615DRAAXX:3:114:13182:17256#0/2	72	1	72	smNRPS-CB	5945	5494	5565	97.222	1.15e-24
FC615DRAAXX:3:29:4372:1725#0/2	67	67	1	smNRPS-CB	5945	165	231	100	3.18e-25
FC615DRAAXX:3:22:17661:1919#0/2	72	1	72	smNRPS-CB	5945	5270	5343	97.297	3.18e-25
FC615DRAAXX:3:12:7982:1185#0/1	71	1	71	smNRPS-CB	5945	93	163	98.592	8.85e-26
FC615DRAAXX:3:16:7581:18537#0/1	71	1	71	smNRPS-CB	5945	1561	1631	98.592	8.85e-26
FC615DRAAXX:3:33:13402:18632#0/1	71	71	1	smNRPS-CB	5945	649	719	98.592	8.85e-26
FC615DRAAXX:3:39:10341:4979#0/1	71	71	1	smNRPS-CB	5945	1540	1610	98.592	8.85e-26
FC615DRAAXX:3:68:14018:9699#0/1	71	71	1	smNRPS-CB	5945	2690	2760	98.592	8.85e-26
FC615DRAAXX:3:70:12797:13936#0/1	71	71	1	smNRPS-CB	5945	4075	4145	98.592	8.85e-26
FC615DRAAXX:3:76:3356:14405#0/2	71	1	71	smNRPS-CB	5945	162	232	98.592	8.85e-26
FC615DRAAXX:3:97:13266:1478#0/1	71	1	71	smNRPS-CB	5945	2992	3062	98.592	8.85e-26
FC615DRAAXX:3:112:15660:19156#0/2	71	71	1	smNRPS-CB	5945	3687	3757	98.592	8.85e-26
FC615DRAAXX:3:113:4321:15494#0/1	71	71	1	smNRPS-CB	5945	2659	2729	98.592	8.85e-26
FC615DRAAXX:3:15:4747:14555#0/2	72	72	1	smNRPS-CB	5945	1919	1990	98.611	2.46e-26
FC615DRAAXX:3:28:16476:15641#0/2	72	72	1	smNRPS-CB	5945	187	258	98.611	2.46e-26
FC615DRAAXX:3:33:13402:18632#0/2	72	1	72	smNRPS-CB	5945	402	473	98.611	2.46e-26
FC615DRAAXX:3:36:12558:16518#0/2	72	1	72	smNRPS-CB	5945	1928	1999	98.611	2.46e-26
FC615DRAAXX:3:39:10341:4979#0/2	72	1	72	smNRPS-CB	5945	1310	1381	98.611	2.46e-26
FC615DRAAXX:3:67:18102:4671#0/2	72	72	1	smNRPS-CB	5945	1551	1622	98.611	2.46e-26
FC615DRAAXX:3:75:18550:8330#0/2	72	1	72	smNRPS-CB	5945	5153	5224	98.611	2.46e-26
FC615DRAAXX:3:89:9668:14422#0/2	72	72	1	smNRPS-CB	5945	120	191	98.611	2.46e-26
FC615DRAAXX:3:102:18011:19057#0/2	72	72	1	smNRPS-CB	5945	5806	5877	98.611	2.46e-26
FC615DRAAXX:3:110:8667:12893#0/2	72	72	1	smNRPS-CB	5945	977	1048	98.611	2.46e-26
FC615DRAAXX:3:112:15660:19156#0/1	70	1	70	smNRPS-CB	5945	3452	3521	100	6.84e-27
FC615DRAAXX:3:4:4041:19828#0/1	71	71	1	smNRPS-CB	5945	45	115	100	1.9e-27
FC615DRAAXX:3:15:4747:14555#0/1	71	1	71	smNRPS-CB	5945	1678	1748	100	1.9e-27
FC615DRAAXX:3:27:10232:15864#0/1	71	1	71	smNRPS-CB	5945	1259	1329	100	1.9e-27
FC615DRAAXX:3:29:8989:14233#0/1	71	1	71	smNRPS-CB	5945	2975	3045	100	1.9e-27
FC615DRAAXX:3:36:12558:16518#0/1	71	71	1	smNRPS-CB	5945	2165	2235	100	1.9e-27
FC615DRAAXX:3:37:14925:11050#0/2	71	1	71	smNRPS-CB	5945	2733	2803	100	1.9e-27
FC615DRAAXX:3:43:8953:12605#0/1	71	71	1	smNRPS-CB	5945	3389	3459	100	1.9e-27
FC615DRAAXX:3:54:13562:5771#0/1	71	71	1	smNRPS-CB	5945	1149	1219	100	1.9e-27
FC615DRAAXX:3:67:18102:4671#0/1	71	1	71	smNRPS-CB	5945	1309	1379	100	1.9e-27
FC615DRAAXX:3:75:18550:8330#0/1	71	71	1	smNRPS-CB	5945	5379	5449	100	1.9e-27
FC615DRAAXX:3:76:3356:14405#0/1	71	71	1	smNRPS-CB	5945	401	471	100	1.9e-27
FC615DRAAXX:3:102:18011:19057#0/1	71	1	71	smNRPS-CB	5945	5568	5638	100	1.9e-27
FC615DRAAXX:3:107:12476:5678#0/1	71	71	1	smNRPS-CB	5945	5333	5403	100	1.9e-27
FC615DRAAXX:3:110:8667:12893#0/1	71	1	71	smNRPS-CB	5945	744	814	100	1.9e-27
FC615DRAAXX:3:114:13182:17256#0/1	71	71	1	smNRPS-CB	5945	5722	5792	100	1.9e-27
FC615DRAAXX:3:97:13022:6738#0/1	71	1	71	smNRPS-CB	5945	3471	3541	100	1.9e-27
FC615DRAAXX:3:1:19238:6565#0/2	72	72	1	smNRPS-CB	5945	5101	5172	100	5.29e-28
FC615DRAAXX:3:29:8989:14233#0/2	72	72	1	smNRPS-CB	5945	3199	3270	100	5.29e-28
FC615DRAAXX:3:43:8953:12605#0/2	72	1	72	smNRPS-CB	5945	3160	3231	100	5.29e-28
FC615DRAAXX:3:54:13562:5771#0/2	72	1	72	smNRPS-CB	5945	901	972	100	5.29e-28
FC615DRAAXX:3:68:14018:9699#0/2	72	1	72	smNRPS-CB	5945	2447	2518	100	5.29e-28
FC615DRAAXX:3:96:2725:18986#0/2	72	1	72	smNRPS-CB	5945	2895	2966	100	5.29e-28
FC615DRAAXX:3:107:12476:5678#0/2	72	1	72	smNRPS-CB	5945	5101	5172	100	5.29e-28
