FC615DRAAXX:6:39:5279:20256#0/2	52	1	52	smNRPS-CC	5875	2366	2417	98.077	3.15e-15
FC615DRAAXX:6:40:9908:1290#0/2	54	1	54	smNRPS-CC	5875	4282	4335	98.148	2.43e-16
FC615DRAAXX:6:15:15886:9253#0/2	59	59	1	smNRPS-CC	5875	4992	5050	100	8.7e-21
FC615DRAAXX:6:15:15886:9253#0/1	67	2	67	smNRPS-CC	5875	4748	4813	98.485	5.2e-23
FC615DRAAXX:6:36:13504:18664#0/1	70	70	1	smNRPS-CC	5875	5292	5361	97.143	1.44e-23
FC615DRAAXX:6:39:5279:20256#0/1	70	70	1	smNRPS-CC	5875	2626	2695	98.571	3.11e-25
FC615DRAAXX:6:40:15052:9982#0/2	72	1	72	smNRPS-CC	5875	5321	5392	98.611	2.4e-26
FC615DRAAXX:6:104:11859:3929#0/2	72	1	72	smNRPS-CC	5875	4394	4465	98.611	2.4e-26
FC615DRAAXX:6:47:8778:8906#0/1	70	70	1	smNRPS-CC	5875	616	685	100	6.67e-27
FC615DRAAXX:6:104:11859:3929#0/1	70	70	1	smNRPS-CC	5875	4649	4718	100	6.67e-27
FC615DRAAXX:6:36:13504:18664#0/2	72	1	72	smNRPS-CC	5875	5047	5118	100	5.16e-28
FC615DRAAXX:6:24:6679:19843#0/1	43	43	1	smNRPS-CB	5945	4849	4891	97.674	3.21e-10
FC615DRAAXX:6:24:6679:19843#0/2	50	6	50	smNRPS-CB	5945	4758	4802	97.778	2.48e-11
FC615DRAAXX:6:25:1489:2481#0/2	49	49	1	smNRPS-CB	5945	2380	2428	95.918	6.9e-12
FC615DRAAXX:6:113:19141:3386#0/2	57	54	1	smNRPS-CB	5945	371	424	98.148	2.46e-16
FC615DRAAXX:6:88:14362:19487#0/2	57	57	1	smNRPS-CB	5945	1057	1113	98.246	5.3e-18
FC615DRAAXX:6:106:7029:6915#0/1	55	55	1	smNRPS-CB	5945	5844	5898	100	1.47e-18
FC615DRAAXX:6:21:5219:8891#0/1	59	1	59	smNRPS-CB	5945	5877	5935	100	8.8e-21
FC615DRAAXX:6:12:5496:20012#0/1	63	1	63	smNRPS-CB	5945	1225	1287	98.413	2.45e-21
FC615DRAAXX:6:25:1489:2481#0/1	60	1	60	smNRPS-CB	5945	2101	2160	100	2.45e-21
FC615DRAAXX:6:24:14693:19183#0/1	70	70	1	smNRPS-CB	5945	3116	3185	95.714	6.8e-22
FC615DRAAXX:6:39:1494:4292#0/1	70	1	70	smNRPS-CB	5945	5618	5687	95.714	6.8e-22
FC615DRAAXX:6:8:10298:5879#0/2	72	72	1	smNRPS-CB	5945	3548	3619	95.833	5.26e-23
FC615DRAAXX:6:8:10298:5879#0/1	70	1	70	smNRPS-CB	5945	3329	3398	97.143	1.46e-23
FC615DRAAXX:6:35:10770:1822#0/1	70	1	70	smNRPS-CB	5945	5096	5165	97.143	1.46e-23
FC615DRAAXX:6:115:15143:21080#0/1	68	1	68	smNRPS-CB	5945	1853	1920	98.529	4.07e-24
FC615DRAAXX:6:2:7682:3186#0/2	72	1	66	smNRPS-CB	5945	1964	2029	100	1.13e-24
FC615DRAAXX:6:12:5496:20012#0/2	66	66	1	smNRPS-CB	5945	1370	1435	100	1.13e-24
FC615DRAAXX:6:24:14693:19183#0/2	72	1	72	smNRPS-CB	5945	2864	2935	97.222	1.13e-24
FC615DRAAXX:6:5:8474:9811#0/1	70	70	1	smNRPS-CB	5945	1081	1150	98.571	3.14e-25
FC615DRAAXX:6:31:7545:5677#0/1	70	70	1	smNRPS-CB	5945	1026	1095	98.571	3.14e-25
FC615DRAAXX:6:40:15052:9982#0/1	70	1	70	smNRPS-CB	5945	232	301	98.571	3.14e-25
FC615DRAAXX:6:84:2265:6481#0/2	67	1	67	smNRPS-CB	5945	483	549	100	3.14e-25
FC615DRAAXX:6:6:8921:16419#0/2	72	1	69	smNRPS-CB	5945	4036	4104	100	2.43e-26
FC615DRAAXX:6:12:14570:1057#0/1	69	69	1	smNRPS-CB	5945	3151	3219	100	2.43e-26
FC615DRAAXX:6:27:14680:20195#0/1	69	1	69	smNRPS-CB	5945	909	977	100	2.43e-26
FC615DRAAXX:6:28:12952:3705#0/2	72	72	1	smNRPS-CB	5945	5277	5348	98.611	2.43e-26
FC615DRAAXX:6:72:4732:11791#0/2	72	1	72	smNRPS-CB	5945	2787	2858	98.611	2.43e-26
FC615DRAAXX:6:76:11385:13232#0/2	72	72	1	smNRPS-CB	5945	1627	1698	98.611	2.43e-26
FC615DRAAXX:6:91:3669:2502#0/2	72	1	72	smNRPS-CB	5945	5180	5251	98.611	2.43e-26
FC615DRAAXX:6:1:17539:16956#0/1	70	1	70	smNRPS-CB	5945	5753	5822	100	6.75e-27
FC615DRAAXX:6:2:7682:3186#0/1	70	70	1	smNRPS-CB	5945	2221	2290	100	6.75e-27
FC615DRAAXX:6:6:8921:16419#0/1	70	70	1	smNRPS-CB	5945	4084	4153	100	6.75e-27
FC615DRAAXX:6:21:17202:8037#0/1	70	70	1	smNRPS-CB	5945	38	107	100	6.75e-27
FC615DRAAXX:6:28:12952:3705#0/1	70	1	70	smNRPS-CB	5945	5024	5093	100	6.75e-27
FC615DRAAXX:6:39:1494:4292#0/2	70	70	1	smNRPS-CB	5945	5870	5939	100	6.75e-27
FC615DRAAXX:6:72:4732:11791#0/1	70	70	1	smNRPS-CB	5945	3025	3094	100	6.75e-27
FC615DRAAXX:6:75:13736:12130#0/1	70	1	70	smNRPS-CB	5945	1417	1486	100	6.75e-27
FC615DRAAXX:6:76:11385:13232#0/1	70	1	70	smNRPS-CB	5945	1397	1466	100	6.75e-27
FC615DRAAXX:6:80:14966:6103#0/1	70	1	70	smNRPS-CB	5945	2908	2977	100	6.75e-27
FC615DRAAXX:6:84:2265:6481#0/1	70	70	1	smNRPS-CB	5945	729	798	100	6.75e-27
FC615DRAAXX:6:88:14362:19487#0/1	70	1	70	smNRPS-CB	5945	788	857	100	6.75e-27
FC615DRAAXX:6:91:3669:2502#0/1	70	70	1	smNRPS-CB	5945	5424	5493	100	6.75e-27
FC615DRAAXX:6:113:19141:3386#0/1	70	1	70	smNRPS-CB	5945	91	160	100	6.75e-27
FC615DRAAXX:6:47:8778:8906#0/2	72	71	1	smNRPS-CB	5945	5517	5587	100	1.88e-27
FC615DRAAXX:6:5:8474:9811#0/2	72	1	72	smNRPS-CB	5945	973	1044	100	5.22e-28
FC615DRAAXX:6:12:14570:1057#0/2	72	1	72	smNRPS-CB	5945	2902	2973	100	5.22e-28
FC615DRAAXX:6:31:7545:5677#0/2	72	1	72	smNRPS-CB	5945	775	846	100	5.22e-28
FC615DRAAXX:6:35:10770:1822#0/2	72	72	1	smNRPS-CB	5945	5333	5404	100	5.22e-28
FC615DRAAXX:6:75:13736:12130#0/2	72	72	1	smNRPS-CB	5945	1653	1724	100	5.22e-28
FC615DRAAXX:6:80:14966:6103#0/2	72	72	1	smNRPS-CB	5945	3158	3229	100	5.22e-28
FC615DRAAXX:6:115:15143:21080#0/2	72	72	1	smNRPS-CB	5945	2112	2183	100	5.22e-28
