I358_1_FC30VW9AAXX:8:45:1092:83/2	40	3	38	smNRPS-CC	5875	4657	4692	97.222	2.4e-7
I358_1_FC30VW9AAXX:8:24:1315:942/2	40	40	3	smNRPS-CC	5875	2113	2150	97.368	1.86e-8
I77_1_FC30W02AAXX:2:73:193:1700/1	38	37	2	smNRPS-CC	5875	254	289	100	5.17e-9
I358_1_FC30VW9AAXX:8:83:797:397/1	38	38	2	smNRPS-CC	5875	2725	2761	100	1.44e-9
I358_1_FC30VW9AAXX:8:25:350:1247/2	43	1	43	smNRPS-CC	5875	2108	2150	95.349	1.44e-9
I358_1_FC30VW9AAXX:8:37:808:1650/2	41	41	1	smNRPS-CC	5875	4181	4221	97.561	4e-10
I77_1_FC30W02AAXX:2:99:1116:1848/1	38	1	38	smNRPS-CC	5875	2724	2761	100	4e-10
I358_1_FC30VW9AAXX:8:82:1542:1529/1	39	1	39	smNRPS-CC	5875	472	510	100	1.11e-10
I358_1_FC30VW9AAXX:8:74:1559:755/1	42	1	42	smNRPS-CC	5875	4456	4497	97.619	1.11e-10
I358_1_FC30VW9AAXX:8:39:1492:1716/2	42	42	1	smNRPS-CC	5875	3108	3149	97.619	1.11e-10
I358_1_FC30VW9AAXX:8:66:1651:1789/2	43	1	43	smNRPS-CC	5875	245	287	97.674	3.09e-11
I358_1_FC30VW9AAXX:8:69:780:1136/2	46	43	1	smNRPS-CC	5875	4858	4900	97.674	3.09e-11
I77_1_FC30W02AAXX:2:62:211:266/1	47	1	47	smNRPS-CC	5875	450	496	97.872	1.85e-13
I358_1_FC30VW9AAXX:8:35:383:1172/2	50	1	50	smNRPS-CC	5875	3622	3671	96	1.85e-13
I358_1_FC30VW9AAXX:8:36:805:881/2	49	1	49	smNRPS-CC	5875	3628	3676	97.959	1.43e-14
I358_1_FC30VW9AAXX:8:17:818:1258/2	49	49	1	smNRPS-CC	5875	614	662	97.959	1.43e-14
I358_1_FC30VW9AAXX:8:28:1012:5/2	47	1	47	smNRPS-CC	5875	2684	2730	100	3.97e-15
I358_1_FC30VW9AAXX:8:65:1173:414/1	52	52	1	smNRPS-CC	5875	616	667	98.077	3.07e-16
I77_1_FC30W02AAXX:2:96:869:1552/1	50	1	50	smNRPS-CC	5875	647	696	100	8.53e-17
I358_1_FC30VW9AAXX:8:52:1079:1706/2	51	1	51	smNRPS-CC	5875	646	696	100	2.37e-17
I358_1_FC30VW9AAXX:8:28:159:958/1	56	56	1	smNRPS-CC	5875	5336	5391	98.214	1.83e-18
I358_1_FC30VW9AAXX:8:71:729:624/2	58	1	58	smNRPS-CC	5875	451	508	98.276	1.42e-19
I358_1_FC30VW9AAXX:8:59:992:492/2	59	59	1	smNRPS-CC	5875	445	503	98.305	3.94e-20
I358_1_FC30VW9AAXX:8:28:1746:501/2	59	1	59	smNRPS-CC	5875	614	672	98.305	3.94e-20
I358_1_FC30VW9AAXX:8:45:1401:621/2	68	1	68	smNRPS-CC	5875	1536	1603	95.588	8.47e-22
I358_1_FC30VW9AAXX:8:56:1238:791/2	62	1	62	smNRPS-CC	5875	5049	5110	100	1.82e-23
I358_1_FC30VW9AAXX:8:22:857:427/1	40	1	40	smNRPS-CB	5945	703	742	97.5	1.45e-9
I77_1_FC30W02AAXX:2:9:614:1573/2	40	1	40	smNRPS-CB	5945	5165	5204	97.5	1.45e-9
I358_1_FC30VW9AAXX:8:37:808:1650/1	38	38	1	smNRPS-CB	5945	1753	1790	100	4.04e-10
I358_1_FC30VW9AAXX:8:14:642:835/1	38	1	38	smNRPS-CB	5945	2223	2260	100	4.04e-10
I358_1_FC30VW9AAXX:8:84:1391:959/1	38	1	38	smNRPS-CB	5945	1733	1770	100	4.04e-10
I358_1_FC30VW9AAXX:8:36:314:602/2	44	44	3	smNRPS-CB	5945	4910	4951	97.619	1.12e-10
I77_1_FC30W02AAXX:2:74:837:1089/1	39	39	1	smNRPS-CB	5945	3196	3234	100	1.12e-10
I77_1_FC30W02AAXX:2:80:1518:1852/1	39	1	39	smNRPS-CB	5945	3013	3051	100	1.12e-10
I358_1_FC30VW9AAXX:8:13:207:1202/2	42	42	1	smNRPS-CB	5945	1086	1127	97.619	1.12e-10
I358_1_FC30VW9AAXX:8:28:1436:1643/2	41	1	39	smNRPS-CB	5945	2347	2385	100	1.12e-10
I77_1_FC30W02AAXX:2:2:159:1546/1	42	42	1	smNRPS-CB	5945	4342	4383	97.619	1.12e-10
I358_1_FC30VW9AAXX:8:21:174:917/1	40	40	1	smNRPS-CB	5945	902	941	100	3.13e-11
I77_1_FC30W02AAXX:2:48:659:1892/1	44	44	5	smNRPS-CB	5945	3252	3291	100	3.13e-11
I358_1_FC30VW9AAXX:8:72:1312:1333/2	40	40	1	smNRPS-CB	5945	2232	2271	100	3.13e-11
I358_1_FC30VW9AAXX:8:83:783:1239/2	40	1	40	smNRPS-CB	5945	4719	4758	100	3.13e-11
I77_1_FC30W02AAXX:2:17:182:954/2	40	40	1	smNRPS-CB	5945	4808	4847	100	3.13e-11
I77_1_FC30W02AAXX:2:32:1678:1787/2	43	43	1	smNRPS-CB	5945	375	417	97.674	3.13e-11
I358_1_FC30VW9AAXX:8:34:256:708/1	47	1	47	smNRPS-CB	5945	3016	3062	95.745	8.69e-12
I77_1_FC30W02AAXX:2:18:333:759/1	41	41	1	smNRPS-CB	5945	1753	1793	100	8.69e-12
I77_1_FC30W02AAXX:2:68:189:981/2	41	1	41	smNRPS-CB	5945	3031	3071	100	8.69e-12
I358_1_FC30VW9AAXX:8:36:930:287/1	42	42	1	smNRPS-CB	5945	5852	5893	100	2.42e-12
I358_1_FC30VW9AAXX:8:46:1333:553/1	45	45	1	smNRPS-CB	5945	5314	5358	97.778	2.42e-12
I358_1_FC30VW9AAXX:8:48:1462:1502/1	43	1	42	smNRPS-CB	5945	3267	3308	100	2.42e-12
I358_1_FC30VW9AAXX:8:49:1169:361/1	42	1	42	smNRPS-CB	5945	5767	5808	100	2.42e-12
I358_1_FC30VW9AAXX:8:28:207:1695/2	46	45	1	smNRPS-CB	5945	3595	3639	97.778	2.42e-12
I358_1_FC30VW9AAXX:8:49:1169:361/2	43	43	1	smNRPS-CB	5945	5855	5897	100	6.72e-13
I77_1_FC30W02AAXX:2:68:160:484/1	43	1	43	smNRPS-CB	5945	3022	3064	100	6.72e-13
I358_1_FC30VW9AAXX:8:48:1462:1502/2	47	47	1	smNRPS-CB	5945	3358	3404	97.872	1.87e-13
I77_1_FC30W02AAXX:2:21:160:1448/1	44	44	1	smNRPS-CB	5945	1715	1758	100	1.87e-13
I358_1_FC30VW9AAXX:8:71:900:733/2	45	1	44	smNRPS-CB	5945	2789	2832	100	1.87e-13
I77_1_FC30W02AAXX:2:30:399:63/2	44	44	1	smNRPS-CB	5945	1949	1992	100	1.87e-13
I358_1_FC30VW9AAXX:8:36:930:287/2	45	1	45	smNRPS-CB	5945	5777	5821	100	5.19e-14
I358_1_FC30VW9AAXX:8:40:256:1741/1	46	1	46	smNRPS-CB	5945	214	259	100	1.44e-14
I358_1_FC30VW9AAXX:8:52:1592:1456/2	48	48	3	smNRPS-CB	5945	405	450	100	1.44e-14
I358_1_FC30VW9AAXX:8:64:1154:1114/1	46	46	1	smNRPS-CB	5945	3314	3359	100	1.44e-14
I358_1_FC30VW9AAXX:8:38:496:1517/2	49	49	1	smNRPS-CB	5945	3968	4016	97.959	1.44e-14
I358_1_FC30VW9AAXX:8:49:1485:1506/2	46	46	1	smNRPS-CB	5945	2593	2638	100	1.44e-14
I358_1_FC30VW9AAXX:8:36:616:1009/2	50	50	1	smNRPS-CB	5945	912	961	98	4.02e-15
I358_1_FC30VW9AAXX:8:25:769:1504/2	48	1	48	smNRPS-CB	5945	5158	5205	100	1.12e-15
I358_1_FC30VW9AAXX:8:56:1238:791/1	49	1	49	smNRPS-CB	5945	706	754	100	3.1e-16
I77_1_FC30W02AAXX:2:21:160:1448/2	49	1	49	smNRPS-CB	5945	1424	1472	100	3.1e-16
I77_1_FC30W02AAXX:2:94:1302:1605/2	49	1	49	smNRPS-CB	5945	1416	1464	100	3.1e-16
I358_1_FC30VW9AAXX:8:63:636:101/1	50	50	1	smNRPS-CB	5945	1925	1974	100	8.63e-17
I77_1_FC30W02AAXX:2:34:128:70/1	50	50	1	smNRPS-CB	5945	2171	2220	100	8.63e-17
I358_1_FC30VW9AAXX:8:36:245:537/1	51	51	1	smNRPS-CB	5945	5044	5094	100	2.4e-17
I358_1_FC30VW9AAXX:8:52:1079:1706/1	51	1	51	smNRPS-CB	5945	5171	5221	100	2.4e-17
I358_1_FC30VW9AAXX:8:35:124:1327/1	52	52	1	smNRPS-CB	5945	3386	3437	100	6.67e-18
I358_1_FC30VW9AAXX:8:52:1592:1456/1	52	1	52	smNRPS-CB	5945	322	373	100	6.67e-18
I358_1_FC30VW9AAXX:8:35:124:1327/2	54	1	54	smNRPS-CB	5945	3302	3355	100	5.16e-19
I358_1_FC30VW9AAXX:8:63:636:101/2	56	3	56	smNRPS-CB	5945	1861	1914	100	5.16e-19
I358_1_FC30VW9AAXX:8:28:348:887/2	54	54	1	smNRPS-CB	5945	1969	2022	100	5.16e-19
I358_1_FC30VW9AAXX:8:62:1481:1042/2	55	1	55	smNRPS-CB	5945	5851	5905	100	1.43e-19
I358_1_FC30VW9AAXX:8:40:256:1741/2	56	56	1	smNRPS-CB	5945	295	350	100	3.99e-20
I358_1_FC30VW9AAXX:8:28:993:194/2	56	56	1	smNRPS-CB	5945	1597	1652	100	3.99e-20
I358_1_FC30VW9AAXX:8:33:62:1712/1	57	57	1	smNRPS-CB	5945	2997	3053	100	1.11e-20
I358_1_FC30VW9AAXX:8:47:1109:1102/1	57	57	1	smNRPS-CB	5945	781	837	100	1.11e-20
I77_1_FC30W02AAXX:2:42:219:1215/1	58	58	1	smNRPS-CB	5945	5327	5384	100	3.08e-21
I358_1_FC30VW9AAXX:8:35:276:1394/2	64	1	64	smNRPS-CB	5945	2454	2517	96.875	3.08e-21
I358_1_FC30VW9AAXX:8:28:159:958/2	65	65	1	smNRPS-CB	5945	541	605	96.923	8.57e-22
I358_1_FC30VW9AAXX:8:79:1501:1367/2	59	1	59	smNRPS-CB	5945	1731	1789	100	8.57e-22
I358_1_FC30VW9AAXX:8:64:1194:1577/2	61	1	61	smNRPS-CB	5945	2939	2999	100	6.62e-23
I358_1_FC30VW9AAXX:8:33:62:1712/2	64	1	64	smNRPS-CB	5945	2928	2991	100	1.42e-24
I358_1_FC30VW9AAXX:8:47:1109:1102/2	67	1	67	smNRPS-CB	5945	720	786	100	3.06e-26
I358_1_FC30VW9AAXX:8:64:1154:1114/2	69	1	69	smNRPS-CB	5945	3238	3306	100	2.37e-27
I358_1_FC30VW9AAXX:8:21:174:917/2	71	1	71	smNRPS-CB	5945	808	878	100	1.83e-28
