FC6178FAAXX:2:33:16229:9772#TTAGGC/1	40	1	40	smNRPS-CC	5875	657	696	100	2.96e-10
FC6178FAAXX:2:114:13524:17224#TTAGGC/1	43	43	1	smNRPS-CC	5875	4509	4551	100	6.37e-12
FC6178FAAXX:2:107:7042:2461#TTAGGC/2	46	1	46	smNRPS-CC	5875	1600	1645	100	1.37e-13
FC6178FAAXX:2:93:1583:21022#TTAGGC/1	62	62	2	smNRPS-CC	5875	229	289	95.082	6.33e-17
FC6178FAAXX:2:19:5594:15207#TTAGGC/1	53	1	53	smNRPS-CC	5875	1867	1919	100	1.76e-17
FC6178FAAXX:2:67:3549:1313#TTAGGC/1	54	54	1	smNRPS-CC	5875	2469	2522	100	4.89e-18
FC6178FAAXX:2:66:17364:19381#TTAGGC/1	58	58	1	smNRPS-CC	5875	4864	4921	98.276	1.36e-18
FC6178FAAXX:2:69:19661:20032#TTAGGC/2	56	1	56	smNRPS-CC	5875	5059	5114	100	3.78e-19
FC6178FAAXX:2:119:10939:5473#TTAGGC/2	71	67	3	smNRPS-CC	5875	5393	5457	95.385	3.78e-19
FC6178FAAXX:2:69:19661:20032#TTAGGC/1	64	64	1	smNRPS-CC	5875	5316	5379	98.438	6.28e-22
FC6178FAAXX:2:24:16019:6491#TTAGGC/2	66	66	1	smNRPS-CC	5875	2876	2941	98.485	4.86e-23
FC6178FAAXX:2:37:17052:20110#CATTTT/1	71	1	71	smNRPS-CC	5875	1269	1339	97.183	3.75e-24
FC6178FAAXX:2:48:10639:4456#TTAGGC/1	71	71	1	smNRPS-CC	5875	3763	3833	97.183	3.75e-24
FC6178FAAXX:2:82:15148:21169#TTAGGC/1	71	71	1	smNRPS-CC	5875	1193	1263	97.183	3.75e-24
FC6178FAAXX:2:24:16019:6491#TTAGGC/1	71	1	71	smNRPS-CC	5875	2614	2684	98.592	8.07e-26
FC6178FAAXX:2:65:10668:2869#TTAGGC/1	71	1	71	smNRPS-CC	5875	3221	3291	98.592	8.07e-26
FC6178FAAXX:2:97:9701:20286#TTAGGC/1	71	71	1	smNRPS-CC	5875	1566	1636	98.592	8.07e-26
FC6178FAAXX:2:106:4733:15490#TTAGGC/1	71	71	1	smNRPS-CC	5875	181	251	98.592	8.07e-26
FC6178FAAXX:2:114:18910:8808#TTAGGC/1	71	1	71	smNRPS-CC	5875	481	551	98.592	8.07e-26
FC6178FAAXX:2:118:16242:7124#TTAGGC/1	71	71	1	smNRPS-CC	5875	4252	4322	98.592	8.07e-26
FC6178FAAXX:2:22:4426:20500#TTAGGC/2	71	71	1	smNRPS-CC	5875	438	508	98.592	8.07e-26
FC6178FAAXX:2:65:10668:2869#TTAGGC/2	71	70	1	smNRPS-CC	5875	3477	3546	100	6.24e-27
FC6178FAAXX:2:26:15576:9209#TTAGGC/1	71	71	1	smNRPS-CC	5875	619	689	100	1.73e-27
FC6178FAAXX:2:48:10639:4456#TTAGGC/2	71	1	71	smNRPS-CC	5875	3497	3567	100	1.73e-27
FC6178FAAXX:2:86:17796:2890#TTAGGC/2	71	1	71	smNRPS-CC	5875	5788	5858	100	1.73e-27
FC6178FAAXX:2:89:17497:4852#TTAGGC/2	71	1	71	smNRPS-CC	5875	5374	5444	100	1.73e-27
FC6178FAAXX:2:114:13524:17224#TTAGGC/2	71	1	71	smNRPS-CC	5875	4215	4285	100	1.73e-27
FC6178FAAXX:2:54:18959:19052#TTAGGC/1	50	1	50	smNRPS-CB	5945	2483	2532	96	1.79e-12
FC6178FAAXX:2:82:15148:21169#TTAGGC/2	49	49	1	smNRPS-CB	5945	4963	5011	97.959	1.39e-13
FC6178FAAXX:2:106:19409:17232#TTAGGC/2	61	1	61	smNRPS-CB	5945	4907	4967	95.082	6.4e-17
FC6178FAAXX:2:9:3698:15931#TTAGGC/1	53	53	1	smNRPS-CB	5945	5757	5809	100	1.78e-17
FC6178FAAXX:2:9:4193:14387#TTAGGC/2	71	1	60	smNRPS-CB	5945	5886	5945	96.667	4.95e-18
FC6178FAAXX:2:55:17503:2052#TTAGGC/2	55	1	55	smNRPS-CB	5945	5343	5397	100	1.38e-18
FC6178FAAXX:2:114:18910:8808#TTAGGC/2	58	1	58	smNRPS-CB	5945	5151	5208	98.276	1.38e-18
FC6178FAAXX:2:33:16229:9772#TTAGGC/2	65	1	65	smNRPS-CB	5945	4963	5027	95.385	3.83e-19
FC6178FAAXX:2:19:18519:12601#TTAGGC/1	63	63	1	smNRPS-CB	5945	3542	3604	96.825	1.06e-19
FC6178FAAXX:2:26:15576:9209#TTAGGC/2	61	61	1	smNRPS-CB	5945	5512	5572	98.361	2.96e-20
FC6178FAAXX:2:10:3507:14139#TTAGGC/2	64	1	64	smNRPS-CB	5945	4134	4197	98.438	6.36e-22
FC6178FAAXX:2:50:7765:18386#TTAGGC/2	67	67	1	smNRPS-CB	5945	2078	2144	97.015	6.36e-22
FC6178FAAXX:2:107:7042:2461#TTAGGC/1	64	1	64	smNRPS-CB	5945	4025	4088	100	1.37e-23
FC6178FAAXX:2:118:16242:7124#TTAGGC/2	71	70	1	smNRPS-CB	5945	1826	1895	97.143	1.37e-23
FC6178FAAXX:2:8:12765:3507#TTAGGC/1	71	1	71	smNRPS-CB	5945	536	606	97.183	3.8e-24
FC6178FAAXX:2:22:12214:18421#TTAGGC/1	71	68	1	smNRPS-CB	5945	3685	3752	98.529	3.8e-24
FC6178FAAXX:2:22:12214:18421#TTAGGC/2	71	1	71	smNRPS-CB	5945	3423	3493	97.183	3.8e-24
FC6178FAAXX:2:23:9877:15014#TTAGGC/2	71	71	1	smNRPS-CB	5945	75	145	97.183	3.8e-24
FC6178FAAXX:2:37:6092:4520#TTAGGC/1	71	1	71	smNRPS-CB	5945	3095	3165	97.183	3.8e-24
FC6178FAAXX:2:52:10069:1964#TTAGGC/2	71	1	71	smNRPS-CB	5945	5646	5716	97.183	3.8e-24
FC6178FAAXX:2:79:7171:3102#TTAGGC/1	71	1	71	smNRPS-CB	5945	113	183	97.183	3.8e-24
FC6178FAAXX:2:120:15106:5104#TTAGGC/2	71	1	71	smNRPS-CB	5945	3746	3816	97.183	3.8e-24
FC6178FAAXX:2:10:10698:5418#TTAGGC/2	69	69	1	smNRPS-CB	5945	1053	1121	98.551	1.06e-24
FC6178FAAXX:2:87:17037:12455#TTAGGC/1	66	1	66	smNRPS-CB	5945	4081	4146	100	1.06e-24
FC6178FAAXX:2:3:11196:10535#TTAGGC/2	71	71	1	smNRPS-CB	5945	1947	2017	98.592	8.17e-26
FC6178FAAXX:2:30:13495:2351#TTAGGC/1	71	71	1	smNRPS-CB	5945	362	432	98.592	8.17e-26
FC6178FAAXX:2:32:4606:2299#TTAGGC/2	71	71	1	smNRPS-CB	5945	2412	2482	98.592	8.17e-26
FC6178FAAXX:2:37:6092:4520#TTAGGC/2	71	71	1	smNRPS-CB	5945	3336	3406	98.592	8.17e-26
FC6178FAAXX:2:50:6222:7645#TTAGGC/2	71	1	68	smNRPS-CB	5945	4937	5004	100	8.17e-26
FC6178FAAXX:2:52:7016:18863#TTAGGC/2	71	1	71	smNRPS-CB	5945	1640	1710	98.592	8.17e-26
FC6178FAAXX:2:54:18959:19052#TTAGGC/2	71	71	1	smNRPS-CB	5945	2717	2787	98.592	8.17e-26
FC6178FAAXX:2:79:7171:3102#TTAGGC/2	71	71	1	smNRPS-CB	5945	373	443	98.592	8.17e-26
FC6178FAAXX:2:86:18042:15232#TTAGGC/2	71	1	71	smNRPS-CB	5945	4762	4832	98.592	8.17e-26
FC6178FAAXX:2:99:9372:13970#TTAGGC/2	71	1	71	smNRPS-CB	5945	1430	1500	98.592	8.17e-26
FC6178FAAXX:2:114:16899:11103#TTAGGC/1	71	71	1	smNRPS-CB	5945	431	501	98.592	8.17e-26
FC6178FAAXX:2:120:15106:5104#TTAGGC/1	71	71	1	smNRPS-CB	5945	3980	4050	98.592	8.17e-26
FC6178FAAXX:2:1:6693:2375#TTAGGC/2	69	69	1	smNRPS-CB	5945	2210	2278	100	2.27e-26
FC6178FAAXX:2:38:11895:13337#TTAGGC/1	71	71	2	smNRPS-CB	5945	2669	2738	100	6.3100000000000004e-27
FC6178FAAXX:2:99:9372:13970#TTAGGC/1	71	70	1	smNRPS-CB	5945	1686	1755	100	6.3100000000000004e-27
FC6178FAAXX:2:3:11196:10535#TTAGGC/1	71	1	71	smNRPS-CB	5945	1690	1760	100	1.76e-27
FC6178FAAXX:2:8:12765:3507#TTAGGC/2	71	71	1	smNRPS-CB	5945	801	871	100	1.76e-27
FC6178FAAXX:2:10:10698:5418#TTAGGC/1	71	1	71	smNRPS-CB	5945	797	867	100	1.76e-27
FC6178FAAXX:2:16:9138:9596#TTAGGC/1	71	1	71	smNRPS-CB	5945	2916	2986	100	1.76e-27
FC6178FAAXX:2:16:9138:9596#TTAGGC/2	71	71	1	smNRPS-CB	5945	3175	3245	100	1.76e-27
FC6178FAAXX:2:19:5594:15207#TTAGGC/2	71	1	71	smNRPS-CB	5945	3781	3851	100	1.76e-27
FC6178FAAXX:2:32:4606:2299#TTAGGC/1	71	1	71	smNRPS-CB	5945	2162	2232	100	1.76e-27
FC6178FAAXX:2:52:7016:18863#TTAGGC/1	71	71	1	smNRPS-CB	5945	1904	1974	100	1.76e-27
FC6178FAAXX:2:86:18042:15232#TTAGGC/1	71	71	1	smNRPS-CB	5945	5019	5089	100	1.76e-27
FC6178FAAXX:2:88:7356:12838#TTAGGC/1	71	1	71	smNRPS-CB	5945	5759	5829	100	1.76e-27
FC6178FAAXX:2:114:16899:11103#TTAGGC/2	71	1	71	smNRPS-CB	5945	168	238	100	1.76e-27
FC6178FAAXX:2:34:6530:8619#TTAGGC/1	71	1	71	smNRPS-CB	5945	716	786	100	1.76e-27
FC6178FAAXX:2:82:8878:5554#TTAGGC/1	71	1	71	smNRPS-CB	5945	3899	3969	100	1.76e-27
