A206BNABXX:3:6:12617:80278#CAGATCAT/2	57	1	57	smNRPS-CC	5875	1863	1919	100	2.41e-19
A206BNABXX:3:64:1449:169934#CAGATCAT/2	90	90	1	smNRPS-CC	5875	1266	1355	96.667	1.1e-32
B201TPABXX:2:22:7372:5879#CAGATCAT/2	69	2	66	smNRPS-CB	5945	1296	1360	98.462	4.06e-22
A206BNABXX:3:64:1449:169934#CAGATCAT/1	66	66	1	smNRPS-CB	5945	4835	4900	98.485	1.13e-22
A206BNABXX:3:44:10919:28958#CAGATCAT/1	70	70	1	smNRPS-CB	5945	5387	5456	97.143	3.14e-23
B201TPABXX:2:5:2729:19875#CAGATCAT/2	68	68	1	smNRPS-CB	5945	1933	2000	100	1.87e-25
B201TPABXX:2:1:3512:102533#CAGATCAT/1	80	80	6	smNRPS-CB	5945	1067	1141	98.667	1.12e-27
B201TPABXX:2:1:3512:102533#CAGATCAT/2	74	1	74	smNRPS-CB	5945	816	889	100	8.66e-29
B201TPABXX:2:26:7881:123725#CAGATCAT/2	90	90	1	smNRPS-CB	5945	2507	2596	95.556	5.18e-31
B201TPABXX:2:3:18404:165141#CAGATCAT/1	88	1	88	smNRPS-CB	5945	2035	2122	97.727	3.09e-33
B201TPABXX:2:22:7372:5879#CAGATCAT/1	86	86	1	smNRPS-CB	5945	1546	1631	98.837	8.6e-34
A206BNABXX:3:1:4711:21503#CAGATCAT/2	83	83	1	smNRPS-CB	5945	2316	2398	100	8.6e-34
A206BNABXX:3:1:4711:21503#CAGATCAT/1	90	1	90	smNRPS-CB	5945	2067	2156	97.778	2.39e-34
A206BNABXX:3:27:8274:197606#CAGATCAT/1	90	90	1	smNRPS-CB	5945	1163	1252	97.778	2.39e-34
A206BNABXX:3:44:10919:28958#CAGATCAT/2	90	1	90	smNRPS-CB	5945	5151	5240	97.778	2.39e-34
A206BNABXX:3:61:21091:20731#CAGATCAT/2	90	90	1	smNRPS-CB	5945	3227	3316	97.778	2.39e-34
A206BNABXX:3:6:12617:80278#CAGATCAT/1	90	1	86	smNRPS-CB	5945	3797	3882	100	1.85e-35
B201TPABXX:2:5:2729:19875#CAGATCAT/1	90	1	90	smNRPS-CB	5945	1645	1734	98.889	5.14e-36
A206BNABXX:3:27:8274:197606#CAGATCAT/2	90	1	90	smNRPS-CB	5945	929	1018	98.889	5.14e-36
A206BNABXX:3:61:21091:20731#CAGATCAT/1	90	1	90	smNRPS-CB	5945	2998	3087	98.889	5.14e-36
B201TPABXX:2:3:18404:165141#CAGATCAT/2	90	90	1	smNRPS-CB	5945	2271	2360	100	1.1e-37
B201TPABXX:2:26:7881:123725#CAGATCAT/1	90	1	90	smNRPS-CB	5945	2275	2364	100	1.1e-37
