I330_2_FC30VY5AAXX:7:55:880:1600/2	42	42	1	smNRPS-CC	5875	4076	4117	100	1.26e-12
I330_2_FC30VY5AAXX:7:17:870:608/2	48	1	48	smNRPS-CC	5875	4863	4910	100	5.83e-16
I321_1_FC30VV6AAXX:3:18:855:779/2	51	1	51	smNRPS-CC	5875	619	669	100	1.25e-17
I330_2_FC30VY5AAXX:7:10:1040:987/2	38	1	38	smNRPS-CB	5945	5443	5480	100	2.14e-10
I330_2_FC30VY5AAXX:7:48:340:326/1	40	1	40	smNRPS-CB	5945	3204	3243	100	1.65e-11
I321_1_FC30VV6AAXX:3:71:1356:154/1	40	1	40	smNRPS-CB	5945	1942	1981	100	1.65e-11
I321_1_FC30VV6AAXX:3:15:1091:715/2	41	1	41	smNRPS-CB	5945	5564	5604	100	4.59e-12
I321_1_FC30VV6AAXX:3:10:198:1577/2	44	44	1	smNRPS-CB	5945	412	455	100	9.87e-14
I330_2_FC30VY5AAXX:7:48:340:326/2	48	48	1	smNRPS-CB	5945	3283	3330	100	5.9e-16
I321_1_FC30VV6AAXX:3:48:1240:1879/2	48	48	1	smNRPS-CB	5945	62	109	100	5.9e-16
