FC615DRAAXX:5:102:15189:9577#0/1	42	1	42	smNRPS-CC	5875	2198	2239	100	2.59e-11
FC615DRAAXX:5:35:3625:8434#0/1	47	47	1	smNRPS-CC	5875	4269	4315	97.872	2e-12
FC615DRAAXX:5:84:4373:4360#0/2	49	1	49	smNRPS-CC	5875	4303	4351	97.959	1.55e-13
FC615DRAAXX:5:54:11879:9947#0/1	47	1	47	smNRPS-CC	5875	1123	1169	100	4.3e-14
FC615DRAAXX:5:91:11372:7239#0/2	72	1	47	smNRPS-CC	5875	5829	5875	100	4.3e-14
FC615DRAAXX:5:38:3415:9458#0/1	51	1	51	smNRPS-CC	5875	2407	2457	98.039	1.2e-14
FC615DRAAXX:5:79:8986:1308#0/1	72	1	52	smNRPS-CC	5875	5824	5875	100	7.15e-17
FC615DRAAXX:5:49:12911:1585#0/2	53	53	1	smNRPS-CC	5875	4893	4945	100	1.99e-17
FC615DRAAXX:5:2:8488:15693#0/1	56	1	56	smNRPS-CC	5875	5301	5356	98.214	1.99e-17
FC615DRAAXX:5:40:5972:14625#0/1	60	1	60	smNRPS-CC	5875	1199	1258	96.667	5.53e-18
FC615DRAAXX:5:22:5211:6219#0/1	56	56	1	smNRPS-CC	5875	692	747	100	4.27e-19
FC615DRAAXX:5:103:12699:8584#0/1	57	1	57	smNRPS-CC	5875	4578	4634	100	1.19e-19
FC615DRAAXX:5:38:3415:9458#0/2	62	62	1	smNRPS-CC	5875	2681	2742	98.387	9.18e-21
FC615DRAAXX:5:92:5979:13689#0/2	62	62	1	smNRPS-CC	5875	2296	2357	98.387	9.18e-21
FC615DRAAXX:5:109:4037:13483#0/1	63	1	63	smNRPS-CC	5875	633	696	98.438	2.55e-21
FC615DRAAXX:5:73:13334:924#0/2	61	61	1	smNRPS-CC	5875	5421	5481	100	7.1e-22
FC615DRAAXX:5:59:9448:18504#0/1	65	1	65	smNRPS-CC	5875	2926	2990	98.462	1.97e-22
FC615DRAAXX:5:9:7052:5601#0/2	72	1	66	smNRPS-CC	5875	3794	3859	98.485	5.49e-23
FC615DRAAXX:5:82:6586:4724#0/1	65	1	65	smNRPS-CC	5875	4518	4582	100	4.24e-24
FC615DRAAXX:5:4:8596:16967#0/2	72	1	72	smNRPS-CC	5875	925	996	97.222	1.18e-24
FC615DRAAXX:5:6:13566:4372#0/2	72	72	1	smNRPS-CC	5875	4789	4860	97.222	1.18e-24
FC615DRAAXX:5:76:9384:9962#0/1	72	7	72	smNRPS-CC	5875	1564	1629	100	1.18e-24
FC615DRAAXX:5:82:6586:4724#0/2	72	72	1	smNRPS-CC	5875	4770	4841	97.222	1.18e-24
FC615DRAAXX:5:84:4373:4360#0/1	66	66	1	smNRPS-CC	5875	4571	4636	100	1.18e-24
FC615DRAAXX:5:90:6335:1999#0/2	72	1	72	smNRPS-CC	5875	3724	3795	97.222	1.18e-24
FC615DRAAXX:5:114:7288:18930#0/2	72	72	1	smNRPS-CC	5875	5246	5317	97.222	1.18e-24
FC615DRAAXX:5:75:13412:11437#0/2	70	70	1	smNRPS-CC	5875	5203	5272	98.571	3.28e-25
FC615DRAAXX:5:76:14520:4930#0/2	67	1	67	smNRPS-CC	5875	1248	1314	100	3.28e-25
FC615DRAAXX:5:109:4515:6398#0/2	70	70	1	smNRPS-CC	5875	4670	4739	98.571	3.28e-25
FC615DRAAXX:5:68:8694:3317#0/1	71	1	71	smNRPS-CC	5875	3606	3676	98.592	9.12e-26
FC615DRAAXX:5:4:8596:16967#0/1	72	72	1	smNRPS-CC	5875	1175	1246	98.611	2.54e-26
FC615DRAAXX:5:15:9869:14371#0/1	72	72	1	smNRPS-CC	5875	662	733	98.611	2.54e-26
FC615DRAAXX:5:16:7549:4087#0/1	72	1	72	smNRPS-CC	5875	2587	2658	98.611	2.54e-26
FC615DRAAXX:5:16:7549:4087#0/2	72	72	1	smNRPS-CC	5875	2846	2917	98.611	2.54e-26
FC615DRAAXX:5:35:3625:8434#0/2	72	1	72	smNRPS-CC	5875	4006	4077	98.611	2.54e-26
FC615DRAAXX:5:40:13248:15981#0/1	72	1	72	smNRPS-CC	5875	128	199	98.611	2.54e-26
FC615DRAAXX:5:40:13248:15981#0/2	72	72	1	smNRPS-CC	5875	392	463	98.611	2.54e-26
FC615DRAAXX:5:59:9448:18504#0/2	72	72	1	smNRPS-CC	5875	3190	3261	98.611	2.54e-26
FC615DRAAXX:5:63:9659:10551#0/2	72	72	1	smNRPS-CC	5875	4604	4675	98.611	2.54e-26
FC615DRAAXX:5:75:13412:11437#0/1	72	1	72	smNRPS-CC	5875	4935	5006	98.611	2.54e-26
FC615DRAAXX:5:90:6335:1999#0/1	72	72	1	smNRPS-CC	5875	3978	4049	98.611	2.54e-26
FC615DRAAXX:5:90:8510:2775#0/1	72	1	72	smNRPS-CC	5875	1034	1105	98.611	2.54e-26
FC615DRAAXX:5:91:15045:10487#0/1	72	1	72	smNRPS-CC	5875	5778	5849	98.611	2.54e-26
FC615DRAAXX:5:94:6968:15524#0/1	72	1	69	smNRPS-CC	5875	474	542	100	2.54e-26
FC615DRAAXX:5:97:14850:9552#0/2	72	72	1	smNRPS-CC	5875	4381	4452	98.611	2.54e-26
FC615DRAAXX:5:99:11556:10939#0/2	72	1	72	smNRPS-CC	5875	2315	2386	98.611	2.54e-26
FC615DRAAXX:5:102:15189:9577#0/2	72	72	1	smNRPS-CC	5875	2453	2524	98.611	2.54e-26
FC615DRAAXX:5:103:12699:8584#0/2	72	72	1	smNRPS-CC	5875	4831	4902	98.611	2.54e-26
FC615DRAAXX:5:61:4832:7825#0/2	72	1	72	smNRPS-CC	5875	2865	2936	98.611	2.54e-26
FC615DRAAXX:5:62:11642:13239#0/1	72	2	72	smNRPS-CC	5875	2814	2884	100	1.96e-27
FC615DRAAXX:5:1:6982:20951#0/1	72	1	72	smNRPS-CC	5875	4539	4610	100	5.45e-28
FC615DRAAXX:5:6:13566:4372#0/1	72	1	72	smNRPS-CC	5875	4528	4599	100	5.45e-28
FC615DRAAXX:5:8:17559:11686#0/1	72	72	1	smNRPS-CC	5875	533	604	100	5.45e-28
FC615DRAAXX:5:8:17559:11686#0/2	72	1	72	smNRPS-CC	5875	278	349	100	5.45e-28
FC615DRAAXX:5:9:7052:5601#0/1	72	72	1	smNRPS-CC	5875	4031	4102	100	5.45e-28
FC615DRAAXX:5:14:7435:3229#0/1	72	72	1	smNRPS-CC	5875	5686	5757	100	5.45e-28
FC615DRAAXX:5:14:7435:3229#0/2	72	1	72	smNRPS-CC	5875	5440	5511	100	5.45e-28
FC615DRAAXX:5:15:9869:14371#0/2	72	1	72	smNRPS-CC	5875	462	533	100	5.45e-28
FC615DRAAXX:5:21:18121:16980#0/1	72	72	1	smNRPS-CC	5875	3166	3237	100	5.45e-28
FC615DRAAXX:5:22:5211:6219#0/2	72	1	72	smNRPS-CC	5875	461	532	100	5.45e-28
FC615DRAAXX:5:23:17259:10886#0/1	72	72	1	smNRPS-CC	5875	1854	1925	100	5.45e-28
FC615DRAAXX:5:24:10656:10798#0/2	72	72	1	smNRPS-CC	5875	1895	1966	100	5.45e-28
FC615DRAAXX:5:54:7350:14103#0/2	72	1	72	smNRPS-CC	5875	1012	1083	100	5.45e-28
FC615DRAAXX:5:62:6869:16052#0/1	72	1	72	smNRPS-CC	5875	44	115	100	5.45e-28
FC615DRAAXX:5:62:6869:16052#0/2	72	72	1	smNRPS-CC	5875	304	375	100	5.45e-28
FC615DRAAXX:5:62:11642:13239#0/2	72	72	1	smNRPS-CC	5875	3078	3149	100	5.45e-28
FC615DRAAXX:5:63:9659:10551#0/1	72	1	72	smNRPS-CC	5875	4463	4534	100	5.45e-28
FC615DRAAXX:5:76:9384:9962#0/2	72	72	1	smNRPS-CC	5875	1818	1889	100	5.45e-28
FC615DRAAXX:5:76:14520:4930#0/1	72	72	1	smNRPS-CC	5875	1751	1822	100	5.45e-28
FC615DRAAXX:5:92:5979:13689#0/1	72	1	72	smNRPS-CC	5875	2042	2113	100	5.45e-28
FC615DRAAXX:5:97:14850:9552#0/1	72	1	72	smNRPS-CC	5875	4123	4194	100	5.45e-28
FC615DRAAXX:5:109:4037:13483#0/2	72	72	1	smNRPS-CC	5875	875	946	100	5.45e-28
FC615DRAAXX:5:109:4515:6398#0/1	72	1	72	smNRPS-CC	5875	4423	4494	100	5.45e-28
FC615DRAAXX:5:114:7288:18930#0/1	72	1	72	smNRPS-CC	5875	5003	5074	100	5.45e-28
FC615DRAAXX:5:114:2969:13666#0/1	38	35	1	smNRPS-CB	5945	3264	3298	100	2.04e-7
FC615DRAAXX:5:49:12911:1585#0/1	43	42	1	smNRPS-CB	5945	1223	1264	100	2.62e-11
FC615DRAAXX:5:73:1681:20924#0/2	42	42	1	smNRPS-CB	5945	2334	2375	100	2.62e-11
FC615DRAAXX:5:100:4102:20871#0/1	50	50	1	smNRPS-CB	5945	3452	3501	98	4.35e-14
FC615DRAAXX:5:35:16644:5934#0/1	51	1	51	smNRPS-CB	5945	5488	5538	98.039	1.21e-14
FC615DRAAXX:5:85:19540:13191#0/2	57	1	57	smNRPS-CB	5945	1387	1443	96.491	2.6e-16
FC615DRAAXX:5:60:5377:2606#0/2	52	52	1	smNRPS-CB	5945	1021	1072	100	7.23e-17
FC615DRAAXX:5:3:10325:6282#0/1	56	3	56	smNRPS-CB	5945	275	328	100	5.59e-18
FC615DRAAXX:5:66:6151:21143#0/1	57	1	57	smNRPS-CB	5945	5354	5410	98.246	5.59e-18
FC615DRAAXX:5:2:10923:15407#0/2	61	61	1	smNRPS-CB	5945	5137	5197	96.721	1.56e-18
FC615DRAAXX:5:29:19573:9225#0/2	58	1	58	smNRPS-CB	5945	4134	4191	98.276	1.56e-18
FC615DRAAXX:5:7:7523:14058#0/2	56	1	56	smNRPS-CB	5945	388	443	100	4.32e-19
FC615DRAAXX:5:30:2553:2295#0/1	57	57	1	smNRPS-CB	5945	1022	1078	100	1.2e-19
FC615DRAAXX:5:100:4102:20871#0/2	57	1	57	smNRPS-CB	5945	3174	3230	100	1.2e-19
FC615DRAAXX:5:71:4064:6842#0/2	57	1	57	smNRPS-CB	5945	2958	3014	100	1.2e-19
FC615DRAAXX:5:21:18121:16980#0/2	61	61	1	smNRPS-CB	5945	3001	3061	98.361	3.34e-20
FC615DRAAXX:5:30:8319:1724#0/2	64	1	64	smNRPS-CB	5945	432	495	96.875	3.34e-20
FC615DRAAXX:5:42:15405:12049#0/2	68	68	1	smNRPS-CB	5945	3638	3705	95.588	9.29e-21
FC615DRAAXX:5:30:5077:1542#0/1	61	1	61	smNRPS-CB	5945	2844	2904	100	7.18e-22
FC615DRAAXX:5:32:9843:11969#0/2	72	67	1	smNRPS-CB	5945	4489	4555	97.015	7.18e-22
FC615DRAAXX:5:30:5077:1542#0/2	71	71	1	smNRPS-CB	5945	3096	3166	95.775	2e-22
FC615DRAAXX:5:24:18787:15063#0/1	72	1	72	smNRPS-CB	5945	4960	5031	95.833	5.55e-23
FC615DRAAXX:5:40:15087:9621#0/2	72	1	72	smNRPS-CB	5945	3306	3377	95.833	5.55e-23
FC615DRAAXX:5:84:1186:12390#0/2	72	1	72	smNRPS-CB	5945	5609	5680	95.833	5.55e-23
FC615DRAAXX:5:103:6083:2682#0/1	66	1	66	smNRPS-CB	5945	3363	3428	98.485	5.55e-23
FC615DRAAXX:5:36:4755:7320#0/1	72	72	2	smNRPS-CB	5945	1743	1811	97.183	1.54e-23
FC615DRAAXX:5:84:1186:12390#0/1	72	72	3	smNRPS-CB	5945	5861	5930	97.143	1.54e-23
FC615DRAAXX:5:90:1139:15072#0/2	72	3	72	smNRPS-CB	5945	1847	1916	97.143	1.54e-23
FC615DRAAXX:5:38:6117:19496#0/1	71	1	71	smNRPS-CB	5945	2478	2548	97.183	4.29e-24
FC615DRAAXX:5:73:1681:20924#0/1	71	1	71	smNRPS-CB	5945	2052	2122	97.183	4.29e-24
FC615DRAAXX:5:20:6282:6321#0/2	72	1	72	smNRPS-CB	5945	3269	3340	97.222	1.19e-24
FC615DRAAXX:5:25:8130:5985#0/1	72	1	72	smNRPS-CB	5945	3958	4029	97.222	1.19e-24
FC615DRAAXX:5:25:8130:5985#0/2	72	72	1	smNRPS-CB	5945	4212	4283	97.222	1.19e-24
FC615DRAAXX:5:30:8319:1724#0/1	72	72	1	smNRPS-CB	5945	679	750	97.222	1.19e-24
FC615DRAAXX:5:51:7017:17752#0/2	72	72	1	smNRPS-CB	5945	3141	3212	97.222	1.19e-24
FC615DRAAXX:5:68:17022:11887#0/2	72	1	72	smNRPS-CB	5945	1095	1166	97.222	1.19e-24
FC615DRAAXX:5:71:15191:7290#0/2	72	72	1	smNRPS-CB	5945	1672	1743	97.222	1.19e-24
FC615DRAAXX:5:74:5492:8252#0/2	66	1	66	smNRPS-CB	5945	3393	3458	100	1.19e-24
FC615DRAAXX:5:93:14042:19134#0/2	72	1	72	smNRPS-CB	5945	2676	2747	97.222	1.19e-24
FC615DRAAXX:5:47:1459:6036#0/2	70	1	70	smNRPS-CB	5945	956	1025	98.571	3.32e-25
FC615DRAAXX:5:72:8003:1601#0/2	67	1	67	smNRPS-CB	5945	5849	5915	100	3.32e-25
FC615DRAAXX:5:20:6282:6321#0/1	71	71	1	smNRPS-CB	5945	3514	3584	98.592	9.23e-26
FC615DRAAXX:5:54:11346:20038#0/1	71	71	1	smNRPS-CB	5945	2662	2732	98.592	9.23e-26
FC615DRAAXX:5:68:17022:11887#0/1	72	71	1	smNRPS-CB	5945	1328	1398	98.592	9.23e-26
FC615DRAAXX:5:94:5160:11992#0/1	72	1	71	smNRPS-CB	5945	3646	3716	98.592	9.23e-26
FC615DRAAXX:5:3:5270:19022#0/1	72	72	1	smNRPS-CB	5945	330	401	98.611	2.57e-26
FC615DRAAXX:5:3:5270:19022#0/2	72	1	72	smNRPS-CB	5945	80	151	98.611	2.57e-26
FC615DRAAXX:5:10:19141:14200#0/1	72	1	72	smNRPS-CB	5945	2649	2720	98.611	2.57e-26
FC615DRAAXX:5:10:19141:14200#0/2	72	72	1	smNRPS-CB	5945	2903	2974	98.611	2.57e-26
FC615DRAAXX:5:12:19636:18562#0/1	72	72	1	smNRPS-CB	5945	104	175	98.611	2.57e-26
FC615DRAAXX:5:13:4521:3844#0/1	72	1	72	smNRPS-CB	5945	3642	3713	98.611	2.57e-26
FC615DRAAXX:5:13:4521:3844#0/2	72	72	1	smNRPS-CB	5945	3891	3962	98.611	2.57e-26
FC615DRAAXX:5:15:14570:12587#0/1	72	72	1	smNRPS-CB	5945	207	278	98.611	2.57e-26
FC615DRAAXX:5:16:19170:4006#0/1	72	72	1	smNRPS-CB	5945	2819	2890	98.611	2.57e-26
FC615DRAAXX:5:24:18787:15063#0/2	72	72	1	smNRPS-CB	5945	5109	5180	98.611	2.57e-26
FC615DRAAXX:5:31:3824:19584#0/1	72	1	72	smNRPS-CB	5945	2895	2966	98.611	2.57e-26
FC615DRAAXX:5:36:4755:7320#0/2	72	1	72	smNRPS-CB	5945	1499	1570	98.611	2.57e-26
FC615DRAAXX:5:38:6117:19496#0/2	72	72	1	smNRPS-CB	5945	2757	2828	98.611	2.57e-26
FC615DRAAXX:5:40:15087:9621#0/1	72	72	1	smNRPS-CB	5945	3540	3611	98.611	2.57e-26
FC615DRAAXX:5:46:11915:11164#0/2	72	1	72	smNRPS-CB	5945	5271	5342	98.611	2.57e-26
FC615DRAAXX:5:49:10534:15877#0/1	72	72	1	smNRPS-CB	5945	2508	2579	98.611	2.57e-26
FC615DRAAXX:5:51:7017:17752#0/1	72	1	72	smNRPS-CB	5945	2894	2965	98.611	2.57e-26
FC615DRAAXX:5:56:6852:5403#0/1	72	1	72	smNRPS-CB	5945	2295	2366	98.611	2.57e-26
FC615DRAAXX:5:56:6852:5403#0/2	72	72	1	smNRPS-CB	5945	2510	2581	98.611	2.57e-26
FC615DRAAXX:5:61:6539:2095#0/1	72	72	1	smNRPS-CB	5945	2201	2272	98.611	2.57e-26
FC615DRAAXX:5:61:6539:2095#0/2	72	1	72	smNRPS-CB	5945	1940	2011	98.611	2.57e-26
FC615DRAAXX:5:64:10650:11580#0/1	72	72	1	smNRPS-CB	5945	5099	5170	98.611	2.57e-26
FC615DRAAXX:5:64:10650:11580#0/2	72	1	72	smNRPS-CB	5945	4841	4912	98.611	2.57e-26
FC615DRAAXX:5:93:5718:12821#0/1	72	1	72	smNRPS-CB	5945	5375	5446	98.611	2.57e-26
FC615DRAAXX:5:93:14042:19134#0/1	72	69	1	smNRPS-CB	5945	2915	2983	100	2.57e-26
FC615DRAAXX:5:99:11556:10939#0/1	72	1	72	smNRPS-CB	5945	3343	3414	98.611	2.57e-26
FC615DRAAXX:5:103:1139:18776#0/1	72	1	72	smNRPS-CB	5945	2667	2738	98.611	2.57e-26
FC615DRAAXX:5:103:6083:2682#0/2	72	72	1	smNRPS-CB	5945	3603	3674	98.611	2.57e-26
FC615DRAAXX:5:104:3520:8791#0/2	72	1	72	smNRPS-CB	5945	560	631	98.611	2.57e-26
FC615DRAAXX:5:109:11790:18508#0/1	72	72	1	smNRPS-CB	5945	4305	4376	98.611	2.57e-26
FC615DRAAXX:5:17:18306:17625#0/2	72	70	1	smNRPS-CB	5945	892	961	100	7.13e-27
FC615DRAAXX:5:46:11915:11164#0/1	72	70	1	smNRPS-CB	5945	5517	5586	100	7.13e-27
FC615DRAAXX:5:74:5492:8252#0/1	72	72	3	smNRPS-CB	5945	3614	3683	100	7.13e-27
FC615DRAAXX:5:76:7502:10900#0/1	72	1	70	smNRPS-CB	5945	4816	4885	100	7.13e-27
FC615DRAAXX:5:90:1139:15072#0/1	72	70	1	smNRPS-CB	5945	2096	2165	100	7.13e-27
FC615DRAAXX:5:54:11346:20038#0/2	72	2	72	smNRPS-CB	5945	2420	2490	100	1.98e-27
FC615DRAAXX:5:94:5160:11992#0/2	72	71	1	smNRPS-CB	5945	3895	3965	100	1.98e-27
FC615DRAAXX:5:109:11790:18508#0/2	71	1	71	smNRPS-CB	5945	4067	4137	100	1.98e-27
FC615DRAAXX:5:6:11754:8182#0/1	72	72	1	smNRPS-CB	5945	2173	2244	100	5.51e-28
FC615DRAAXX:5:6:11754:8182#0/2	72	1	72	smNRPS-CB	5945	1921	1992	100	5.51e-28
FC615DRAAXX:5:7:7523:14058#0/1	72	72	1	smNRPS-CB	5945	637	708	100	5.51e-28
FC615DRAAXX:5:9:3844:18952#0/2	72	1	72	smNRPS-CB	5945	1333	1404	100	5.51e-28
FC615DRAAXX:5:13:15025:9083#0/1	72	1	72	smNRPS-CB	5945	5829	5900	100	5.51e-28
FC615DRAAXX:5:16:15090:11363#0/1	72	72	1	smNRPS-CB	5945	5275	5346	100	5.51e-28
FC615DRAAXX:5:16:15090:11363#0/2	72	1	72	smNRPS-CB	5945	5025	5096	100	5.51e-28
FC615DRAAXX:5:17:18306:17625#0/1	72	1	72	smNRPS-CB	5945	637	708	100	5.51e-28
FC615DRAAXX:5:30:2553:2295#0/2	72	1	72	smNRPS-CB	5945	752	823	100	5.51e-28
FC615DRAAXX:5:31:3824:19584#0/2	72	72	1	smNRPS-CB	5945	3150	3221	100	5.51e-28
FC615DRAAXX:5:38:3620:10392#0/1	72	1	72	smNRPS-CB	5945	5519	5590	100	5.51e-28
FC615DRAAXX:5:38:3620:10392#0/2	72	72	1	smNRPS-CB	5945	5771	5842	100	5.51e-28
FC615DRAAXX:5:42:15405:12049#0/1	72	1	72	smNRPS-CB	5945	3387	3458	100	5.51e-28
FC615DRAAXX:5:49:10534:15877#0/2	72	1	72	smNRPS-CB	5945	2248	2319	100	5.51e-28
FC615DRAAXX:5:60:5377:2606#0/1	72	1	72	smNRPS-CB	5945	801	872	100	5.51e-28
FC615DRAAXX:5:63:17354:6642#0/2	72	1	72	smNRPS-CB	5945	5821	5892	100	5.51e-28
FC615DRAAXX:5:71:15191:7290#0/1	72	1	72	smNRPS-CB	5945	1407	1478	100	5.51e-28
FC615DRAAXX:5:74:4934:2513#0/1	72	1	72	smNRPS-CB	5945	5729	5800	100	5.51e-28
FC615DRAAXX:5:76:7502:10900#0/2	72	72	1	smNRPS-CB	5945	5064	5135	100	5.51e-28
FC615DRAAXX:5:78:10548:2926#0/1	72	72	1	smNRPS-CB	5945	806	877	100	5.51e-28
FC615DRAAXX:5:86:12135:16690#0/1	72	72	1	smNRPS-CB	5945	2162	2233	100	5.51e-28
FC615DRAAXX:5:86:12135:16690#0/2	72	1	72	smNRPS-CB	5945	1922	1993	100	5.51e-28
FC615DRAAXX:5:95:12397:3023#0/1	72	72	1	smNRPS-CB	5945	132	203	100	5.51e-28
FC615DRAAXX:5:101:5498:5040#0/2	72	1	72	smNRPS-CB	5945	816	887	100	5.51e-28
FC615DRAAXX:5:103:1139:18776#0/2	72	72	1	smNRPS-CB	5945	2932	3003	100	5.51e-28
FC615DRAAXX:5:104:3520:8791#0/1	72	72	1	smNRPS-CB	5945	803	874	100	5.51e-28
