B200YWABXX:3:22:10656:122926#CTTGTAA/2	85	1	85	smNRPS-CC	5875	4237	4321	96.471	5.07e-30
A200FVABXX:4:62:10977:52783#CTTGTA/1	49	49	1	smNRPS-CB	5945	4208	4256	100	5.24e-15
B200YWABXX:3:26:18982:50908#CTTGTAA/1	50	50	1	smNRPS-CB	5945	182	231	100	1.46e-15
B200YWABXX:3:27:16644:165193#CTTGTAA/1	60	60	1	smNRPS-CB	5945	5867	5926	100	4.02e-21
B200YWABXX:3:27:16644:165193#CTTGTAA/2	75	1	75	smNRPS-CB	5945	5618	5692	96	1.86e-24
B200YWABXX:3:63:2965:53634#CTTGTAA/1	85	1	85	smNRPS-CB	5945	4857	4941	95.294	2.39e-28
B200YWABXX:3:22:10656:122926#CTTGTAA/1	80	1	80	smNRPS-CB	5945	1308	1387	97.5	6.63e-29
A200FVABXX:4:68:4476:181714#CTTGTA/2	85	85	1	smNRPS-CB	5945	4837	4921	96.471	5.13e-30
B200YWABXX:3:67:12388:150925#CTTGTAA/1	85	1	85	smNRPS-CB	5945	3547	3631	97.647	1.1e-31
A200FVABXX:4:64:17327:70001#CTTGTA/2	80	80	1	smNRPS-CB	5945	1301	1380	100	3.06e-32
A200FVABXX:4:61:10745:133971#CTTGTA/1	85	85	1	smNRPS-CB	5945	4964	5048	98.824	2.37e-33
A200FVABXX:4:61:10745:133971#CTTGTA/2	85	1	85	smNRPS-CB	5945	4735	4819	98.824	2.37e-33
A200FVABXX:4:64:17327:70001#CTTGTA/1	85	1	85	smNRPS-CB	5945	1083	1167	98.824	2.37e-33
B200YWABXX:3:67:12388:150925#CTTGTAA/2	85	85	1	smNRPS-CB	5945	3768	3852	98.824	2.37e-33
A200FVABXX:4:62:10977:52783#CTTGTA/2	85	1	85	smNRPS-CB	5945	3954	4038	100	5.09e-35
A200FVABXX:4:65:11585:170743#CTTGTA/1	85	1	85	smNRPS-CB	5945	2646	2730	100	5.09e-35
A200FVABXX:4:65:11585:170743#CTTGTA/2	85	85	1	smNRPS-CB	5945	2881	2965	100	5.09e-35
A200FVABXX:4:68:4476:181714#CTTGTA/1	85	1	85	smNRPS-CB	5945	4596	4680	100	5.09e-35
B200YWABXX:3:63:4810:43678#CTTGTAA/1	85	1	85	smNRPS-CB	5945	5187	5271	100	5.09e-35
B200YWABXX:3:63:4810:43678#CTTGTAA/2	85	85	1	smNRPS-CB	5945	5425	5509	100	5.09e-35
B200YWABXX:3:63:2965:53634#CTTGTAA/2	85	85	1	smNRPS-CB	5945	5085	5169	100	5.09e-35
