I352_2_FC30VYJAAXX:6:21:462:1778/1	41	41	1	smNRPS-CC	5875	3928	3968	100	9.33e-12
I352_2_FC30VYJAAXX:6:84:334:1867/1	42	1	42	smNRPS-CC	5875	1213	1254	100	2.59e-12
I352_2_FC30VYJAAXX:6:57:446:1385/2	43	1	43	smNRPS-CC	5875	5041	5083	100	7.21e-13
I352_2_FC30VYJAAXX:6:57:446:1385/1	54	54	1	smNRPS-CC	5875	5118	5171	98.148	7.16e-18
I80_1_FC30VGAAAXX:4:19:1206:89/2	40	40	1	smNRPS-CB	5945	1928	1967	100	3.4e-11
I352_2_FC30VYJAAXX:6:70:40:1659/1	42	42	1	smNRPS-CB	5945	75	116	100	2.63e-12
I352_2_FC30VYJAAXX:6:9:1297:1285/1	49	1	49	smNRPS-CB	5945	259	307	97.959	1.57e-14
I352_2_FC30VYJAAXX:6:30:918:1459/1	49	49	1	smNRPS-CB	5945	3017	3065	100	3.37e-16
I352_2_FC30VYJAAXX:6:93:1240:996/1	52	52	1	smNRPS-CB	5945	1584	1635	100	7.25e-18
I80_1_FC30VGAAAXX:4:34:1370:309/2	53	1	53	smNRPS-CB	5945	5305	5357	100	2.02e-18
I352_2_FC30VYJAAXX:6:85:1496:916/1	53	53	1	smNRPS-CB	5945	3072	3124	100	2.02e-18
