FC615GUAAXX:6:47:18114:8553#0/2	55	1	55	smNRPS-CC	5875	2199	2253	100	1.55e-18
FC615GUAAXX:6:115:15816:12168#0/2	61	1	61	smNRPS-CC	5875	1172	1232	98.361	3.32e-20
FC615GUAAXX:6:34:12243:6947#0/1	71	1	71	smNRPS-CC	5875	1281	1351	95.775	1.99e-22
FC615GUAAXX:6:106:10501:8303#0/1	71	71	1	smNRPS-CC	5875	1371	1441	95.775	1.99e-22
FC615GUAAXX:6:37:12077:2452#0/1	71	71	1	smNRPS-CC	5875	3233	3303	98.592	9.18e-26
FC615GUAAXX:6:61:13883:17142#0/1	71	71	1	smNRPS-CC	5875	3234	3304	98.592	9.18e-26
FC615GUAAXX:6:69:12380:17074#0/1	71	71	1	smNRPS-CC	5875	3046	3116	98.592	9.18e-26
FC615GUAAXX:6:115:15816:12168#0/1	71	71	1	smNRPS-CC	5875	1673	1743	98.592	9.18e-26
FC615GUAAXX:6:61:13883:17142#0/2	72	1	69	smNRPS-CC	5875	2992	3060	100	2.55e-26
FC615GUAAXX:6:69:12380:17074#0/2	72	1	72	smNRPS-CC	5875	2809	2880	98.611	2.55e-26
FC615GUAAXX:6:47:18114:8553#0/1	71	71	1	smNRPS-CC	5875	2453	2523	100	1.97e-27
FC615GUAAXX:6:84:8294:8817#0/1	71	1	71	smNRPS-CC	5875	2689	2759	100	1.97e-27
FC615GUAAXX:6:37:12077:2452#0/2	72	1	72	smNRPS-CC	5875	2976	3047	100	5.49e-28
FC615GUAAXX:6:77:8951:7019#0/2	59	1	59	smNRPS-CB	5945	5196	5254	98.305	4.35e-19
FC615GUAAXX:6:87:7282:11373#0/1	71	1	71	smNRPS-CB	5945	1079	1149	95.775	2.01e-22
FC615GUAAXX:6:108:16655:3344#0/1	71	71	1	smNRPS-CB	5945	3491	3561	95.775	2.01e-22
FC615GUAAXX:6:93:1254:13914#0/1	71	71	1	smNRPS-CB	5945	3027	3097	97.183	4.32e-24
FC617DLAAXX:2:61:15654:4547#ATCACG/2	72	1	72	smNRPS-CB	5945	1184	1255	97.222	1.2e-24
FC615GUAAXX:6:40:4539:7444#0/1	71	2	71	smNRPS-CB	5945	68	137	98.571	3.34e-25
FC617DLAAXX:2:61:15654:4547#ATCACG/1	71	71	1	smNRPS-CB	5945	1438	1508	98.592	9.29e-26
FC615GUAAXX:6:107:8975:9354#0/1	71	71	1	smNRPS-CB	5945	2374	2444	98.592	9.29e-26
FC615GUAAXX:6:40:4539:7444#0/2	72	72	1	smNRPS-CB	5945	314	385	98.611	2.58e-26
FC615GUAAXX:6:87:7282:11373#0/2	72	72	1	smNRPS-CB	5945	1319	1390	98.611	2.58e-26
FC615GUAAXX:6:93:1254:13914#0/2	72	1	72	smNRPS-CB	5945	2783	2854	98.611	2.58e-26
FC615GUAAXX:6:108:16655:3344#0/2	72	1	72	smNRPS-CB	5945	3253	3324	98.611	2.58e-26
FC617DLAAXX:2:114:9224:2644#ATCACG/1	71	71	1	smNRPS-CB	5945	1647	1717	100	2e-27
FC615GUAAXX:6:62:14840:12537#0/1	71	1	71	smNRPS-CB	5945	5759	5829	100	2e-27
FC615GUAAXX:6:77:8951:7019#0/1	71	71	1	smNRPS-CB	5945	5335	5405	100	2e-27
FC617DLAAXX:2:114:9224:2644#ATCACG/2	72	1	72	smNRPS-CB	5945	1648	1719	100	5.55e-28
FC615GUAAXX:6:84:8294:8817#0/2	72	1	72	smNRPS-CB	5945	2964	3035	100	5.55e-28
FC615GUAAXX:6:106:10501:8303#0/2	72	72	1	smNRPS-CB	5945	4747	4818	100	5.55e-28
FC615GUAAXX:6:107:8975:9354#0/2	72	1	72	smNRPS-CB	5945	2141	2212	100	5.55e-28
