B200YWABXX:2:67:18369:171894#GATCAGA/1	69	1	69	smNRPS-CC	5875	407	475	98.551	1.64e-24
B200YWABXX:2:67:18369:171894#GATCAGA/2	69	69	1	smNRPS-CC	5875	650	718	100	3.53e-26
B200YWABXX:2:42:13899:104079#GATCAGA/1	55	55	1	smNRPS-CB	5945	4927	4981	100	2.16e-18
B200YWABXX:2:24:6529:198447#GATCAGA/1	63	63	1	smNRPS-CB	5945	4211	4273	100	7.73e-23
B200YWABXX:2:23:4093:43003#GATCAGA/1	79	1	79	smNRPS-CB	5945	1161	1239	98.734	4.59e-30
B200YWABXX:2:67:15393:200306#GATCAGA/2	79	79	1	smNRPS-CB	5945	3159	3237	100	9.86e-32
B200YWABXX:2:8:18875:59237#GATCAGA/2	85	85	1	smNRPS-CB	5945	5006	5090	98.824	2.12e-33
B200YWABXX:2:28:3617:183669#GATCAGA/2	84	84	1	smNRPS-CB	5945	772	855	100	1.64e-34
A200FVABXX:3:24:19384:77203#GATCAG/1	85	85	1	smNRPS-CB	5945	701	785	100	4.55e-35
A200FVABXX:3:24:19384:77203#GATCAG/2	85	1	85	smNRPS-CB	5945	478	562	100	4.55e-35
B200YWABXX:2:8:18875:59237#GATCAGA/1	85	1	85	smNRPS-CB	5945	4781	4865	100	4.55e-35
B200YWABXX:2:23:4093:43003#GATCAGA/2	85	85	1	smNRPS-CB	5945	1386	1470	100	4.55e-35
B200YWABXX:2:24:6529:198447#GATCAGA/2	85	1	85	smNRPS-CB	5945	3951	4035	100	4.55e-35
B200YWABXX:2:28:3617:183669#GATCAGA/1	85	1	85	smNRPS-CB	5945	533	617	100	4.55e-35
B200YWABXX:2:42:13899:104079#GATCAGA/2	85	1	85	smNRPS-CB	5945	4656	4740	100	4.55e-35
B200YWABXX:2:67:15393:200306#GATCAGA/1	85	1	85	smNRPS-CB	5945	2913	2997	100	4.55e-35
