B201LRABXX:2:43:20782:183747#CGATGTA/1	83	41	83	smNRPS-CC	5875	1	43	100	1.16e-11
A2026YABXX:6:1:5729:56012#CGATGTA/2	64	1	51	smNRPS-CC	5875	5825	5875	100	4.16e-16
B201LRABXX:2:61:20796:81375#CGATGTA/2	61	58	1	smNRPS-CC	5875	504	561	98.276	2.48e-18
A2026YABXX:6:21:6130:82267#CGATGTA/1	64	64	1	smNRPS-CC	5875	2329	2392	98.438	1.15e-21
B201LRABXX:2:43:20782:183747#CGATGTA/2	75	75	1	smNRPS-CC	5875	183	257	98.667	8.81e-28
B201LRABXX:2:3:18411:99636#CGATGTA/1	84	1	84	smNRPS-CC	5875	1202	1285	96.429	1.89e-29
A2026YABXX:6:2:5627:14270#CGATGTA/2	79	1	79	smNRPS-CC	5875	3537	3615	98.734	5.26e-30
A2026YABXX:6:2:5627:14270#CGATGTA/1	84	84	1	smNRPS-CC	5875	3747	3830	97.619	4.07e-31
B201LRABXX:2:3:18411:99636#CGATGTA/2	84	84	1	smNRPS-CC	5875	1597	1680	98.81	8.74e-33
A2026YABXX:6:1:13428:82078#CGATGTA/2	39	39	1	smNRPS-CB	5945	4196	4234	100	1.97e-9
B201LRABXX:2:61:18336:179256#CGATGTA/2	46	43	1	smNRPS-CB	5945	4948	4990	100	1.18e-11
A2026YABXX:6:23:18153:38917#CGATGTA/1	43	43	1	smNRPS-CB	5945	3339	3381	100	1.18e-11
A2026YABXX:6:62:20990:164477#CGATGTA/2	47	1	47	smNRPS-CB	5945	3652	3698	97.872	3.27e-12
A2026YABXX:6:5:10252:104038#CGATGTA/1	47	47	1	smNRPS-CB	5945	1259	1305	100	7.04e-14
A2026YABXX:6:41:8716:28762#CGATGTA/2	51	1	51	smNRPS-CB	5945	3997	4047	98.039	1.96e-14
A2026YABXX:6:1:2134:28265#CGATGTA/1	49	49	1	smNRPS-CB	5945	622	670	100	5.44e-15
A2026YABXX:6:24:15634:107993#CGATGTA/2	49	49	1	smNRPS-CB	5945	3822	3870	100	5.44e-15
B201LRABXX:2:68:21088:125004#CGATGTA/2	53	53	1	smNRPS-CB	5945	5032	5084	100	3.25e-17
A2026YABXX:6:6:13498:181165#CGATGTA/2	54	54	1	smNRPS-CB	5945	5732	5785	100	9.04e-18
B201LRABXX:2:48:5805:121193#CGATGTA/2	56	56	1	smNRPS-CB	5945	4182	4237	100	6.99e-19
A2026YABXX:6:41:6338:191717#CGATGTA/2	63	63	1	smNRPS-CB	5945	2008	2070	96.825	1.94e-19
A2026YABXX:6:41:8716:28762#CGATGTA/1	58	58	1	smNRPS-CB	5945	4240	4297	100	5.4e-20
A2026YABXX:6:62:20389:130469#CGATGTA/2	63	1	63	smNRPS-CB	5945	3047	3109	100	8.98e-23
B201LRABXX:2:64:19452:118463#CGATGTA/2	65	1	65	smNRPS-CB	5945	2594	2658	100	6.94e-24
A2026YABXX:6:28:15001:34453#CGATGTA/2	68	66	1	smNRPS-CB	5945	5519	5584	100	1.93e-24
A2026YABXX:6:22:6372:150518#CGATGTA/1	69	1	69	smNRPS-CB	5945	347	415	98.551	1.93e-24
B201LRABXX:2:3:7793:70396#CGATGTA/2	67	67	1	smNRPS-CB	5945	1232	1298	100	5.36e-25
A2026YABXX:6:42:13872:12928#CGATGTA/2	71	3	71	smNRPS-CB	5945	5667	5735	100	4.15e-26
B201LRABXX:2:4:18567:17845#CGATGTA/2	73	73	1	smNRPS-CB	5945	2981	3053	98.63	1.15e-26
A2026YABXX:6:5:10252:104038#CGATGTA/2	74	1	74	smNRPS-CB	5945	1001	1074	98.649	3.21e-27
A2026YABXX:6:21:6130:82267#CGATGTA/2	74	74	1	smNRPS-CB	5945	3829	3902	98.649	3.21e-27
B201LRABXX:2:23:4745:10953#CGATGTA/1	84	84	1	smNRPS-CB	5945	1815	1896	96.429	6.89e-29
B201LRABXX:2:62:2160:39370#CGATGTA/2	74	74	1	smNRPS-CB	5945	4691	4764	100	6.89e-29
A2026YABXX:6:28:6892:43847#CGATGTA/2	83	83	1	smNRPS-CB	5945	4875	4957	96.386	6.89e-29
A2026YABXX:6:68:13991:93315#CGATGTA/2	77	1	77	smNRPS-CB	5945	2596	2672	98.701	6.89e-29
A2026YABXX:6:21:14091:161908#CGATGTA/2	78	1	78	smNRPS-CB	5945	2007	2084	98.718	1.92e-29
B201LRABXX:2:61:18336:179256#CGATGTA/1	76	1	76	smNRPS-CB	5945	4694	4769	100	5.33e-30
B201LRABXX:2:27:6616:75815#CGATGTA/2	77	77	1	smNRPS-CB	5945	2008	2084	100	1.48e-30
A2026YABXX:6:23:16966:200255#CGATGTA/1	77	77	1	smNRPS-CB	5945	2916	2992	100	1.48e-30
B201LRABXX:2:1:4585:127541#CGATGTA/1	84	1	84	smNRPS-CB	5945	3549	3632	97.619	4.12e-31
B201LRABXX:2:2:12996:81078#CGATGTA/1	84	84	1	smNRPS-CB	5945	4796	4879	97.619	4.12e-31
B201LRABXX:2:61:19161:174026#CGATGTA/1	78	1	78	smNRPS-CB	5945	1153	1230	100	4.12e-31
A2026YABXX:6:6:15601:88617#CGATGTA/1	84	84	1	smNRPS-CB	5945	1054	1137	97.619	4.12e-31
A2026YABXX:6:23:8406:48179#CGATGTA/2	84	84	1	smNRPS-CB	5945	1025	1108	97.619	4.12e-31
A2026YABXX:6:24:15634:107993#CGATGTA/1	84	1	84	smNRPS-CB	5945	3557	3640	97.619	4.12e-31
A2026YABXX:6:27:8435:121904#CGATGTA/1	84	84	1	smNRPS-CB	5945	121	204	97.619	4.12e-31
A2026YABXX:6:28:12304:155125#CGATGTA/2	84	1	84	smNRPS-CB	5945	5827	5910	97.619	4.12e-31
A2026YABXX:6:46:1975:100585#CGATGTA/1	84	1	84	smNRPS-CB	5945	2651	2734	97.619	4.12e-31
A2026YABXX:6:65:12428:43746#CGATGTA/1	84	1	84	smNRPS-CB	5945	4248	4331	97.619	4.12e-31
B201LRABXX:2:3:2663:9431#CGATGTA/2	79	79	1	smNRPS-CB	5945	536	614	100	1.14e-31
B201LRABXX:2:5:10572:133826#CGATGTA/1	79	1	79	smNRPS-CB	5945	4392	4470	100	1.14e-31
B201LRABXX:2:26:19750:181175#CGATGTA/1	82	82	1	smNRPS-CB	5945	4748	4829	98.78	1.14e-31
B201LRABXX:2:61:19161:174026#CGATGTA/2	79	79	1	smNRPS-CB	5945	1354	1432	100	1.14e-31
A2026YABXX:6:24:15963:64903#CGATGTA/1	82	1	82	smNRPS-CB	5945	1188	1269	98.78	1.14e-31
A2026YABXX:6:65:6790:171061#CGATGTA/1	79	79	1	smNRPS-CB	5945	5193	5271	100	1.14e-31
A2026YABXX:6:48:16497:186948#CGATGTA/1	80	80	1	smNRPS-CB	5945	4261	4340	100	3.18e-32
B201LRABXX:2:6:12503:77872#CGATGTA/1	84	84	1	smNRPS-CB	5945	2001	2084	98.81	8.85e-33
B201LRABXX:2:22:7230:57677#CGATGTA/1	84	84	1	smNRPS-CB	5945	1534	1617	98.81	8.85e-33
B201LRABXX:2:28:7953:72743#CGATGTA/1	84	84	1	smNRPS-CB	5945	4760	4843	98.81	8.85e-33
B201LRABXX:2:48:12173:91102#CGATGTA/2	84	1	84	smNRPS-CB	5945	655	738	98.81	8.85e-33
B201LRABXX:2:61:8586:164815#CGATGTA/2	84	84	1	smNRPS-CB	5945	2764	2847	98.81	8.85e-33
B201LRABXX:2:64:19452:118463#CGATGTA/1	84	84	1	smNRPS-CB	5945	2804	2887	98.81	8.85e-33
A2026YABXX:6:1:13428:82078#CGATGTA/1	84	1	84	smNRPS-CB	5945	3910	3993	98.81	8.85e-33
A2026YABXX:6:6:20027:4112#CGATGTA/2	84	84	1	smNRPS-CB	5945	304	387	98.81	8.85e-33
A2026YABXX:6:6:15601:88617#CGATGTA/2	84	1	84	smNRPS-CB	5945	835	918	98.81	8.85e-33
A2026YABXX:6:6:13498:181165#CGATGTA/1	84	1	84	smNRPS-CB	5945	5477	5560	98.81	8.85e-33
A2026YABXX:6:8:3396:34752#CGATGTA/1	84	84	1	smNRPS-CB	5945	172	255	98.81	8.85e-33
A2026YABXX:6:21:15840:170202#CGATGTA/1	84	1	84	smNRPS-CB	5945	4067	4150	98.81	8.85e-33
A2026YABXX:6:27:10472:61776#CGATGTA/1	84	84	1	smNRPS-CB	5945	4787	4870	98.81	8.85e-33
A2026YABXX:6:62:4302:152670#CGATGTA/1	84	84	1	smNRPS-CB	5945	4424	4507	98.81	8.85e-33
A2026YABXX:6:65:6790:171061#CGATGTA/2	84	1	84	smNRPS-CB	5945	4956	5039	98.81	8.85e-33
A2026YABXX:6:66:15890:99149#CGATGTA/2	84	1	84	smNRPS-CB	5945	2804	2887	98.81	8.85e-33
A2026YABXX:6:68:2184:94726#CGATGTA/2	84	81	1	smNRPS-CB	5945	1167	1247	100	8.85e-33
B201LRABXX:2:3:7793:70396#CGATGTA/1	83	1	83	smNRPS-CB	5945	982	1064	100	6.84e-34
B201LRABXX:2:5:10572:133826#CGATGTA/2	83	83	1	smNRPS-CB	5945	4639	4721	100	6.84e-34
A2026YABXX:6:21:11953:124166#CGATGTA/2	83	83	1	smNRPS-CB	5945	1952	2034	100	6.84e-34
A2026YABXX:6:24:11696:26655#CGATGTA/1	83	1	83	smNRPS-CB	5945	4114	4196	100	6.84e-34
B201LRABXX:2:2:10083:63998#CGATGTA/1	84	84	1	smNRPS-CB	5945	758	841	100	1.9e-34
B201LRABXX:2:3:2663:9431#CGATGTA/1	84	1	84	smNRPS-CB	5945	316	399	100	1.9e-34
B201LRABXX:2:4:16851:188124#CGATGTA/1	84	1	84	smNRPS-CB	5945	5330	5413	100	1.9e-34
B201LRABXX:2:4:16851:188124#CGATGTA/2	84	84	1	smNRPS-CB	5945	5536	5619	100	1.9e-34
B201LRABXX:2:7:9842:116612#CGATGTA/1	84	84	1	smNRPS-CB	5945	519	602	100	1.9e-34
B201LRABXX:2:22:7230:57677#CGATGTA/2	84	1	84	smNRPS-CB	5945	1297	1380	100	1.9e-34
B201LRABXX:2:23:4745:10953#CGATGTA/2	84	1	84	smNRPS-CB	5945	1583	1666	100	1.9e-34
B201LRABXX:2:26:19750:181175#CGATGTA/2	84	1	84	smNRPS-CB	5945	4528	4611	100	1.9e-34
B201LRABXX:2:28:7953:72743#CGATGTA/2	84	1	84	smNRPS-CB	5945	4523	4606	100	1.9e-34
B201LRABXX:2:28:11284:188205#CGATGTA/2	84	1	84	smNRPS-CB	5945	5109	5192	100	1.9e-34
B201LRABXX:2:45:2303:20339#CGATGTA/1	84	84	1	smNRPS-CB	5945	530	613	100	1.9e-34
B201LRABXX:2:45:2303:20339#CGATGTA/2	84	1	84	smNRPS-CB	5945	304	387	100	1.9e-34
B201LRABXX:2:46:5866:12465#CGATGTA/1	84	84	1	smNRPS-CB	5945	5292	5375	100	1.9e-34
B201LRABXX:2:46:5866:12465#CGATGTA/2	84	1	84	smNRPS-CB	5945	5069	5152	100	1.9e-34
B201LRABXX:2:48:12173:91102#CGATGTA/1	84	84	1	smNRPS-CB	5945	875	958	100	1.9e-34
B201LRABXX:2:48:5805:121193#CGATGTA/1	84	1	84	smNRPS-CB	5945	3929	4012	100	1.9e-34
B201LRABXX:2:61:8586:164815#CGATGTA/1	84	1	84	smNRPS-CB	5945	2550	2633	100	1.9e-34
B201LRABXX:2:63:6133:177960#CGATGTA/2	84	84	1	smNRPS-CB	5945	4061	4144	100	1.9e-34
A2026YABXX:6:4:11716:147482#CGATGTA/1	84	1	84	smNRPS-CB	5945	3457	3540	100	1.9e-34
A2026YABXX:6:6:20027:4112#CGATGTA/1	84	1	84	smNRPS-CB	5945	70	153	100	1.9e-34
A2026YABXX:6:6:20233:24921#CGATGTA/1	84	84	1	smNRPS-CB	5945	507	590	100	1.9e-34
A2026YABXX:6:6:14211:57675#CGATGTA/1	84	84	1	smNRPS-CB	5945	1549	1632	100	1.9e-34
A2026YABXX:6:21:11953:124166#CGATGTA/1	84	1	84	smNRPS-CB	5945	1710	1793	100	1.9e-34
A2026YABXX:6:21:14091:161908#CGATGTA/1	84	84	1	smNRPS-CB	5945	2216	2299	100	1.9e-34
A2026YABXX:6:24:8876:120720#CGATGTA/1	84	1	84	smNRPS-CB	5945	426	509	100	1.9e-34
A2026YABXX:6:27:10472:61776#CGATGTA/2	84	1	84	smNRPS-CB	5945	4550	4633	100	1.9e-34
A2026YABXX:6:28:6892:43847#CGATGTA/1	84	1	84	smNRPS-CB	5945	4653	4736	100	1.9e-34
A2026YABXX:6:44:10787:45462#CGATGTA/2	84	84	1	smNRPS-CB	5945	65	148	100	1.9e-34
A2026YABXX:6:46:19621:87969#CGATGTA/1	84	1	84	smNRPS-CB	5945	5187	5270	100	1.9e-34
A2026YABXX:6:46:19621:87969#CGATGTA/2	84	84	1	smNRPS-CB	5945	5396	5479	100	1.9e-34
A2026YABXX:6:47:7706:104958#CGATGTA/1	84	84	1	smNRPS-CB	5945	5810	5893	100	1.9e-34
A2026YABXX:6:47:18467:165755#CGATGTA/1	84	1	84	smNRPS-CB	5945	2131	2214	100	1.9e-34
A2026YABXX:6:47:18467:165755#CGATGTA/2	84	84	1	smNRPS-CB	5945	2369	2452	100	1.9e-34
A2026YABXX:6:61:7617:101771#CGATGTA/1	84	84	1	smNRPS-CB	5945	3610	3693	100	1.9e-34
A2026YABXX:6:61:7617:101771#CGATGTA/2	84	1	84	smNRPS-CB	5945	3397	3480	100	1.9e-34
A2026YABXX:6:62:20389:130469#CGATGTA/1	84	84	1	smNRPS-CB	5945	3269	3352	100	1.9e-34
A2026YABXX:6:62:4302:152670#CGATGTA/2	84	1	84	smNRPS-CB	5945	4196	4279	100	1.9e-34
A2026YABXX:6:62:13103:159264#CGATGTA/1	84	84	1	smNRPS-CB	5945	4979	5062	100	1.9e-34
A2026YABXX:6:62:13103:159264#CGATGTA/2	84	1	84	smNRPS-CB	5945	4742	4825	100	1.9e-34
A2026YABXX:6:65:12428:43746#CGATGTA/2	84	84	1	smNRPS-CB	5945	4488	4571	100	1.9e-34
A2026YABXX:6:66:15890:99149#CGATGTA/1	84	84	1	smNRPS-CB	5945	3035	3118	100	1.9e-34
A2026YABXX:6:68:13991:93315#CGATGTA/1	84	84	1	smNRPS-CB	5945	2833	2916	100	1.9e-34
A2026YABXX:6:68:2184:94726#CGATGTA/1	84	1	84	smNRPS-CB	5945	917	1000	100	1.9e-34
