FC61J7VAAXX:2:98:13841:1408#0/1	56	1	56	smNRPS-CB	5945	998	1053	100	4.2e-19
FC61KE4AAXX:5:88:2141:14079#ATCACG/1	69	69	1	smNRPS-CB	5945	3114	3182	97.101	5.4e-23
FC61KE4AAXX:5:33:10570:18550#ATCACG/1	69	69	1	smNRPS-CB	5945	3851	3919	98.551	1.16e-24
FC61J7VAAXX:2:19:4328:13040#0/1	72	1	72	smNRPS-CB	5945	1401	1472	98.611	2.49e-26
FC61J7VAAXX:2:76:2144:21065#0/2	72	72	1	smNRPS-CB	5945	175	246	98.611	2.49e-26
FC61J7VAAXX:2:83:17843:9052#0/1	72	1	72	smNRPS-CB	5945	2544	2615	98.611	2.49e-26
FC61J7VAAXX:2:83:17843:9052#0/2	72	72	1	smNRPS-CB	5945	2766	2837	98.611	2.49e-26
FC61J7VAAXX:2:97:17003:4376#0/2	72	1	72	smNRPS-CB	5945	2319	2390	98.611	2.49e-26
FC61KE4AAXX:5:33:10570:18550#ATCACG/2	72	1	72	smNRPS-CB	5945	3608	3679	98.611	2.49e-26
FC61J7VAAXX:2:19:4328:13040#0/2	72	72	1	smNRPS-CB	5945	1637	1708	100	5.36e-28
FC61J7VAAXX:2:72:9397:7543#0/1	72	1	72	smNRPS-CB	5945	476	547	100	5.36e-28
FC61J7VAAXX:2:72:9397:7543#0/2	72	72	1	smNRPS-CB	5945	716	787	100	5.36e-28
FC61J7VAAXX:2:97:17003:4376#0/1	72	72	1	smNRPS-CB	5945	2567	2638	100	5.36e-28
FC61J7VAAXX:2:102:5090:11695#0/1	72	1	72	smNRPS-CB	5945	1695	1766	100	5.36e-28
FC61J7VAAXX:2:102:5090:11695#0/2	72	72	1	smNRPS-CB	5945	1967	2038	100	5.36e-28
FC61KE4AAXX:5:88:2141:14079#ATCACG/2	72	1	72	smNRPS-CB	5945	2871	2942	100	5.36e-28
