I358_1_FC30VV9AAXX:2:25:1322:1323/1	42	1	42	smNRPS-CC	5875	1921	1962	95.238	1.6e-8
I358_1_FC30VV9AAXX:2:15:812:1092/2	39	3	39	smNRPS-CC	5875	3913	3949	100	4.44e-9
I358_1_FC30VV9AAXX:2:78:1171:360/1	38	1	38	smNRPS-CC	5875	784	821	100	1.24e-9
I358_1_FC30VV9AAXX:2:92:103:126/1	38	1	38	smNRPS-CC	5875	2340	2377	100	1.24e-9
I85_1_FC30VW3AAXX:3:51:272:1264/1	39	39	1	smNRPS-CC	5875	3396	3434	100	3.43e-10
I358_1_FC30VV9AAXX:2:12:171:960/1	60	22	60	smNRPS-CC	5875	1	39	100	3.43e-10
I358_1_FC30VV9AAXX:2:65:756:1153/1	42	1	42	smNRPS-CC	5875	3789	3830	97.619	3.43e-10
I358_1_FC30VV9AAXX:2:73:667:901/1	39	39	1	smNRPS-CC	5875	4336	4374	100	3.43e-10
I85_1_FC30VW3AAXX:3:95:65:1561/1	39	1	39	smNRPS-CC	5875	3284	3322	100	3.43e-10
I358_1_FC30VV9AAXX:2:47:499:1592/2	40	40	1	smNRPS-CC	5875	4525	4564	100	9.55e-11
I358_1_FC30VV9AAXX:2:98:882:311/2	40	40	1	smNRPS-CC	5875	5390	5429	100	9.55e-11
I358_1_FC30VV9AAXX:2:72:1216:19/1	40	1	40	smNRPS-CC	5875	4026	4065	100	9.55e-11
I358_1_FC30VV9AAXX:2:15:90:1100/1	44	44	1	smNRPS-CC	5875	512	555	97.727	2.65e-11
I358_1_FC30VV9AAXX:2:68:728:856/2	41	41	1	smNRPS-CC	5875	4750	4790	100	2.65e-11
I358_1_FC30VV9AAXX:2:63:499:1399/1	41	41	1	smNRPS-CC	5875	3116	3156	100	2.65e-11
I358_1_FC30VV9AAXX:2:88:724:1778/2	41	41	1	smNRPS-CC	5875	3316	3356	100	2.65e-11
I85_1_FC30VW3AAXX:3:60:159:390/2	47	1	45	smNRPS-CC	5875	2141	2185	97.778	7.38e-12
I358_1_FC30VV9AAXX:2:22:998:1022/1	42	1	42	smNRPS-CC	5875	4572	4613	100	7.38e-12
I85_1_FC30VW3AAXX:3:84:312:639/1	43	1	43	smNRPS-CC	5875	2574	2616	100	2.05e-12
I358_1_FC30VV9AAXX:2:59:709:693/1	46	46	1	smNRPS-CC	5875	884	929	97.826	2.05e-12
I358_1_FC30VV9AAXX:2:3:1026:1946/1	47	1	47	smNRPS-CC	5875	709	754	97.872	2.05e-12
I358_1_FC30VV9AAXX:2:28:50:1948/1	43	43	1	smNRPS-CC	5875	2713	2755	100	2.05e-12
I358_1_FC30VV9AAXX:2:43:1027:1090/1	43	1	43	smNRPS-CC	5875	5498	5540	100	2.05e-12
I85_1_FC30VW3AAXX:3:11:1043:138/2	44	44	1	smNRPS-CC	5875	1142	1185	100	5.71e-13
I85_1_FC30VW3AAXX:3:19:1240:655/1	44	1	44	smNRPS-CC	5875	3596	3639	100	5.71e-13
I85_1_FC30VW3AAXX:3:20:394:1191/2	44	44	1	smNRPS-CC	5875	4346	4389	100	5.71e-13
I85_1_FC30VW3AAXX:3:77:1145:1104/2	44	1	44	smNRPS-CC	5875	3319	3362	100	5.71e-13
I358_1_FC30VV9AAXX:2:98:882:311/1	44	1	44	smNRPS-CC	5875	5076	5119	100	5.71e-13
I358_1_FC30VV9AAXX:2:73:919:427/1	44	44	1	smNRPS-CC	5875	5058	5101	100	5.71e-13
I85_1_FC30VW3AAXX:3:12:845:1339/2	45	1	45	smNRPS-CC	5875	4241	4285	100	1.59e-13
I85_1_FC30VW3AAXX:3:91:813:1184/2	45	1	45	smNRPS-CC	5875	1155	1199	100	1.59e-13
I358_1_FC30VV9AAXX:2:1:952:526/2	48	1	48	smNRPS-CC	5875	197	244	97.917	1.59e-13
I358_1_FC30VV9AAXX:2:72:1165:1348/1	48	1	48	smNRPS-CC	5875	4635	4682	97.917	1.59e-13
I85_1_FC30VW3AAXX:3:12:845:1339/1	52	52	1	smNRPS-CC	5875	4315	4367	96.226	4.41e-14
I85_1_FC30VW3AAXX:3:84:312:639/2	49	49	1	smNRPS-CC	5875	2654	2702	97.959	4.41e-14
I85_1_FC30VW3AAXX:3:89:153:1490/2	46	46	1	smNRPS-CC	5875	5816	5861	100	4.41e-14
I358_1_FC30VV9AAXX:2:68:728:856/1	46	1	46	smNRPS-CC	5875	4447	4492	100	4.41e-14
I358_1_FC30VV9AAXX:2:78:1430:1535/1	46	46	1	smNRPS-CC	5875	3824	3869	100	4.41e-14
I85_1_FC30VW3AAXX:3:75:956:1120/1	51	51	2	smNRPS-CC	5875	4889	4938	98	1.23e-14
I85_1_FC30VW3AAXX:3:91:1025:109/1	47	1	47	smNRPS-CC	5875	3520	3566	100	1.23e-14
I358_1_FC30VV9AAXX:2:47:499:1592/1	47	1	47	smNRPS-CC	5875	4221	4267	100	1.23e-14
I358_1_FC30VV9AAXX:2:4:628:468/2	47	47	1	smNRPS-CC	5875	3301	3347	100	1.23e-14
I85_1_FC30VW3AAXX:3:68:296:1937/2	48	48	1	smNRPS-CC	5875	3622	3669	100	3.41e-15
I358_1_FC30VV9AAXX:2:1:952:526/1	48	48	1	smNRPS-CC	5875	478	525	100	3.41e-15
I358_1_FC30VV9AAXX:2:41:1337:1985/1	48	48	1	smNRPS-CC	5875	445	492	100	3.41e-15
I85_1_FC30VW3AAXX:3:75:956:1120/2	55	1	55	smNRPS-CC	5875	4804	4858	96.364	9.48e-16
I85_1_FC30VW3AAXX:3:77:934:995/2	52	1	52	smNRPS-CC	5875	157	208	98.077	9.48e-16
I85_1_FC30VW3AAXX:3:94:1054:1488/1	49	1	49	smNRPS-CC	5875	2510	2558	100	9.48e-16
I358_1_FC30VV9AAXX:2:1:1068:1006/2	49	1	49	smNRPS-CC	5875	4201	4249	100	9.48e-16
I358_1_FC30VV9AAXX:2:65:756:1153/2	49	49	1	smNRPS-CC	5875	4089	4137	100	9.48e-16
I358_1_FC30VV9AAXX:2:93:1252:1664/1	49	49	1	smNRPS-CC	5875	261	309	100	9.48e-16
I358_1_FC30VV9AAXX:2:13:589:788/1	53	1	53	smNRPS-CC	5875	703	754	98.113	9.48e-16
I358_1_FC30VV9AAXX:2:49:1344:338/1	49	49	1	smNRPS-CC	5875	3295	3343	100	9.48e-16
I85_1_FC30VW3AAXX:3:60:159:390/1	50	50	1	smNRPS-CC	5875	2220	2269	100	2.64e-16
I85_1_FC30VW3AAXX:3:73:578:1715/2	50	50	1	smNRPS-CC	5875	3973	4022	100	2.64e-16
I85_1_FC30VW3AAXX:3:62:456:1046/1	51	51	1	smNRPS-CC	5875	1904	1954	100	7.33e-17
I358_1_FC30VV9AAXX:2:73:667:901/2	51	1	51	smNRPS-CC	5875	4022	4072	100	7.33e-17
I358_1_FC30VV9AAXX:2:93:1252:1664/2	51	1	51	smNRPS-CC	5875	237	287	100	7.33e-17
I85_1_FC30VW3AAXX:3:15:78:1569/2	51	1	51	smNRPS-CC	5875	3297	3347	100	7.33e-17
I85_1_FC30VW3AAXX:3:26:1330:570/2	58	58	1	smNRPS-CC	5875	4871	4928	96.552	2.04e-17
I85_1_FC30VW3AAXX:3:74:1103:484/1	59	1	58	smNRPS-CC	5875	1197	1254	96.552	2.04e-17
I85_1_FC30VW3AAXX:3:77:1084:247/2	52	52	1	smNRPS-CC	5875	4580	4631	100	2.04e-17
I85_1_FC30VW3AAXX:3:8:692:672/2	56	1	56	smNRPS-CC	5875	466	521	98.214	5.67e-18
I85_1_FC30VW3AAXX:3:91:813:1184/1	53	53	1	smNRPS-CC	5875	1220	1272	100	5.67e-18
I85_1_FC30VW3AAXX:3:19:1240:655/2	57	57	1	smNRPS-CC	5875	3674	3730	98.246	1.58e-18
I85_1_FC30VW3AAXX:3:51:272:1264/2	54	1	54	smNRPS-CC	5875	3309	3362	100	1.58e-18
I85_1_FC30VW3AAXX:3:72:504:549/2	54	54	1	smNRPS-CC	5875	2471	2524	100	1.58e-18
I85_1_FC30VW3AAXX:3:47:1511:664/1	58	1	58	smNRPS-CC	5875	3239	3296	98.276	4.38e-19
I85_1_FC30VW3AAXX:3:61:1115:1222/2	56	56	1	smNRPS-CC	5875	384	439	100	1.22e-19
I85_1_FC30VW3AAXX:3:68:808:851/2	56	1	56	smNRPS-CC	5875	5661	5716	100	1.22e-19
I85_1_FC30VW3AAXX:3:77:1084:247/1	56	1	56	smNRPS-CC	5875	4502	4557	100	1.22e-19
I85_1_FC30VW3AAXX:3:77:1145:1104/1	56	56	1	smNRPS-CC	5875	3388	3443	100	1.22e-19
I85_1_FC30VW3AAXX:3:86:234:234/1	56	1	56	smNRPS-CC	5875	3510	3565	100	1.22e-19
I85_1_FC30VW3AAXX:3:11:1043:138/1	57	1	57	smNRPS-CC	5875	1055	1111	100	3.39e-20
I85_1_FC30VW3AAXX:3:68:1662:517/2	60	60	1	smNRPS-CC	5875	3224	3283	98.333	3.39e-20
I85_1_FC30VW3AAXX:3:80:1493:294/1	57	1	57	smNRPS-CC	5875	1061	1117	100	3.39e-20
I85_1_FC30VW3AAXX:3:91:1025:109/2	60	60	1	smNRPS-CC	5875	3603	3662	98.333	3.39e-20
I85_1_FC30VW3AAXX:3:26:1330:570/1	64	1	64	smNRPS-CC	5875	4804	4867	96.875	9.41e-21
I85_1_FC30VW3AAXX:3:53:1290:1955/2	67	67	1	smNRPS-CC	5875	4367	4433	95.522	9.41e-21
I85_1_FC30VW3AAXX:3:62:456:1046/2	58	1	58	smNRPS-CC	5875	1820	1877	100	9.41e-21
I85_1_FC30VW3AAXX:3:78:1523:1892/1	58	1	58	smNRPS-CC	5875	5037	5094	100	9.41e-21
I85_1_FC30VW3AAXX:3:76:1108:235/1	62	62	1	smNRPS-CC	5875	944	1005	98.387	2.62e-21
I85_1_FC30VW3AAXX:3:78:1523:1892/2	59	59	1	smNRPS-CC	5875	5111	5169	100	2.62e-21
I85_1_FC30VW3AAXX:3:86:234:234/2	59	59	1	smNRPS-CC	5875	3586	3644	100	2.62e-21
I85_1_FC30VW3AAXX:3:17:192:411/1	70	70	1	smNRPS-CC	5875	2677	2746	95.714	2.02e-22
I85_1_FC30VW3AAXX:3:54:52:1389/2	61	61	1	smNRPS-CC	5875	1004	1064	100	2.02e-22
I85_1_FC30VW3AAXX:3:74:1516:1736/1	64	1	64	smNRPS-CC	5875	1891	1954	98.438	2.02e-22
I85_1_FC30VW3AAXX:3:80:1493:294/2	61	61	1	smNRPS-CC	5875	1134	1194	100	2.02e-22
I85_1_FC30VW3AAXX:3:54:52:1389/1	65	1	65	smNRPS-CC	5875	924	988	98.462	5.63e-23
I85_1_FC30VW3AAXX:3:75:1354:921/1	62	1	62	smNRPS-CC	5875	3505	3566	100	5.63e-23
I85_1_FC30VW3AAXX:3:77:934:995/1	65	65	1	smNRPS-CC	5875	222	286	98.462	5.63e-23
I85_1_FC30VW3AAXX:3:51:1541:581/1	66	66	1	smNRPS-CC	5875	3604	3669	98.485	1.56e-23
I85_1_FC30VW3AAXX:3:68:808:851/1	66	66	1	smNRPS-CC	5875	5722	5787	98.485	1.56e-23
I85_1_FC30VW3AAXX:3:73:578:1715/1	69	1	69	smNRPS-CC	5875	3899	3967	97.101	1.56e-23
I85_1_FC30VW3AAXX:3:75:1354:921/2	63	63	1	smNRPS-CC	5875	3582	3644	100	1.56e-23
I85_1_FC30VW3AAXX:3:74:1103:484/2	66	66	3	smNRPS-CC	5875	1257	1320	100	4.35e-24
I85_1_FC30VW3AAXX:3:40:1393:105/1	71	1	71	smNRPS-CC	5875	2310	2380	97.183	1.21e-24
I85_1_FC30VW3AAXX:3:56:1684:2012/2	68	1	68	smNRPS-CC	5875	3064	3131	98.529	1.21e-24
I85_1_FC30VW3AAXX:3:65:280:1802/2	71	71	1	smNRPS-CC	5875	4426	4496	97.183	1.21e-24
I85_1_FC30VW3AAXX:3:53:1290:1955/1	69	1	69	smNRPS-CC	5875	4305	4373	98.551	3.36e-25
I85_1_FC30VW3AAXX:3:63:656:1134/1	67	1	67	smNRPS-CC	5875	1	67	100	9.35e-26
I85_1_FC30VW3AAXX:3:33:1400:351/1	71	1	68	smNRPS-CC	5875	1070	1137	100	2.6e-26
I85_1_FC30VW3AAXX:3:63:656:1134/2	68	68	1	smNRPS-CC	5875	68	135	100	2.6e-26
I85_1_FC30VW3AAXX:3:76:1108:235/2	68	1	68	smNRPS-CC	5875	892	959	100	2.6e-26
I85_1_FC30VW3AAXX:3:92:1666:428/1	68	68	1	smNRPS-CC	5875	617	684	100	2.6e-26
I85_1_FC30VW3AAXX:3:47:1511:664/2	70	70	1	smNRPS-CC	5875	3301	3370	100	2.01e-27
I85_1_FC30VW3AAXX:3:61:1115:1222/1	70	1	70	smNRPS-CC	5875	305	374	100	2.01e-27
I85_1_FC30VW3AAXX:3:33:1400:351/2	71	71	1	smNRPS-CC	5875	1124	1194	100	5.59e-28
I85_1_FC30VW3AAXX:3:56:1684:2012/1	71	71	1	smNRPS-CC	5875	3123	3193	100	5.59e-28
I358_1_FC30VV9AAXX:2:59:709:693/2	40	38	1	smNRPS-CB	5945	5309	5345	97.368	2.09e-7
I85_1_FC30VW3AAXX:3:26:223:1535/1	41	39	1	smNRPS-CB	5945	4962	5000	97.436	1.62e-8
I358_1_FC30VV9AAXX:2:11:542:1464/1	39	3	39	smNRPS-CB	5945	326	362	100	4.5e-9
I85_1_FC30VW3AAXX:3:89:397:2004/1	40	40	3	smNRPS-CB	5945	3646	3683	100	1.25e-9
I358_1_FC30VV9AAXX:2:76:592:955/1	38	38	1	smNRPS-CB	5945	5072	5109	100	1.25e-9
I85_1_FC30VW3AAXX:3:8:692:672/1	39	1	39	smNRPS-CB	5945	5355	5393	100	3.48e-10
I85_1_FC30VW3AAXX:3:16:452:292/1	39	1	39	smNRPS-CB	5945	816	854	100	3.48e-10
I85_1_FC30VW3AAXX:3:74:1516:1736/2	42	1	42	smNRPS-CB	5945	3936	3977	97.619	3.48e-10
I358_1_FC30VV9AAXX:2:25:1008:363/2	42	1	42	smNRPS-CB	5945	449	490	97.619	3.48e-10
I358_1_FC30VV9AAXX:2:45:1587:1671/1	39	39	1	smNRPS-CB	5945	3104	3142	100	3.48e-10
I85_1_FC30VW3AAXX:3:97:1104:1176/2	39	1	39	smNRPS-CB	5945	3377	3415	100	3.48e-10
I358_1_FC30VV9AAXX:2:28:424:1199/2	39	1	39	smNRPS-CB	5945	3458	3496	100	3.48e-10
I358_1_FC30VV9AAXX:2:39:492:1682/1	40	1	40	smNRPS-CB	5945	738	777	100	9.66e-11
I85_1_FC30VW3AAXX:3:88:1301:960/2	45	45	5	smNRPS-CB	5945	3107	3147	100	2.69e-11
I358_1_FC30VV9AAXX:2:63:1006:610/1	41	1	41	smNRPS-CB	5945	1390	1430	100	2.69e-11
I358_1_FC30VV9AAXX:2:14:1128:1897/1	45	45	1	smNRPS-CB	5945	5683	5727	97.778	7.47e-12
I358_1_FC30VV9AAXX:2:53:1265:1910/1	46	45	1	smNRPS-CB	5945	275	319	97.778	7.47e-12
I358_1_FC30VV9AAXX:2:75:647:79/1	45	45	1	smNRPS-CB	5945	2622	2666	97.778	7.47e-12
I358_1_FC30VV9AAXX:2:82:314:605/2	42	42	1	smNRPS-CB	5945	1752	1793	100	7.47e-12
I85_1_FC30VW3AAXX:3:100:1092:487/2	43	1	43	smNRPS-CB	5945	2957	2999	100	2.08e-12
I358_1_FC30VV9AAXX:2:59:1238:1604/1	47	47	1	smNRPS-CB	5945	1753	1798	97.872	2.08e-12
I358_1_FC30VV9AAXX:2:61:310:879/1	46	46	1	smNRPS-CB	5945	1731	1776	97.826	2.08e-12
I358_1_FC30VV9AAXX:2:82:1624:236/1	46	46	1	smNRPS-CB	5945	4631	4676	97.826	2.08e-12
I85_1_FC30VW3AAXX:3:16:452:292/2	44	44	1	smNRPS-CB	5945	910	953	100	5.77e-13
I358_1_FC30VV9AAXX:2:1:1068:1006/1	44	1	44	smNRPS-CB	5945	1329	1372	100	5.77e-13
I358_1_FC30VV9AAXX:2:35:428:304/1	44	44	1	smNRPS-CB	5945	3401	3444	100	5.77e-13
I85_1_FC30VW3AAXX:3:6:1227:1748/2	50	50	1	smNRPS-CB	5945	2947	2996	96	5.77e-13
I85_1_FC30VW3AAXX:3:17:192:411/2	50	48	1	smNRPS-CB	5945	3310	3357	97.917	1.61e-13
I85_1_FC30VW3AAXX:3:38:274:1883/2	50	3	50	smNRPS-CB	5945	3886	3933	97.917	1.61e-13
I85_1_FC30VW3AAXX:3:100:1092:487/1	48	48	1	smNRPS-CB	5945	3031	3078	97.917	1.61e-13
I85_1_FC30VW3AAXX:3:56:738:53/2	52	1	52	smNRPS-CB	5945	3733	3784	96.154	4.46e-14
I358_1_FC30VV9AAXX:2:29:528:1246/2	46	46	1	smNRPS-CB	5945	456	501	100	4.46e-14
I85_1_FC30VW3AAXX:3:38:274:1883/1	50	50	1	smNRPS-CB	5945	3959	4008	98	1.24e-14
I358_1_FC30VV9AAXX:2:25:1008:363/1	47	47	1	smNRPS-CB	5945	744	790	100	1.24e-14
I85_1_FC30VW3AAXX:3:28:1580:727/1	48	48	1	smNRPS-CB	5945	4176	4223	100	3.45e-15
I358_1_FC30VV9AAXX:2:15:90:1100/2	51	51	1	smNRPS-CB	5945	5699	5749	98.039	3.45e-15
I85_1_FC30VW3AAXX:3:83:98:1429/2	52	52	1	smNRPS-CB	5945	1445	1496	98.077	9.59e-16
I85_1_FC30VW3AAXX:3:13:1782:102/2	52	52	1	smNRPS-CB	5945	1374	1425	98.077	9.59e-16
I85_1_FC30VW3AAXX:3:19:1541:162/1	50	50	1	smNRPS-CB	5945	5756	5805	100	2.67e-16
I85_1_FC30VW3AAXX:3:20:394:1191/1	56	56	1	smNRPS-CB	5945	1554	1609	96.429	2.67e-16
I85_1_FC30VW3AAXX:3:89:1367:543/2	50	50	1	smNRPS-CB	5945	3198	3247	100	2.67e-16
I358_1_FC30VV9AAXX:2:56:676:206/1	50	50	1	smNRPS-CB	5945	2167	2216	100	2.67e-16
I85_1_FC30VW3AAXX:3:34:289:798/2	51	1	51	smNRPS-CB	5945	2534	2584	100	7.42e-17
I85_1_FC30VW3AAXX:3:41:321:1102/1	54	54	1	smNRPS-CB	5945	4012	4065	98.148	7.42e-17
I85_1_FC30VW3AAXX:3:88:1301:960/1	54	1	51	smNRPS-CB	5945	3017	3067	100	7.42e-17
I85_1_FC30VW3AAXX:3:34:289:798/1	55	55	1	smNRPS-CB	5945	2613	2667	98.182	2.06e-17
I85_1_FC30VW3AAXX:3:44:1631:1252/1	60	1	60	smNRPS-CB	5945	5653	5712	96.667	1.59e-18
I85_1_FC30VW3AAXX:3:41:321:1102/2	61	1	61	smNRPS-CB	5945	3937	3997	98.361	9.53e-21
I85_1_FC30VW3AAXX:3:60:1563:1451/2	61	1	61	smNRPS-CB	5945	4160	4220	98.361	9.53e-21
I85_1_FC30VW3AAXX:3:38:1732:22/1	64	1	64	smNRPS-CB	5945	5139	5202	96.875	9.53e-21
I85_1_FC30VW3AAXX:3:19:1541:162/2	66	1	66	smNRPS-CB	5945	5677	5742	96.97	7.36e-22
I85_1_FC30VW3AAXX:3:46:1727:1260/2	60	60	1	smNRPS-CB	5945	1373	1432	100	7.36e-22
I85_1_FC30VW3AAXX:3:60:1563:1451/1	66	66	1	smNRPS-CB	5945	4220	4285	96.97	7.36e-22
I85_1_FC30VW3AAXX:3:40:1393:105/2	67	1	67	smNRPS-CB	5945	3527	3593	97.015	2.05e-22
I85_1_FC30VW3AAXX:3:46:1727:1260/1	64	1	64	smNRPS-CB	5945	1309	1372	98.438	2.05e-22
I85_1_FC30VW3AAXX:3:83:98:1429/1	65	1	65	smNRPS-CB	5945	1373	1437	98.462	5.69e-23
I85_1_FC30VW3AAXX:3:54:1721:198/1	62	1	62	smNRPS-CB	5945	922	983	100	5.69e-23
I85_1_FC30VW3AAXX:3:56:738:53/1	68	67	1	smNRPS-CB	5945	3792	3858	100	9.46e-26
I85_1_FC30VW3AAXX:3:28:1580:727/2	69	1	68	smNRPS-CB	5945	4102	4169	100	2.63e-26
I85_1_FC30VW3AAXX:3:68:1662:517/1	71	71	1	smNRPS-CB	5945	2749	2819	98.592	2.63e-26
I85_1_FC30VW3AAXX:3:92:1666:428/2	71	71	1	smNRPS-CB	5945	5311	5381	100	5.65e-28
