A2026YABXX:3:21:10155:4280#GGCTACA/1	61	3	61	smNRPS-CC	5875	976	1034	98.305	7.66e-19
A2026YABXX:3:4:2882:138012#GGCTACA/1	69	69	1	smNRPS-CC	5875	5111	5179	100	4.55e-26
A2026YABXX:3:4:2882:138012#GGCTACA/2	79	1	79	smNRPS-CC	5875	4857	4935	98.734	5.84e-30
A2026YABXX:3:2:6716:159863#GGCTACA/1	84	84	1	smNRPS-CC	5875	5274	5357	97.619	4.51e-31
B201LRABXX:5:4:5202:135934#GGCTACA/2	88	1	88	smNRPS-CC	5875	4819	4906	96.591	1.25e-31
A2026YABXX:3:2:6716:159863#GGCTACA/2	80	1	80	smNRPS-CC	5875	5053	5132	100	3.49e-32
A2026YABXX:3:3:15198:135241#GGCTACA/1	86	1	86	smNRPS-CC	5875	4884	4969	97.674	3.49e-32
B201LRABXX:5:25:5463:76113#GGCTACA/2	88	85	1	smNRPS-CC	5875	161	245	98.824	2.7e-33
A2026YABXX:3:2:20012:169910#GGCTACA/2	85	1	85	smNRPS-CC	5875	208	292	98.824	2.7e-33
A2026YABXX:3:21:10155:4280#GGCTACA/2	86	86	1	smNRPS-CC	5875	1177	1262	98.837	7.5e-34
A2026YABXX:3:24:12158:38828#GGCTACA/2	86	1	86	smNRPS-CC	5875	2802	2887	98.837	7.5e-34
B201LRABXX:5:4:5202:135934#GGCTACA/1	86	86	1	smNRPS-CC	5875	5049	5134	100	1.61e-35
A2026YABXX:3:24:12158:38828#GGCTACA/1	86	86	1	smNRPS-CC	5875	3062	3147	100	1.61e-35
A2026YABXX:3:67:4952:39433#GGCTACA/1	86	86	1	smNRPS-CC	5875	1056	1141	100	1.61e-35
A2026YABXX:3:67:4952:39433#GGCTACA/2	86	1	86	smNRPS-CC	5875	823	908	100	1.61e-35
A2026YABXX:3:1:2038:56585#GGCTACA/1	52	13	52	smNRPS-CB	5945	1	40	97.5	2.83e-8
A2026YABXX:3:42:16315:11076#GGCTACA/1	47	47	1	smNRPS-CB	5945	1156	1202	100	7.81e-14
A2026YABXX:3:64:17274:84187#GGCTACA/2	58	1	58	smNRPS-CB	5945	3485	3542	98.276	2.79e-18
A2026YABXX:3:28:14379:17665#GGCTACA/2	64	1	64	smNRPS-CB	5945	3247	3310	100	2.77e-23
A2026YABXX:3:24:9554:45374#GGCTACG/2	75	75	1	smNRPS-CB	5945	1052	1126	97.333	4.6e-26
A2026YABXX:3:68:5206:200647#GGCTACA/2	77	77	1	smNRPS-CB	5945	3411	3487	97.403	3.56e-27
A2026YABXX:3:45:12822:34208#GGCTACA/2	76	73	2	smNRPS-CB	5945	1255	1326	100	9.89e-28
A2026YABXX:3:67:4006:76942#GGCTACA/2	85	1	82	smNRPS-CB	5945	3652	3733	96.341	2.75e-28
A2026YABXX:3:28:14379:17665#GGCTACA/1	86	86	1	smNRPS-CB	5945	3479	3564	96.512	1.64e-30
A2026YABXX:3:45:12822:34208#GGCTACA/1	78	1	78	smNRPS-CB	5945	1013	1090	100	4.57e-31
B201LRABXX:5:42:1587:5668#GGCTACT/2	86	86	1	smNRPS-CB	5945	2028	2113	97.674	3.53e-32
A2026YABXX:3:67:4006:76942#GGCTACA/1	86	86	1	smNRPS-CB	5945	3883	3968	97.674	3.53e-32
B201LRABXX:5:21:4800:102662#GGCTACA/1	86	1	86	smNRPS-CB	5945	4094	4179	98.837	7.59e-34
A2026YABXX:3:3:15198:135241#GGCTACA/2	86	1	86	smNRPS-CB	5945	665	750	98.837	7.59e-34
A2026YABXX:3:7:15385:7552#GGCTACA/1	86	86	1	smNRPS-CB	5945	4751	4836	98.837	7.59e-34
A2026YABXX:3:26:7219:103712#GGCTACA/2	86	1	86	smNRPS-CB	5945	1312	1397	98.837	7.59e-34
A2026YABXX:3:26:7230:103732#GGCTACA/2	86	1	86	smNRPS-CB	5945	1312	1397	98.837	7.59e-34
A2026YABXX:3:48:5381:194267#GGCTACC/1	86	86	1	smNRPS-CB	5945	1876	1961	98.837	7.59e-34
A2026YABXX:3:62:13515:197140#GGCTACA/2	86	1	86	smNRPS-CB	5945	2761	2846	98.837	7.59e-34
A2026YABXX:3:68:11122:167344#GGCTACA/1	86	1	86	smNRPS-CB	5945	1064	1149	98.837	7.59e-34
B201LRABXX:5:43:9438:61516#GGCTACA/1	86	1	86	smNRPS-CB	5945	2398	2483	100	1.63e-35
B201LRABXX:5:43:14285:145154#GGCTACA/1	86	1	86	smNRPS-CB	5945	1958	2043	100	1.63e-35
B201LRABXX:5:43:11139:186535#GGCTACA/1	86	1	86	smNRPS-CB	5945	3160	3245	100	1.63e-35
A2026YABXX:3:4:19683:180583#GGCTACA/1	86	86	1	smNRPS-CB	5945	4519	4604	100	1.63e-35
A2026YABXX:3:4:19683:180583#GGCTACA/2	86	1	86	smNRPS-CB	5945	4292	4377	100	1.63e-35
A2026YABXX:3:7:15385:7552#GGCTACA/2	86	1	86	smNRPS-CB	5945	4493	4578	100	1.63e-35
A2026YABXX:3:24:9554:45374#GGCTACG/1	86	1	86	smNRPS-CB	5945	798	883	100	1.63e-35
A2026YABXX:3:26:7219:103712#GGCTACA/1	86	86	1	smNRPS-CB	5945	1549	1634	100	1.63e-35
A2026YABXX:3:26:7230:103732#GGCTACA/1	86	86	1	smNRPS-CB	5945	1549	1634	100	1.63e-35
A2026YABXX:3:42:14507:109232#GGCTACA/1	86	86	1	smNRPS-CB	5945	55	140	100	1.63e-35
A2026YABXX:3:48:5381:194267#GGCTACC/2	86	1	86	smNRPS-CB	5945	1647	1732	100	1.63e-35
A2026YABXX:3:62:13515:197140#GGCTACA/1	86	86	1	smNRPS-CB	5945	3012	3097	100	1.63e-35
A2026YABXX:3:68:5206:200647#GGCTACA/1	86	1	86	smNRPS-CB	5945	3160	3245	100	1.63e-35
B201LRABXX:5:43:9438:61516#GGCTACA/2	88	88	1	smNRPS-CB	5945	2628	2715	100	1.26e-36
B201LRABXX:5:43:14285:145154#GGCTACA/2	88	88	1	smNRPS-CB	5945	2178	2265	100	1.26e-36
B201LRABXX:5:43:11139:186535#GGCTACA/2	88	88	1	smNRPS-CB	5945	3402	3489	100	1.26e-36
