A2026YABXX:5:22:21149:103348#TTAGGCA/2	38	38	1	smNRPS-CC	5875	4201	4238	97.368	3.31e-7
A2026YABXX:5:64:2913:90794#TTAGGCA/1	38	38	1	smNRPS-CC	5875	3382	3419	100	7.12e-9
A2026YABXX:5:45:2815:79383#TTAGGCA/1	43	43	1	smNRPS-CC	5875	2302	2344	97.674	5.5e-10
A2026YABXX:5:3:8947:76241#TTAGGCA/1	41	1	41	smNRPS-CC	5875	4366	4406	100	1.53e-10
A2026YABXX:5:7:1430:165197#TTAGGCA/1	44	44	1	smNRPS-CC	5875	5737	5780	97.727	1.53e-10
B201LRABXX:3:28:19873:111008#TTAGGCA/2	45	1	45	smNRPS-CC	5875	968	1012	97.778	4.26e-11
A2026YABXX:5:6:6163:166635#TTAGGCA/2	45	1	45	smNRPS-CC	5875	1204	1248	97.778	4.26e-11
A2026YABXX:5:61:18237:86062#TTAGGCA/2	46	1	46	smNRPS-CC	5875	261	306	97.826	1.18e-11
A2026YABXX:5:65:20898:47027#TTAGGCA/1	46	46	1	smNRPS-CC	5875	4967	5012	100	2.54e-13
A2026YABXX:5:27:19499:49848#TTAGGCA/1	47	1	47	smNRPS-CC	5875	183	229	100	7.07e-14
A2026YABXX:5:1:20605:21943#TTAGGCA/1	51	1	51	smNRPS-CC	5875	3783	3833	98.039	1.97e-14
A2026YABXX:5:66:20508:161506#TTAGGCA/2	51	1	48	smNRPS-CC	5875	4089	4136	100	1.97e-14
A2026YABXX:5:22:9119:109155#TTAGGCA/1	49	49	1	smNRPS-CC	5875	5630	5678	100	5.47e-15
B201LRABXX:3:26:20386:143119#TTAGGCA/1	50	50	1	smNRPS-CC	5875	2109	2158	100	1.52e-15
A2026YABXX:5:1:20605:21943#TTAGGCA/2	56	56	1	smNRPS-CC	5875	4021	4076	96.429	1.52e-15
A2026YABXX:5:6:3685:51978#TTAGGCA/1	53	1	53	smNRPS-CC	5875	2937	2989	98.113	1.52e-15
A2026YABXX:5:45:2815:79383#TTAGGCA/2	50	1	50	smNRPS-CC	5875	2038	2087	100	1.52e-15
A2026YABXX:5:61:1953:54472#TTAGGCA/2	50	50	1	smNRPS-CC	5875	2986	3035	100	1.52e-15
A2026YABXX:5:41:12030:45836#TTAGGCA/1	61	4	61	smNRPS-CC	5875	2356	2413	96.552	1.17e-16
B201LRABXX:3:63:10848:169477#TTAGGCA/1	56	1	56	smNRPS-CC	5875	1199	1254	98.214	3.27e-17
A2026YABXX:5:5:2393:93485#TTAGGCA/2	59	1	59	smNRPS-CC	5875	2797	2855	96.61	3.27e-17
A2026YABXX:5:21:6340:28895#TTAGGCA/1	56	56	1	smNRPS-CC	5875	2303	2358	98.214	3.27e-17
A2026YABXX:5:61:18237:86062#TTAGGCA/1	53	53	1	smNRPS-CC	5875	514	566	100	3.27e-17
B201LRABXX:3:4:1418:114852#TTAGGCA/1	58	1	58	smNRPS-CC	5875	1162	1219	98.276	2.53e-18
A2026YABXX:5:61:19804:44421#TTAGGCA/1	55	1	55	smNRPS-CC	5875	469	523	100	2.53e-18
A2026YABXX:5:63:20078:95906#TTAGGCA/2	59	1	58	smNRPS-CC	5875	5638	5695	98.276	2.53e-18
A2026YABXX:5:41:7399:142941#TTAGGCA/1	61	61	1	smNRPS-CC	5875	434	494	96.721	2.53e-18
A2026YABXX:5:2:18298:51811#TTAGGCA/1	56	1	56	smNRPS-CC	5875	2095	2150	100	7.02e-19
A2026YABXX:5:42:8726:18986#TTAGGCA/2	59	59	1	smNRPS-CC	5875	5568	5626	98.305	7.02e-19
B201LRABXX:3:23:17387:182877#TTAGGCA/1	57	1	57	smNRPS-CC	5875	4665	4721	100	1.95e-19
B201LRABXX:3:21:14312:176641#TTAGGCA/1	61	1	58	smNRPS-CC	5875	4667	4724	100	5.43e-20
B201LRABXX:3:44:5085:94506#TTAGGCA/2	58	58	1	smNRPS-CC	5875	4564	4621	100	5.43e-20
A2026YABXX:5:3:7869:176551#TTAGGCA/1	58	58	1	smNRPS-CC	5875	2267	2324	100	5.43e-20
A2026YABXX:5:8:2503:138985#TTAGGCA/2	61	1	61	smNRPS-CC	5875	3711	3771	98.361	5.43e-20
A2026YABXX:5:23:16590:56237#TTAGGCA/1	61	1	61	smNRPS-CC	5875	1162	1222	98.361	5.43e-20
A2026YABXX:5:48:13171:114347#TTAGGCA/2	67	1	67	smNRPS-CC	5875	4296	4363	95.588	5.43e-20
A2026YABXX:5:1:2772:33770#TTAGGCA/2	66	1	62	smNRPS-CC	5875	4764	4825	98.387	1.51e-20
A2026YABXX:5:8:1414:117888#TTAGGCA/2	65	65	1	smNRPS-CC	5875	3473	3537	96.923	1.51e-20
A2026YABXX:5:4:8317:5419#TTAGGCA/2	86	27	86	smNRPS-CC	5875	1	60	100	4.2e-21
A2026YABXX:5:43:2377:8872#TTAGGCA/2	60	60	1	smNRPS-CC	5875	3339	3398	100	4.2e-21
A2026YABXX:5:63:9402:19135#TTAGGCA/2	60	1	60	smNRPS-CC	5875	4558	4617	100	4.2e-21
A2026YABXX:5:67:18865:130800#TTAGGCA/2	60	60	1	smNRPS-CC	5875	2997	3056	100	4.2e-21
A2026YABXX:5:21:11253:114923#TTAGGCA/2	61	1	61	smNRPS-CC	5875	1701	1761	100	1.17e-21
B201LRABXX:3:1:11590:161724#TTAGGCA/2	65	1	65	smNRPS-CC	5875	2926	2990	98.462	3.24e-22
B201LRABXX:3:63:16768:60737#TTAGGCA/1	86	1	62	smNRPS-CC	5875	5814	5875	100	3.24e-22
A2026YABXX:5:5:3768:83090#TTAGGCA/2	68	68	1	smNRPS-CC	5875	2308	2375	97.059	3.24e-22
A2026YABXX:5:21:19018:73830#TTAGGCA/1	65	1	65	smNRPS-CC	5875	1186	1250	98.462	3.24e-22
B201LRABXX:3:8:5347:67666#TTAGGCA/1	66	1	66	smNRPS-CC	5875	1189	1254	98.485	9.02e-23
A2026YABXX:5:5:2492:65991#TTAGGCA/2	69	69	1	smNRPS-CC	5875	2135	2203	97.101	9.02e-23
A2026YABXX:5:22:8971:72596#TTAGGCA/2	66	1	66	smNRPS-CC	5875	2115	2180	98.485	9.02e-23
A2026YABXX:5:41:2412:40972#TTAGGCA/2	66	66	1	smNRPS-CC	5875	157	222	98.485	9.02e-23
A2026YABXX:5:46:20699:34172#TTAGGCA/1	66	1	66	smNRPS-CC	5875	2120	2185	98.485	9.02e-23
A2026YABXX:5:61:8962:110705#TTAGGCA/2	66	66	1	smNRPS-CC	5875	1765	1830	98.485	9.02e-23
A2026YABXX:5:27:18017:89289#TTAGGCA/2	67	1	67	smNRPS-CC	5875	4241	4307	98.507	2.51e-23
B201LRABXX:3:1:1989:96476#TTAGGCA/1	65	1	65	smNRPS-CC	5875	3390	3454	100	6.97e-24
A2026YABXX:5:6:2207:89895#TTAGGCA/2	71	1	71	smNRPS-CC	5875	225	295	97.183	6.97e-24
A2026YABXX:5:22:17079:185435#TTAGGCA/2	71	1	71	smNRPS-CC	5875	3214	3284	97.183	6.97e-24
A2026YABXX:5:27:7702:30004#TTAGGCA/1	65	65	1	smNRPS-CC	5875	3346	3410	100	6.97e-24
A2026YABXX:5:45:13442:184685#TTAGGCA/1	65	1	65	smNRPS-CC	5875	980	1044	100	6.97e-24
A2026YABXX:5:63:1728:55734#TTAGGCA/2	71	1	71	smNRPS-CC	5875	4786	4856	97.183	6.97e-24
B201LRABXX:3:2:20730:148729#TTAGGCA/2	66	1	66	smNRPS-CC	5875	4558	4623	100	1.94e-24
B201LRABXX:3:26:20386:143119#TTAGGCA/2	66	1	66	smNRPS-CC	5875	1834	1899	100	1.94e-24
B201LRABXX:3:44:2731:85841#TTAGGCA/1	66	66	1	smNRPS-CC	5875	2252	2317	100	1.94e-24
A2026YABXX:5:3:7690:129281#TTAGGCA/2	72	72	1	smNRPS-CC	5875	3762	3833	97.222	1.94e-24
A2026YABXX:5:21:6340:28895#TTAGGCA/2	66	1	66	smNRPS-CC	5875	2044	2109	100	1.94e-24
A2026YABXX:5:25:12514:104137#TTAGGCA/2	69	69	1	smNRPS-CC	5875	2300	2368	98.551	1.94e-24
A2026YABXX:5:27:19499:49848#TTAGGCA/2	66	66	1	smNRPS-CC	5875	421	486	100	1.94e-24
A2026YABXX:5:45:6092:69656#TTAGGCA/1	66	66	1	smNRPS-CC	5875	4978	5043	100	1.94e-24
A2026YABXX:5:47:3801:145901#TTAGGCA/1	75	1	75	smNRPS-CC	5875	4283	4358	96.053	1.94e-24
A2026YABXX:5:62:15334:193403#TTAGGCA/1	75	1	75	smNRPS-CC	5875	4283	4358	96.053	1.94e-24
A2026YABXX:5:64:19234:74628#TTAGGCA/2	67	1	66	smNRPS-CC	5875	94	159	100	1.94e-24
A2026YABXX:5:66:4008:128912#TTAGGCA/2	69	1	69	smNRPS-CC	5875	3952	4020	98.551	1.94e-24
A2026YABXX:5:3:7869:176551#TTAGGCA/2	69	3	69	smNRPS-CC	5875	2175	2241	100	5.39e-25
A2026YABXX:5:2:2156:113005#TTAGGCA/1	71	71	1	smNRPS-CC	5875	2732	2802	98.592	1.5e-25
A2026YABXX:5:25:18863:78895#TTAGGCA/1	71	1	71	smNRPS-CC	5875	189	259	98.592	1.5e-25
A2026YABXX:5:43:7459:43224#TTAGGCA/1	71	1	71	smNRPS-CC	5875	981	1051	98.592	1.5e-25
A2026YABXX:5:27:16172:74399#TTAGGCA/2	72	72	1	smNRPS-CC	5875	2797	2868	98.611	4.17e-26
A2026YABXX:5:62:18241:2332#TTAGGCA/1	79	78	1	smNRPS-CC	5875	5264	5341	96.154	4.17e-26
B201LRABXX:3:45:1753:83818#TTAGGCA/1	70	1	70	smNRPS-CC	5875	4539	4608	100	1.16e-26
B201LRABXX:3:62:17860:62721#TTAGGCA/2	70	70	1	smNRPS-CC	5875	297	366	100	1.16e-26
A2026YABXX:5:41:10959:111663#TTAGGCA/1	76	76	1	smNRPS-CC	5875	5581	5656	97.368	1.16e-26
B201LRABXX:3:6:17819:124785#TTAGGCA/1	86	2	72	smNRPS-CC	5875	5805	5875	100	3.22e-27
B201LRABXX:3:47:15106:81671#TTAGGCA/1	85	1	78	smNRPS-CC	5875	676	752	97.436	3.22e-27
B201LRABXX:3:65:11912:164426#TTAGGCA/2	80	1	80	smNRPS-CC	5875	4293	4373	96.296	3.22e-27
A2026YABXX:5:2:19641:171601#TTAGGCA/2	71	1	71	smNRPS-CC	5875	783	853	100	3.22e-27
A2026YABXX:5:3:13668:117349#TTAGGCA/2	77	1	77	smNRPS-CC	5875	201	277	97.403	3.22e-27
A2026YABXX:5:7:7634:117163#TTAGGCA/1	74	1	74	smNRPS-CC	5875	4237	4310	98.649	3.22e-27
A2026YABXX:5:21:1888:108649#TTAGGCA/1	86	1	83	smNRPS-CC	5875	1500	1582	95.181	3.22e-27
A2026YABXX:5:25:18863:78895#TTAGGCA/2	71	71	1	smNRPS-CC	5875	427	497	100	3.22e-27
A2026YABXX:5:43:7459:43224#TTAGGCA/2	74	74	1	smNRPS-CC	5875	1208	1281	98.649	3.22e-27
A2026YABXX:5:64:5340:174533#TTAGGCA/2	76	76	3	smNRPS-CC	5875	5525	5598	98.649	3.22e-27
A2026YABXX:5:22:17353:87320#TTAGGCA/2	71	71	1	smNRPS-CC	5875	1960	2030	100	3.22e-27
B201LRABXX:3:65:19211:74956#TTAGGCA/2	78	78	1	smNRPS-CC	5875	3760	3837	97.436	8.95e-28
A2026YABXX:5:1:4549:126556#TTAGGCA/2	86	1	78	smNRPS-CC	5875	5798	5875	97.436	8.95e-28
A2026YABXX:5:1:5769:147092#TTAGGCA/1	75	72	1	smNRPS-CC	5875	3819	3890	100	8.95e-28
A2026YABXX:5:5:3768:83090#TTAGGCA/1	78	1	78	smNRPS-CC	5875	2047	2124	97.436	8.95e-28
B201LRABXX:3:28:21198:50159#TTAGGCA/2	77	73	1	smNRPS-CC	5875	4522	4594	100	2.49e-28
B201LRABXX:3:48:15346:168750#TTAGGCA/1	76	1	76	smNRPS-CC	5875	1735	1810	98.684	2.49e-28
A2026YABXX:5:46:6743:37550#TTAGGCA/1	73	1	73	smNRPS-CC	5875	1843	1915	100	2.49e-28
A2026YABXX:5:47:18203:137717#TTAGGCA/1	76	1	76	smNRPS-CC	5875	937	1012	98.684	2.49e-28
A2026YABXX:5:64:1668:28329#TTAGGCA/2	76	76	1	smNRPS-CC	5875	3597	3672	98.684	2.49e-28
A2026YABXX:5:66:3494:10692#TTAGGCA/1	73	73	1	smNRPS-CC	5875	4498	4570	100	2.49e-28
B201LRABXX:3:6:14392:80594#TTAGGCA/1	86	1	86	smNRPS-CC	5875	1472	1557	95.349	6.92e-29
B201LRABXX:3:7:9851:105338#TTAGGCA/1	86	1	86	smNRPS-CC	5875	4821	4906	95.349	6.92e-29
B201LRABXX:3:8:5347:67666#TTAGGCA/2	86	80	1	smNRPS-CC	5875	1650	1729	97.5	6.92e-29
B201LRABXX:3:22:12000:81677#TTAGGCA/2	74	74	1	smNRPS-CC	5875	2244	2317	100	6.92e-29
B201LRABXX:3:23:17387:182877#TTAGGCA/2	80	80	1	smNRPS-CC	5875	4895	4974	97.5	6.92e-29
A2026YABXX:5:21:8747:38525#TTAGGCA/2	75	1	74	smNRPS-CC	5875	2100	2173	100	6.92e-29
A2026YABXX:5:21:16019:105055#TTAGGCA/2	77	1	77	smNRPS-CC	5875	332	408	98.701	6.92e-29
A2026YABXX:5:42:17398:39116#TTAGGCA/2	76	75	2	smNRPS-CC	5875	161	234	100	6.92e-29
A2026YABXX:5:65:19268:198662#TTAGGCA/1	77	77	1	smNRPS-CC	5875	3319	3395	98.701	6.92e-29
B201LRABXX:3:27:13449:73906#TTAGGCA/1	78	1	78	smNRPS-CC	5875	166	243	98.718	1.92e-29
B201LRABXX:3:65:16226:9456#TTAGGCA/2	81	1	81	smNRPS-CC	5875	5295	5375	97.531	1.92e-29
A2026YABXX:5:5:14322:25574#TTAGGCA/2	80	78	1	smNRPS-CC	5875	2733	2810	98.718	1.92e-29
A2026YABXX:5:5:9336:160904#TTAGGCA/1	81	1	78	smNRPS-CC	5875	1177	1254	98.718	1.92e-29
A2026YABXX:5:25:12514:104137#TTAGGCA/1	75	1	75	smNRPS-CC	5875	2072	2146	100	1.92e-29
A2026YABXX:5:41:14191:148595#TTAGGCA/2	76	75	1	smNRPS-CC	5875	3570	3644	100	1.92e-29
A2026YABXX:5:43:2377:8872#TTAGGCA/1	75	1	75	smNRPS-CC	5875	3064	3138	100	1.92e-29
A2026YABXX:5:61:11665:115269#TTAGGCA/2	86	1	84	smNRPS-CC	5875	5401	5484	96.429	1.92e-29
B201LRABXX:3:3:20163:54031#TTAGGCA/1	86	1	86	smNRPS-CC	5875	699	783	96.512	5.35e-30
B201LRABXX:3:3:14782:117257#TTAGGCA/2	79	79	1	smNRPS-CC	5875	5476	5554	98.734	5.35e-30
B201LRABXX:3:4:6040:127764#TTAGGCA/1	86	79	1	smNRPS-CC	5875	236	314	98.734	5.35e-30
B201LRABXX:3:21:13633:150026#TTAGGCA/2	86	86	1	smNRPS-CC	5875	711	795	96.512	5.35e-30
B201LRABXX:3:45:14652:61620#TTAGGCA/2	86	1	86	smNRPS-CC	5875	713	797	96.512	5.35e-30
B201LRABXX:3:47:20011:72201#TTAGGCA/1	86	1	86	smNRPS-CC	5875	695	779	96.512	5.35e-30
B201LRABXX:3:47:12934:191808#TTAGGCA/1	86	1	86	smNRPS-CC	5875	699	783	96.512	5.35e-30
B201LRABXX:3:68:15230:104609#TTAGGCA/1	86	86	1	smNRPS-CC	5875	733	817	96.512	5.35e-30
A2026YABXX:5:24:13059:126138#TTAGGCA/1	78	1	76	smNRPS-CC	5875	3829	3904	100	5.35e-30
A2026YABXX:5:28:11771:178840#TTAGGCA/1	85	1	85	smNRPS-CC	5875	4676	4760	96.471	5.35e-30
A2026YABXX:5:42:18721:20166#TTAGGCA/2	76	76	1	smNRPS-CC	5875	1708	1783	100	5.35e-30
A2026YABXX:5:45:13861:62543#TTAGGCA/2	86	86	1	smNRPS-CC	5875	727	811	96.512	5.35e-30
A2026YABXX:5:46:2031:46982#TTAGGCA/2	85	1	85	smNRPS-CC	5875	3512	3596	96.471	5.35e-30
A2026YABXX:5:47:4677:19164#TTAGGCA/1	85	1	82	smNRPS-CC	5875	1173	1254	97.561	5.35e-30
A2026YABXX:5:68:19878:22704#TTAGGCA/2	79	79	1	smNRPS-CC	5875	4233	4311	98.734	5.35e-30
B201LRABXX:3:1:1989:96476#TTAGGCA/2	86	86	1	smNRPS-CC	5875	3616	3701	96.512	1.49e-30
B201LRABXX:3:1:1884:149573#TTAGGCA/2	80	1	80	smNRPS-CC	5875	5511	5590	98.75	1.49e-30
B201LRABXX:3:4:13402:97518#TTAGGCA/1	80	1	80	smNRPS-CC	5875	4572	4651	98.75	1.49e-30
B201LRABXX:3:47:8474:172807#TTAGGCA/1	86	86	1	smNRPS-CC	5875	4299	4385	96.552	1.49e-30
B201LRABXX:3:62:12495:189287#TTAGGCA/1	86	86	1	smNRPS-CC	5875	3743	3828	96.512	1.49e-30
A2026YABXX:5:2:2156:113005#TTAGGCA/2	86	1	86	smNRPS-CC	5875	2682	2767	96.512	1.49e-30
A2026YABXX:5:7:7634:117163#TTAGGCA/2	86	86	1	smNRPS-CC	5875	4468	4553	96.512	1.49e-30
A2026YABXX:5:21:16162:23626#TTAGGCA/2	86	83	1	smNRPS-CC	5875	4181	4263	97.59	1.49e-30
A2026YABXX:5:21:1607:128302#TTAGGCA/2	81	1	77	smNRPS-CC	5875	4749	4825	100	1.49e-30
A2026YABXX:5:27:13851:57478#TTAGGCA/2	80	80	1	smNRPS-CC	5875	4616	4695	98.75	1.49e-30
A2026YABXX:5:46:17370:28169#TTAGGCA/2	80	80	1	smNRPS-CC	5875	5573	5652	98.75	1.49e-30
A2026YABXX:5:46:6254:99233#TTAGGCA/1	80	80	1	smNRPS-CC	5875	4853	4932	98.75	1.49e-30
A2026YABXX:5:61:1953:54472#TTAGGCA/1	80	1	80	smNRPS-CC	5875	2712	2791	98.75	1.49e-30
A2026YABXX:5:63:3874:56597#TTAGGCA/1	77	77	1	smNRPS-CC	5875	2218	2294	100	1.49e-30
A2026YABXX:5:66:20508:161506#TTAGGCA/1	86	86	1	smNRPS-CC	5875	4299	4385	96.552	1.49e-30
B201LRABXX:3:24:17772:188623#TTAGGCA/2	81	81	1	smNRPS-CC	5875	2698	2778	98.765	4.14e-31
B201LRABXX:3:42:16000:84345#TTAGGCA/1	81	1	81	smNRPS-CC	5875	1208	1288	98.765	4.14e-31
B201LRABXX:3:44:20634:18629#TTAGGCA/2	86	84	1	smNRPS-CC	5875	3783	3866	97.619	4.14e-31
B201LRABXX:3:47:20020:75423#TTAGGCA/2	84	1	84	smNRPS-CC	5875	3847	3930	97.619	4.14e-31
B201LRABXX:3:48:12134:7224#TTAGGCA/1	84	1	84	smNRPS-CC	5875	3878	3961	97.619	4.14e-31
A2026YABXX:5:2:18298:51811#TTAGGCA/2	81	81	1	smNRPS-CC	5875	2311	2391	98.765	4.14e-31
A2026YABXX:5:5:14322:25574#TTAGGCA/1	78	1	78	smNRPS-CC	5875	2508	2585	100	4.14e-31
A2026YABXX:5:8:18548:103645#TTAGGCA/2	81	1	81	smNRPS-CC	5875	2282	2362	98.765	4.14e-31
A2026YABXX:5:22:17079:185435#TTAGGCA/1	84	84	1	smNRPS-CC	5875	3442	3525	97.619	4.14e-31
A2026YABXX:5:24:17617:121496#TTAGGCA/2	81	81	1	smNRPS-CC	5875	5754	5834	98.765	4.14e-31
A2026YABXX:5:41:4769:8000#TTAGGCA/2	86	1	84	smNRPS-CC	5875	1232	1315	97.619	4.14e-31
A2026YABXX:5:43:17284:167922#TTAGGCA/2	81	1	81	smNRPS-CC	5875	1244	1324	98.765	4.14e-31
A2026YABXX:5:44:11603:101747#TTAGGCA/2	86	1	84	smNRPS-CC	5875	3541	3624	97.619	4.14e-31
A2026YABXX:5:47:3801:145901#TTAGGCA/2	81	81	1	smNRPS-CC	5875	4489	4569	98.765	4.14e-31
A2026YABXX:5:64:5299:59211#TTAGGCA/1	84	1	84	smNRPS-CC	5875	2205	2288	97.619	4.14e-31
B201LRABXX:3:3:7351:200404#TTAGGCA/2	85	1	85	smNRPS-CC	5875	2394	2478	97.647	1.15e-31
B201LRABXX:3:4:1418:114852#TTAGGCA/2	86	85	1	smNRPS-CC	5875	1650	1734	97.647	1.15e-31
B201LRABXX:3:66:21095:52932#TTAGGCA/2	86	86	1	smNRPS-CC	5875	670	754	97.674	1.15e-31
A2026YABXX:5:3:8947:76241#TTAGGCA/2	82	82	1	smNRPS-CC	5875	4589	4670	98.78	1.15e-31
A2026YABXX:5:4:14131:41666#TTAGGCA/1	82	82	1	smNRPS-CC	5875	52	133	98.78	1.15e-31
A2026YABXX:5:8:9432:78658#TTAGGCA/1	82	1	82	smNRPS-CC	5875	3201	3282	98.78	1.15e-31
A2026YABXX:5:42:18721:20166#TTAGGCA/1	86	1	79	smNRPS-CC	5875	1237	1315	100	1.15e-31
A2026YABXX:5:44:11603:101747#TTAGGCA/1	85	85	1	smNRPS-CC	5875	3747	3831	97.647	1.15e-31
A2026YABXX:5:45:17390:196333#TTAGGCA/1	86	1	79	smNRPS-CC	5875	3131	3209	100	1.15e-31
A2026YABXX:5:45:17390:196333#TTAGGCA/2	86	79	1	smNRPS-CC	5875	3127	3205	100	1.15e-31
A2026YABXX:5:46:2031:46982#TTAGGCA/1	85	85	1	smNRPS-CC	5875	3744	3828	97.647	1.15e-31
A2026YABXX:5:46:21125:171725#TTAGGCA/2	86	1	85	smNRPS-CC	5875	3650	3734	97.647	1.15e-31
A2026YABXX:5:46:7408:181340#TTAGGCA/2	82	1	82	smNRPS-CC	5875	5587	5668	98.78	1.15e-31
A2026YABXX:5:47:11429:137263#TTAGGCA/2	82	1	82	smNRPS-CC	5875	1681	1762	98.78	1.15e-31
A2026YABXX:5:48:14603:149118#TTAGGCA/2	85	1	85	smNRPS-CC	5875	4763	4847	97.647	1.15e-31
A2026YABXX:5:62:5330:88017#TTAGGCA/1	82	1	82	smNRPS-CC	5875	2545	2626	98.78	1.15e-31
A2026YABXX:5:62:4337:113228#TTAGGCA/2	86	2	86	smNRPS-CC	5875	4181	4265	97.647	1.15e-31
B201LRABXX:3:1:15191:62118#TTAGGCA/1	86	1	86	smNRPS-CC	5875	3852	3937	97.674	3.2e-32
B201LRABXX:3:1:21030:183047#TTAGGCA/2	86	86	1	smNRPS-CC	5875	756	841	97.674	3.2e-32
B201LRABXX:3:2:20730:148729#TTAGGCA/1	86	86	1	smNRPS-CC	5875	4788	4873	97.674	3.2e-32
B201LRABXX:3:2:3221:198757#TTAGGCA/2	86	1	86	smNRPS-CC	5875	4184	4269	97.674	3.2e-32
B201LRABXX:3:3:14782:117257#TTAGGCA/1	86	1	86	smNRPS-CC	5875	5231	5316	97.674	3.2e-32
B201LRABXX:3:4:12015:46045#TTAGGCA/2	86	86	1	smNRPS-CC	5875	3639	3724	97.674	3.2e-32
B201LRABXX:3:4:13402:97518#TTAGGCA/2	86	86	1	smNRPS-CC	5875	4789	4874	97.674	3.2e-32
B201LRABXX:3:5:12313:117144#TTAGGCA/1	86	86	1	smNRPS-CC	5875	3637	3722	97.674	3.2e-32
B201LRABXX:3:6:16452:123966#TTAGGCA/2	86	86	1	smNRPS-CC	5875	4718	4803	97.674	3.2e-32
B201LRABXX:3:7:11111:108450#TTAGGCA/2	86	86	1	smNRPS-CC	5875	4715	4800	97.674	3.2e-32
B201LRABXX:3:8:20598:199614#TTAGGCA/2	86	86	1	smNRPS-CC	5875	5248	5333	97.674	3.2e-32
B201LRABXX:3:21:14312:176641#TTAGGCA/2	86	86	1	smNRPS-CC	5875	4905	4990	97.674	3.2e-32
B201LRABXX:3:22:10837:123452#TTAGGCA/1	86	86	1	smNRPS-CC	5875	3716	3801	97.674	3.2e-32
B201LRABXX:3:23:12190:109160#TTAGGCA/1	86	86	1	smNRPS-CC	5875	5221	5306	97.674	3.2e-32
B201LRABXX:3:26:12900:150093#TTAGGCA/2	86	86	1	smNRPS-CC	5875	5241	5326	97.674	3.2e-32
B201LRABXX:3:26:17827:193764#TTAGGCA/1	86	86	1	smNRPS-CC	5875	3635	3720	97.674	3.2e-32
B201LRABXX:3:27:4853:90493#TTAGGCA/1	86	1	86	smNRPS-CC	5875	3840	3925	97.674	3.2e-32
B201LRABXX:3:28:17240:22902#TTAGGCA/1	86	86	1	smNRPS-CC	5875	3767	3852	97.674	3.2e-32
B201LRABXX:3:41:8939:128976#TTAGGCA/1	86	1	86	smNRPS-CC	5875	5530	5615	97.674	3.2e-32
B201LRABXX:3:41:11865:134791#TTAGGCA/2	86	1	86	smNRPS-CC	5875	5272	5357	97.674	3.2e-32
B201LRABXX:3:44:20634:18629#TTAGGCA/1	86	1	86	smNRPS-CC	5875	3533	3618	97.674	3.2e-32
B201LRABXX:3:45:1753:83818#TTAGGCA/2	86	86	1	smNRPS-CC	5875	4756	4841	97.674	3.2e-32
B201LRABXX:3:46:7499:85339#TTAGGCA/2	86	1	86	smNRPS-CC	5875	5226	5311	97.674	3.2e-32
B201LRABXX:3:62:19338:141549#TTAGGCA/2	86	86	3	smNRPS-CC	5875	677	759	98.81	3.2e-32
B201LRABXX:3:64:9082:63082#TTAGGCA/1	86	1	80	smNRPS-CC	5875	860	939	100	3.2e-32
B201LRABXX:3:64:13696:66482#TTAGGCA/1	86	86	1	smNRPS-CC	5875	403	488	97.674	3.2e-32
B201LRABXX:3:64:15408:103192#TTAGGCA/1	86	86	1	smNRPS-CC	5875	5319	5404	97.674	3.2e-32
B201LRABXX:3:67:9462:97702#TTAGGCA/1	86	86	1	smNRPS-CC	5875	4241	4326	97.674	3.2e-32
B201LRABXX:3:68:7434:136492#TTAGGCA/2	86	1	86	smNRPS-CC	5875	1660	1745	97.674	3.2e-32
A2026YABXX:5:1:3532:110950#TTAGGCA/2	86	86	1	smNRPS-CC	5875	2416	2501	97.674	3.2e-32
A2026YABXX:5:1:3337:180945#TTAGGCA/1	86	86	1	smNRPS-CC	5875	2782	2867	97.674	3.2e-32
A2026YABXX:5:1:6897:183515#TTAGGCA/1	86	86	1	smNRPS-CC	5875	423	508	97.674	3.2e-32
A2026YABXX:5:3:20658:90049#TTAGGCA/1	86	1	86	smNRPS-CC	5875	2883	2968	97.674	3.2e-32
A2026YABXX:5:3:18485:112154#TTAGGCA/2	86	1	86	smNRPS-CC	5875	5539	5624	97.674	3.2e-32
A2026YABXX:5:4:3673:41508#TTAGGCA/1	86	86	1	smNRPS-CC	5875	1786	1871	97.674	3.2e-32
A2026YABXX:5:4:10336:77093#TTAGGCA/1	86	86	1	smNRPS-CC	5875	2086	2171	97.674	3.2e-32
A2026YABXX:5:4:18225:99669#TTAGGCA/1	86	86	1	smNRPS-CC	5875	5245	5330	97.674	3.2e-32
A2026YABXX:5:4:15192:121781#TTAGGCA/2	80	80	1	smNRPS-CC	5875	3313	3392	100	3.2e-32
A2026YABXX:5:6:3515:200631#TTAGGCA/1	86	1	86	smNRPS-CC	5875	2875	2960	97.674	3.2e-32
A2026YABXX:5:7:14670:73995#TTAGGCA/1	86	86	1	smNRPS-CC	5875	147	232	97.674	3.2e-32
A2026YABXX:5:7:18745:145418#TTAGGCA/1	86	86	1	smNRPS-CC	5875	3636	3721	97.674	3.2e-32
A2026YABXX:5:8:4002:32180#TTAGGCA/2	86	83	1	smNRPS-CC	5875	3783	3865	98.795	3.2e-32
A2026YABXX:5:8:11587:142288#TTAGGCA/2	86	1	86	smNRPS-CC	5875	5271	5356	97.674	3.2e-32
A2026YABXX:5:21:16019:105055#TTAGGCA/1	86	86	4	smNRPS-CC	5875	555	637	98.795	3.2e-32
A2026YABXX:5:22:8971:72596#TTAGGCA/1	86	86	1	smNRPS-CC	5875	2347	2432	97.674	3.2e-32
A2026YABXX:5:23:1744:151259#TTAGGCA/1	86	86	1	smNRPS-CC	5875	3566	3651	97.674	3.2e-32
A2026YABXX:5:23:1744:151259#TTAGGCA/2	80	1	80	smNRPS-CC	5875	3347	3426	100	3.2e-32
A2026YABXX:5:24:17089:35635#TTAGGCA/1	86	86	1	smNRPS-CC	5875	4241	4326	97.674	3.2e-32
A2026YABXX:5:24:17089:35635#TTAGGCA/2	80	1	80	smNRPS-CC	5875	4028	4107	100	3.2e-32
A2026YABXX:5:24:4066:61843#TTAGGCA/1	86	86	1	smNRPS-CC	5875	4669	4754	97.674	3.2e-32
A2026YABXX:5:24:15065:95475#TTAGGCA/2	86	86	1	smNRPS-CC	5875	4696	4781	97.674	3.2e-32
A2026YABXX:5:24:8427:166551#TTAGGCA/2	86	86	1	smNRPS-CC	5875	418	503	97.674	3.2e-32
A2026YABXX:5:28:11771:178840#TTAGGCA/2	86	86	1	smNRPS-CC	5875	4894	4979	97.674	3.2e-32
A2026YABXX:5:41:15839:28244#TTAGGCA/2	86	86	1	smNRPS-CC	5875	1252	1337	97.674	3.2e-32
A2026YABXX:5:41:15431:141427#TTAGGCA/1	86	86	1	smNRPS-CC	5875	3837	3922	97.674	3.2e-32
A2026YABXX:5:42:10719:18039#TTAGGCA/1	86	1	86	smNRPS-CC	5875	419	504	97.674	3.2e-32
A2026YABXX:5:44:12540:105351#TTAGGCA/1	86	86	1	smNRPS-CC	5875	2677	2762	97.674	3.2e-32
A2026YABXX:5:45:15292:32591#TTAGGCA/2	86	83	1	smNRPS-CC	5875	1551	1633	98.795	3.2e-32
A2026YABXX:5:46:9016:81929#TTAGGCA/1	86	86	1	smNRPS-CC	5875	4709	4794	97.674	3.2e-32
A2026YABXX:5:46:21125:171725#TTAGGCA/1	86	86	1	smNRPS-CC	5875	3855	3940	97.674	3.2e-32
A2026YABXX:5:47:16083:15987#TTAGGCA/1	86	1	86	smNRPS-CC	5875	1252	1337	97.674	3.2e-32
A2026YABXX:5:47:13848:71761#TTAGGCA/1	86	86	1	smNRPS-CC	5875	750	835	97.674	3.2e-32
A2026YABXX:5:48:7347:116487#TTAGGCA/1	86	1	86	smNRPS-CC	5875	3878	3963	97.674	3.2e-32
A2026YABXX:5:48:18159:128884#TTAGGCA/1	86	1	86	smNRPS-CC	5875	4784	4869	97.674	3.2e-32
A2026YABXX:5:48:20999:152367#TTAGGCA/1	86	86	1	smNRPS-CC	5875	2734	2819	97.674	3.2e-32
A2026YABXX:5:61:17008:47169#TTAGGCA/2	83	1	83	smNRPS-CC	5875	4917	4999	98.795	3.2e-32
A2026YABXX:5:61:17636:111621#TTAGGCA/1	86	86	1	smNRPS-CC	5875	1821	1906	97.674	3.2e-32
A2026YABXX:5:62:10523:167853#TTAGGCA/1	86	1	86	smNRPS-CC	5875	2881	2966	97.674	3.2e-32
A2026YABXX:5:62:10523:167853#TTAGGCA/2	86	86	1	smNRPS-CC	5875	2901	2986	97.674	3.2e-32
A2026YABXX:5:63:9402:19135#TTAGGCA/1	86	86	1	smNRPS-CC	5875	4778	4863	97.674	3.2e-32
A2026YABXX:5:63:1459:21772#TTAGGCA/2	83	1	83	smNRPS-CC	5875	210	292	98.795	3.2e-32
A2026YABXX:5:64:8696:82835#TTAGGCA/2	86	86	1	smNRPS-CC	5875	5211	5296	97.674	3.2e-32
A2026YABXX:5:65:12254:64375#TTAGGCA/2	86	86	1	smNRPS-CC	5875	4303	4389	97.701	3.2e-32
A2026YABXX:5:65:19268:198662#TTAGGCA/2	86	1	86	smNRPS-CC	5875	3090	3175	97.674	3.2e-32
A2026YABXX:5:66:3494:10692#TTAGGCA/2	86	1	86	smNRPS-CC	5875	4255	4340	97.674	3.2e-32
A2026YABXX:5:66:11657:13146#TTAGGCA/2	86	1	86	smNRPS-CC	5875	2688	2773	97.674	3.2e-32
A2026YABXX:5:67:7799:108898#TTAGGCA/1	86	86	1	smNRPS-CC	5875	3746	3831	97.674	3.2e-32
A2026YABXX:5:67:6043:112809#TTAGGCA/1	86	86	1	smNRPS-CC	5875	4318	4404	97.701	3.2e-32
B201LRABXX:3:2:19876:110160#TTAGGCA/1	86	81	1	smNRPS-CC	5875	1	81	100	8.89e-33
B201LRABXX:3:21:15167:5842#TTAGGCA/2	81	1	81	smNRPS-CC	5875	4186	4266	100	8.89e-33
B201LRABXX:3:43:16005:3295#TTAGGCA/1	86	86	3	smNRPS-CC	5875	3828	3911	98.81	8.89e-33
B201LRABXX:3:47:4373:159439#TTAGGCA/2	86	1	81	smNRPS-CC	5875	1569	1649	100	8.89e-33
B201LRABXX:3:68:16123:120979#TTAGGCA/2	84	1	84	smNRPS-CC	5875	5446	5529	98.81	8.89e-33
B201LRABXX:3:68:7434:136492#TTAGGCA/1	81	81	1	smNRPS-CC	5875	1878	1958	100	8.89e-33
A2026YABXX:5:26:6737:91678#TTAGGCA/2	86	84	1	smNRPS-CC	5875	3783	3866	98.81	8.89e-33
A2026YABXX:5:41:7960:127699#TTAGGCA/1	86	3	86	smNRPS-CC	5875	5549	5632	98.81	8.89e-33
A2026YABXX:5:44:19324:43892#TTAGGCA/2	86	1	84	smNRPS-CC	5875	4742	4825	98.81	8.89e-33
B201LRABXX:3:1:21122:11291#TTAGGCA/2	86	2	86	smNRPS-CC	5875	2757	2841	98.824	2.47e-33
B201LRABXX:3:28:3847:81618#TTAGGCA/2	85	1	85	smNRPS-CC	5875	1200	1284	98.824	2.47e-33
B201LRABXX:3:41:10536:117048#TTAGGCA/2	86	86	2	smNRPS-CC	5875	5265	5349	98.824	2.47e-33
B201LRABXX:3:42:11358:110002#TTAGGCA/2	85	85	1	smNRPS-CC	5875	4643	4727	98.824	2.47e-33
B201LRABXX:3:43:19595:58553#TTAGGCA/2	85	85	1	smNRPS-CC	5875	3813	3897	98.824	2.47e-33
B201LRABXX:3:62:12495:189287#TTAGGCA/2	85	1	85	smNRPS-CC	5875	3514	3598	98.824	2.47e-33
A2026YABXX:5:2:4597:147057#TTAGGCA/2	85	85	1	smNRPS-CC	5875	763	847	98.824	2.47e-33
A2026YABXX:5:2:19163:173948#TTAGGCA/2	85	1	85	smNRPS-CC	5875	199	283	98.824	2.47e-33
A2026YABXX:5:27:14028:113562#TTAGGCA/1	85	1	85	smNRPS-CC	5875	2608	2692	98.824	2.47e-33
A2026YABXX:5:27:14028:113562#TTAGGCA/2	82	82	1	smNRPS-CC	5875	2829	2910	100	2.47e-33
A2026YABXX:5:41:15431:141427#TTAGGCA/2	86	1	85	smNRPS-CC	5875	3607	3691	98.824	2.47e-33
A2026YABXX:5:41:7653:177770#TTAGGCA/2	85	85	1	smNRPS-CC	5875	185	269	98.824	2.47e-33
A2026YABXX:5:47:19292:29610#TTAGGCA/1	85	1	85	smNRPS-CC	5875	1095	1179	98.824	2.47e-33
A2026YABXX:5:65:18802:12243#TTAGGCA/1	86	86	1	smNRPS-CC	5875	673	757	98.837	2.47e-33
A2026YABXX:5:66:4972:142175#TTAGGCA/2	85	85	1	smNRPS-CC	5875	3017	3101	98.824	2.47e-33
A2026YABXX:5:67:7799:108898#TTAGGCA/2	85	1	85	smNRPS-CC	5875	3529	3613	98.824	2.47e-33
B201LRABXX:3:1:16991:116705#TTAGGCA/2	86	1	86	smNRPS-CC	5875	223	308	98.837	6.87e-34
B201LRABXX:3:1:1884:149573#TTAGGCA/1	86	86	1	smNRPS-CC	5875	5732	5817	98.837	6.87e-34
B201LRABXX:3:1:11590:161724#TTAGGCA/1	86	86	1	smNRPS-CC	5875	3166	3251	98.837	6.87e-34
B201LRABXX:3:1:21030:183047#TTAGGCA/1	86	1	86	smNRPS-CC	5875	543	628	98.837	6.87e-34
B201LRABXX:3:2:10704:4000#TTAGGCA/1	86	86	1	smNRPS-CC	5875	2585	2670	98.837	6.87e-34
B201LRABXX:3:2:13768:91096#TTAGGCA/2	86	1	86	smNRPS-CC	5875	209	294	98.837	6.87e-34
B201LRABXX:3:2:3202:109850#TTAGGCA/1	86	1	86	smNRPS-CC	5875	204	289	98.837	6.87e-34
B201LRABXX:3:2:4765:186595#TTAGGCA/1	86	86	1	smNRPS-CC	5875	2809	2894	98.837	6.87e-34
B201LRABXX:3:2:4765:186595#TTAGGCA/2	86	1	86	smNRPS-CC	5875	2588	2673	98.837	6.87e-34
B201LRABXX:3:3:20163:54031#TTAGGCA/2	86	86	1	smNRPS-CC	5875	931	1016	98.837	6.87e-34
B201LRABXX:3:3:17778:85374#TTAGGCA/2	86	86	1	smNRPS-CC	5875	1019	1104	98.837	6.87e-34
B201LRABXX:3:3:7351:200404#TTAGGCA/1	86	86	1	smNRPS-CC	5875	2607	2692	98.837	6.87e-34
B201LRABXX:3:4:12015:46045#TTAGGCA/1	86	1	86	smNRPS-CC	5875	3420	3505	98.837	6.87e-34
B201LRABXX:3:4:12898:100961#TTAGGCA/2	86	1	86	smNRPS-CC	5875	4902	4987	98.837	6.87e-34
B201LRABXX:3:5:9424:25050#TTAGGCA/1	86	1	86	smNRPS-CC	5875	5754	5839	98.837	6.87e-34
B201LRABXX:3:5:12313:117144#TTAGGCA/2	86	1	86	smNRPS-CC	5875	3409	3494	98.837	6.87e-34
B201LRABXX:3:5:6240:126799#TTAGGCA/1	86	1	86	smNRPS-CC	5875	5594	5679	98.837	6.87e-34
B201LRABXX:3:7:11440:24806#TTAGGCA/2	86	86	1	smNRPS-CC	5875	219	304	98.837	6.87e-34
B201LRABXX:3:7:3236:84123#TTAGGCA/1	86	1	86	smNRPS-CC	5875	5489	5574	98.837	6.87e-34
B201LRABXX:3:7:15674:170272#TTAGGCA/1	86	86	1	smNRPS-CC	5875	5283	5368	98.837	6.87e-34
B201LRABXX:3:8:11127:124601#TTAGGCA/1	86	86	1	smNRPS-CC	5875	3542	3627	98.837	6.87e-34
B201LRABXX:3:8:10070:136389#TTAGGCA/2	86	86	1	smNRPS-CC	5875	5329	5414	98.837	6.87e-34
B201LRABXX:3:21:15167:5842#TTAGGCA/1	86	86	1	smNRPS-CC	5875	4404	4489	98.837	6.87e-34
B201LRABXX:3:21:14007:113272#TTAGGCA/2	86	86	1	smNRPS-CC	5875	3550	3635	98.837	6.87e-34
B201LRABXX:3:21:4421:173347#TTAGGCA/2	86	86	1	smNRPS-CC	5875	2155	2240	98.837	6.87e-34
B201LRABXX:3:22:10837:123452#TTAGGCA/2	86	1	86	smNRPS-CC	5875	3493	3578	98.837	6.87e-34
B201LRABXX:3:22:10992:131861#TTAGGCA/2	86	1	86	smNRPS-CC	5875	5758	5843	98.837	6.87e-34
B201LRABXX:3:22:20542:162458#TTAGGCA/1	86	1	86	smNRPS-CC	5875	365	450	98.837	6.87e-34
B201LRABXX:3:23:12714:13046#TTAGGCA/1	86	1	86	smNRPS-CC	5875	1218	1303	98.837	6.87e-34
B201LRABXX:3:25:7713:28100#TTAGGCA/1	86	86	1	smNRPS-CC	5875	5762	5847	98.837	6.87e-34
B201LRABXX:3:25:7713:28100#TTAGGCA/2	86	1	86	smNRPS-CC	5875	5557	5642	98.837	6.87e-34
B201LRABXX:3:25:13568:78854#TTAGGCA/2	86	86	1	smNRPS-CC	5875	3460	3545	98.837	6.87e-34
B201LRABXX:3:26:17827:193764#TTAGGCA/2	86	1	86	smNRPS-CC	5875	3412	3497	98.837	6.87e-34
B201LRABXX:3:27:7082:173167#TTAGGCA/2	86	86	1	smNRPS-CC	5875	5195	5280	98.837	6.87e-34
B201LRABXX:3:28:17240:22902#TTAGGCA/2	86	1	86	smNRPS-CC	5875	3532	3617	98.837	6.87e-34
B201LRABXX:3:41:3550:119454#TTAGGCA/2	86	86	1	smNRPS-CC	5875	5484	5569	98.837	6.87e-34
B201LRABXX:3:41:11865:134791#TTAGGCA/1	86	86	1	smNRPS-CC	5875	5473	5558	98.837	6.87e-34
B201LRABXX:3:42:10069:111436#TTAGGCA/2	86	86	1	smNRPS-CC	5875	2719	2804	98.837	6.87e-34
B201LRABXX:3:43:16005:3295#TTAGGCA/2	86	1	86	smNRPS-CC	5875	3602	3687	98.837	6.87e-34
B201LRABXX:3:43:19595:58553#TTAGGCA/1	86	1	86	smNRPS-CC	5875	3588	3673	98.837	6.87e-34
B201LRABXX:3:44:12114:46968#TTAGGCA/2	86	86	1	smNRPS-CC	5875	2643	2728	98.837	6.87e-34
B201LRABXX:3:45:14652:61620#TTAGGCA/1	86	86	1	smNRPS-CC	5875	933	1018	98.837	6.87e-34
B201LRABXX:3:45:19238:123319#TTAGGCA/2	86	86	1	smNRPS-CC	5875	549	634	98.837	6.87e-34
B201LRABXX:3:45:7967:136524#TTAGGCA/1	86	86	1	smNRPS-CC	5875	5784	5869	98.837	6.87e-34
B201LRABXX:3:45:7967:136524#TTAGGCA/2	86	1	86	smNRPS-CC	5875	5562	5647	98.837	6.87e-34
B201LRABXX:3:45:5661:140605#TTAGGCA/1	86	86	1	smNRPS-CC	5875	5190	5275	98.837	6.87e-34
B201LRABXX:3:46:7499:85339#TTAGGCA/1	86	86	1	smNRPS-CC	5875	5446	5531	98.837	6.87e-34
B201LRABXX:3:47:2540:84743#TTAGGCA/1	86	1	86	smNRPS-CC	5875	4003	4088	98.837	6.87e-34
B201LRABXX:3:47:12269:86353#TTAGGCA/1	86	1	86	smNRPS-CC	5875	4381	4466	98.837	6.87e-34
B201LRABXX:3:47:12269:86353#TTAGGCA/2	86	86	1	smNRPS-CC	5875	4622	4707	98.837	6.87e-34
B201LRABXX:3:47:13870:108616#TTAGGCA/1	86	86	1	smNRPS-CC	5875	4836	4921	98.837	6.87e-34
B201LRABXX:3:47:13870:108616#TTAGGCA/2	86	1	86	smNRPS-CC	5875	4734	4819	98.837	6.87e-34
B201LRABXX:3:47:17915:113720#TTAGGCA/2	86	1	86	smNRPS-CC	5875	223	308	98.837	6.87e-34
B201LRABXX:3:47:10466:119361#TTAGGCA/1	86	86	1	smNRPS-CC	5875	1187	1272	98.837	6.87e-34
B201LRABXX:3:47:10466:119361#TTAGGCA/2	86	1	86	smNRPS-CC	5875	964	1049	98.837	6.87e-34
B201LRABXX:3:47:6955:200041#TTAGGCA/1	86	86	1	smNRPS-CC	5875	765	850	98.837	6.87e-34
B201LRABXX:3:48:12488:75221#TTAGGCA/1	86	1	86	smNRPS-CC	5875	3395	3480	98.837	6.87e-34
B201LRABXX:3:48:12488:75221#TTAGGCA/2	86	86	1	smNRPS-CC	5875	3601	3686	98.837	6.87e-34
B201LRABXX:3:48:1293:138816#TTAGGCA/1	86	1	86	smNRPS-CC	5875	911	996	98.837	6.87e-34
B201LRABXX:3:48:1293:138816#TTAGGCA/2	86	86	1	smNRPS-CC	5875	1131	1216	98.837	6.87e-34
B201LRABXX:3:61:6788:46321#TTAGGCA/1	86	1	86	smNRPS-CC	5875	971	1057	98.851	6.87e-34
B201LRABXX:3:61:6788:46321#TTAGGCA/2	86	86	1	smNRPS-CC	5875	1199	1284	98.837	6.87e-34
B201LRABXX:3:61:15798:59202#TTAGGCA/2	86	1	86	smNRPS-CC	5875	5787	5872	98.837	6.87e-34
B201LRABXX:3:61:15139:152913#TTAGGCA/1	86	86	1	smNRPS-CC	5875	5661	5746	98.837	6.87e-34
B201LRABXX:3:62:2262:18422#TTAGGCA/1	86	86	1	smNRPS-CC	5875	5121	5206	98.837	6.87e-34
B201LRABXX:3:62:2262:18422#TTAGGCA/2	86	1	86	smNRPS-CC	5875	4904	4989	98.837	6.87e-34
B201LRABXX:3:64:17504:100461#TTAGGCA/2	86	1	86	smNRPS-CC	5875	3908	3993	98.837	6.87e-34
B201LRABXX:3:65:18480:170717#TTAGGCA/1	86	1	86	smNRPS-CC	5875	4007	4092	98.837	6.87e-34
B201LRABXX:3:65:18480:170717#TTAGGCA/2	86	86	1	smNRPS-CC	5875	4230	4315	98.837	6.87e-34
B201LRABXX:3:66:12184:187427#TTAGGCA/1	86	86	1	smNRPS-CC	5875	3422	3507	98.837	6.87e-34
B201LRABXX:3:66:12184:187427#TTAGGCA/2	86	1	86	smNRPS-CC	5875	3206	3291	98.837	6.87e-34
B201LRABXX:3:68:3957:82396#TTAGGCA/2	86	1	86	smNRPS-CC	5875	367	452	98.837	6.87e-34
B201LRABXX:3:68:15230:104609#TTAGGCA/2	86	1	86	smNRPS-CC	5875	517	602	98.837	6.87e-34
B201LRABXX:3:68:9902:166205#TTAGGCA/2	86	1	86	smNRPS-CC	5875	354	439	98.837	6.87e-34
A2026YABXX:5:1:3532:110950#TTAGGCA/1	86	1	86	smNRPS-CC	5875	2268	2353	98.837	6.87e-34
A2026YABXX:5:1:18506:114943#TTAGGCA/2	86	1	86	smNRPS-CC	5875	4913	4998	98.837	6.87e-34
A2026YABXX:5:1:5769:147092#TTAGGCA/2	86	1	86	smNRPS-CC	5875	3586	3671	98.837	6.87e-34
A2026YABXX:5:1:3337:180945#TTAGGCA/2	86	1	86	smNRPS-CC	5875	2567	2652	98.837	6.87e-34
A2026YABXX:5:2:15501:77162#TTAGGCA/1	86	86	1	smNRPS-CC	5875	303	388	98.837	6.87e-34
A2026YABXX:5:2:15501:77162#TTAGGCA/2	86	1	86	smNRPS-CC	5875	126	211	98.837	6.87e-34
A2026YABXX:5:2:4597:147057#TTAGGCA/1	86	1	86	smNRPS-CC	5875	550	635	98.837	6.87e-34
A2026YABXX:5:2:19163:173948#TTAGGCA/1	86	86	1	smNRPS-CC	5875	377	462	98.837	6.87e-34
A2026YABXX:5:3:20903:92018#TTAGGCA/2	86	86	1	smNRPS-CC	5875	5098	5183	98.837	6.87e-34
A2026YABXX:5:3:4515:95220#TTAGGCA/1	86	1	86	smNRPS-CC	5875	4914	4999	98.837	6.87e-34
A2026YABXX:5:3:18485:112154#TTAGGCA/1	86	86	1	smNRPS-CC	5875	5741	5826	98.837	6.87e-34
A2026YABXX:5:3:7690:129281#TTAGGCA/1	86	1	86	smNRPS-CC	5875	3528	3613	98.837	6.87e-34
A2026YABXX:5:4:8317:5419#TTAGGCA/1	86	86	1	smNRPS-CC	5875	210	295	98.837	6.87e-34
A2026YABXX:5:5:12235:6504#TTAGGCA/1	86	1	86	smNRPS-CC	5875	2793	2878	98.837	6.87e-34
A2026YABXX:5:5:12235:6504#TTAGGCA/2	86	86	1	smNRPS-CC	5875	3037	3122	98.837	6.87e-34
A2026YABXX:5:5:11575:8432#TTAGGCA/1	86	86	1	smNRPS-CC	5875	123	208	98.837	6.87e-34
A2026YABXX:5:5:2393:93485#TTAGGCA/1	86	86	1	smNRPS-CC	5875	3027	3112	98.837	6.87e-34
A2026YABXX:5:5:13668:114778#TTAGGCA/1	86	1	86	smNRPS-CC	5875	2555	2640	98.837	6.87e-34
A2026YABXX:5:5:13668:114778#TTAGGCA/2	86	86	1	smNRPS-CC	5875	2780	2865	98.837	6.87e-34
A2026YABXX:5:5:8985:130408#TTAGGCA/2	86	1	86	smNRPS-CC	5875	470	555	98.837	6.87e-34
A2026YABXX:5:7:18745:145418#TTAGGCA/2	86	1	86	smNRPS-CC	5875	3435	3520	98.837	6.87e-34
A2026YABXX:5:8:9432:78658#TTAGGCA/2	86	86	1	smNRPS-CC	5875	3427	3512	98.837	6.87e-34
A2026YABXX:5:21:11558:45227#TTAGGCA/1	86	1	86	smNRPS-CC	5875	3059	3144	98.837	6.87e-34
A2026YABXX:5:21:11558:45227#TTAGGCA/2	86	86	1	smNRPS-CC	5875	3288	3373	98.837	6.87e-34
A2026YABXX:5:21:3476:156033#TTAGGCA/2	86	86	1	smNRPS-CC	5875	5184	5269	98.837	6.87e-34
A2026YABXX:5:22:10439:118592#TTAGGCA/1	86	86	1	smNRPS-CC	5875	1196	1281	98.837	6.87e-34
A2026YABXX:5:22:14662:158505#TTAGGCA/2	86	86	1	smNRPS-CC	5875	4193	4278	98.837	6.87e-34
A2026YABXX:5:23:7251:165152#TTAGGCA/2	83	1	83	smNRPS-CC	5875	178	260	100	6.87e-34
A2026YABXX:5:24:8021:146317#TTAGGCA/2	86	86	1	smNRPS-CC	5875	1823	1908	98.837	6.87e-34
A2026YABXX:5:25:7765:53282#TTAGGCA/1	86	1	86	smNRPS-CC	5875	2773	2858	98.837	6.87e-34
A2026YABXX:5:25:7765:53282#TTAGGCA/2	86	86	1	smNRPS-CC	5875	2999	3084	98.837	6.87e-34
A2026YABXX:5:25:12062:65714#TTAGGCA/1	83	83	1	smNRPS-CC	5875	4145	4227	100	6.87e-34
A2026YABXX:5:25:4162:174847#TTAGGCA/2	86	1	86	smNRPS-CC	5875	3088	3173	98.837	6.87e-34
A2026YABXX:5:26:7672:8917#TTAGGCA/2	86	1	86	smNRPS-CC	5875	4001	4086	98.837	6.87e-34
A2026YABXX:5:26:9154:48850#TTAGGCA/1	86	1	86	smNRPS-CC	5875	3799	3884	98.837	6.87e-34
A2026YABXX:5:26:9154:48850#TTAGGCA/2	86	86	1	smNRPS-CC	5875	4016	4101	98.837	6.87e-34
A2026YABXX:5:26:9778:80167#TTAGGCA/1	86	1	86	smNRPS-CC	5875	470	555	98.837	6.87e-34
A2026YABXX:5:26:13548:88632#TTAGGCA/1	86	86	1	smNRPS-CC	5875	136	221	98.837	6.87e-34
A2026YABXX:5:26:6737:91678#TTAGGCA/1	86	1	86	smNRPS-CC	5875	3533	3618	98.837	6.87e-34
A2026YABXX:5:27:13851:57478#TTAGGCA/1	86	1	86	smNRPS-CC	5875	4381	4466	98.837	6.87e-34
A2026YABXX:5:27:16172:74399#TTAGGCA/1	86	1	86	smNRPS-CC	5875	2544	2629	98.837	6.87e-34
A2026YABXX:5:27:3003:141659#TTAGGCA/2	86	1	86	smNRPS-CC	5875	209	294	98.837	6.87e-34
A2026YABXX:5:41:10959:111663#TTAGGCA/2	86	1	86	smNRPS-CC	5875	5563	5648	98.837	6.87e-34
A2026YABXX:5:41:8732:117334#TTAGGCA/2	86	1	86	smNRPS-CC	5875	654	739	98.837	6.87e-34
A2026YABXX:5:41:7960:127699#TTAGGCA/2	86	86	1	smNRPS-CC	5875	5790	5875	98.837	6.87e-34
A2026YABXX:5:42:8726:18986#TTAGGCA/1	86	1	86	smNRPS-CC	5875	5329	5414	98.837	6.87e-34
A2026YABXX:5:42:7889:26798#TTAGGCA/1	86	1	86	smNRPS-CC	5875	3013	3098	98.837	6.87e-34
A2026YABXX:5:42:7889:26798#TTAGGCA/2	86	86	1	smNRPS-CC	5875	3215	3300	98.837	6.87e-34
A2026YABXX:5:42:10201:63434#TTAGGCA/2	86	86	1	smNRPS-CC	5875	2604	2689	98.837	6.87e-34
A2026YABXX:5:42:16663:70062#TTAGGCA/1	86	1	86	smNRPS-CC	5875	535	620	98.837	6.87e-34
A2026YABXX:5:42:16663:70062#TTAGGCA/2	86	86	1	smNRPS-CC	5875	763	848	98.837	6.87e-34
A2026YABXX:5:42:17610:104614#TTAGGCA/1	86	86	1	smNRPS-CC	5875	2802	2887	98.837	6.87e-34
A2026YABXX:5:42:17610:104614#TTAGGCA/2	86	1	86	smNRPS-CC	5875	2583	2668	98.837	6.87e-34
A2026YABXX:5:42:15151:182790#TTAGGCA/2	86	86	1	smNRPS-CC	5875	4332	4418	98.851	6.87e-34
A2026YABXX:5:43:5264:16636#TTAGGCA/1	86	86	1	smNRPS-CC	5875	5296	5381	98.837	6.87e-34
A2026YABXX:5:43:8728:128679#TTAGGCA/2	86	86	1	smNRPS-CC	5875	466	551	98.837	6.87e-34
A2026YABXX:5:43:17284:167922#TTAGGCA/1	86	86	1	smNRPS-CC	5875	1244	1329	98.837	6.87e-34
A2026YABXX:5:44:19324:43892#TTAGGCA/1	86	86	1	smNRPS-CC	5875	4960	5045	98.837	6.87e-34
A2026YABXX:5:44:19172:111071#TTAGGCA/2	86	1	86	smNRPS-CC	5875	351	436	98.837	6.87e-34
A2026YABXX:5:44:16128:133290#TTAGGCA/2	86	86	1	smNRPS-CC	5875	3050	3135	98.837	6.87e-34
A2026YABXX:5:45:18803:159680#TTAGGCA/2	86	1	86	smNRPS-CC	5875	4904	4989	98.837	6.87e-34
A2026YABXX:5:45:13442:184685#TTAGGCA/2	86	86	1	smNRPS-CC	5875	1172	1257	98.837	6.87e-34
A2026YABXX:5:46:6254:99233#TTAGGCA/2	86	1	86	smNRPS-CC	5875	4626	4711	98.837	6.87e-34
A2026YABXX:5:47:9597:34688#TTAGGCA/2	86	1	86	smNRPS-CC	5875	2596	2681	98.837	6.87e-34
A2026YABXX:5:47:18210:63371#TTAGGCA/1	86	86	1	smNRPS-CC	5875	77	162	98.837	6.87e-34
A2026YABXX:5:47:13848:71761#TTAGGCA/2	86	1	86	smNRPS-CC	5875	532	617	98.837	6.87e-34
A2026YABXX:5:47:18203:137717#TTAGGCA/2	86	86	1	smNRPS-CC	5875	1158	1243	98.837	6.87e-34
A2026YABXX:5:47:4168:147224#TTAGGCA/2	86	86	1	smNRPS-CC	5875	192	277	98.837	6.87e-34
A2026YABXX:5:47:6311:155619#TTAGGCA/1	86	1	86	smNRPS-CC	5875	2783	2868	98.837	6.87e-34
A2026YABXX:5:47:6311:155619#TTAGGCA/2	86	86	1	smNRPS-CC	5875	3014	3099	98.837	6.87e-34
A2026YABXX:5:47:6330:155614#TTAGGCA/1	86	1	86	smNRPS-CC	5875	2783	2868	98.837	6.87e-34
A2026YABXX:5:47:6330:155614#TTAGGCA/2	86	86	1	smNRPS-CC	5875	3014	3099	98.837	6.87e-34
A2026YABXX:5:48:7487:9653#TTAGGCA/2	86	86	1	smNRPS-CC	5875	470	555	98.837	6.87e-34
A2026YABXX:5:48:20999:152367#TTAGGCA/2	86	1	86	smNRPS-CC	5875	2574	2659	98.837	6.87e-34
A2026YABXX:5:48:4752:199090#TTAGGCA/2	86	1	83	smNRPS-CC	5875	5793	5875	100	6.87e-34
A2026YABXX:5:61:4252:84867#TTAGGCA/2	86	86	1	smNRPS-CC	5875	3469	3554	98.837	6.87e-34
A2026YABXX:5:62:5330:88017#TTAGGCA/2	86	86	1	smNRPS-CC	5875	2769	2854	98.837	6.87e-34
A2026YABXX:5:62:17693:98044#TTAGGCA/2	86	86	1	smNRPS-CC	5875	5347	5432	98.837	6.87e-34
A2026YABXX:5:62:14046:118813#TTAGGCA/1	86	86	1	smNRPS-CC	5875	2552	2637	98.837	6.87e-34
A2026YABXX:5:62:6860:196650#TTAGGCA/1	86	83	1	smNRPS-CC	5875	3309	3391	100	6.87e-34
A2026YABXX:5:63:3232:13944#TTAGGCA/1	86	86	1	smNRPS-CC	5875	3811	3896	98.837	6.87e-34
A2026YABXX:5:63:3232:13944#TTAGGCA/2	86	1	86	smNRPS-CC	5875	3586	3671	98.837	6.87e-34
A2026YABXX:5:63:8607:55914#TTAGGCA/1	86	1	86	smNRPS-CC	5875	85	170	98.837	6.87e-34
A2026YABXX:5:63:8607:55914#TTAGGCA/2	86	86	1	smNRPS-CC	5875	309	394	98.837	6.87e-34
A2026YABXX:5:63:12195:67644#TTAGGCA/1	86	1	86	smNRPS-CC	5875	5623	5708	98.837	6.87e-34
A2026YABXX:5:63:2356:175494#TTAGGCA/1	86	86	1	smNRPS-CC	5875	3008	3093	98.837	6.87e-34
A2026YABXX:5:63:2356:175494#TTAGGCA/2	86	1	86	smNRPS-CC	5875	2778	2863	98.837	6.87e-34
A2026YABXX:5:64:5340:174533#TTAGGCA/1	86	1	86	smNRPS-CC	5875	5294	5379	98.837	6.87e-34
A2026YABXX:5:66:11657:13146#TTAGGCA/1	86	86	1	smNRPS-CC	5875	2918	3003	98.837	6.87e-34
A2026YABXX:5:66:4972:142175#TTAGGCA/1	86	1	86	smNRPS-CC	5875	2788	2873	98.837	6.87e-34
A2026YABXX:5:66:8929:192848#TTAGGCA/1	86	1	86	smNRPS-CC	5875	5506	5591	98.837	6.87e-34
A2026YABXX:5:66:8929:192848#TTAGGCA/2	86	86	1	smNRPS-CC	5875	5724	5809	98.837	6.87e-34
A2026YABXX:5:67:4690:174310#TTAGGCA/1	86	1	86	smNRPS-CC	5875	1205	1290	98.837	6.87e-34
A2026YABXX:5:68:7921:3796#TTAGGCA/1	86	86	1	smNRPS-CC	5875	972	1058	98.851	6.87e-34
A2026YABXX:5:68:19878:22704#TTAGGCA/1	86	1	86	smNRPS-CC	5875	4135	4220	98.837	6.87e-34
A2026YABXX:5:68:17485:117059#TTAGGCA/1	86	1	86	smNRPS-CC	5875	2624	2709	98.837	6.87e-34
A2026YABXX:5:68:17485:117059#TTAGGCA/2	86	86	1	smNRPS-CC	5875	2831	2916	98.837	6.87e-34
B201LRABXX:3:1:21122:11291#TTAGGCA/1	86	86	3	smNRPS-CC	5875	2977	3060	100	1.91e-34
B201LRABXX:3:7:11440:24806#TTAGGCA/1	86	3	86	smNRPS-CC	5875	1	84	100	1.91e-34
A2026YABXX:5:47:19292:29610#TTAGGCA/2	86	86	3	smNRPS-CC	5875	1566	1649	100	1.91e-34
B201LRABXX:3:6:11268:101311#TTAGGCA/2	86	85	1	smNRPS-CC	5875	5783	5867	100	5.31e-35
B201LRABXX:3:7:11111:108450#TTAGGCA/1	85	1	85	smNRPS-CC	5875	4501	4585	100	5.31e-35
B201LRABXX:3:25:9944:21014#TTAGGCA/2	85	85	1	smNRPS-CC	5875	3333	3417	100	5.31e-35
B201LRABXX:3:61:15139:152913#TTAGGCA/2	85	1	85	smNRPS-CC	5875	5446	5530	100	5.31e-35
A2026YABXX:5:1:2922:86875#TTAGGCA/1	85	1	85	smNRPS-CC	5875	437	521	100	5.31e-35
A2026YABXX:5:4:3740:151407#TTAGGCA/1	85	1	85	smNRPS-CC	5875	5442	5526	100	5.31e-35
A2026YABXX:5:27:7702:30004#TTAGGCA/2	85	1	85	smNRPS-CC	5875	3096	3180	100	5.31e-35
A2026YABXX:5:43:8728:128679#TTAGGCA/1	85	1	85	smNRPS-CC	5875	236	320	100	5.31e-35
A2026YABXX:5:45:13861:62543#TTAGGCA/1	85	1	85	smNRPS-CC	5875	499	583	100	5.31e-35
A2026YABXX:5:61:4252:84867#TTAGGCA/1	85	1	85	smNRPS-CC	5875	3249	3333	100	5.31e-35
A2026YABXX:5:62:10975:21075#TTAGGCA/1	86	1	85	smNRPS-CC	5875	5719	5803	100	5.31e-35
A2026YABXX:5:62:6860:196650#TTAGGCA/2	85	1	85	smNRPS-CC	5875	3085	3169	100	5.31e-35
A2026YABXX:5:64:2913:90794#TTAGGCA/2	85	1	85	smNRPS-CC	5875	3114	3198	100	5.31e-35
A2026YABXX:5:67:3193:123114#TTAGGCA/1	86	2	86	smNRPS-CC	5875	4940	5024	100	5.31e-35
B201LRABXX:3:1:15191:62118#TTAGGCA/2	86	86	1	smNRPS-CC	5875	4067	4152	100	1.48e-35
B201LRABXX:3:1:16991:116705#TTAGGCA/1	86	86	1	smNRPS-CC	5875	433	518	100	1.48e-35
B201LRABXX:3:2:4162:86501#TTAGGCA/2	86	86	1	smNRPS-CC	5875	823	908	100	1.48e-35
B201LRABXX:3:2:13768:91096#TTAGGCA/1	86	86	1	smNRPS-CC	5875	433	518	100	1.48e-35
B201LRABXX:3:2:3202:109850#TTAGGCA/2	86	86	1	smNRPS-CC	5875	432	517	100	1.48e-35
B201LRABXX:3:3:17778:85374#TTAGGCA/1	86	1	86	smNRPS-CC	5875	800	885	100	1.48e-35
B201LRABXX:3:3:18986:102551#TTAGGCA/1	86	1	86	smNRPS-CC	5875	5618	5703	100	1.48e-35
B201LRABXX:3:3:18986:102551#TTAGGCA/2	86	86	1	smNRPS-CC	5875	5624	5709	100	1.48e-35
B201LRABXX:3:3:18757:152015#TTAGGCA/1	86	86	1	smNRPS-CC	5875	5630	5715	100	1.48e-35
B201LRABXX:3:3:18757:152015#TTAGGCA/2	86	1	86	smNRPS-CC	5875	5415	5500	100	1.48e-35
B201LRABXX:3:3:8023:188044#TTAGGCA/1	86	1	86	smNRPS-CC	5875	831	916	100	1.48e-35
B201LRABXX:3:3:8023:188044#TTAGGCA/2	86	86	1	smNRPS-CC	5875	1048	1133	100	1.48e-35
B201LRABXX:3:4:21052:80969#TTAGGCA/2	86	1	86	smNRPS-CC	5875	443	528	100	1.48e-35
B201LRABXX:3:4:12898:100961#TTAGGCA/1	86	86	1	smNRPS-CC	5875	5116	5201	100	1.48e-35
B201LRABXX:3:4:9349:156961#TTAGGCA/1	86	86	1	smNRPS-CC	5875	1805	1890	100	1.48e-35
B201LRABXX:3:5:11112:73478#TTAGGCA/1	86	86	1	smNRPS-CC	5875	4639	4724	100	1.48e-35
B201LRABXX:3:5:11112:73478#TTAGGCA/2	86	1	86	smNRPS-CC	5875	4428	4513	100	1.48e-35
B201LRABXX:3:6:15177:89265#TTAGGCA/1	86	1	86	smNRPS-CC	5875	5699	5784	100	1.48e-35
B201LRABXX:3:6:16452:123966#TTAGGCA/1	86	1	86	smNRPS-CC	5875	4507	4592	100	1.48e-35
B201LRABXX:3:7:3236:84123#TTAGGCA/2	86	86	1	smNRPS-CC	5875	5674	5759	100	1.48e-35
B201LRABXX:3:7:9851:105338#TTAGGCA/2	86	86	1	smNRPS-CC	5875	5046	5131	100	1.48e-35
B201LRABXX:3:8:11127:124601#TTAGGCA/2	86	1	86	smNRPS-CC	5875	3324	3409	100	1.48e-35
B201LRABXX:3:8:10070:136389#TTAGGCA/1	86	1	86	smNRPS-CC	5875	5110	5195	100	1.48e-35
B201LRABXX:3:8:20598:199614#TTAGGCA/1	86	1	86	smNRPS-CC	5875	5029	5114	100	1.48e-35
B201LRABXX:3:21:14007:113272#TTAGGCA/1	86	1	86	smNRPS-CC	5875	3325	3410	100	1.48e-35
B201LRABXX:3:21:13633:150026#TTAGGCA/1	86	1	86	smNRPS-CC	5875	467	552	100	1.48e-35
B201LRABXX:3:21:4421:173347#TTAGGCA/1	86	1	86	smNRPS-CC	5875	1931	2016	100	1.48e-35
B201LRABXX:3:22:12000:81677#TTAGGCA/1	86	1	86	smNRPS-CC	5875	2003	2088	100	1.48e-35
B201LRABXX:3:22:16661:160481#TTAGGCA/1	86	1	86	smNRPS-CC	5875	4165	4250	100	1.48e-35
B201LRABXX:3:23:8620:34953#TTAGGCA/1	86	86	1	smNRPS-CC	5875	47	132	100	1.48e-35
B201LRABXX:3:23:12190:109160#TTAGGCA/2	86	1	86	smNRPS-CC	5875	5000	5085	100	1.48e-35
B201LRABXX:3:24:17772:188623#TTAGGCA/1	86	1	86	smNRPS-CC	5875	2460	2545	100	1.48e-35
B201LRABXX:3:25:9944:21014#TTAGGCA/1	86	1	86	smNRPS-CC	5875	3103	3188	100	1.48e-35
B201LRABXX:3:25:13568:78854#TTAGGCA/1	86	1	86	smNRPS-CC	5875	3248	3333	100	1.48e-35
B201LRABXX:3:25:6601:134617#TTAGGCA/1	86	86	1	smNRPS-CC	5875	1042	1127	100	1.48e-35
B201LRABXX:3:25:6601:134617#TTAGGCA/2	86	1	86	smNRPS-CC	5875	828	913	100	1.48e-35
B201LRABXX:3:25:19774:167484#TTAGGCA/1	86	1	86	smNRPS-CC	5875	288	373	100	1.48e-35
B201LRABXX:3:25:19774:167484#TTAGGCA/2	86	86	1	smNRPS-CC	5875	515	600	100	1.48e-35
B201LRABXX:3:26:2889:15065#TTAGGCA/1	86	86	1	smNRPS-CC	5875	252	337	100	1.48e-35
B201LRABXX:3:26:2889:15065#TTAGGCA/2	86	1	86	smNRPS-CC	5875	33	118	100	1.48e-35
B201LRABXX:3:26:12900:150093#TTAGGCA/1	86	1	86	smNRPS-CC	5875	5021	5106	100	1.48e-35
B201LRABXX:3:27:13449:73906#TTAGGCA/2	86	86	1	smNRPS-CC	5875	403	488	100	1.48e-35
B201LRABXX:3:27:4853:90493#TTAGGCA/2	86	86	1	smNRPS-CC	5875	4060	4145	100	1.48e-35
B201LRABXX:3:27:7082:173167#TTAGGCA/1	86	1	86	smNRPS-CC	5875	4969	5054	100	1.48e-35
B201LRABXX:3:41:10536:117048#TTAGGCA/1	86	1	86	smNRPS-CC	5875	5058	5143	100	1.48e-35
B201LRABXX:3:41:2229:140532#TTAGGCC/1	86	86	1	smNRPS-CC	5875	73	158	100	1.48e-35
B201LRABXX:3:42:15130:4632#TTAGGCA/1	86	86	1	smNRPS-CC	5875	1040	1125	100	1.48e-35
B201LRABXX:3:42:15130:4632#TTAGGCA/2	86	1	86	smNRPS-CC	5875	800	885	100	1.48e-35
B201LRABXX:3:42:20870:31870#TTAGGCA/1	86	1	86	smNRPS-CC	5875	4047	4132	100	1.48e-35
B201LRABXX:3:42:16000:84345#TTAGGCA/2	86	86	1	smNRPS-CC	5875	1699	1784	100	1.48e-35
B201LRABXX:3:42:10069:111436#TTAGGCA/1	86	1	86	smNRPS-CC	5875	2504	2589	100	1.48e-35
B201LRABXX:3:43:7518:106129#TTAGGCA/1	86	1	86	smNRPS-CC	5875	5131	5216	100	1.48e-35
B201LRABXX:3:43:7518:106129#TTAGGCA/2	86	86	1	smNRPS-CC	5875	5353	5438	100	1.48e-35
B201LRABXX:3:44:12114:46968#TTAGGCA/1	86	1	86	smNRPS-CC	5875	2429	2514	100	1.48e-35
B201LRABXX:3:44:2731:85841#TTAGGCA/2	86	1	86	smNRPS-CC	5875	2003	2088	100	1.48e-35
B201LRABXX:3:45:3809:92310#TTAGGCA/1	86	1	86	smNRPS-CC	5875	2505	2590	100	1.48e-35
B201LRABXX:3:45:7022:114343#TTAGGCA/1	86	1	86	smNRPS-CC	5875	3084	3169	100	1.48e-35
B201LRABXX:3:45:7022:114343#TTAGGCA/2	86	86	1	smNRPS-CC	5875	3309	3394	100	1.48e-35
B201LRABXX:3:45:19238:123319#TTAGGCA/1	86	1	86	smNRPS-CC	5875	447	532	100	1.48e-35
B201LRABXX:3:45:5661:140605#TTAGGCA/2	86	1	86	smNRPS-CC	5875	4958	5043	100	1.48e-35
B201LRABXX:3:45:6313:156822#TTAGGCA/1	86	86	1	smNRPS-CC	5875	835	920	100	1.48e-35
B201LRABXX:3:47:2821:97889#TTAGGCA/1	86	86	1	smNRPS-CC	5875	239	324	100	1.48e-35
B201LRABXX:3:47:2821:97889#TTAGGCA/2	86	1	86	smNRPS-CC	5875	17	102	100	1.48e-35
B201LRABXX:3:47:17915:113720#TTAGGCA/1	86	86	1	smNRPS-CC	5875	454	539	100	1.48e-35
B201LRABXX:3:47:4373:159439#TTAGGCA/1	86	86	1	smNRPS-CC	5875	1807	1892	100	1.48e-35
B201LRABXX:3:47:8474:172807#TTAGGCA/2	86	1	86	smNRPS-CC	5875	4089	4174	100	1.48e-35
B201LRABXX:3:48:12134:7224#TTAGGCA/2	86	86	1	smNRPS-CC	5875	4112	4197	100	1.48e-35
B201LRABXX:3:48:15346:168750#TTAGGCA/2	86	86	1	smNRPS-CC	5875	1970	2055	100	1.48e-35
B201LRABXX:3:62:17860:62721#TTAGGCA/1	86	1	86	smNRPS-CC	5875	70	155	100	1.48e-35
B201LRABXX:3:62:7084:89575#TTAGGCA/1	86	86	1	smNRPS-CC	5875	790	875	100	1.48e-35
B201LRABXX:3:62:3796:126541#TTAGGCA/2	86	86	1	smNRPS-CC	5875	27	112	100	1.48e-35
B201LRABXX:3:64:7609:98420#TTAGGCA/2	86	1	86	smNRPS-CC	5875	256	341	100	1.48e-35
B201LRABXX:3:64:17504:100461#TTAGGCA/1	86	86	1	smNRPS-CC	5875	4126	4211	100	1.48e-35
B201LRABXX:3:64:15408:103192#TTAGGCA/2	86	1	86	smNRPS-CC	5875	5111	5196	100	1.48e-35
B201LRABXX:3:65:1289:66276#TTAGGCA/1	86	1	86	smNRPS-CC	5875	440	525	100	1.48e-35
B201LRABXX:3:65:1289:66276#TTAGGCA/2	86	86	1	smNRPS-CC	5875	652	737	100	1.48e-35
B201LRABXX:3:65:11912:164426#TTAGGCA/1	86	86	1	smNRPS-CC	5875	4532	4617	100	1.48e-35
B201LRABXX:3:67:9462:97702#TTAGGCA/2	86	1	86	smNRPS-CC	5875	4031	4116	100	1.48e-35
B201LRABXX:3:68:17678:31861#TTAGGCA/1	86	86	1	smNRPS-CC	5875	281	366	100	1.48e-35
B201LRABXX:3:68:17678:31861#TTAGGCA/2	86	1	86	smNRPS-CC	5875	59	144	100	1.48e-35
B201LRABXX:3:68:16123:120979#TTAGGCA/1	86	86	1	smNRPS-CC	5875	5661	5746	100	1.48e-35
B201LRABXX:3:68:9902:166205#TTAGGCA/1	86	86	1	smNRPS-CC	5875	420	505	100	1.48e-35
B201LRABXX:3:68:20335:183603#TTAGGCA/1	86	86	1	smNRPS-CC	5875	3140	3225	100	1.48e-35
A2026YABXX:5:1:2772:33770#TTAGGCA/1	86	86	1	smNRPS-CC	5875	4985	5070	100	1.48e-35
A2026YABXX:5:1:2922:86875#TTAGGCA/2	86	86	1	smNRPS-CC	5875	648	733	100	1.48e-35
A2026YABXX:5:1:9723:87023#TTAGGCA/1	86	86	1	smNRPS-CC	5875	5451	5536	100	1.48e-35
A2026YABXX:5:1:18506:114943#TTAGGCA/1	86	86	1	smNRPS-CC	5875	5154	5239	100	1.48e-35
A2026YABXX:5:1:19754:192578#TTAGGCA/1	86	86	1	smNRPS-CC	5875	4160	4245	100	1.48e-35
A2026YABXX:5:2:10282:54721#TTAGGCA/1	86	1	86	smNRPS-CC	5875	5711	5796	100	1.48e-35
A2026YABXX:5:2:19641:171601#TTAGGCA/1	86	86	1	smNRPS-CC	5875	996	1081	100	1.48e-35
A2026YABXX:5:3:7052:82254#TTAGGCA/2	86	86	1	smNRPS-CC	5875	792	877	100	1.48e-35
A2026YABXX:5:3:20658:90049#TTAGGCA/2	86	86	1	smNRPS-CC	5875	3114	3199	100	1.48e-35
A2026YABXX:5:3:4515:95220#TTAGGCA/2	86	86	1	smNRPS-CC	5875	5138	5223	100	1.48e-35
A2026YABXX:5:3:13668:117349#TTAGGCA/1	86	86	1	smNRPS-CC	5875	422	507	100	1.48e-35
A2026YABXX:5:4:18225:99669#TTAGGCA/2	86	1	86	smNRPS-CC	5875	5025	5110	100	1.48e-35
A2026YABXX:5:4:15192:121781#TTAGGCA/1	86	1	86	smNRPS-CC	5875	3091	3176	100	1.48e-35
A2026YABXX:5:4:3740:151407#TTAGGCA/2	86	86	1	smNRPS-CC	5875	5675	5760	100	1.48e-35
A2026YABXX:5:4:7186:171888#TTAGGCA/1	86	86	1	smNRPS-CC	5875	3100	3185	100	1.48e-35
A2026YABXX:5:5:18477:147641#TTAGGCA/2	86	1	86	smNRPS-CC	5875	438	523	100	1.48e-35
A2026YABXX:5:6:12645:24400#TTAGGCA/2	86	1	86	smNRPS-CC	5875	449	534	100	1.48e-35
A2026YABXX:5:6:3685:51978#TTAGGCA/2	86	86	1	smNRPS-CC	5875	2968	3053	100	1.48e-35
A2026YABXX:5:6:2207:89895#TTAGGCA/1	86	86	1	smNRPS-CC	5875	443	528	100	1.48e-35
A2026YABXX:5:6:3515:200631#TTAGGCA/2	86	86	1	smNRPS-CC	5875	3096	3181	100	1.48e-35
A2026YABXX:5:8:18548:103645#TTAGGCA/1	86	86	1	smNRPS-CC	5875	2493	2578	100	1.48e-35
A2026YABXX:5:21:8747:38525#TTAGGCA/1	86	86	1	smNRPS-CC	5875	2193	2278	100	1.48e-35
A2026YABXX:5:21:11253:114923#TTAGGCA/1	86	86	1	smNRPS-CC	5875	1920	2005	100	1.48e-35
A2026YABXX:5:21:1607:128302#TTAGGCA/1	86	86	1	smNRPS-CC	5875	4980	5065	100	1.48e-35
A2026YABXX:5:21:3476:156033#TTAGGCA/1	86	1	86	smNRPS-CC	5875	4963	5048	100	1.48e-35
A2026YABXX:5:22:9119:109155#TTAGGCA/2	86	1	86	smNRPS-CC	5875	5374	5459	100	1.48e-35
A2026YABXX:5:22:10356:147390#TTAGGCA/2	86	86	1	smNRPS-CC	5875	68	153	100	1.48e-35
A2026YABXX:5:23:10964:11159#TTAGGCA/1	86	1	86	smNRPS-CC	5875	250	335	100	1.48e-35
A2026YABXX:5:23:10964:11159#TTAGGCA/2	86	86	1	smNRPS-CC	5875	469	554	100	1.48e-35
A2026YABXX:5:23:7251:165152#TTAGGCA/1	86	86	1	smNRPS-CC	5875	412	497	100	1.48e-35
A2026YABXX:5:24:2541:61419#TTAGGCA/1	86	1	86	smNRPS-CC	5875	41	126	100	1.48e-35
A2026YABXX:5:24:2541:61419#TTAGGCA/2	86	86	1	smNRPS-CC	5875	251	336	100	1.48e-35
A2026YABXX:5:24:4066:61843#TTAGGCA/2	86	1	86	smNRPS-CC	5875	4492	4577	100	1.48e-35
A2026YABXX:5:24:15065:95475#TTAGGCA/1	86	1	86	smNRPS-CC	5875	4485	4570	100	1.48e-35
A2026YABXX:5:24:13059:126138#TTAGGCA/2	86	86	1	smNRPS-CC	5875	4063	4148	100	1.48e-35
A2026YABXX:5:24:11233:175058#TTAGGCA/2	86	86	1	smNRPS-CC	5875	475	560	100	1.48e-35
A2026YABXX:5:25:4162:174847#TTAGGCA/1	86	86	1	smNRPS-CC	5875	3307	3392	100	1.48e-35
A2026YABXX:5:26:7672:8917#TTAGGCA/1	86	86	1	smNRPS-CC	5875	4142	4227	100	1.48e-35
A2026YABXX:5:27:6349:63270#TTAGGCA/1	86	1	86	smNRPS-CC	5875	5147	5232	100	1.48e-35
A2026YABXX:5:27:6349:63270#TTAGGCA/2	86	86	1	smNRPS-CC	5875	5367	5452	100	1.48e-35
A2026YABXX:5:27:18017:89289#TTAGGCA/1	86	86	1	smNRPS-CC	5875	4458	4543	100	1.48e-35
A2026YABXX:5:27:3003:141659#TTAGGCA/1	86	86	1	smNRPS-CC	5875	433	518	100	1.48e-35
A2026YABXX:5:28:11786:97399#TTAGGCA/2	86	86	1	smNRPS-CC	5875	777	862	100	1.48e-35
A2026YABXX:5:41:4769:8000#TTAGGCA/1	86	86	1	smNRPS-CC	5875	1698	1783	100	1.48e-35
A2026YABXX:5:41:14191:148595#TTAGGCA/1	86	1	86	smNRPS-CC	5875	3326	3411	100	1.48e-35
A2026YABXX:5:42:15151:182790#TTAGGCA/1	86	1	86	smNRPS-CC	5875	4121	4206	100	1.48e-35
A2026YABXX:5:43:5795:42786#TTAGGCA/2	86	86	1	smNRPS-CC	5875	27	112	100	1.48e-35
A2026YABXX:5:44:4650:68527#TTAGGCA/1	86	86	1	smNRPS-CC	5875	1038	1123	100	1.48e-35
A2026YABXX:5:44:4650:68527#TTAGGCA/2	86	1	86	smNRPS-CC	5875	824	909	100	1.48e-35
A2026YABXX:5:44:12540:105351#TTAGGCA/2	86	1	86	smNRPS-CC	5875	2449	2534	100	1.48e-35
A2026YABXX:5:44:16128:133290#TTAGGCA/1	86	1	86	smNRPS-CC	5875	2814	2899	100	1.48e-35
A2026YABXX:5:45:18803:159680#TTAGGCA/1	86	86	1	smNRPS-CC	5875	5121	5206	100	1.48e-35
A2026YABXX:5:46:17370:28169#TTAGGCA/1	86	1	86	smNRPS-CC	5875	5352	5437	100	1.48e-35
A2026YABXX:5:46:6743:37550#TTAGGCA/2	86	86	1	smNRPS-CC	5875	2080	2165	100	1.48e-35
A2026YABXX:5:46:9016:81929#TTAGGCA/2	86	1	86	smNRPS-CC	5875	4486	4571	100	1.48e-35
A2026YABXX:5:47:9597:34688#TTAGGCA/1	86	86	1	smNRPS-CC	5875	2818	2903	100	1.48e-35
A2026YABXX:5:47:11429:137263#TTAGGCA/1	86	86	1	smNRPS-CC	5875	1910	1995	100	1.48e-35
A2026YABXX:5:48:14085:7164#TTAGGCA/2	86	1	86	smNRPS-CC	5875	5714	5799	100	1.48e-35
A2026YABXX:5:48:13171:114347#TTAGGCA/1	86	86	1	smNRPS-CC	5875	4532	4617	100	1.48e-35
A2026YABXX:5:48:7347:116487#TTAGGCA/2	86	86	1	smNRPS-CC	5875	4106	4191	100	1.48e-35
A2026YABXX:5:48:14603:149118#TTAGGCA/1	86	86	1	smNRPS-CC	5875	4992	5077	100	1.48e-35
A2026YABXX:5:61:17008:47169#TTAGGCA/1	86	86	1	smNRPS-CC	5875	5139	5224	100	1.48e-35
A2026YABXX:5:61:13290:80853#TTAGGCA/2	86	1	86	smNRPS-CC	5875	5656	5741	100	1.48e-35
A2026YABXX:5:61:14474:88207#TTAGGCA/1	86	86	1	smNRPS-CC	5875	42	127	100	1.48e-35
A2026YABXX:5:62:19883:38833#TTAGGCA/1	86	86	1	smNRPS-CC	5875	3100	3185	100	1.48e-35
A2026YABXX:5:62:17693:98044#TTAGGCA/1	86	1	86	smNRPS-CC	5875	5141	5226	100	1.48e-35
A2026YABXX:5:63:1459:21772#TTAGGCA/1	86	86	1	smNRPS-CC	5875	433	518	100	1.48e-35
A2026YABXX:5:63:1728:55734#TTAGGCA/1	86	86	1	smNRPS-CC	5875	4992	5077	100	1.48e-35
A2026YABXX:5:63:3874:56597#TTAGGCA/2	86	1	86	smNRPS-CC	5875	1981	2066	100	1.48e-35
A2026YABXX:5:64:1668:28329#TTAGGCA/1	86	1	86	smNRPS-CC	5875	3369	3454	100	1.48e-35
A2026YABXX:5:64:5299:59211#TTAGGCA/2	86	86	1	smNRPS-CC	5875	2427	2512	100	1.48e-35
A2026YABXX:5:64:19234:74628#TTAGGCA/1	86	86	1	smNRPS-CC	5875	296	381	100	1.48e-35
A2026YABXX:5:64:2129:78682#TTAGGCA/1	86	86	1	smNRPS-CC	5875	1723	1808	100	1.48e-35
A2026YABXX:5:64:8696:82835#TTAGGCA/1	86	1	86	smNRPS-CC	5875	4975	5060	100	1.48e-35
A2026YABXX:5:64:8641:117182#TTAGGCA/1	86	1	86	smNRPS-CC	5875	1023	1108	100	1.48e-35
A2026YABXX:5:65:18802:12243#TTAGGCA/2	86	1	86	smNRPS-CC	5875	457	542	100	1.48e-35
A2026YABXX:5:65:12254:64375#TTAGGCA/1	86	1	86	smNRPS-CC	5875	4068	4153	100	1.48e-35
A2026YABXX:5:65:15212:120931#TTAGGCA/1	86	1	86	smNRPS-CC	5875	5090	5175	100	1.48e-35
A2026YABXX:5:66:4008:128912#TTAGGCA/1	86	86	1	smNRPS-CC	5875	4158	4243	100	1.48e-35
A2026YABXX:5:67:5603:28384#TTAGGCA/1	86	86	1	smNRPS-CC	5875	4142	4227	100	1.48e-35
A2026YABXX:5:67:5603:28384#TTAGGCA/2	86	1	86	smNRPS-CC	5875	3914	3999	100	1.48e-35
A2026YABXX:5:67:5207:74746#TTAGGCA/1	86	1	86	smNRPS-CC	5875	4038	4123	100	1.48e-35
A2026YABXX:5:67:5207:74746#TTAGGCA/2	86	86	1	smNRPS-CC	5875	4109	4194	100	1.48e-35
A2026YABXX:5:67:6043:112809#TTAGGCA/2	86	1	86	smNRPS-CC	5875	4093	4178	100	1.48e-35
A2026YABXX:5:67:3193:123114#TTAGGCA/2	86	86	1	smNRPS-CC	5875	5150	5235	100	1.48e-35
A2026YABXX:5:68:13465:23202#TTAGGCA/1	86	86	1	smNRPS-CC	5875	412	497	100	1.48e-35
A2026YABXX:5:68:13465:23202#TTAGGCA/2	86	1	86	smNRPS-CC	5875	254	339	100	1.48e-35
B201LRABXX:3:8:15104:130672#TTAGGCA/1	86	1	86	smNRPS-CC	5875	5444	5529	100	1.48e-35
A2026YABXX:5:2:12879:173112#TTAGGCA/1	86	86	1	smNRPS-CC	5875	2626	2711	100	1.48e-35
A2026YABXX:5:5:2492:65991#TTAGGCA/1	40	38	1	smNRPS-CB	5945	4043	4080	97.368	3.28e-7
A2026YABXX:5:45:8413:102334#TTAGGCA/2	41	41	1	smNRPS-CB	5945	3788	3828	97.561	7.06e-9
A2026YABXX:5:2:14076:106830#TTAGGCA/1	41	1	41	smNRPS-CB	5945	2553	2593	100	1.52e-10
B201LRABXX:3:8:17963:124552#TTAGGCA/1	47	1	47	smNRPS-CB	5945	5293	5341	95.918	4.22e-11
A2026YABXX:5:6:1506:126005#TTAGGCA/1	45	1	45	smNRPS-CB	5945	5314	5358	97.778	4.22e-11
B201LRABXX:3:65:16226:9456#TTAGGCA/1	46	1	46	smNRPS-CB	5945	267	312	97.826	1.17e-11
A2026YABXX:5:46:4401:173327#TTAGGCA/1	47	47	1	smNRPS-CB	5945	4211	4257	97.872	3.26e-12
B201LRABXX:3:2:1694:122134#TTAGGCA/2	48	48	1	smNRPS-CB	5945	1850	1897	97.917	9.07e-13
A2026YABXX:5:42:10201:63434#TTAGGCA/1	51	48	1	smNRPS-CB	5945	3550	3597	97.917	9.07e-13
B201LRABXX:3:22:20542:162458#TTAGGCA/2	51	1	51	smNRPS-CB	5945	5289	5341	96.226	2.52e-13
B201LRABXX:3:66:8158:149840#TTAGGCA/1	46	46	1	smNRPS-CB	5945	5246	5291	100	2.52e-13
A2026YABXX:5:68:19175:73475#TTAGGCA/2	49	49	1	smNRPS-CB	5945	5854	5902	100	5.42e-15
A2026YABXX:5:6:14494:128820#TTAGGCA/1	54	54	1	smNRPS-CB	5945	4211	4264	98.148	4.19e-16
A2026YABXX:5:24:12416:65636#TTAGGCA/2	51	51	1	smNRPS-CB	5945	3004	3054	100	4.19e-16
A2026YABXX:5:42:14903:72937#TTAGGCA/1	51	51	1	smNRPS-CB	5945	1407	1457	100	4.19e-16
A2026YABXX:5:64:2129:78682#TTAGGCA/2	51	51	1	smNRPS-CB	5945	4652	4702	100	4.19e-16
A2026YABXX:5:2:3731:122636#TTAGGCA/1	55	55	1	smNRPS-CB	5945	1332	1386	98.182	1.16e-16
A2026YABXX:5:21:6738:153203#TTAGGCA/1	57	1	55	smNRPS-CB	5945	2468	2522	98.182	1.16e-16
A2026YABXX:5:22:10439:118592#TTAGGCA/2	52	52	1	smNRPS-CB	5945	4933	4984	100	1.16e-16
A2026YABXX:5:4:10336:77093#TTAGGCA/2	53	53	1	smNRPS-CB	5945	4054	4106	100	3.24e-17
A2026YABXX:5:65:13183:107462#TTAGGCA/1	59	1	59	smNRPS-CB	5945	3656	3714	96.61	3.24e-17
B201LRABXX:3:66:20774:50490#TTAGGCA/2	57	1	57	smNRPS-CB	5945	3169	3225	98.246	9e-18
A2026YABXX:5:21:18453:104731#TTAGGCA/2	59	3	59	smNRPS-CB	5945	3150	3206	98.246	9e-18
A2026YABXX:5:62:18241:2332#TTAGGCA/2	54	54	1	smNRPS-CB	5945	772	825	100	9e-18
A2026YABXX:5:24:19435:11021#TTAGGCA/1	55	55	1	smNRPS-CB	5945	5055	5109	100	2.5e-18
A2026YABXX:5:4:5464:71584#TTAGGCA/1	56	56	1	smNRPS-CB	5945	4058	4113	100	6.96e-19
A2026YABXX:5:24:18340:30164#TTAGGCA/2	58	1	56	smNRPS-CB	5945	624	679	100	6.96e-19
A2026YABXX:5:46:7408:181340#TTAGGCA/1	86	31	86	smNRPS-CB	5945	1	56	100	6.96e-19
A2026YABXX:5:64:19792:16580#TTAGGCA/2	56	56	1	smNRPS-CB	5945	3374	3429	100	6.96e-19
B201LRABXX:3:24:7537:117643#TTAGGCA/2	57	57	1	smNRPS-CB	5945	1503	1559	100	1.94e-19
B201LRABXX:3:63:20528:38654#TTAGGCA/2	60	60	1	smNRPS-CB	5945	1667	1726	98.333	1.94e-19
A2026YABXX:5:66:16426:72425#TTAGGCA/2	66	1	66	smNRPS-CB	5945	5811	5876	95.455	1.94e-19
B201LRABXX:3:64:20826:88250#TTAGGCA/2	67	1	67	smNRPS-CB	5945	4872	4938	95.522	5.38e-20
A2026YABXX:5:4:5464:71584#TTAGGCA/2	61	1	61	smNRPS-CB	5945	3789	3849	98.361	5.38e-20
A2026YABXX:5:21:16162:23626#TTAGGCA/1	61	61	1	smNRPS-CB	5945	1857	1917	98.361	5.38e-20
A2026YABXX:5:8:15234:46042#TTAGGCA/2	86	28	86	smNRPS-CB	5945	1	59	100	1.5e-20
A2026YABXX:5:61:3594:165887#TTAGGCA/1	59	1	59	smNRPS-CB	5945	1012	1070	100	1.5e-20
A2026YABXX:5:24:12643:65376#TTAGGCA/1	67	1	67	smNRPS-CB	5945	3658	3724	97.015	1.16e-21
A2026YABXX:5:61:3594:165887#TTAGGCA/2	62	62	2	smNRPS-CB	5945	1266	1326	100	1.16e-21
A2026YABXX:5:24:18310:178416#TTAGGCA/1	65	65	1	smNRPS-CB	5945	5389	5453	98.462	3.22e-22
A2026YABXX:5:44:19172:111071#TTAGGCA/1	70	1	70	smNRPS-CB	5945	5293	5364	95.833	3.22e-22
A2026YABXX:5:48:4667:169327#TTAGGCA/1	71	68	1	smNRPS-CB	5945	4211	4278	97.059	3.22e-22
A2026YABXX:5:62:19883:38833#TTAGGCA/2	68	68	1	smNRPS-CB	5945	3020	3087	97.059	3.22e-22
A2026YABXX:5:63:19997:114728#TTAGGCA/2	65	65	1	smNRPS-CB	5945	5377	5441	98.462	3.22e-22
A2026YABXX:5:62:20157:16559#TTAGGCA/1	65	1	65	smNRPS-CB	5945	349	413	98.462	3.22e-22
B201LRABXX:3:2:10704:4000#TTAGGCA/2	69	69	1	smNRPS-CB	5945	3536	3604	97.101	8.94e-23
A2026YABXX:5:1:5544:164134#TTAGGCA/2	71	69	1	smNRPS-CB	5945	4101	4169	97.101	8.94e-23
A2026YABXX:5:3:11686:39269#TTAGGCA/2	66	66	1	smNRPS-CB	5945	3998	4063	98.485	8.94e-23
A2026YABXX:5:3:12084:104971#TTAGGCA/1	66	66	1	smNRPS-CB	5945	270	335	98.485	8.94e-23
A2026YABXX:5:5:2459:50102#TTAGGCA/2	66	1	66	smNRPS-CB	5945	2411	2476	98.485	8.94e-23
A2026YABXX:5:22:18779:164338#TTAGGCA/2	69	1	69	smNRPS-CB	5945	1322	1390	97.101	8.94e-23
A2026YABXX:5:4:9551:28394#TTAGGCA/1	64	1	64	smNRPS-CB	5945	895	958	100	2.49e-23
A2026YABXX:5:8:7102:41294#TTAGGCA/2	64	1	64	smNRPS-CB	5945	5309	5372	100	2.49e-23
A2026YABXX:5:41:7577:169421#TTAGGCA/2	70	1	70	smNRPS-CB	5945	2873	2942	97.143	2.49e-23
A2026YABXX:5:44:4726:140720#TTAGGCA/2	64	1	64	smNRPS-CB	5945	2541	2604	100	2.49e-23
B201LRABXX:3:5:6240:126799#TTAGGCA/2	86	22	86	smNRPS-CB	5945	1	65	100	6.91e-24
A2026YABXX:5:64:7609:5642#TTAGGCA/1	71	1	68	smNRPS-CB	5945	3357	3424	98.529	6.91e-24
A2026YABXX:5:64:20855:38940#TTAGGCA/2	71	1	71	smNRPS-CB	5945	548	618	97.183	6.91e-24
A2026YABXX:5:64:9202:44508#TTAGGCA/1	70	70	3	smNRPS-CB	5945	3649	3716	98.529	6.91e-24
B201LRABXX:3:68:20335:183603#TTAGGCA/2	71	71	3	smNRPS-CB	5945	2997	3065	98.551	1.92e-24
A2026YABXX:5:28:14815:113804#TTAGGCA/2	69	1	69	smNRPS-CB	5945	697	765	98.551	1.92e-24
A2026YABXX:5:41:15839:28244#TTAGGCA/1	72	72	1	smNRPS-CB	5945	4844	4915	97.222	1.92e-24
B201LRABXX:3:2:4061:10640#TTAGGCA/2	67	67	1	smNRPS-CB	5945	1019	1085	100	5.34e-25
B201LRABXX:3:26:9341:15430#TTAGGCA/2	70	70	1	smNRPS-CB	5945	1514	1583	98.571	5.34e-25
A2026YABXX:5:62:9317:171733#TTAGGCA/2	70	1	70	smNRPS-CB	5945	705	774	98.571	5.34e-25
A2026YABXX:5:22:5752:55912#TTAGGCA/1	68	68	1	smNRPS-CB	5945	174	241	100	1.49e-25
A2026YABXX:5:44:10246:103005#TTAGGCA/2	76	74	1	smNRPS-CB	5945	3766	3839	97.297	1.49e-25
A2026YABXX:5:67:15507:177142#TTAGGCA/2	86	1	74	smNRPS-CB	5945	5872	5945	97.297	1.49e-25
A2026YABXX:5:44:11048:8343#TTAGGCA/2	86	81	1	smNRPS-CB	5945	4489	4569	95.062	4.13e-26
A2026YABXX:5:64:9202:44508#TTAGGCA/2	72	1	72	smNRPS-CB	5945	3411	3482	98.611	4.13e-26
A2026YABXX:5:8:2117:89324#TTAGGCA/2	71	70	1	smNRPS-CB	5945	3069	3138	100	1.15e-26
A2026YABXX:5:24:3826:104688#TTAGGCA/1	70	70	1	smNRPS-CB	5945	4056	4125	100	1.15e-26
A2026YABXX:5:45:6118:190410#TTAGGCA/2	73	1	73	smNRPS-CB	5945	3360	3432	98.63	1.15e-26
A2026YABXX:5:46:20944:130382#TTAGGCA/2	86	14	86	smNRPS-CB	5945	1	73	98.63	1.15e-26
A2026YABXX:5:2:13381:47568#TTAGGCA/1	79	1	77	smNRPS-CB	5945	2018	2094	97.403	3.19e-27
A2026YABXX:5:4:4507:148722#TTAGGCA/2	71	1	71	smNRPS-CB	5945	636	706	100	3.19e-27
A2026YABXX:5:5:2459:50102#TTAGGCA/1	71	71	1	smNRPS-CB	5945	2652	2722	100	3.19e-27
A2026YABXX:5:22:2323:191617#TTAGGCA/1	77	77	1	smNRPS-CB	5945	2072	2148	97.403	3.19e-27
A2026YABXX:5:25:18511:166871#TTAGGCA/2	71	71	1	smNRPS-CB	5945	1712	1782	100	3.19e-27
A2026YABXX:5:26:9740:173596#TTAGGCA/2	80	80	1	smNRPS-CB	5945	4992	5071	96.25	3.19e-27
A2026YABXX:5:48:14282:160687#TTAGGCA/2	71	71	1	smNRPS-CB	5945	878	948	100	3.19e-27
A2026YABXX:5:66:18421:18526#TTAGGCA/1	80	80	1	smNRPS-CB	5945	519	598	96.25	3.19e-27
A2026YABXX:5:1:8572:69086#TTAGGCA/1	86	86	1	smNRPS-CB	5945	1737	1818	95.349	8.88e-28
A2026YABXX:5:23:4467:31690#TTAGGCA/1	86	1	86	smNRPS-CB	5945	1738	1819	95.349	8.88e-28
A2026YABXX:5:24:17617:121496#TTAGGCA/1	84	84	1	smNRPS-CB	5945	258	341	95.238	8.88e-28
A2026YABXX:5:67:19412:104838#TTAGGCA/2	86	3	86	smNRPS-CB	5945	68	151	95.238	8.88e-28
A2026YABXX:5:68:19175:73475#TTAGGCA/1	86	3	86	smNRPS-CB	5945	5592	5675	95.238	8.88e-28
B201LRABXX:3:46:13052:145538#TTAGGCA/2	76	76	1	smNRPS-CB	5945	4899	4974	98.684	2.47e-28
B201LRABXX:3:64:20291:4728#TTAGGCA/2	76	1	76	smNRPS-CB	5945	2280	2355	98.684	2.47e-28
B201LRABXX:3:66:20774:50490#TTAGGCA/1	82	82	1	smNRPS-CB	5945	3360	3441	96.341	2.47e-28
A2026YABXX:5:3:5289:105981#TTAGGCA/2	76	1	76	smNRPS-CB	5945	405	480	98.684	2.47e-28
A2026YABXX:5:43:10312:86519#TTAGGCA/1	79	1	79	smNRPS-CB	5945	2055	2133	97.468	2.47e-28
A2026YABXX:5:66:10841:27156#TTAGGCA/2	76	1	76	smNRPS-CB	5945	1046	1121	98.684	2.47e-28
B201LRABXX:3:67:10992:131262#TTAGGCA/1	77	77	1	smNRPS-CB	5945	1504	1580	98.701	6.86e-29
A2026YABXX:5:6:6125:112341#TTAGGCA/2	80	80	1	smNRPS-CB	5945	3126	3205	97.5	6.86e-29
A2026YABXX:5:22:2323:191617#TTAGGCA/2	85	6	85	smNRPS-CB	5945	1826	1905	97.5	6.86e-29
A2026YABXX:5:24:11947:128122#TTAGGCA/1	86	1	86	smNRPS-CB	5945	1087	1172	95.349	6.86e-29
A2026YABXX:5:26:14521:101324#TTAGGCA/2	86	1	86	smNRPS-CB	5945	1116	1201	95.349	6.86e-29
A2026YABXX:5:42:14903:72937#TTAGGCA/2	80	1	80	smNRPS-CB	5945	1163	1242	97.5	6.86e-29
A2026YABXX:5:48:7487:9653#TTAGGCA/1	86	86	1	smNRPS-CB	5945	5605	5690	95.349	6.86e-29
A2026YABXX:5:62:8775:121796#TTAGGCA/1	86	86	1	smNRPS-CB	5945	5271	5356	95.349	6.86e-29
A2026YABXX:5:63:18020:89138#TTAGGCA/2	76	76	3	smNRPS-CB	5945	3481	3554	100	6.86e-29
A2026YABXX:5:67:4690:174310#TTAGGCA/2	86	1	86	smNRPS-CB	5945	4564	4649	95.349	6.86e-29
A2026YABXX:5:67:8645:170300#TTAGGCA/1	86	1	86	smNRPS-CB	5945	4560	4645	95.349	6.86e-29
B201LRABXX:3:45:6313:156822#TTAGGCA/2	80	80	1	smNRPS-CB	5945	5250	5331	97.561	1.91e-29
B201LRABXX:3:63:20528:38654#TTAGGCA/1	78	1	78	smNRPS-CB	5945	1420	1497	98.718	1.91e-29
A2026YABXX:5:64:18566:74306#TTAGGCA/2	79	75	1	smNRPS-CB	5945	1411	1485	100	1.91e-29
A2026YABXX:5:2:3731:122636#TTAGGCA/2	86	2	86	smNRPS-CB	5945	1093	1177	96.471	5.31e-30
A2026YABXX:5:7:13928:158483#TTAGGCA/1	81	79	1	smNRPS-CB	5945	2360	2438	98.734	5.31e-30
A2026YABXX:5:28:9708:133530#TTAGGCA/2	79	79	1	smNRPS-CB	5945	3004	3082	98.734	5.31e-30
A2026YABXX:5:42:12231:143287#TTAGGCA/2	79	1	79	smNRPS-CB	5945	1282	1360	98.734	5.31e-30
A2026YABXX:5:43:15720:190303#TTAGGCA/2	79	1	79	smNRPS-CB	5945	3181	3259	98.734	5.31e-30
A2026YABXX:5:44:13893:37433#TTAGGCA/2	79	79	1	smNRPS-CB	5945	329	407	98.734	5.31e-30
A2026YABXX:5:47:5595:37580#TTAGGCA/2	76	1	76	smNRPS-CB	5945	735	810	100	5.31e-30
A2026YABXX:5:65:13183:107462#TTAGGCA/2	85	85	1	smNRPS-CB	5945	3875	3959	96.471	5.31e-30
B201LRABXX:3:1:15878:61334#TTAGGCA/1	86	1	86	smNRPS-CB	5945	2695	2780	96.512	1.48e-30
B201LRABXX:3:3:20938:191391#TTAGGCA/2	86	86	1	smNRPS-CB	5945	4960	5045	96.512	1.48e-30
B201LRABXX:3:24:17724:166945#TTAGGCA/1	86	1	86	smNRPS-CB	5945	5143	5228	96.512	1.48e-30
B201LRABXX:3:26:12614:65315#TTAGGCA/1	86	86	1	smNRPS-CB	5945	5014	5099	96.512	1.48e-30
B201LRABXX:3:44:7684:151980#TTAGGCA/2	86	86	1	smNRPS-CB	5945	3860	3945	96.512	1.48e-30
B201LRABXX:3:46:17581:73858#TTAGGCA/2	86	84	2	smNRPS-CB	5945	2012	2094	97.59	1.48e-30
B201LRABXX:3:66:9202:179643#TTAGGCA/1	86	86	1	smNRPS-CB	5945	59	144	96.512	1.48e-30
B201LRABXX:3:68:8250:4420#TTAGGCA/1	86	1	86	smNRPS-CB	5945	3731	3816	96.512	1.48e-30
B201LRABXX:3:68:8250:4420#TTAGGCA/2	86	86	1	smNRPS-CB	5945	3943	4028	96.512	1.48e-30
B201LRABXX:3:68:18252:73359#TTAGGCA/2	80	80	1	smNRPS-CB	5945	3005	3084	98.75	1.48e-30
A2026YABXX:5:1:5544:164134#TTAGGCA/1	86	1	86	smNRPS-CB	5945	3868	3953	96.512	1.48e-30
A2026YABXX:5:3:13827:89412#TTAGGCA/1	86	86	1	smNRPS-CB	5945	4583	4668	96.512	1.48e-30
A2026YABXX:5:4:14336:163555#TTAGGCA/1	80	80	1	smNRPS-CB	5945	5386	5465	98.75	1.48e-30
A2026YABXX:5:7:7685:65722#TTAGGCA/2	80	1	80	smNRPS-CB	5945	915	994	98.75	1.48e-30
A2026YABXX:5:8:8101:17766#TTAGGCA/1	86	1	86	smNRPS-CB	5945	1619	1704	96.512	1.48e-30
A2026YABXX:5:22:8598:199793#TTAGGCA/2	86	86	1	smNRPS-CB	5945	5121	5206	96.512	1.48e-30
A2026YABXX:5:27:13946:145043#TTAGGCA/1	86	1	86	smNRPS-CB	5945	4859	4944	96.512	1.48e-30
A2026YABXX:5:41:12030:45836#TTAGGCA/2	86	1	86	smNRPS-CB	5945	3303	3388	96.512	1.48e-30
A2026YABXX:5:43:16440:195855#TTAGGCA/1	86	86	1	smNRPS-CB	5945	4986	5071	96.512	1.48e-30
A2026YABXX:5:47:16083:15987#TTAGGCA/2	86	1	86	smNRPS-CB	5945	4545	4630	96.512	1.48e-30
A2026YABXX:5:61:5097:40041#TTAGGCA/1	86	1	86	smNRPS-CB	5945	3874	3959	96.512	1.48e-30
A2026YABXX:5:62:6309:112484#TTAGGCA/2	86	1	86	smNRPS-CB	5945	4495	4580	96.512	1.48e-30
A2026YABXX:5:66:17482:125196#TTAGGCA/2	77	77	1	smNRPS-CB	5945	2139	2215	100	1.48e-30
A2026YABXX:5:67:19412:104838#TTAGGCA/1	78	78	2	smNRPS-CB	5945	301	377	100	1.48e-30
B201LRABXX:3:4:15973:80533#TTAGGCA/1	86	3	86	smNRPS-CB	5945	524	607	97.619	4.1e-31
B201LRABXX:3:43:16164:93038#TTAGGCA/2	81	81	1	smNRPS-CB	5945	3771	3851	98.765	4.1e-31
B201LRABXX:3:47:6955:200041#TTAGGCA/2	86	86	1	smNRPS-CB	5945	5299	5386	96.591	4.1e-31
B201LRABXX:3:48:15056:106500#TTAGGCA/2	86	86	1	smNRPS-CB	5945	5296	5383	96.591	4.1e-31
B201LRABXX:3:62:7084:89575#TTAGGCA/2	86	86	1	smNRPS-CB	5945	5268	5355	96.591	4.1e-31
B201LRABXX:3:64:13792:94337#TTAGGCA/1	81	81	1	smNRPS-CB	5945	3792	3872	98.765	4.1e-31
B201LRABXX:3:68:18121:78901#TTAGGCA/1	84	84	1	smNRPS-CB	5945	1952	2035	97.619	4.1e-31
B201LRABXX:3:68:3957:82396#TTAGGCA/1	86	1	86	smNRPS-CB	5945	5289	5376	96.591	4.1e-31
A2026YABXX:5:3:7052:82254#TTAGGCA/1	86	86	1	smNRPS-CB	5945	5275	5362	96.591	4.1e-31
A2026YABXX:5:3:5289:105981#TTAGGCA/1	78	78	1	smNRPS-CB	5945	627	704	100	4.1e-31
A2026YABXX:5:21:6095:95505#TTAGGCA/2	86	84	1	smNRPS-CB	5945	2707	2790	97.619	4.1e-31
A2026YABXX:5:21:6738:153203#TTAGGCA/2	81	81	1	smNRPS-CB	5945	2698	2778	98.765	4.1e-31
A2026YABXX:5:22:18779:164338#TTAGGCA/1	81	81	1	smNRPS-CB	5945	1552	1632	98.765	4.1e-31
A2026YABXX:5:23:7289:54970#TTAGGCA/2	86	3	86	smNRPS-CB	5945	4933	5016	97.619	4.1e-31
A2026YABXX:5:24:12643:65376#TTAGGCA/2	86	83	3	smNRPS-CB	5945	3886	3966	98.765	4.1e-31
A2026YABXX:5:28:11786:97399#TTAGGCA/1	86	86	1	smNRPS-CB	5945	5288	5375	96.591	4.1e-31
A2026YABXX:5:45:15292:32591#TTAGGCA/1	86	86	3	smNRPS-CB	5945	4540	4623	97.619	4.1e-31
A2026YABXX:5:48:8099:62255#TTAGGCA/2	81	81	1	smNRPS-CB	5945	21	101	98.765	4.1e-31
A2026YABXX:5:66:17482:125196#TTAGGCA/1	78	1	78	smNRPS-CB	5945	1891	1968	100	4.1e-31
B201LRABXX:3:6:3408:44226#TTAGGCA/1	86	85	1	smNRPS-CB	5945	5148	5232	97.647	1.14e-31
B201LRABXX:3:64:2555:33021#TTAGGCA/2	86	1	85	smNRPS-CB	5945	3889	3973	97.647	1.14e-31
B201LRABXX:3:68:18121:78901#TTAGGCA/2	86	1	86	smNRPS-CB	5945	1724	1807	97.674	1.14e-31
A2026YABXX:5:4:6430:52182#TTAGGCA/2	85	85	1	smNRPS-CB	5945	375	459	97.647	1.14e-31
A2026YABXX:5:8:13099:24832#TTAGGCA/1	85	1	85	smNRPS-CB	5945	3091	3175	97.647	1.14e-31
A2026YABXX:5:26:7109:40108#TTAGGCA/2	82	82	1	smNRPS-CB	5945	3588	3669	98.78	1.14e-31
A2026YABXX:5:41:7577:169421#TTAGGCA/1	85	85	1	smNRPS-CB	5945	3092	3176	97.647	1.14e-31
A2026YABXX:5:48:9797:7130#TTAGGCA/1	85	1	85	smNRPS-CB	5945	2084	2168	97.647	1.14e-31
B201LRABXX:3:2:1694:122134#TTAGGCA/1	86	1	86	smNRPS-CB	5945	1576	1661	97.674	3.17e-32
B201LRABXX:3:3:15030:37936#TTAGGCA/2	86	86	1	smNRPS-CB	5945	5075	5160	97.674	3.17e-32
B201LRABXX:3:3:20938:191391#TTAGGCA/1	86	1	86	smNRPS-CB	5945	4733	4818	97.674	3.17e-32
B201LRABXX:3:4:3782:18890#TTAGGCA/2	86	1	86	smNRPS-CB	5945	5159	5244	97.674	3.17e-32
B201LRABXX:3:4:12947:72442#TTAGGCA/2	86	86	1	smNRPS-CB	5945	3603	3688	97.674	3.17e-32
B201LRABXX:3:6:16155:89664#TTAGGCA/1	86	86	1	smNRPS-CB	5945	3299	3384	97.674	3.17e-32
B201LRABXX:3:6:16155:89664#TTAGGCA/2	86	1	86	smNRPS-CB	5945	3070	3155	97.674	3.17e-32
B201LRABXX:3:8:19345:72955#TTAGGCA/2	86	1	83	smNRPS-CB	5945	440	522	98.795	3.17e-32
B201LRABXX:3:21:9336:194468#TTAGGCA/2	86	1	83	smNRPS-CB	5945	4166	4248	98.795	3.17e-32
B201LRABXX:3:22:11970:184743#TTAGGCA/1	86	86	1	smNRPS-CB	5945	3119	3204	97.674	3.17e-32
B201LRABXX:3:23:17154:18511#TTAGGCA/2	86	1	86	smNRPS-CB	5945	41	126	97.674	3.17e-32
B201LRABXX:3:24:2313:162288#TTAGGCA/1	86	86	1	smNRPS-CB	5945	3300	3385	97.674	3.17e-32
B201LRABXX:3:24:2313:162288#TTAGGCA/2	86	1	86	smNRPS-CB	5945	3079	3164	97.674	3.17e-32
B201LRABXX:3:26:10915:35647#TTAGGCA/2	86	1	86	smNRPS-CB	5945	112	197	97.674	3.17e-32
B201LRABXX:3:27:10942:97997#TTAGGCA/2	86	1	86	smNRPS-CB	5945	5078	5163	97.674	3.17e-32
B201LRABXX:3:42:20870:31870#TTAGGCA/2	86	1	86	smNRPS-CB	5945	1524	1609	97.674	3.17e-32
B201LRABXX:3:42:10803:62220#TTAGGCA/1	86	1	86	smNRPS-CB	5945	5078	5163	97.674	3.17e-32
B201LRABXX:3:42:11749:119864#TTAGGCA/1	86	1	86	smNRPS-CB	5945	2494	2579	97.674	3.17e-32
B201LRABXX:3:42:11749:119864#TTAGGCA/2	86	86	1	smNRPS-CB	5945	2698	2783	97.674	3.17e-32
B201LRABXX:3:44:7684:151980#TTAGGCA/1	86	1	86	smNRPS-CB	5945	3639	3724	97.674	3.17e-32
B201LRABXX:3:46:13052:145538#TTAGGCA/1	86	1	86	smNRPS-CB	5945	4819	4904	97.674	3.17e-32
B201LRABXX:3:62:2458:152842#TTAGGCA/2	86	86	1	smNRPS-CB	5945	3652	3737	97.674	3.17e-32
B201LRABXX:3:64:20291:4728#TTAGGCA/1	86	86	1	smNRPS-CB	5945	2406	2491	97.674	3.17e-32
B201LRABXX:3:64:13696:66482#TTAGGCA/2	86	86	1	smNRPS-CB	5945	5659	5744	97.674	3.17e-32
B201LRABXX:3:64:8268:75104#TTAGGCA/2	86	86	1	smNRPS-CB	5945	92	177	97.674	3.17e-32
B201LRABXX:3:65:12883:92111#TTAGGCA/1	86	86	1	smNRPS-CB	5945	1998	2083	97.674	3.17e-32
B201LRABXX:3:66:12180:42580#TTAGGCA/2	86	1	86	smNRPS-CB	5945	1573	1658	97.674	3.17e-32
B201LRABXX:3:67:9672:69357#TTAGGCA/2	86	86	1	smNRPS-CB	5945	5473	5558	97.674	3.17e-32
B201LRABXX:3:67:7904:192610#TTAGGCA/2	86	1	86	smNRPS-CB	5945	108	193	97.674	3.17e-32
B201LRABXX:3:68:18571:36265#TTAGGCA/1	86	1	86	smNRPS-CB	5945	5109	5194	97.674	3.17e-32
B201LRABXX:3:68:18252:73359#TTAGGCA/1	86	1	86	smNRPS-CB	5945	2796	2881	97.674	3.17e-32
B201LRABXX:3:68:3008:178056#TTAGGCA/1	86	1	86	smNRPS-CB	5945	2561	2646	97.674	3.17e-32
A2026YABXX:5:1:18466:133859#TTAGGCA/1	86	1	86	smNRPS-CB	5945	1158	1243	97.674	3.17e-32
A2026YABXX:5:1:6897:183515#TTAGGCA/2	86	86	1	smNRPS-CB	5945	5653	5738	97.674	3.17e-32
A2026YABXX:5:4:11280:117741#TTAGGCA/2	86	86	1	smNRPS-CB	5945	3069	3154	97.674	3.17e-32
A2026YABXX:5:4:14336:163555#TTAGGCA/2	86	1	86	smNRPS-CB	5945	5193	5278	97.674	3.17e-32
A2026YABXX:5:4:7186:171888#TTAGGCA/2	86	86	1	smNRPS-CB	5945	3015	3100	97.674	3.17e-32
A2026YABXX:5:5:8985:130408#TTAGGCA/1	86	1	86	smNRPS-CB	5945	5186	5271	97.674	3.17e-32
A2026YABXX:5:6:14494:128820#TTAGGCA/2	86	1	86	smNRPS-CB	5945	3936	4021	97.674	3.17e-32
A2026YABXX:5:8:15981:186280#TTAGGCA/1	86	86	1	smNRPS-CB	5945	2780	2865	97.674	3.17e-32
A2026YABXX:5:8:15981:186280#TTAGGCA/2	86	1	86	smNRPS-CB	5945	2582	2667	97.674	3.17e-32
A2026YABXX:5:21:6095:95505#TTAGGCA/1	86	1	86	smNRPS-CB	5945	2492	2577	97.674	3.17e-32
A2026YABXX:5:21:18627:124675#TTAGGCA/2	80	1	80	smNRPS-CB	5945	5767	5846	100	3.17e-32
A2026YABXX:5:22:11666:74749#TTAGGCA/1	86	86	1	smNRPS-CB	5945	96	181	97.674	3.17e-32
A2026YABXX:5:22:11664:74769#TTAGGCA/1	86	86	1	smNRPS-CB	5945	96	181	97.674	3.17e-32
A2026YABXX:5:23:4467:31690#TTAGGCA/2	86	86	1	smNRPS-CB	5945	1952	2037	97.674	3.17e-32
A2026YABXX:5:23:10754:43912#TTAGGCA/2	86	86	1	smNRPS-CB	5945	3136	3221	97.674	3.17e-32
A2026YABXX:5:23:7289:54970#TTAGGCA/1	86	86	1	smNRPS-CB	5945	5162	5247	97.674	3.17e-32
A2026YABXX:5:24:19435:11021#TTAGGCA/2	81	1	80	smNRPS-CB	5945	4806	4885	100	3.17e-32
A2026YABXX:5:24:6348:42859#TTAGGCA/2	86	86	1	smNRPS-CB	5945	73	158	97.674	3.17e-32
A2026YABXX:5:24:5417:72940#TTAGGCA/1	86	1	86	smNRPS-CB	5945	3535	3620	97.674	3.17e-32
A2026YABXX:5:24:3826:104688#TTAGGCA/2	83	1	83	smNRPS-CB	5945	3788	3870	98.795	3.17e-32
A2026YABXX:5:24:11947:128122#TTAGGCA/2	86	86	1	smNRPS-CB	5945	1295	1380	97.674	3.17e-32
A2026YABXX:5:24:8427:166551#TTAGGCA/1	86	86	1	smNRPS-CB	5945	5652	5737	97.674	3.17e-32
A2026YABXX:5:24:18310:178416#TTAGGCA/2	86	1	86	smNRPS-CB	5945	5155	5240	97.674	3.17e-32
A2026YABXX:5:25:9404:18606#TTAGGCA/1	80	1	80	smNRPS-CB	5945	3197	3276	100	3.17e-32
A2026YABXX:5:26:7109:40108#TTAGGCA/1	86	1	86	smNRPS-CB	5945	3360	3445	97.674	3.17e-32
A2026YABXX:5:26:9778:80167#TTAGGCA/2	86	1	86	smNRPS-CB	5945	5186	5271	97.674	3.17e-32
A2026YABXX:5:27:5596:112915#TTAGGCA/2	86	86	1	smNRPS-CB	5945	530	615	97.674	3.17e-32
A2026YABXX:5:27:13946:145043#TTAGGCA/2	86	86	1	smNRPS-CB	5945	5077	5162	97.674	3.17e-32
A2026YABXX:5:27:8469:158861#TTAGGCA/1	86	1	86	smNRPS-CB	5945	2703	2788	97.674	3.17e-32
A2026YABXX:5:42:19152:116818#TTAGGCA/1	86	1	86	smNRPS-CB	5945	1835	1920	97.674	3.17e-32
A2026YABXX:5:42:19152:116818#TTAGGCA/2	86	86	1	smNRPS-CB	5945	2074	2159	97.674	3.17e-32
A2026YABXX:5:43:19950:33353#TTAGGCA/1	86	1	86	smNRPS-CB	5945	5068	5153	97.674	3.17e-32
A2026YABXX:5:43:13582:86302#TTAGGCA/2	80	80	1	smNRPS-CB	5945	3176	3255	100	3.17e-32
A2026YABXX:5:43:8342:130326#TTAGGCA/1	86	1	86	smNRPS-CB	5945	117	202	97.674	3.17e-32
A2026YABXX:5:44:21220:25561#TTAGGCA/2	86	1	86	smNRPS-CB	5945	5078	5163	97.674	3.17e-32
A2026YABXX:5:44:15639:29861#TTAGGCA/1	86	86	1	smNRPS-CB	5945	2705	2790	97.674	3.17e-32
A2026YABXX:5:44:15639:29861#TTAGGCA/2	86	1	86	smNRPS-CB	5945	2492	2577	97.674	3.17e-32
A2026YABXX:5:44:13893:37433#TTAGGCA/1	86	1	86	smNRPS-CB	5945	105	190	97.674	3.17e-32
A2026YABXX:5:45:5042:68795#TTAGGCA/2	86	1	86	smNRPS-CB	5945	1573	1658	97.674	3.17e-32
A2026YABXX:5:45:8413:102334#TTAGGCA/1	86	1	86	smNRPS-CB	5945	3539	3624	97.674	3.17e-32
A2026YABXX:5:45:6118:190410#TTAGGCA/1	86	86	1	smNRPS-CB	5945	3608	3693	97.674	3.17e-32
A2026YABXX:5:46:20699:34172#TTAGGCA/2	86	1	86	smNRPS-CB	5945	3526	3611	97.674	3.17e-32
A2026YABXX:5:46:14813:64449#TTAGGCA/2	86	1	86	smNRPS-CB	5945	89	174	97.674	3.17e-32
A2026YABXX:5:46:11766:97640#TTAGGCA/2	86	1	86	smNRPS-CB	5945	1986	2071	97.674	3.17e-32
A2026YABXX:5:46:19038:107664#TTAGGCA/2	86	1	86	smNRPS-CB	5945	2001	2086	97.674	3.17e-32
A2026YABXX:5:46:4401:173327#TTAGGCA/2	86	1	86	smNRPS-CB	5945	3933	4018	97.674	3.17e-32
A2026YABXX:5:47:14761:41174#TTAGGCA/1	83	1	83	smNRPS-CB	5945	577	659	98.795	3.17e-32
A2026YABXX:5:62:6309:112484#TTAGGCA/1	86	86	1	smNRPS-CB	5945	4723	4808	97.674	3.17e-32
A2026YABXX:5:62:12868:168977#TTAGGCA/1	86	1	86	smNRPS-CB	5945	1579	1664	97.674	3.17e-32
A2026YABXX:5:63:19997:114728#TTAGGCA/1	86	1	86	smNRPS-CB	5945	5157	5242	97.674	3.17e-32
A2026YABXX:5:64:7609:5642#TTAGGCA/2	86	86	1	smNRPS-CB	5945	3604	3689	97.674	3.17e-32
A2026YABXX:5:64:20855:38940#TTAGGCA/1	80	80	1	smNRPS-CB	5945	625	704	100	3.17e-32
A2026YABXX:5:64:13638:77468#TTAGGCA/1	86	83	1	smNRPS-CB	5945	3310	3392	98.795	3.17e-32
A2026YABXX:5:65:17090:140459#TTAGGCA/1	86	83	1	smNRPS-CB	5945	2420	2502	98.795	3.17e-32
A2026YABXX:5:65:12929:183209#TTAGGCA/1	86	86	1	smNRPS-CB	5945	1164	1249	97.674	3.17e-32
A2026YABXX:5:66:15108:88974#TTAGGCA/1	86	1	86	smNRPS-CB	5945	3124	3209	97.674	3.17e-32
A2026YABXX:5:67:1434:199385#TTAGGCA/1	86	1	86	smNRPS-CB	5945	108	193	97.674	3.17e-32
A2026YABXX:5:67:1434:199385#TTAGGCA/2	86	86	1	smNRPS-CB	5945	348	433	97.674	3.17e-32
A2026YABXX:5:68:4616:19061#TTAGGCA/1	86	1	86	smNRPS-CB	5945	5157	5242	97.674	3.17e-32
B201LRABXX:3:2:4162:86501#TTAGGCA/1	86	86	1	smNRPS-CB	5945	5251	5338	97.727	8.82e-33
B201LRABXX:3:4:21052:80969#TTAGGCA/1	86	1	86	smNRPS-CB	5945	5257	5344	97.727	8.82e-33
B201LRABXX:3:6:7556:44429#TTAGGCA/2	86	1	84	smNRPS-CB	5945	4191	4274	98.81	8.82e-33
B201LRABXX:3:22:11003:6879#TTAGGCA/2	86	3	86	smNRPS-CB	5945	122	205	98.81	8.82e-33
A2026YABXX:5:2:2785:56817#TTAGGCA/2	81	1	81	smNRPS-CB	5945	2643	2723	100	8.82e-33
A2026YABXX:5:5:18477:147641#TTAGGCA/1	86	1	86	smNRPS-CB	5945	5239	5326	97.727	8.82e-33
A2026YABXX:5:6:12645:24400#TTAGGCA/1	86	1	86	smNRPS-CB	5945	5233	5320	97.727	8.82e-33
A2026YABXX:5:42:12768:114450#TTAGGCA/1	84	84	1	smNRPS-CB	5945	2625	2708	98.81	8.82e-33
A2026YABXX:5:21:6438:43672#TTAGGCA/1	84	84	1	smNRPS-CB	5945	3168	3251	98.81	8.82e-33
B201LRABXX:3:24:2049:177664#TTAGGCA/2	86	86	2	smNRPS-CB	5945	5506	5590	98.824	2.45e-33
B201LRABXX:3:46:15645:104810#TTAGGCA/2	85	1	85	smNRPS-CB	5945	5357	5441	98.824	2.45e-33
B201LRABXX:3:48:15854:89606#TTAGGCA/2	85	85	1	smNRPS-CB	5945	1019	1103	98.824	2.45e-33
B201LRABXX:3:68:18571:36265#TTAGGCA/2	85	85	1	smNRPS-CB	5945	5330	5414	98.824	2.45e-33
A2026YABXX:5:23:9741:188235#TTAGGCA/2	85	85	1	smNRPS-CB	5945	2421	2505	98.824	2.45e-33
A2026YABXX:5:25:18511:166871#TTAGGCA/1	85	1	85	smNRPS-CB	5945	1473	1557	98.824	2.45e-33
A2026YABXX:5:28:9700:133511#TTAGGCA/2	85	85	1	smNRPS-CB	5945	2998	3082	98.824	2.45e-33
A2026YABXX:5:42:8177:67770#TTAGGCA/2	86	82	1	smNRPS-CB	5945	1359	1440	100	2.45e-33
A2026YABXX:5:43:14509:196165#TTAGGCA/1	85	1	85	smNRPS-CB	5945	3329	3413	98.824	2.45e-33
A2026YABXX:5:46:12249:92786#TTAGGCA/2	85	1	85	smNRPS-CB	5945	2682	2766	98.824	2.45e-33
A2026YABXX:5:61:5797:110184#TTAGGCA/1	85	85	4	smNRPS-CB	5945	3801	3882	100	2.45e-33
A2026YABXX:5:64:9328:163337#TTAGGCA/1	86	86	2	smNRPS-CB	5945	366	450	98.824	2.45e-33
A2026YABXX:5:66:16872:99311#TTAGGCA/1	82	1	82	smNRPS-CB	5945	1231	1312	100	2.45e-33
B201LRABXX:3:1:8399:21676#TTAGGCA/1	86	86	1	smNRPS-CB	5945	906	991	98.837	6.82e-34
B201LRABXX:3:2:13318:75907#TTAGGCA/1	86	1	86	smNRPS-CB	5945	928	1013	98.837	6.82e-34
B201LRABXX:3:2:3221:198757#TTAGGCA/1	86	1	86	smNRPS-CB	5945	1414	1499	98.837	6.82e-34
B201LRABXX:3:4:3782:18890#TTAGGCA/1	86	86	1	smNRPS-CB	5945	5363	5448	98.837	6.82e-34
B201LRABXX:3:4:12947:72442#TTAGGCA/1	86	1	86	smNRPS-CB	5945	3360	3445	98.837	6.82e-34
B201LRABXX:3:6:3408:44226#TTAGGCA/2	86	1	86	smNRPS-CB	5945	4910	4995	98.837	6.82e-34
B201LRABXX:3:6:14392:80594#TTAGGCA/2	86	1	86	smNRPS-CB	5945	4180	4265	98.837	6.82e-34
B201LRABXX:3:6:11268:101311#TTAGGCA/1	86	86	1	smNRPS-CB	5945	225	310	98.837	6.82e-34
B201LRABXX:3:8:19345:72955#TTAGGCA/1	86	86	1	smNRPS-CB	5945	656	741	98.837	6.82e-34
B201LRABXX:3:8:7025:114092#TTAGGCA/1	86	86	1	smNRPS-CB	5945	3057	3142	98.837	6.82e-34
B201LRABXX:3:8:7025:114092#TTAGGCA/2	86	1	86	smNRPS-CB	5945	2899	2984	98.837	6.82e-34
B201LRABXX:3:21:4704:22881#TTAGGCA/1	86	86	1	smNRPS-CB	5945	2855	2940	98.837	6.82e-34
B201LRABXX:3:21:4100:84321#TTAGGCA/1	86	86	1	smNRPS-CB	5945	3574	3659	98.837	6.82e-34
B201LRABXX:3:21:4100:84321#TTAGGCA/2	86	1	86	smNRPS-CB	5945	3354	3439	98.837	6.82e-34
B201LRABXX:3:22:11003:6879#TTAGGCA/1	86	86	1	smNRPS-CB	5945	324	409	98.837	6.82e-34
B201LRABXX:3:22:11970:184743#TTAGGCA/2	86	1	86	smNRPS-CB	5945	2896	2981	98.837	6.82e-34
B201LRABXX:3:23:17154:18511#TTAGGCA/1	86	86	1	smNRPS-CB	5945	250	335	98.837	6.82e-34
B201LRABXX:3:24:7537:117643#TTAGGCA/1	86	1	86	smNRPS-CB	5945	1266	1351	98.837	6.82e-34
B201LRABXX:3:24:17724:166945#TTAGGCA/2	86	86	1	smNRPS-CB	5945	5343	5428	98.837	6.82e-34
B201LRABXX:3:24:2049:177664#TTAGGCA/1	86	1	86	smNRPS-CB	5945	5370	5455	98.837	6.82e-34
B201LRABXX:3:26:9341:15430#TTAGGCA/1	86	1	86	smNRPS-CB	5945	1292	1377	98.837	6.82e-34
B201LRABXX:3:26:10915:35647#TTAGGCA/1	86	86	1	smNRPS-CB	5945	323	408	98.837	6.82e-34
B201LRABXX:3:27:2231:34582#TTAGGCA/2	86	86	1	smNRPS-CB	5945	3623	3708	98.837	6.82e-34
B201LRABXX:3:28:16541:22663#TTAGGCA/2	86	1	86	smNRPS-CB	5945	5856	5941	98.837	6.82e-34
B201LRABXX:3:28:13898:120285#TTAGGCA/2	86	86	1	smNRPS-CB	5945	2377	2462	98.837	6.82e-34
B201LRABXX:3:41:18644:133207#TTAGGCA/1	86	1	86	smNRPS-CB	5945	4134	4219	98.837	6.82e-34
B201LRABXX:3:43:16164:93038#TTAGGCA/1	86	1	86	smNRPS-CB	5945	3591	3676	98.837	6.82e-34
B201LRABXX:3:46:13793:83795#TTAGGCA/2	86	1	86	smNRPS-CB	5945	942	1027	98.837	6.82e-34
B201LRABXX:3:47:8386:85782#TTAGGCA/1	86	1	86	smNRPS-CB	5945	2411	2496	98.837	6.82e-34
B201LRABXX:3:47:8386:85782#TTAGGCA/2	86	86	1	smNRPS-CB	5945	2537	2622	98.837	6.82e-34
B201LRABXX:3:61:3983:142077#TTAGGCA/2	86	86	1	smNRPS-CB	5945	2376	2461	98.837	6.82e-34
B201LRABXX:3:62:3167:57999#TTAGGCA/1	86	86	1	smNRPS-CB	5945	2519	2604	98.837	6.82e-34
B201LRABXX:3:62:3167:57999#TTAGGCA/2	86	1	86	smNRPS-CB	5945	2431	2516	98.837	6.82e-34
B201LRABXX:3:63:17134:14321#TTAGGCA/1	86	1	86	smNRPS-CB	5945	5834	5919	98.837	6.82e-34
B201LRABXX:3:64:18028:17139#TTAGGCA/1	86	86	1	smNRPS-CB	5945	3375	3460	98.837	6.82e-34
B201LRABXX:3:64:13792:94337#TTAGGCA/2	86	1	86	smNRPS-CB	5945	3562	3647	98.837	6.82e-34
B201LRABXX:3:65:13658:199737#TTAGGCA/1	86	86	1	smNRPS-CB	5945	3019	3104	98.837	6.82e-34
B201LRABXX:3:65:13658:199737#TTAGGCA/2	86	1	86	smNRPS-CB	5945	2912	2997	98.837	6.82e-34
B201LRABXX:3:66:12490:92203#TTAGGCA/2	86	1	86	smNRPS-CB	5945	919	1004	98.837	6.82e-34
B201LRABXX:3:66:13055:181638#TTAGGCA/1	86	1	86	smNRPS-CB	5945	2783	2868	98.837	6.82e-34
B201LRABXX:3:66:13055:181638#TTAGGCA/2	86	86	1	smNRPS-CB	5945	3018	3103	98.837	6.82e-34
B201LRABXX:3:67:10992:131262#TTAGGCA/2	86	1	86	smNRPS-CB	5945	1278	1363	98.837	6.82e-34
B201LRABXX:3:67:3803:169302#TTAGGCA/1	86	1	86	smNRPS-CB	5945	133	218	98.837	6.82e-34
B201LRABXX:3:67:3803:169302#TTAGGCA/2	86	86	1	smNRPS-CB	5945	354	439	98.837	6.82e-34
B201LRABXX:3:67:7904:192610#TTAGGCA/1	86	86	1	smNRPS-CB	5945	325	410	98.837	6.82e-34
B201LRABXX:3:68:19002:74055#TTAGGCA/1	86	1	86	smNRPS-CB	5945	2636	2721	98.837	6.82e-34
B201LRABXX:3:68:19002:74055#TTAGGCA/2	86	86	1	smNRPS-CB	5945	2849	2934	98.837	6.82e-34
B201LRABXX:3:68:3008:178056#TTAGGCA/2	86	86	1	smNRPS-CB	5945	2797	2882	98.837	6.82e-34
A2026YABXX:5:1:8572:69086#TTAGGCA/2	86	1	86	smNRPS-CB	5945	1517	1602	98.837	6.82e-34
A2026YABXX:5:2:2785:56817#TTAGGCA/1	86	86	1	smNRPS-CB	5945	2863	2948	98.837	6.82e-34
A2026YABXX:5:2:14076:106830#TTAGGCA/2	86	86	1	smNRPS-CB	5945	2783	2868	98.837	6.82e-34
A2026YABXX:5:3:11686:39269#TTAGGCA/1	86	1	86	smNRPS-CB	5945	3758	3843	98.837	6.82e-34
A2026YABXX:5:3:15328:171373#TTAGGCA/2	86	1	86	smNRPS-CB	5945	4162	4247	98.837	6.82e-34
A2026YABXX:5:4:14549:40537#TTAGGCA/1	86	1	86	smNRPS-CB	5945	5849	5934	98.837	6.82e-34
A2026YABXX:5:4:11280:117741#TTAGGCA/1	86	1	86	smNRPS-CB	5945	2826	2911	98.837	6.82e-34
A2026YABXX:5:5:19257:29787#TTAGGCA/1	86	86	1	smNRPS-CB	5945	944	1029	98.837	6.82e-34
A2026YABXX:5:5:19730:161734#TTAGGCA/1	86	86	1	smNRPS-CB	5945	2440	2525	98.837	6.82e-34
A2026YABXX:5:5:8047:162871#TTAGGCA/1	86	86	1	smNRPS-CB	5945	2406	2491	98.837	6.82e-34
A2026YABXX:5:6:2901:102827#TTAGGCA/2	86	1	86	smNRPS-CB	5945	2108	2193	98.837	6.82e-34
A2026YABXX:5:6:6125:112341#TTAGGCA/1	86	1	86	smNRPS-CB	5945	2896	2981	98.837	6.82e-34
A2026YABXX:5:6:15138:142925#TTAGGCA/1	86	86	1	smNRPS-CB	5945	254	339	98.837	6.82e-34
A2026YABXX:5:6:15138:142925#TTAGGCA/2	86	1	86	smNRPS-CB	5945	27	112	98.837	6.82e-34
A2026YABXX:5:7:13928:158483#TTAGGCA/2	86	1	86	smNRPS-CB	5945	2130	2215	98.837	6.82e-34
A2026YABXX:5:8:13099:24832#TTAGGCA/2	86	86	1	smNRPS-CB	5945	3314	3399	98.837	6.82e-34
A2026YABXX:5:8:15234:46042#TTAGGCA/1	86	86	1	smNRPS-CB	5945	201	286	98.837	6.82e-34
A2026YABXX:5:8:2117:89324#TTAGGCA/1	86	1	86	smNRPS-CB	5945	2821	2906	98.837	6.82e-34
A2026YABXX:5:8:11587:142288#TTAGGCA/1	86	1	86	smNRPS-CB	5945	291	376	98.837	6.82e-34
A2026YABXX:5:8:13650:187254#TTAGGCA/1	86	1	86	smNRPS-CB	5945	1562	1647	98.837	6.82e-34
A2026YABXX:5:21:9267:98739#TTAGGCA/1	86	1	86	smNRPS-CB	5945	3004	3089	98.837	6.82e-34
A2026YABXX:5:21:9267:98739#TTAGGCA/2	86	86	1	smNRPS-CB	5945	3229	3314	98.837	6.82e-34
A2026YABXX:5:22:15585:157752#TTAGGCA/1	86	1	86	smNRPS-CB	5945	5851	5936	98.837	6.82e-34
A2026YABXX:5:22:8598:199793#TTAGGCA/1	86	1	86	smNRPS-CB	5945	4897	4982	98.837	6.82e-34
A2026YABXX:5:23:10754:43912#TTAGGCA/1	86	1	86	smNRPS-CB	5945	2907	2992	98.837	6.82e-34
A2026YABXX:5:23:9741:188235#TTAGGCA/1	86	1	86	smNRPS-CB	5945	2192	2277	98.837	6.82e-34
A2026YABXX:5:24:12416:65636#TTAGGCA/1	86	1	86	smNRPS-CB	5945	2743	2828	98.837	6.82e-34
A2026YABXX:5:26:9740:173596#TTAGGCA/1	86	1	86	smNRPS-CB	5945	4769	4854	98.837	6.82e-34
A2026YABXX:5:27:5596:112915#TTAGGCA/1	86	1	86	smNRPS-CB	5945	303	388	98.837	6.82e-34
A2026YABXX:5:27:8469:158861#TTAGGCA/2	86	86	1	smNRPS-CB	5945	2915	3000	98.837	6.82e-34
A2026YABXX:5:27:10148:162410#TTAGGCA/1	86	86	1	smNRPS-CB	5945	2628	2713	98.837	6.82e-34
A2026YABXX:5:27:10148:162410#TTAGGCA/2	86	1	86	smNRPS-CB	5945	2440	2525	98.837	6.82e-34
A2026YABXX:5:28:14815:113804#TTAGGCA/1	86	86	1	smNRPS-CB	5945	913	998	98.837	6.82e-34
A2026YABXX:5:28:9700:133511#TTAGGCA/1	86	1	86	smNRPS-CB	5945	2768	2853	98.837	6.82e-34
A2026YABXX:5:28:9708:133530#TTAGGCA/1	86	1	86	smNRPS-CB	5945	2768	2853	98.837	6.82e-34
A2026YABXX:5:41:5545:78991#TTAGGCA/1	86	86	1	smNRPS-CB	5945	2400	2485	98.837	6.82e-34
A2026YABXX:5:42:12231:143287#TTAGGCA/1	86	86	1	smNRPS-CB	5945	1515	1600	98.837	6.82e-34
A2026YABXX:5:43:16440:195855#TTAGGCA/2	86	1	86	smNRPS-CB	5945	4767	4852	98.837	6.82e-34
A2026YABXX:5:43:14509:196165#TTAGGCA/2	86	86	1	smNRPS-CB	5945	3564	3649	98.837	6.82e-34
A2026YABXX:5:44:10246:103005#TTAGGCA/1	86	1	86	smNRPS-CB	5945	3588	3673	98.837	6.82e-34
A2026YABXX:5:44:4726:140720#TTAGGCA/1	86	86	1	smNRPS-CB	5945	2772	2857	98.837	6.82e-34
A2026YABXX:5:44:19580:179124#TTAGGCA/1	86	1	86	smNRPS-CB	5945	3022	3107	98.837	6.82e-34
A2026YABXX:5:44:19580:179124#TTAGGCA/2	86	86	1	smNRPS-CB	5945	3255	3340	98.837	6.82e-34
A2026YABXX:5:44:17214:191310#TTAGGCA/1	86	1	86	smNRPS-CB	5945	421	506	98.837	6.82e-34
A2026YABXX:5:44:17214:191310#TTAGGCA/2	86	86	1	smNRPS-CB	5945	631	716	98.837	6.82e-34
A2026YABXX:5:45:5838:125927#TTAGGCA/2	86	86	1	smNRPS-CB	5945	2384	2469	98.837	6.82e-34
A2026YABXX:5:46:12249:92786#TTAGGCA/1	86	86	1	smNRPS-CB	5945	2899	2984	98.837	6.82e-34
A2026YABXX:5:46:20944:130382#TTAGGCA/1	86	86	1	smNRPS-CB	5945	212	297	98.837	6.82e-34
A2026YABXX:5:47:19474:27453#TTAGGCA/2	86	1	86	smNRPS-CB	5945	554	639	98.837	6.82e-34
A2026YABXX:5:47:5595:37580#TTAGGCA/1	86	86	1	smNRPS-CB	5945	950	1035	98.837	6.82e-34
A2026YABXX:5:48:14282:160687#TTAGGCA/1	86	1	86	smNRPS-CB	5945	643	728	98.837	6.82e-34
A2026YABXX:5:61:5097:40041#TTAGGCA/2	86	86	1	smNRPS-CB	5945	4101	4186	98.837	6.82e-34
A2026YABXX:5:61:5797:110184#TTAGGCA/2	86	1	86	smNRPS-CB	5945	3588	3673	98.837	6.82e-34
A2026YABXX:5:62:9317:171733#TTAGGCA/1	86	86	1	smNRPS-CB	5945	922	1007	98.837	6.82e-34
A2026YABXX:5:63:6606:32277#TTAGGCA/1	86	1	86	smNRPS-CB	5945	2774	2859	98.837	6.82e-34
A2026YABXX:5:63:6606:32277#TTAGGCA/2	86	86	1	smNRPS-CB	5945	3005	3090	98.837	6.82e-34
A2026YABXX:5:63:18020:89138#TTAGGCA/1	86	1	86	smNRPS-CB	5945	3252	3337	98.837	6.82e-34
A2026YABXX:5:65:7039:139978#TTAGGCA/1	86	86	1	smNRPS-CB	5945	955	1040	98.837	6.82e-34
A2026YABXX:5:66:10746:24331#TTAGGCA/1	86	1	86	smNRPS-CB	5945	423	508	98.837	6.82e-34
A2026YABXX:5:66:10746:24331#TTAGGCA/2	86	86	1	smNRPS-CB	5945	655	740	98.837	6.82e-34
A2026YABXX:5:66:10841:27156#TTAGGCA/1	86	86	1	smNRPS-CB	5945	1268	1353	98.837	6.82e-34
A2026YABXX:5:66:15108:88974#TTAGGCA/2	86	86	1	smNRPS-CB	5945	3342	3427	98.837	6.82e-34
A2026YABXX:5:67:12935:152089#TTAGGCA/1	86	86	1	smNRPS-CB	5945	1042	1127	98.837	6.82e-34
A2026YABXX:5:68:4616:19061#TTAGGCA/2	86	86	1	smNRPS-CB	5945	5362	5447	98.837	6.82e-34
B201LRABXX:3:1:15878:61334#TTAGGCA/2	86	84	1	smNRPS-CB	5945	2915	2998	100	1.89e-34
A2026YABXX:5:43:21127:78295#TTAGGCA/1	86	84	1	smNRPS-CB	5945	5262	5345	100	1.89e-34
A2026YABXX:5:43:21127:78295#TTAGGCA/2	86	1	84	smNRPS-CB	5945	5267	5350	100	1.89e-34
B201LRABXX:3:3:2850:187401#TTAGGCA/1	86	2	86	smNRPS-CB	5945	1686	1770	100	5.27e-35
B201LRABXX:3:45:15666:137645#TTAGGCA/2	86	86	2	smNRPS-CB	5945	3380	3464	100	5.27e-35
B201LRABXX:3:48:18295:190123#TTAGGCA/1	86	2	86	smNRPS-CB	5945	581	665	100	5.27e-35
A2026YABXX:5:3:11878:174859#TTAGGCA/1	85	85	1	smNRPS-CB	5945	5781	5865	100	5.27e-35
A2026YABXX:5:5:18874:13075#TTAGGCA/1	85	85	1	smNRPS-CB	5945	5250	5334	100	5.27e-35
A2026YABXX:5:61:13509:11947#TTAGGCA/1	86	1	85	smNRPS-CB	5945	5055	5139	100	5.27e-35
B201LRABXX:3:1:8399:21676#TTAGGCA/2	86	1	86	smNRPS-CB	5945	711	796	100	1.46e-35
B201LRABXX:3:3:2850:187401#TTAGGCA/2	86	86	1	smNRPS-CB	5945	1916	2001	100	1.46e-35
B201LRABXX:3:4:15973:80533#TTAGGCA/2	86	86	1	smNRPS-CB	5945	760	845	100	1.46e-35
B201LRABXX:3:7:20263:143783#TTAGGCA/1	86	86	1	smNRPS-CB	5945	2104	2189	100	1.46e-35
B201LRABXX:3:7:20263:143783#TTAGGCA/2	86	1	86	smNRPS-CB	5945	1863	1948	100	1.46e-35
B201LRABXX:3:21:4704:22881#TTAGGCA/2	86	1	86	smNRPS-CB	5945	2641	2726	100	1.46e-35
B201LRABXX:3:24:12975:153571#TTAGGCA/1	86	1	86	smNRPS-CB	5945	2113	2198	100	1.46e-35
B201LRABXX:3:24:12975:153571#TTAGGCA/2	86	86	1	smNRPS-CB	5945	2330	2415	100	1.46e-35
B201LRABXX:3:26:12614:65315#TTAGGCA/2	86	1	86	smNRPS-CB	5945	4793	4878	100	1.46e-35
B201LRABXX:3:27:2231:34582#TTAGGCA/1	86	1	86	smNRPS-CB	5945	3403	3488	100	1.46e-35
B201LRABXX:3:27:10942:97997#TTAGGCA/1	86	86	1	smNRPS-CB	5945	5290	5375	100	1.46e-35
B201LRABXX:3:28:13898:120285#TTAGGCA/1	86	1	86	smNRPS-CB	5945	2166	2251	100	1.46e-35
B201LRABXX:3:41:14133:55152#TTAGGCA/1	86	1	86	smNRPS-CB	5945	5815	5900	100	1.46e-35
B201LRABXX:3:42:10245:29315#TTAGGCA/1	86	1	86	smNRPS-CB	5945	5801	5886	100	1.46e-35
B201LRABXX:3:42:10803:62220#TTAGGCA/2	86	86	1	smNRPS-CB	5945	5290	5375	100	1.46e-35
B201LRABXX:3:45:15666:137645#TTAGGCA/1	86	1	86	smNRPS-CB	5945	3153	3238	100	1.46e-35
B201LRABXX:3:47:5102:152851#TTAGGCA/1	86	86	1	smNRPS-CB	5945	5027	5112	100	1.46e-35
B201LRABXX:3:47:5102:152851#TTAGGCA/2	86	1	86	smNRPS-CB	5945	4792	4877	100	1.46e-35
B201LRABXX:3:48:15854:89606#TTAGGCA/1	86	1	86	smNRPS-CB	5945	817	902	100	1.46e-35
B201LRABXX:3:48:18295:190123#TTAGGCA/2	86	86	1	smNRPS-CB	5945	808	893	100	1.46e-35
B201LRABXX:3:61:3983:142077#TTAGGCA/1	86	1	86	smNRPS-CB	5945	2158	2243	100	1.46e-35
B201LRABXX:3:62:2458:152842#TTAGGCA/1	86	1	86	smNRPS-CB	5945	3462	3547	100	1.46e-35
B201LRABXX:3:64:18028:17139#TTAGGCA/2	86	1	86	smNRPS-CB	5945	3153	3238	100	1.46e-35
B201LRABXX:3:64:2555:33021#TTAGGCA/1	86	86	1	smNRPS-CB	5945	4074	4159	100	1.46e-35
B201LRABXX:3:64:8870:74820#TTAGGCA/2	86	1	86	smNRPS-CB	5945	5745	5830	100	1.46e-35
B201LRABXX:3:65:1189:36490#TTAGGCA/2	86	86	1	smNRPS-CB	5945	811	896	100	1.46e-35
B201LRABXX:3:67:9672:69357#TTAGGCA/1	86	1	86	smNRPS-CB	5945	5273	5358	100	1.46e-35
B201LRABXX:3:67:3261:141767#TTAGGCA/2	86	1	86	smNRPS-CB	5945	5834	5919	100	1.46e-35
A2026YABXX:5:1:18466:133859#TTAGGCA/2	86	86	1	smNRPS-CB	5945	1396	1481	100	1.46e-35
A2026YABXX:5:2:13381:47568#TTAGGCA/2	86	86	1	smNRPS-CB	5945	2243	2328	100	1.46e-35
A2026YABXX:5:2:11211:60577#TTAGGCA/1	86	86	1	smNRPS-CB	5945	2158	2243	100	1.46e-35
A2026YABXX:5:2:11211:60577#TTAGGCA/2	86	1	86	smNRPS-CB	5945	1918	2003	100	1.46e-35
A2026YABXX:5:5:18874:13075#TTAGGCA/2	86	1	86	smNRPS-CB	5945	5021	5106	100	1.46e-35
A2026YABXX:5:5:19257:29787#TTAGGCA/2	86	1	86	smNRPS-CB	5945	729	814	100	1.46e-35
A2026YABXX:5:5:8068:79071#TTAGGCA/1	86	1	86	smNRPS-CB	5945	5712	5797	100	1.46e-35
A2026YABXX:5:5:19730:161734#TTAGGCA/2	86	1	86	smNRPS-CB	5945	2212	2297	100	1.46e-35
A2026YABXX:5:5:8047:162871#TTAGGCA/2	86	1	86	smNRPS-CB	5945	2203	2288	100	1.46e-35
A2026YABXX:5:6:2901:102827#TTAGGCA/1	86	86	1	smNRPS-CB	5945	2239	2324	100	1.46e-35
A2026YABXX:5:8:8101:17766#TTAGGCA/2	86	86	1	smNRPS-CB	5945	1865	1950	100	1.46e-35
A2026YABXX:5:22:4500:5211#TTAGGCA/2	86	86	1	smNRPS-CB	5945	185	270	100	1.46e-35
A2026YABXX:5:25:9404:18606#TTAGGCA/2	86	86	1	smNRPS-CB	5945	3422	3507	100	1.46e-35
A2026YABXX:5:26:14521:101324#TTAGGCA/1	86	86	1	smNRPS-CB	5945	1348	1433	100	1.46e-35
A2026YABXX:5:27:13609:62312#TTAGGCA/1	86	86	1	smNRPS-CB	5945	3167	3252	100	1.46e-35
A2026YABXX:5:27:13609:62312#TTAGGCA/2	86	1	86	smNRPS-CB	5945	2941	3026	100	1.46e-35
A2026YABXX:5:41:5545:78991#TTAGGCA/2	86	1	86	smNRPS-CB	5945	2174	2259	100	1.46e-35
A2026YABXX:5:42:12211:5668#TTAGGCA/2	86	1	86	smNRPS-CB	5945	291	376	100	1.46e-35
A2026YABXX:5:42:20302:60744#TTAGGCA/2	86	1	86	smNRPS-CB	5945	5834	5919	100	1.46e-35
A2026YABXX:5:43:19950:33353#TTAGGCA/2	86	86	1	smNRPS-CB	5945	5283	5368	100	1.46e-35
A2026YABXX:5:43:13582:86302#TTAGGCA/1	86	1	86	smNRPS-CB	5945	2929	3014	100	1.46e-35
A2026YABXX:5:43:10312:86519#TTAGGCA/2	86	86	1	smNRPS-CB	5945	2187	2272	100	1.46e-35
A2026YABXX:5:43:15720:190303#TTAGGCA/1	86	86	1	smNRPS-CB	5945	3389	3474	100	1.46e-35
A2026YABXX:5:44:21220:25561#TTAGGCA/1	86	86	1	smNRPS-CB	5945	5308	5393	100	1.46e-35
A2026YABXX:5:45:5838:125927#TTAGGCA/1	86	1	86	smNRPS-CB	5945	2157	2242	100	1.46e-35
A2026YABXX:5:46:11766:97640#TTAGGCA/1	86	86	1	smNRPS-CB	5945	2194	2279	100	1.46e-35
A2026YABXX:5:46:19038:107664#TTAGGCA/1	86	86	1	smNRPS-CB	5945	2209	2294	100	1.46e-35
A2026YABXX:5:47:19474:27453#TTAGGCA/1	86	86	1	smNRPS-CB	5945	784	869	100	1.46e-35
A2026YABXX:5:47:14761:41174#TTAGGCA/2	86	86	1	smNRPS-CB	5945	824	909	100	1.46e-35
A2026YABXX:5:61:13509:11947#TTAGGCA/2	86	86	1	smNRPS-CB	5945	5260	5345	100	1.46e-35
A2026YABXX:5:62:4337:113228#TTAGGCA/1	86	1	86	smNRPS-CB	5945	1400	1485	100	1.46e-35
A2026YABXX:5:63:15314:185593#TTAGGCA/1	86	86	1	smNRPS-CB	5945	1405	1490	100	1.46e-35
A2026YABXX:5:64:19792:16580#TTAGGCA/1	86	1	86	smNRPS-CB	5945	3181	3266	100	1.46e-35
A2026YABXX:5:64:13638:77468#TTAGGCA/2	86	1	86	smNRPS-CB	5945	3165	3250	100	1.46e-35
A2026YABXX:5:64:9328:163337#TTAGGCA/2	86	1	86	smNRPS-CB	5945	165	250	100	1.46e-35
A2026YABXX:5:65:7039:139978#TTAGGCA/2	86	1	86	smNRPS-CB	5945	727	812	100	1.46e-35
A2026YABXX:5:67:12935:152089#TTAGGCA/2	86	1	86	smNRPS-CB	5945	989	1074	100	1.46e-35
A2026YABXX:5:68:2183:77453#TTAGGCA/1	86	1	86	smNRPS-CB	5945	2937	3022	100	1.46e-35
A2026YABXX:5:68:2183:77453#TTAGGCA/2	86	86	1	smNRPS-CB	5945	3154	3239	100	1.46e-35
A2026YABXX:5:61:4802:103775#TTAGGCA/2	86	1	86	smNRPS-CB	5945	3464	3549	100	1.46e-35
