FC615L9AAXX:2:84:17984:14672#0/1	71	71	1	smNRPS-CC	5875	1198	1268	97.183	4.37e-24
FC615ELAAXX:8:24:19771:19845#TTAGGCAT/2	44	44	1	smNRPS-CB	5945	749	792	100	2.09e-12
FC615L9AAXX:2:86:1736:5630#0/2	52	52	1	smNRPS-CB	5945	2131	2183	98.113	3.46e-15
FC615L9AAXX:2:68:9019:15495#0/2	50	50	1	smNRPS-CB	5945	4691	4740	100	9.63e-16
FC6178FAAXX:5:21:16522:19735#TTAGGC/1	56	1	56	smNRPS-CB	5945	1148	1203	100	4.45e-19
FC615L9AAXX:2:84:17984:14672#0/2	64	64	1	smNRPS-CB	5945	4935	4998	100	1.59e-23
FC615L9AAXX:2:77:18087:7369#0/1	71	71	1	smNRPS-CB	5945	222	292	97.183	4.42e-24
FC615L9AAXX:2:72:19202:3455#0/1	71	1	71	smNRPS-CB	5945	3503	3573	97.183	4.42e-24
FC615L9AAXX:2:86:1736:5630#0/1	67	1	67	smNRPS-CB	5945	1868	1934	100	3.42e-25
FC615L9AAXX:2:68:9019:15495#0/1	71	1	71	smNRPS-CB	5945	4423	4493	98.592	9.5e-26
FC615L9AAXX:2:75:8315:4511#0/2	72	72	1	smNRPS-CB	5945	4211	4282	98.611	2.64e-26
FC6178FAAXX:5:7:12225:9106#TTAGGC/1	69	1	69	smNRPS-CB	5945	660	728	100	2.64e-26
FC6178FAAXX:5:21:16522:19735#TTAGGC/2	75	75	1	smNRPS-CB	5945	1400	1474	97.333	2.64e-26
FC615L9AAXX:2:45:16296:15942#0/1	71	1	71	smNRPS-CB	5945	1980	2050	100	2.04e-27
FC615L9AAXX:2:74:1352:13493#0/1	71	1	71	smNRPS-CB	5945	5813	5883	100	2.04e-27
FC615L9AAXX:2:75:8315:4511#0/1	71	1	71	smNRPS-CB	5945	3966	4036	100	2.04e-27
FC615L9AAXX:2:76:18632:8211#0/1	71	1	71	smNRPS-CB	5945	1330	1400	100	2.04e-27
FC6178FAAXX:5:70:18070:20043#TTAGGC/2	71	1	71	smNRPS-CB	5945	5796	5866	100	2.04e-27
FC615L9AAXX:2:45:16296:15942#0/2	74	74	1	smNRPS-CB	5945	2228	2301	100	4.39e-29
FC615L9AAXX:2:76:18632:8211#0/2	75	75	1	smNRPS-CB	5945	1583	1657	100	1.22e-29
FC6178FAAXX:5:7:12225:9106#TTAGGC/2	75	75	1	smNRPS-CB	5945	908	982	100	1.22e-29
