B201K8ABXX:7:68:10506:53899#CTTGTA/2	60	57	22	smNRPS-CC	5875	5840	5875	100	6.07e-8
B200YWABXX:7:61:15385:52423#CTTGTAA/2	59	1	59	smNRPS-CC	5875	5315	5373	98.305	4.62e-19
B201K8ABXX:7:43:7880:75425#CTTGTA/2	86	86	1	smNRPS-CC	5875	414	499	96.512	9.8e-31
B201K8ABXX:7:23:3997:105867#CTTGTA/1	85	84	1	smNRPS-CC	5875	1177	1260	97.619	2.73e-31
B201K8ABXX:7:43:7880:75425#CTTGTA/1	58	58	1	smNRPS-CB	5945	5729	5786	98.276	1.68e-18
B200YWABXX:7:61:15385:52423#CTTGTAA/1	61	1	61	smNRPS-CB	5945	238	298	98.361	3.62e-20
B200YWABXX:7:1:7775:22131#CTTGTAA/1	60	1	60	smNRPS-CB	5945	521	580	100	2.8e-21
B201K8ABXX:7:1:3917:162101#CTTGTA/2	74	1	74	smNRPS-CB	5945	173	246	98.649	2.15e-27
B201K8ABXX:7:42:15200:66552#CTTGTA/1	85	85	1	smNRPS-CB	5945	1264	1348	96.471	3.57e-30
B201K8ABXX:7:24:4499:56409#CTTGTA/1	85	85	1	smNRPS-CB	5945	230	314	97.647	7.67e-32
B201K8ABXX:7:45:10676:70392#CTTGTA/1	85	1	85	smNRPS-CB	5945	3606	3690	97.647	7.67e-32
B201K8ABXX:7:62:9473:38614#CTTGTA/2	85	1	85	smNRPS-CB	5945	48	132	97.647	7.67e-32
B201K8ABXX:7:68:10506:53899#CTTGTA/1	85	85	1	smNRPS-CB	5945	202	286	97.647	7.67e-32
B201K8ABXX:7:45:10676:70392#CTTGTA/2	86	86	1	smNRPS-CB	5945	3835	3920	97.674	2.13e-32
B201K8ABXX:7:47:6635:147881#CTTGTA/1	85	1	85	smNRPS-CB	5945	1652	1736	98.824	1.65e-33
B201K8ABXX:7:62:9473:38614#CTTGTA/1	85	85	1	smNRPS-CB	5945	309	393	98.824	1.65e-33
B201K8ABXX:7:42:15200:66552#CTTGTA/2	86	1	86	smNRPS-CB	5945	1019	1104	98.837	4.58e-34
B201K8ABXX:7:1:3917:162101#CTTGTA/1	85	85	1	smNRPS-CB	5945	406	490	100	3.54e-35
B201K8ABXX:7:24:4499:56409#CTTGTA/2	86	1	86	smNRPS-CB	5945	1	86	100	9.85e-36
B201K8ABXX:7:47:6635:147881#CTTGTA/2	86	86	1	smNRPS-CB	5945	1913	1998	100	9.85e-36
B200YWABXX:7:1:7775:22131#CTTGTAA/2	86	86	1	smNRPS-CB	5945	751	836	100	9.85e-36
