FC615L9AAXX:3:18:18774:1420#0/2	49	2	49	smNRPS-CC	5875	5482	5529	100	1.04e-14
FC6178FAAXX:5:20:12994:10279#TGACCA/2	48	48	1	smNRPS-CB	5945	4821	4868	97.917	4.88e-13
FC615L9AAXX:3:93:5577:6959#0/1	50	50	1	smNRPS-CB	5945	3561	3610	100	8.1e-16
FC6178FAAXX:5:70:16618:14439#TGACCA/2	62	62	1	smNRPS-CB	5945	3005	3066	100	1.73e-22
FC6178FAAXX:5:20:12994:10279#TGACCA/1	69	1	69	smNRPS-CB	5945	4549	4617	98.551	1.03e-24
FC6178FAAXX:5:70:16618:14439#TGACCA/1	69	1	69	smNRPS-CB	5945	2742	2810	100	2.22e-26
FC615L9AAXX:3:43:2720:20471#0/1	71	1	71	smNRPS-CB	5945	1314	1384	100	1.72e-27
FC615L9AAXX:3:49:16510:9855#0/2	71	1	71	smNRPS-CB	5945	1902	1972	100	1.72e-27
FC615ELAAXX:8:4:11254:4130#TGACCAAT/2	72	71	1	smNRPS-CB	5945	5116	5186	100	1.72e-27
FC615L9AAXX:3:43:2720:20471#0/2	72	72	1	smNRPS-CB	5945	1557	1628	100	4.77e-28
FC615L9AAXX:3:49:16510:9855#0/1	72	72	1	smNRPS-CB	5945	2150	2221	100	4.77e-28
FC615L9AAXX:3:93:5577:6959#0/2	72	1	72	smNRPS-CB	5945	3280	3351	100	4.77e-28
