V1.UC62.0__NODE_31_length_180575_cov_19.4374__62233__nrps-ladderane__ANTISMASH__16961_79194	C2060__NODE_21_length_104722_cov_19.3019__47332__nrps__ANTISMASH__8019_55351	62233	47332	52	97.638	0.0	42623	19718	44559	27626	2784
V1.UC62.0__NODE_31_length_180575_cov_19.4374__62233__nrps-ladderane__ANTISMASH__16961_79194	C2060__NODE_21_length_104722_cov_19.3019__42199__ladderane__ANTISMASH__53743_95942	62233	42199	67	96.691	0.0	41990	5739	30991	56490	31245
V1.UC62.0__NODE_31_length_180575_cov_19.4374__62233__nrps-ladderane__ANTISMASH__16961_79194	C2060__NODE_21_length_104722_cov_19.3019__42199__ladderane__ANTISMASH__53743_95942	62233	42199	67	96.799	0.0	4590	31525	34273	2749	1
V1.UC62.0__NODE_31_length_180575_cov_19.4374__62233__nrps-ladderane__ANTISMASH__16961_79194	C2060__NODE_21_length_104722_cov_19.3019__42199__ladderane__ANTISMASH__53743_95942	62233	42199	67	96.591	1.83e-34	147	31222	31309	30981	30894
O2.UC53.2__NODE_2899_length_9335_cov_3.46119__9335__microcin__ANTISMASH__0_9335	C2086__NODE_47_length_65792_cov_66.6491__16770__microcin__ANTISMASH__49022_65792	9335	16770	0	95.082	7.41e-20	97.1	9356	9416	784	724
O2.UC50.0__NODE_43_length_109678_cov_2.66805__26723__terpene__ANTISMASH__82955_109678	C4006__NODE_15_length_222149_cov_19.3876__20894__terpene__ANTISMASH__77199_98093	26723	20894	99	99.344	0.0	20958	1	11584	15	11584
O2.UC50.0__NODE_43_length_109678_cov_2.66805__26723__terpene__ANTISMASH__82955_109678	C4006__NODE_15_length_222149_cov_19.3876__20894__terpene__ANTISMASH__77199_98093	26723	20894	99	99.544	0.0	12377	13628	20422	13626	20420
O2.UC50.0__NODE_43_length_109678_cov_2.66805__26723__terpene__ANTISMASH__82955_109678	C4006__NODE_15_length_222149_cov_19.3876__20894__terpene__ANTISMASH__77199_98093	26723	20894	99	99.735	0.0	3461	11676	13564	11678	13566
O2.UC50.0__NODE_43_length_109678_cov_2.66805__26723__terpene__ANTISMASH__82955_109678	C4006__NODE_15_length_222149_cov_19.3876__20894__terpene__ANTISMASH__77199_98093	26723	20894	99	98.925	0.0	665	20523	20894	20366	20737
O2.UC50.0__NODE_43_length_109678_cov_2.66805__26723__terpene__ANTISMASH__82955_109678	C4006__NODE_15_length_222149_cov_19.3876__20894__terpene__ANTISMASH__77199_98093	26723	20894	99	96.774	1.50e-37	156	20330	20422	26631	26723
O2.UC50.0__NODE_43_length_109678_cov_2.66805__26723__terpene__ANTISMASH__82955_109678	C4006__NODE_15_length_222149_cov_19.3876__20894__terpene__ANTISMASH__77199_98093	26723	20894	99	100.000	1.98e-21	102	20523	20577	26669	26723
