V1.UC34.0__NODE_2685_length_11165_cov_5.31233__11165__microcin__ANTISMASH__0_11165	C2014__NODE_44_length_203043_cov_77.7576__10274__microcin__ANTISMASH__192769_203043	11165	10274	1	96.970	3.10e-24	111	9421	9486	851	786
V1.UC62.0__NODE_31_length_180575_cov_19.4374__62233__nrps-ladderane__ANTISMASH__16961_79194	C2060__NODE_21_length_104722_cov_19.3019__47332__nrps__ANTISMASH__8019_55351	62233	47332	52	97.638	0.0	42623	19718	44559	27626	2784
V1.UC62.0__NODE_31_length_180575_cov_19.4374__62233__nrps-ladderane__ANTISMASH__16961_79194	C2060__NODE_21_length_104722_cov_19.3019__42199__ladderane__ANTISMASH__53743_95942	62233	42199	67	96.691	0.0	41990	5739	30991	56490	31245
V1.UC62.0__NODE_31_length_180575_cov_19.4374__62233__nrps-ladderane__ANTISMASH__16961_79194	C2060__NODE_21_length_104722_cov_19.3019__42199__ladderane__ANTISMASH__53743_95942	62233	42199	67	96.799	0.0	4590	31525	34273	2749	1
V1.UC62.0__NODE_31_length_180575_cov_19.4374__62233__nrps-ladderane__ANTISMASH__16961_79194	C2060__NODE_21_length_104722_cov_19.3019__42199__ladderane__ANTISMASH__53743_95942	62233	42199	67	96.591	3.49e-34	147	31222	31309	30981	30894
O2.UC23.2__NODE_123_length_53602_cov_5.17215__42532__other__ANTISMASH__8083_50615	C2075__NODE_793_length_16630_cov_377.864__16630__other__ANTISMASH__0_16630	42532	16630	99	97.611	0.0	17341	6452	16572	22706	32816
O2.UC23.2__NODE_123_length_53602_cov_5.17215__42532__other__ANTISMASH__8083_50615	C2075__NODE_793_length_16630_cov_377.864__16630__other__ANTISMASH__0_16630	42532	16630	99	98.306	0.0	8370	1611	6392	17952	22719
O2.UC23.2__NODE_123_length_53602_cov_5.17215__42532__other__ANTISMASH__8083_50615	C2075__NODE_793_length_16630_cov_377.864__16630__other__ANTISMASH__0_16630	42532	16630	99	98.204	0.0	2623	79	1580	16452	17952
V1.UC34.0__NODE_2685_length_11165_cov_5.31233__11165__microcin__ANTISMASH__0_11165	C3001__NODE_226_length_62364_cov_25.9983__11788__microcin__ANTISMASH__50576_62364	11165	11788	1	96.970	3.55e-24	111	9358	9423	851	786
V1.UC53.4__NODE_1077_length_19809_cov_14.4938__19809__microcin__ANTISMASH__0_19809	C3001__NODE_3246_length_7841_cov_27.1989__7841__microcin__ANTISMASH__0_7841	19809	7841	13	95.122	0.0	1664	6784	7841	1235	180
O2.UC44.2__NODE_2186_length_12877_cov_12.4771__10481__microcin__ANTISMASH__2396_12877	C3001__NODE_3246_length_7841_cov_27.1989__7841__microcin__ANTISMASH__0_7841	10481	7841	12	96.684	0.0	1592	6880	7841	9348	10302
O2.UC1.2__NODE_2735_length_11824_cov_7.70023__11824__microcin__ANTISMASH__0_11824	C3001__NODE_3246_length_7841_cov_27.1989__7841__microcin__ANTISMASH__0_7841	11824	7841	11	96.009	0.0	1458	6945	7841	933	37
V1.UC40.0__NODE_1422_length_20304_cov_4.52593__15088__bacteriocin__ANTISMASH__5216_20304	C3032__NODE_1567_length_8319_cov_7.793078__8319__bacteriocin__ANTISMASH__0_8319	15088	8319	47	100.000	0.0	7155	37	3910	1655	5528
V1.UC52.1__NODE_4925_length_9379_cov_3.29794__9379__bacteriocin__ANTISMASH__0_9379	C3032__NODE_1567_length_8319_cov_7.793078__8319__bacteriocin__ANTISMASH__0_8319	9379	8319	28	98.510	0.0	4141	1566	3910	1	2349
O2.UC60.0__NODE_448_length_27925_cov_2.72723__6119__bacteriocin__ANTISMASH__21806_27925	C3032__NODE_1567_length_8319_cov_7.793078__8319__bacteriocin__ANTISMASH__0_8319	6119	8319	8	97.756	0.0	1075	3287	3910	4905	5528
V1.UC34.0__NODE_2685_length_11165_cov_5.31233__11165__microcin__ANTISMASH__0_11165	C4001__NODE_12_length_233246_cov_14.3248__10490__microcin__ANTISMASH__222756_233246	11165	10490	1	96.970	3.16e-24	111	9358	9423	851	786
O2.UC56.2__NODE_3772_length_7714_cov_2.10772__7714__lassopeptide__ANTISMASH__0_7714	C4013__NODE_62_length_59138_cov_9.20126__23359__lassopeptide__ANTISMASH__35779_59138	7714	23359	22	99.391	0.0	9241	10190	15275	1	5087
