A2026YABXX:8:61:20476:74216#CAGATCA/1	50	1	50	smNRPS-1/2	5910	4673	4722	98	1.03e-13
B200FTABXX:3:2:8415:103154#CAGATC/2	57	1	54	smNRPS-1/2	5910	3225	3278	98.148	6.14e-16
A201L5ABXX:3:47:7267:41394#CAGATCA/2	67	1	67	smNRPS-1/2	5910	654	720	100	7.83e-25
A201L5ABXX:3:65:11709:111784#CAGATCA/2	86	83	1	smNRPS-1/2	5910	4303	4385	95.181	4.68e-27
B200FTABXX:3:25:12940:101876#CAGATC/1	78	1	78	smNRPS-1/2	5910	1232	1309	100	6.01e-31
A201L5ABXX:3:62:17719:149947#CAGATCA/2	81	81	1	smNRPS-1/2	5910	460	540	100	1.29e-32
A2026YABXX:8:5:7159:5176#CAGATCA/1	85	1	85	smNRPS-1/2	5910	459	543	100	7.72e-35
A201L5ABXX:3:47:7267:41394#CAGATCA/1	85	85	1	smNRPS-1/2	5910	883	967	100	7.72e-35
B200FTABXX:3:23:15559:85137#CAGATC/2	54	1	54	smNRPS-1/2	5910	3120	3173	96.296	2.89e-14
A2026YABXX:8:25:4952:153097#CAGATCA/1	54	54	1	smNRPS-1/2	5910	3727	3780	96.296	2.89e-14
A201L5ABXX:3:61:16785:186988#CAGATCA/1	59	59	1	smNRPS-1/2	5910	5762	5820	100	2.22e-20
A2026YABXX:8:42:12366:152371#CAGATCA/1	60	1	60	smNRPS-1/2	5910	2121	2180	100	6.17e-21
A201L5ABXX:3:61:16785:186988#CAGATCA/2	76	1	76	smNRPS-1/2	5910	5493	5568	97.368	1.7e-26
A2026YABXX:8:46:16064:83823#CAGATCA/1	85	1	85	smNRPS-1/2	5910	5538	5622	96.471	7.86e-30
A201L5ABXX:3:64:13236:87762#CAGATCA/1	85	1	85	smNRPS-1/2	5910	1095	1179	97.647	1.69e-31
B200FTABXX:3:2:8415:103154#CAGATC/1	85	3	85	smNRPS-1/2	5910	2420	2502	98.795	4.7e-32
B200FTABXX:3:23:15559:85137#CAGATC/1	85	85	1	smNRPS-1/2	5910	3349	3433	98.824	3.63e-33
A201L5ABXX:3:64:13236:87762#CAGATCA/2	86	86	1	smNRPS-1/2	5910	1344	1429	98.837	1.01e-33
B200FTABXX:3:64:7326:182882#CAGATC/1	85	85	1	smNRPS-1/2	5910	2305	2389	100	7.81e-35
A201L5ABXX:3:63:6685:48274#CAGATCA/1	85	1	85	smNRPS-1/2	5910	5803	5887	100	7.81e-35
A201L5ABXX:3:66:8365:26006#CAGATCA/1	85	1	85	smNRPS-1/2	5910	1844	1928	100	7.81e-35
B200FTABXX:3:23:11333:54970#CAGATC/1	85	1	85	smNRPS-1/2	5910	2071	2155	100	7.81e-35
A2026YABXX:8:42:12366:152371#CAGATCA/2	86	86	1	smNRPS-1/2	5910	2360	2445	100	2.17e-35
A201L5ABXX:3:66:8365:26006#CAGATCA/2	86	86	1	smNRPS-1/2	5910	2090	2175	100	2.17e-35
A2026YABXX:8:25:4952:153097#CAGATCA/2	87	1	87	smNRPS-1/2	5910	3442	3528	100	6.04e-36
A2026YABXX:8:46:16064:83823#CAGATCA/2	87	87	1	smNRPS-1/2	5910	5778	5864	100	6.04e-36
