A2026YABXX:5:26:2289:141146#ACAGTGA/2	45	17	45	smNRPS-1/2	5910	1	29	100	7e-4
A2026YABXX:5:65:20879:36637#ACAGTGA/2	43	43	1	smNRPS-1/2	5910	3357	3399	95.349	2.5e-8
B201LRABXX:3:25:18287:28875#ACAGTGA/1	38	1	38	smNRPS-1/2	5910	4336	4373	100	6.95e-9
B201LRABXX:3:44:17094:21028#ACAGTGA/1	38	1	38	smNRPS-1/2	5910	683	720	100	6.95e-9
A2026YABXX:5:3:4996:160075#ACAGTGA/2	41	1	41	smNRPS-1/2	5910	964	1004	97.561	6.95e-9
A2026YABXX:5:61:19272:56914#ACAGTGA/1	39	1	39	smNRPS-1/2	5910	692	730	100	1.93e-9
A2026YABXX:5:1:9062:52258#ACAGTGA/2	40	1	40	smNRPS-1/2	5910	1136	1175	100	5.37e-10
A2026YABXX:5:63:12146:39589#ACAGTGA/1	41	1	41	smNRPS-1/2	5910	1738	1778	100	1.49e-10
A2026YABXX:5:22:20444:146691#ACAGTGA/2	46	46	1	smNRPS-1/2	5910	4750	4795	97.826	1.15e-11
A2026YABXX:5:44:19332:139722#ACAGTGA/2	86	41	86	smNRPS-1/2	5910	1	46	97.826	1.15e-11
A2026YABXX:5:7:20143:32464#ACAGTGA/1	44	1	44	smNRPS-1/2	5910	4361	4404	100	3.21e-12
A2026YABXX:5:25:7212:11662#ACAGTGA/1	44	44	1	smNRPS-1/2	5910	4730	4773	100	3.21e-12
B201LRABXX:3:27:16427:70619#ACAGTGA/2	83	39	83	smNRPS-1/2	5910	1	45	100	8.92e-13
A2026YABXX:5:22:20444:146691#ACAGTGA/1	45	1	45	smNRPS-1/2	5910	4480	4524	100	8.92e-13
A2026YABXX:5:44:4641:3407#ACAGTGA/1	85	1	45	smNRPS-1/2	5910	5831	5875	100	8.92e-13
A2026YABXX:5:65:20213:122546#ACAGTGA/1	45	1	45	smNRPS-1/2	5910	2931	2975	100	8.92e-13
A2026YABXX:5:5:5050:156415#ACAGTGA/2	49	1	49	smNRPS-1/2	5910	4179	4227	97.959	2.48e-13
A2026YABXX:5:26:21126:107499#ACAGTGA/1	49	49	1	smNRPS-1/2	5910	3461	3509	97.959	2.48e-13
A2026YABXX:5:61:21237:10874#ACAGTGA/1	50	1	50	smNRPS-1/2	5910	5524	5573	98	6.9e-14
A2026YABXX:5:64:3761:85731#ACAGTGA/1	48	1	48	smNRPS-1/2	5910	2160	2207	100	1.92e-14
B201LRABXX:3:66:10816:103961#ACAGTGA/2	86	38	86	smNRPS-1/2	5910	1	49	100	5.33e-15
A2026YABXX:5:42:11297:46259#ACAGTGA/1	49	49	1	smNRPS-1/2	5910	4512	4560	100	5.33e-15
A2026YABXX:5:45:17790:119983#ACAGTGA/1	49	1	49	smNRPS-1/2	5910	2051	2099	100	5.33e-15
A2026YABXX:5:21:9495:152684#ACAGTGA/2	50	1	50	smNRPS-1/2	5910	686	735	100	1.48e-15
A2026YABXX:5:62:11804:100202#ACAGTGA/1	50	50	1	smNRPS-1/2	5910	3382	3431	100	1.48e-15
B201LRABXX:3:8:4045:112167#ACAGTGA/1	51	1	51	smNRPS-1/2	5910	1110	1160	100	4.12e-16
A2026YABXX:5:3:5622:83043#ACAGTGA/2	51	51	1	smNRPS-1/2	5910	3361	3411	100	4.12e-16
A2026YABXX:5:42:6818:195436#ACAGTGA/2	60	1	60	smNRPS-1/2	5910	1157	1216	95	4.12e-16
A2026YABXX:5:42:3024:126244#ACAGTGA/1	55	1	55	smNRPS-1/2	5910	683	737	98.182	1.15e-16
A2026YABXX:5:25:5040:160525#ACAGTGA/2	59	59	1	smNRPS-1/2	5910	3435	3493	96.61	3.19e-17
A2026YABXX:5:45:9913:83825#ACAGTGA/2	53	1	53	smNRPS-1/2	5910	2376	2428	100	3.19e-17
A2026YABXX:5:67:13095:149695#ACAGTGA/1	55	1	53	smNRPS-1/2	5910	4670	4722	100	3.19e-17
A2026YABXX:5:4:13649:119699#ACAGTGA/1	54	54	1	smNRPS-1/2	5910	4838	4891	100	8.86e-18
B201LRABXX:3:22:19319:71570#ACAGTGA/1	55	55	1	smNRPS-1/2	5910	4563	4617	100	2.46e-18
B201LRABXX:3:22:20786:163493#ACAGTGA/1	58	1	58	smNRPS-1/2	5910	4028	4085	98.276	2.46e-18
B201LRABXX:3:28:14818:145106#ACAGTGA/1	55	55	1	smNRPS-1/2	5910	1895	1949	100	2.46e-18
B201LRABXX:3:41:2002:105513#ACAGTGA/2	55	55	1	smNRPS-1/2	5910	5574	5628	100	2.46e-18
B201LRABXX:3:43:4823:163712#ACAGTGA/1	55	55	1	smNRPS-1/2	5910	3371	3425	100	2.46e-18
A2026YABXX:5:4:13649:119699#ACAGTGA/2	55	1	55	smNRPS-1/2	5910	4579	4633	100	2.46e-18
A2026YABXX:5:26:15597:191674#ACAGTGA/2	55	55	1	smNRPS-1/2	5910	2297	2351	100	2.46e-18
A2026YABXX:5:47:4684:40316#ACAGTGA/2	55	1	55	smNRPS-1/2	5910	4715	4769	100	2.46e-18
B201LRABXX:3:43:3439:46313#ACAGTGA/2	56	56	1	smNRPS-1/2	5910	4726	4781	100	6.85e-19
A2026YABXX:5:2:1811:74859#ACAGTGA/2	56	1	56	smNRPS-1/2	5910	1110	1165	100	6.85e-19
A2026YABXX:5:45:18291:197392#ACAGTGA/2	56	1	56	smNRPS-1/2	5910	2379	2434	100	6.85e-19
A2026YABXX:5:62:18421:82824#ACAGTGA/2	59	1	59	smNRPS-1/2	5910	150	208	98.305	6.85e-19
A2026YABXX:5:4:20938:79966#ACAGTGA/2	60	1	60	smNRPS-1/2	5910	1195	1254	98.333	1.9e-19
A2026YABXX:5:7:8061:26171#ACAGTGA/1	58	58	2	smNRPS-1/2	5910	4909	4965	100	1.9e-19
A2026YABXX:5:62:10104:56914#ACAGTGA/1	60	60	1	smNRPS-1/2	5910	2173	2232	98.333	1.9e-19
A2026YABXX:5:7:8061:26171#ACAGTGA/2	58	1	58	smNRPS-1/2	5910	4649	4706	100	5.29e-20
B201LRABXX:3:22:20786:163493#ACAGTGA/2	62	62	1	smNRPS-1/2	5910	4294	4355	98.387	1.47e-20
B201LRABXX:3:26:21195:74579#ACAGTGA/2	62	62	1	smNRPS-1/2	5910	2983	3044	98.387	1.47e-20
B201LRABXX:3:27:6335:186671#ACAGTGA/2	86	1	59	smNRPS-1/2	5910	5817	5875	100	1.47e-20
A2026YABXX:5:4:9796:96410#ACAGTGA/2	59	59	1	smNRPS-1/2	5910	2103	2161	100	1.47e-20
A2026YABXX:5:25:20690:108545#ACAGTGA/1	65	1	65	smNRPS-1/2	5910	5533	5597	96.923	1.47e-20
A2026YABXX:5:23:3826:16213#ACAGTGA/2	60	1	60	smNRPS-1/2	5910	3555	3614	100	4.09e-21
A2026YABXX:5:25:2418:85244#ACAGTGA/2	60	1	60	smNRPS-1/2	5910	2375	2434	100	4.09e-21
B201LRABXX:3:3:9804:75381#ACAGTGA/1	85	1	61	smNRPS-1/2	5910	5815	5875	100	1.14e-21
A2026YABXX:5:25:18910:193149#ACAGTGA/1	61	1	61	smNRPS-1/2	5910	2771	2831	100	1.14e-21
A2026YABXX:5:42:8424:70452#ACAGTGA/2	61	61	1	smNRPS-1/2	5910	3337	3397	100	1.14e-21
A2026YABXX:5:65:17406:51757#ACAGTGA/2	67	1	67	smNRPS-1/2	5910	4724	4790	97.015	1.14e-21
A2026YABXX:5:8:6421:46196#ACAGTGA/1	64	1	64	smNRPS-1/2	5910	5064	5127	98.438	1.14e-21
A2026YABXX:5:25:10184:130670#ACAGTGA/1	68	68	1	smNRPS-1/2	5910	3338	3405	97.059	3.16e-22
A2026YABXX:5:62:10104:56914#ACAGTGA/2	62	1	62	smNRPS-1/2	5910	1913	1974	100	3.16e-22
A2026YABXX:5:66:6013:38452#ACAGTGA/1	65	65	1	smNRPS-1/2	5910	159	223	98.462	3.16e-22
B201LRABXX:3:42:20402:152208#ACAGTGA/2	63	1	63	smNRPS-1/2	5910	4668	4730	100	8.8e-23
A2026YABXX:5:3:2493:90937#ACAGTGA/2	66	66	1	smNRPS-1/2	5910	4970	5035	98.485	8.8e-23
A2026YABXX:5:46:14657:198864#ACAGTGA/1	65	1	63	smNRPS-1/2	5910	3551	3613	100	8.8e-23
B201LRABXX:3:24:5529:128175#ACAGTGA/1	63	63	1	smNRPS-1/2	5910	2563	2625	100	8.8e-23
A2026YABXX:5:21:5852:171563#ACAGTGA/1	67	67	1	smNRPS-1/2	5910	2565	2631	98.507	2.45e-23
A2026YABXX:5:47:12668:55719#ACAGTGA/2	67	1	67	smNRPS-1/2	5910	3706	3772	98.507	2.45e-23
A2026YABXX:5:61:19272:56914#ACAGTGA/2	67	67	1	smNRPS-1/2	5910	957	1023	98.507	2.45e-23
B201LRABXX:3:61:17959:36712#ACAGTGA/2	65	1	65	smNRPS-1/2	5910	2187	2251	100	6.8e-24
A2026YABXX:5:1:17080:37335#ACAGTGA/1	68	68	1	smNRPS-1/2	5910	5575	5642	98.529	6.8e-24
A2026YABXX:5:47:15969:118502#ACAGTGA/1	65	1	65	smNRPS-1/2	5910	4545	4609	100	6.8e-24
A2026YABXX:5:48:3431:181725#ACAGTGA/2	65	65	1	smNRPS-1/2	5910	5651	5715	100	6.8e-24
A2026YABXX:5:63:15907:39851#ACAGTGA/2	68	68	1	smNRPS-1/2	5910	125	192	98.529	6.8e-24
A2026YABXX:5:68:7249:134832#ACAGTGA/2	65	1	65	smNRPS-1/2	5910	1086	1150	100	6.8e-24
B201LRABXX:3:43:18195:83272#ACAGTGA/2	66	66	1	smNRPS-1/2	5910	4723	4788	100	1.89e-24
A2026YABXX:5:45:17790:119983#ACAGTGA/2	69	69	1	smNRPS-1/2	5910	2304	2372	98.551	1.89e-24
A2026YABXX:5:45:1549:106153#ACAGTGA/2	69	69	1	smNRPS-1/2	5910	923	991	98.551	1.89e-24
B201LRABXX:3:3:1336:184110#ACAGTGA/2	67	67	1	smNRPS-1/2	5910	2469	2535	100	5.26e-25
B201LRABXX:3:47:15297:106420#ACAGTGA/1	70	1	67	smNRPS-1/2	5910	1071	1137	100	5.26e-25
A2026YABXX:5:41:6316:16611#ACAGTGA/1	67	67	1	smNRPS-1/2	5910	4516	4582	100	5.26e-25
A2026YABXX:5:45:11169:66742#ACAGTGA/1	67	1	67	smNRPS-1/2	5910	3306	3372	100	5.26e-25
B201LRABXX:3:23:21183:183609#ACAGTGA/1	67	1	67	smNRPS-1/2	5910	267	333	100	5.26e-25
A2026YABXX:5:5:6896:164696#ACAGTGA/2	68	1	68	smNRPS-1/2	5910	178	245	100	1.46e-25
A2026YABXX:5:22:3366:53008#ACAGTGA/1	68	1	68	smNRPS-1/2	5910	2345	2412	100	1.46e-25
A2026YABXX:5:44:19002:95876#ACAGTGA/2	71	1	71	smNRPS-1/2	5910	2679	2749	98.592	1.46e-25
A2026YABXX:5:62:2936:198058#ACAGTGA/1	68	1	68	smNRPS-1/2	5910	3935	4002	100	1.46e-25
B201LRABXX:3:21:16401:123839#ACAGTGA/2	69	69	1	smNRPS-1/2	5910	5111	5179	100	4.06e-26
A2026YABXX:5:3:6076:121436#ACAGTGA/2	69	69	1	smNRPS-1/2	5910	2211	2279	100	4.06e-26
A2026YABXX:5:66:1452:42901#ACAGTGA/1	69	1	69	smNRPS-1/2	5910	5533	5601	100	4.06e-26
B201LRABXX:3:67:1590:112669#ACAGTGA/2	70	70	1	smNRPS-1/2	5910	5279	5348	100	1.13e-26
A2026YABXX:5:27:15237:66148#ACAGTGA/2	76	1	76	smNRPS-1/2	5910	985	1060	97.368	1.13e-26
A2026YABXX:5:63:20145:3423#ACAGTGA/1	70	70	1	smNRPS-1/2	5910	1780	1849	100	1.13e-26
A2026YABXX:5:65:20879:36637#ACAGTGA/1	70	1	70	smNRPS-1/2	5910	3078	3147	100	1.13e-26
A2026YABXX:5:65:17406:51757#ACAGTGA/1	70	70	1	smNRPS-1/2	5910	4983	5052	100	1.13e-26
B201LRABXX:3:48:7031:184193#ACAGTGA/2	71	1	71	smNRPS-1/2	5910	5372	5442	100	3.14e-27
A2026YABXX:5:3:3853:108879#ACAGTGA/2	71	1	71	smNRPS-1/2	5910	1244	1314	100	3.14e-27
A2026YABXX:5:6:13585:47725#ACAGTGA/2	71	1	71	smNRPS-1/2	5910	699	769	100	3.14e-27
B201LRABXX:3:64:16509:173885#ACAGTGA/1	75	1	75	smNRPS-1/2	5910	5176	5250	98.667	8.74e-28
A2026YABXX:5:41:7489:193100#ACAGTGA/1	72	1	72	smNRPS-1/2	5910	1230	1301	100	8.74e-28
A2026YABXX:5:61:7216:85136#ACAGTGA/1	81	1	78	smNRPS-1/2	5910	1238	1315	97.436	8.74e-28
A2026YABXX:5:3:3429:5389#ACAGTGA/1	72	72	1	smNRPS-1/2	5910	3181	3252	100	8.74e-28
B201LRABXX:3:25:18287:28875#ACAGTGA/2	73	73	1	smNRPS-1/2	5910	4575	4647	100	2.43e-28
B201LRABXX:3:26:1170:134800#ACAGTGA/1	79	1	79	smNRPS-1/2	5910	1750	1828	97.468	2.43e-28
A2026YABXX:5:25:10184:130670#ACAGTGA/2	76	1	76	smNRPS-1/2	5910	3077	3152	98.684	2.43e-28
A2026YABXX:5:28:13748:111103#ACAGTGA/2	76	76	1	smNRPS-1/2	5910	5221	5296	98.684	2.43e-28
A2026YABXX:5:67:13095:149695#ACAGTGA/2	76	76	1	smNRPS-1/2	5910	4906	4981	98.684	2.43e-28
B201LRABXX:3:3:1336:184110#ACAGTGA/1	74	1	74	smNRPS-1/2	5910	2222	2295	100	6.75e-29
A2026YABXX:5:6:10753:7447#ACAGTGA/2	76	1	74	smNRPS-1/2	5910	1242	1315	100	6.75e-29
A2026YABXX:5:23:17185:13240#ACAGTGA/2	74	74	1	smNRPS-1/2	5910	5236	5309	100	6.75e-29
A2026YABXX:5:24:16298:62348#ACAGTGA/2	77	77	1	smNRPS-1/2	5910	1778	1854	98.701	6.75e-29
A2026YABXX:5:43:11192:64897#ACAGTGA/2	74	74	1	smNRPS-1/2	5910	4726	4799	100	6.75e-29
A2026YABXX:5:63:9962:84960#ACAGTGA/1	80	80	1	smNRPS-1/2	5910	3070	3149	97.5	6.75e-29
B201LRABXX:3:63:18153:148405#ACAGTGA/2	83	3	83	smNRPS-1/2	5910	1204	1284	97.531	1.88e-29
B201LRABXX:3:64:20139:172813#ACAGTGA/1	75	1	75	smNRPS-1/2	5910	900	974	100	1.88e-29
A2026YABXX:5:4:15786:10175#ACAGTGA/1	75	75	1	smNRPS-1/2	5910	2556	2630	100	1.88e-29
A2026YABXX:5:8:13321:92546#ACAGTGA/2	78	1	78	smNRPS-1/2	5910	4555	4632	98.718	1.88e-29
A2026YABXX:5:21:9075:56754#ACAGTGA/1	78	78	1	smNRPS-1/2	5910	2762	2839	98.718	1.88e-29
A2026YABXX:5:21:7934:104216#ACAGTGA/1	75	1	75	smNRPS-1/2	5910	1845	1919	100	1.88e-29
A2026YABXX:5:26:15597:191674#ACAGTGA/1	75	1	75	smNRPS-1/2	5910	2027	2101	100	1.88e-29
A2026YABXX:5:66:14026:152647#ACAGTGA/1	75	75	1	smNRPS-1/2	5910	1889	1963	100	1.88e-29
A2026YABXX:5:3:16287:123639#ACAGTGA/2	79	79	1	smNRPS-1/2	5910	5093	5171	98.734	5.22e-30
A2026YABXX:5:4:12347:150477#ACAGTGA/1	85	85	1	smNRPS-1/2	5910	749	833	96.471	5.22e-30
A2026YABXX:5:23:17495:192071#ACAGTGA/1	79	1	79	smNRPS-1/2	5910	4155	4233	98.734	5.22e-30
A2026YABXX:5:25:7212:11662#ACAGTGA/2	76	1	76	smNRPS-1/2	5910	4471	4546	100	5.22e-30
A2026YABXX:5:26:12422:136457#ACAGTGA/2	76	1	76	smNRPS-1/2	5910	2831	2906	100	5.22e-30
A2026YABXX:5:43:9736:134280#ACAGTGA/1	85	85	1	smNRPS-1/2	5910	4271	4356	96.512	5.22e-30
A2026YABXX:5:46:13687:116308#ACAGTGA/2	76	76	1	smNRPS-1/2	5910	2169	2244	100	5.22e-30
A2026YABXX:5:46:2477:152999#ACAGTGA/2	76	1	76	smNRPS-1/2	5910	5542	5617	100	5.22e-30
B201LRABXX:3:3:5502:100080#ACAGTGA/1	80	1	80	smNRPS-1/2	5910	918	997	98.75	1.45e-30
B201LRABXX:3:6:3515:76109#ACAGTGA/2	80	1	80	smNRPS-1/2	5910	2211	2290	98.75	1.45e-30
B201LRABXX:3:26:21195:74579#ACAGTGA/1	80	1	80	smNRPS-1/2	5910	2728	2807	98.75	1.45e-30
B201LRABXX:3:48:7031:184193#ACAGTGA/1	77	77	1	smNRPS-1/2	5910	5613	5689	100	1.45e-30
A2026YABXX:5:3:2474:167369#ACAGTGA/2	77	77	1	smNRPS-1/2	5910	5310	5386	100	1.45e-30
A2026YABXX:5:21:6812:128339#ACAGTGA/2	80	80	1	smNRPS-1/2	5910	5072	5151	98.75	1.45e-30
A2026YABXX:5:47:10789:90470#ACAGTGA/1	77	77	1	smNRPS-1/2	5910	5517	5593	100	1.45e-30
A2026YABXX:5:65:19044:37577#ACAGTGA/1	83	1	83	smNRPS-1/2	5910	368	450	97.59	1.45e-30
B201LRABXX:3:28:10793:37711#ACAGTGA/2	86	1	84	smNRPS-1/2	5910	1656	1739	97.619	4.04e-31
B201LRABXX:3:66:1273:89409#ACAGTGA/1	85	85	8	smNRPS-1/2	5910	5798	5875	100	4.04e-31
A2026YABXX:5:5:5050:156415#ACAGTGA/1	78	78	1	smNRPS-1/2	5910	4416	4493	100	4.04e-31
A2026YABXX:5:5:1754:169786#ACAGTGA/1	84	84	1	smNRPS-1/2	5910	27	110	97.619	4.04e-31
A2026YABXX:5:6:9717:12376#ACAGTGA/1	78	78	1	smNRPS-1/2	5910	3875	3952	100	4.04e-31
A2026YABXX:5:6:2716:163313#ACAGTGA/2	81	81	1	smNRPS-1/2	5910	185	265	98.765	4.04e-31
A2026YABXX:5:8:7613:60996#ACAGTGA/1	81	1	81	smNRPS-1/2	5910	3540	3620	98.765	4.04e-31
A2026YABXX:5:21:9075:56754#ACAGTGA/2	81	1	81	smNRPS-1/2	5910	2518	2598	98.765	4.04e-31
A2026YABXX:5:21:5767:59269#ACAGTGA/2	80	1	78	smNRPS-1/2	5910	5083	5160	100	4.04e-31
A2026YABXX:5:21:17826:140014#ACAGTGA/1	81	1	81	smNRPS-1/2	5910	5690	5770	98.765	4.04e-31
A2026YABXX:5:47:9406:35023#ACAGTGA/1	78	1	78	smNRPS-1/2	5910	4713	4790	100	4.04e-31
A2026YABXX:5:6:13585:47725#ACAGTGA/1	85	85	1	smNRPS-1/2	5910	922	1006	97.647	1.12e-31
A2026YABXX:5:25:1550:72572#ACAGTGA/2	82	1	82	smNRPS-1/2	5910	2705	2786	98.78	1.12e-31
A2026YABXX:5:27:10709:160381#ACAGTGA/2	79	79	1	smNRPS-1/2	5910	2297	2375	100	1.12e-31
A2026YABXX:5:46:20721:128717#ACAGTGA/1	82	82	1	smNRPS-1/2	5910	5580	5661	98.78	1.12e-31
A2026YABXX:5:41:1787:123952#ACAGTGA/1	85	85	1	smNRPS-1/2	5910	906	990	97.647	1.12e-31
B201LRABXX:3:24:1170:25181#ACAGTGN/2	80	80	1	smNRPS-1/2	5910	526	605	100	3.12e-32
B201LRABXX:3:28:8252:136783#ACAGTGA/2	80	1	80	smNRPS-1/2	5910	2385	2464	100	3.12e-32
B201LRABXX:3:67:5327:48879#ACAGTGA/1	80	80	1	smNRPS-1/2	5910	2286	2365	100	3.12e-32
A2026YABXX:5:4:20938:79966#ACAGTGA/1	80	80	1	smNRPS-1/2	5910	1692	1771	100	3.12e-32
A2026YABXX:5:5:18108:151702#ACAGTGA/1	80	1	80	smNRPS-1/2	5910	1004	1083	100	3.12e-32
A2026YABXX:5:24:10303:127144#ACAGTGA/1	80	1	80	smNRPS-1/2	5910	1025	1104	100	3.12e-32
A2026YABXX:5:47:6739:46207#ACAGTGA/2	83	83	1	smNRPS-1/2	5910	4635	4717	98.795	3.12e-32
A2026YABXX:5:47:12668:55719#ACAGTGA/1	80	80	1	smNRPS-1/2	5910	3953	4032	100	3.12e-32
A2026YABXX:5:62:18421:82824#ACAGTGA/1	83	83	1	smNRPS-1/2	5910	378	460	98.795	3.12e-32
A2026YABXX:5:63:17864:153365#ACAGTGA/1	80	1	80	smNRPS-1/2	5910	5407	5486	100	3.12e-32
A2026YABXX:5:66:14984:166355#ACAGTGA/2	86	1	86	smNRPS-1/2	5910	88	173	97.674	3.12e-32
B201LRABXX:3:4:11935:84578#ACAGTGA/2	81	1	81	smNRPS-1/2	5910	671	751	100	8.67e-33
B201LRABXX:3:44:17066:166590#ACAGTGA/2	81	1	81	smNRPS-1/2	5910	3540	3620	100	8.67e-33
A2026YABXX:5:4:12347:150477#ACAGTGA/2	81	1	81	smNRPS-1/2	5910	516	596	100	8.67e-33
A2026YABXX:5:6:18122:198768#ACAGTGA/2	84	84	1	smNRPS-1/2	5910	2011	2095	98.824	8.67e-33
A2026YABXX:5:27:15237:66148#ACAGTGA/1	85	85	5	smNRPS-1/2	5910	1235	1315	100	8.67e-33
A2026YABXX:5:43:17099:149139#ACAGTGA/2	81	81	1	smNRPS-1/2	5910	5570	5650	100	8.67e-33
A2026YABXX:5:65:17263:92680#ACAGTGA/2	83	3	83	smNRPS-1/2	5910	2687	2767	100	8.67e-33
A2026YABXX:5:66:15712:188578#ACAGTGA/2	81	81	1	smNRPS-1/2	5910	2215	2295	100	8.67e-33
B201LRABXX:3:3:3403:9181#ACAGTGA/1	85	85	1	smNRPS-1/2	5910	4019	4103	98.824	2.41e-33
B201LRABXX:3:3:5443:131573#ACAGTGA/1	85	1	85	smNRPS-1/2	5910	4058	4142	98.824	2.41e-33
B201LRABXX:3:4:10849:60139#ACAGTGA/2	82	1	82	smNRPS-1/2	5910	5753	5834	100	2.41e-33
B201LRABXX:3:4:11935:84578#ACAGTGA/1	85	85	1	smNRPS-1/2	5910	913	997	98.824	2.41e-33
B201LRABXX:3:24:1170:25181#ACAGTGN/1	82	1	82	smNRPS-1/2	5910	290	371	100	2.41e-33
B201LRABXX:3:26:3007:100152#ACAGTGA/1	85	1	85	smNRPS-1/2	5910	4790	4874	98.824	2.41e-33
B201LRABXX:3:26:17501:130559#ACAGTGA/1	85	85	1	smNRPS-1/2	5910	5036	5120	98.824	2.41e-33
B201LRABXX:3:26:3096:165056#ACAGTGA/1	85	85	1	smNRPS-1/2	5910	2414	2498	98.824	2.41e-33
B201LRABXX:3:41:3366:128679#ACAGTGA/1	85	85	1	smNRPS-1/2	5910	4001	4085	98.824	2.41e-33
B201LRABXX:3:43:15143:66024#ACAGTGA/1	85	1	85	smNRPS-1/2	5910	3940	4024	98.824	2.41e-33
B201LRABXX:3:44:6182:32572#ACAGTGA/1	85	85	1	smNRPS-1/2	5910	5289	5373	98.824	2.41e-33
B201LRABXX:3:64:2295:78644#ACAGTGA/1	85	85	1	smNRPS-1/2	5910	957	1041	98.824	2.41e-33
A2026YABXX:5:1:16549:156083#ACAGTGA/1	85	1	85	smNRPS-1/2	5910	263	347	98.824	2.41e-33
A2026YABXX:5:2:1811:74859#ACAGTGA/1	85	85	1	smNRPS-1/2	5910	1574	1658	98.824	2.41e-33
A2026YABXX:5:5:6362:68978#ACAGTGA/2	82	82	1	smNRPS-1/2	5910	2735	2816	100	2.41e-33
A2026YABXX:5:7:3869:28996#ACAGTGA/1	85	1	85	smNRPS-1/2	5910	4002	4086	98.824	2.41e-33
A2026YABXX:5:7:3373:64938#ACAGTGA/1	85	85	1	smNRPS-1/2	5910	4521	4605	98.824	2.41e-33
A2026YABXX:5:7:3373:64938#ACAGTGA/2	82	1	82	smNRPS-1/2	5910	4274	4355	100	2.41e-33
A2026YABXX:5:21:5767:59269#ACAGTGA/1	85	85	1	smNRPS-1/2	5910	5314	5398	98.824	2.41e-33
A2026YABXX:5:21:9495:152684#ACAGTGA/1	85	85	1	smNRPS-1/2	5910	912	996	98.824	2.41e-33
A2026YABXX:5:21:5852:171563#ACAGTGA/2	85	1	85	smNRPS-1/2	5910	2305	2389	98.824	2.41e-33
A2026YABXX:5:24:11543:77942#ACAGTGA/1	85	1	85	smNRPS-1/2	5910	4063	4147	98.824	2.41e-33
A2026YABXX:5:25:1550:72572#ACAGTGA/1	85	85	1	smNRPS-1/2	5910	2938	3022	98.824	2.41e-33
A2026YABXX:5:27:12491:171966#ACAGTGA/1	85	1	85	smNRPS-1/2	5910	4853	4937	98.824	2.41e-33
A2026YABXX:5:28:17000:7975#ACAGTGA/2	82	1	82	smNRPS-1/2	5910	5601	5682	100	2.41e-33
A2026YABXX:5:41:12906:11022#ACAGTGA/1	85	85	1	smNRPS-1/2	5910	3997	4081	98.824	2.41e-33
A2026YABXX:5:42:7846:3010#ACAGTGA/1	85	1	85	smNRPS-1/2	5910	2101	2185	98.824	2.41e-33
A2026YABXX:5:46:2477:152999#ACAGTGA/1	85	85	4	smNRPS-1/2	5910	5794	5875	100	2.41e-33
A2026YABXX:5:48:11632:87031#ACAGTGA/1	85	85	1	smNRPS-1/2	5910	3049	3133	98.824	2.41e-33
A2026YABXX:5:68:7249:134832#ACAGTGA/1	85	85	1	smNRPS-1/2	5910	1564	1648	98.824	2.41e-33
A2026YABXX:5:8:10715:4489#ACAGTGA/1	85	85	1	smNRPS-1/2	5910	5738	5822	98.824	2.41e-33
B201LRABXX:3:3:3403:9181#ACAGTGA/2	86	1	86	smNRPS-1/2	5910	3784	3869	98.837	6.71e-34
B201LRABXX:3:3:5502:100080#ACAGTGA/2	86	86	1	smNRPS-1/2	5910	1153	1238	98.837	6.71e-34
B201LRABXX:3:5:13263:95246#ACAGTGA/2	86	86	1	smNRPS-1/2	5910	4060	4145	98.837	6.71e-34
B201LRABXX:3:6:3173:23531#ACAGTGA/2	86	1	86	smNRPS-1/2	5910	45	130	98.837	6.71e-34
B201LRABXX:3:7:14076:94957#ACAGTGA/2	86	86	1	smNRPS-1/2	5910	4027	4112	98.837	6.71e-34
B201LRABXX:3:22:5037:80956#ACAGTGA/2	86	1	86	smNRPS-1/2	5910	4000	4085	98.837	6.71e-34
B201LRABXX:3:23:14993:65066#ACAGTGA/2	86	86	1	smNRPS-1/2	5910	5575	5660	98.837	6.71e-34
B201LRABXX:3:26:3096:165056#ACAGTGA/2	86	1	86	smNRPS-1/2	5910	2164	2249	98.837	6.71e-34
B201LRABXX:3:27:15696:80020#ACAGTGA/2	86	1	86	smNRPS-1/2	5910	5467	5552	98.837	6.71e-34
B201LRABXX:3:41:3366:128679#ACAGTGA/2	83	1	83	smNRPS-1/2	5910	3758	3840	100	6.71e-34
B201LRABXX:3:42:4524:192594#ACAGTGA/2	86	86	1	smNRPS-1/2	5910	969	1054	98.837	6.71e-34
B201LRABXX:3:44:17094:21028#ACAGTGA/2	86	86	1	smNRPS-1/2	5910	909	994	98.837	6.71e-34
B201LRABXX:3:64:20139:172813#ACAGTGA/2	86	86	1	smNRPS-1/2	5910	1134	1219	98.837	6.71e-34
A2026YABXX:5:1:17080:37335#ACAGTGA/2	86	1	86	smNRPS-1/2	5910	5329	5414	98.837	6.71e-34
A2026YABXX:5:3:18130:133574#ACAGTGA/2	83	83	1	smNRPS-1/2	5910	552	634	100	6.71e-34
A2026YABXX:5:6:9717:12376#ACAGTGA/2	86	1	86	smNRPS-1/2	5910	3649	3734	98.837	6.71e-34
A2026YABXX:5:7:20143:32464#ACAGTGA/2	86	86	1	smNRPS-1/2	5910	4583	4668	98.837	6.71e-34
A2026YABXX:5:21:10529:22981#ACAGTGA/2	86	1	86	smNRPS-1/2	5910	3567	3652	98.837	6.71e-34
A2026YABXX:5:23:9891:74541#ACAGTGA/2	86	86	1	smNRPS-1/2	5910	513	598	98.837	6.71e-34
A2026YABXX:5:23:17495:192071#ACAGTGA/2	86	86	1	smNRPS-1/2	5910	4385	4470	98.837	6.71e-34
A2026YABXX:5:24:8880:153107#ACAGTGA/2	86	1	86	smNRPS-1/2	5910	3403	3488	98.837	6.71e-34
A2026YABXX:5:42:3024:126244#ACAGTGA/2	86	86	1	smNRPS-1/2	5910	909	994	98.837	6.71e-34
A2026YABXX:5:46:19950:31804#ACAGTGA/2	86	86	1	smNRPS-1/2	5910	4027	4112	98.837	6.71e-34
A2026YABXX:5:46:16387:54040#ACAGTGA/1	83	1	83	smNRPS-1/2	5910	744	826	100	6.71e-34
A2026YABXX:5:62:17758:186349#ACAGTGA/2	86	1	86	smNRPS-1/2	5910	5025	5110	98.837	6.71e-34
A2026YABXX:5:63:10800:40941#ACAGTGA/2	86	86	1	smNRPS-1/2	5910	3403	3488	98.837	6.71e-34
A2026YABXX:5:64:15769:197116#ACAGTGA/2	86	86	1	smNRPS-1/2	5910	5339	5424	98.837	6.71e-34
A2026YABXX:5:65:19044:37577#ACAGTGA/2	86	86	1	smNRPS-1/2	5910	604	689	98.837	6.71e-34
A2026YABXX:5:65:20213:122546#ACAGTGA/2	86	83	1	smNRPS-1/2	5910	3171	3253	100	6.71e-34
A2026YABXX:5:1:9625:88605#ACAGTGA/2	83	83	1	smNRPS-1/2	5910	803	885	100	6.71e-34
B201LRABXX:3:4:8785:52709#ACAGTGA/2	84	84	1	smNRPS-1/2	5910	276	359	100	1.86e-34
B201LRABXX:3:5:13263:95246#ACAGTGA/1	84	1	84	smNRPS-1/2	5910	3820	3903	100	1.86e-34
B201LRABXX:3:6:3173:23531#ACAGTGA/1	84	84	1	smNRPS-1/2	5910	288	371	100	1.86e-34
B201LRABXX:3:62:13895:197698#ACAGTGA/1	84	1	84	smNRPS-1/2	5910	2336	2419	100	1.86e-34
B201LRABXX:3:65:8099:98229#ACAGTGA/1	84	1	84	smNRPS-1/2	5910	3253	3336	100	1.86e-34
A2026YABXX:5:3:6076:121436#ACAGTGA/1	84	1	84	smNRPS-1/2	5910	1953	2036	100	1.86e-34
A2026YABXX:5:5:6362:68978#ACAGTGA/1	84	1	84	smNRPS-1/2	5910	2501	2584	100	1.86e-34
A2026YABXX:5:23:17185:13240#ACAGTGA/1	84	1	84	smNRPS-1/2	5910	4990	5073	100	1.86e-34
A2026YABXX:5:24:10751:54411#ACAGTGA/1	84	84	1	smNRPS-1/2	5910	5566	5649	100	1.86e-34
A2026YABXX:5:47:5227:156541#ACAGTGA/2	84	1	84	smNRPS-1/2	5910	5120	5203	100	1.86e-34
A2026YABXX:5:63:17864:153365#ACAGTGA/2	84	84	1	smNRPS-1/2	5910	5635	5718	100	1.86e-34
A2026YABXX:5:65:15317:171930#ACAGTGA/2	84	1	84	smNRPS-1/2	5910	1054	1137	100	1.86e-34
A2026YABXX:5:66:14026:152647#ACAGTGA/2	84	1	84	smNRPS-1/2	5910	1644	1727	100	1.86e-34
A2026YABXX:5:66:15712:188578#ACAGTGA/1	84	1	84	smNRPS-1/2	5910	1964	2047	100	1.86e-34
B201LRABXX:3:1:11527:63967#ACAGTGA/1	85	85	1	smNRPS-1/2	5910	4515	4599	100	5.18e-35
B201LRABXX:3:1:12395:66989#ACAGTGA/1	85	1	85	smNRPS-1/2	5910	1019	1103	100	5.18e-35
B201LRABXX:3:2:14915:140468#ACAGTGA/1	85	85	1	smNRPS-1/2	5910	2023	2107	100	5.18e-35
B201LRABXX:3:3:16108:99027#ACAGTGA/1	85	1	85	smNRPS-1/2	5910	1938	2022	100	5.18e-35
B201LRABXX:3:3:1639:124681#ACAGTGA/1	85	1	85	smNRPS-1/2	5910	5765	5849	100	5.18e-35
B201LRABXX:3:3:6260:143473#ACAGTGA/1	85	85	1	smNRPS-1/2	5910	3953	4037	100	5.18e-35
B201LRABXX:3:4:8785:52709#ACAGTGA/1	85	1	85	smNRPS-1/2	5910	49	133	100	5.18e-35
B201LRABXX:3:5:9866:129288#ACAGTGA/1	85	1	85	smNRPS-1/2	5910	5358	5442	100	5.18e-35
B201LRABXX:3:6:3515:76109#ACAGTGA/1	85	85	1	smNRPS-1/2	5910	2443	2527	100	5.18e-35
B201LRABXX:3:6:16971:90437#ACAGTGA/1	85	1	85	smNRPS-1/2	5910	2033	2117	100	5.18e-35
B201LRABXX:3:6:7082:100136#ACAGTGA/1	85	1	85	smNRPS-1/2	5910	5489	5573	100	5.18e-35
B201LRABXX:3:6:14920:117136#ACAGTGA/1	85	1	85	smNRPS-1/2	5910	243	327	100	5.18e-35
B201LRABXX:3:7:14076:94957#ACAGTGA/1	85	1	85	smNRPS-1/2	5910	3789	3873	100	5.18e-35
B201LRABXX:3:8:14476:106706#ACAGTGA/1	85	1	85	smNRPS-1/2	5910	582	666	100	5.18e-35
B201LRABXX:3:8:9418:175752#ACAGTGA/1	85	85	1	smNRPS-1/2	5910	4339	4423	100	5.18e-35
B201LRABXX:3:21:16401:123839#ACAGTGA/1	85	1	85	smNRPS-1/2	5910	4861	4945	100	5.18e-35
B201LRABXX:3:22:13779:31772#ACAGTGA/1	85	85	1	smNRPS-1/2	5910	5036	5120	100	5.18e-35
B201LRABXX:3:22:11750:46373#ACAGTGA/1	85	1	85	smNRPS-1/2	5910	2706	2790	100	5.18e-35
B201LRABXX:3:22:5037:80956#ACAGTGA/1	85	85	1	smNRPS-1/2	5910	4236	4320	100	5.18e-35
B201LRABXX:3:23:14993:65066#ACAGTGA/1	85	1	85	smNRPS-1/2	5910	5360	5444	100	5.18e-35
B201LRABXX:3:23:9871:112454#ACAGTGA/1	85	85	1	smNRPS-1/2	5910	434	518	100	5.18e-35
B201LRABXX:3:24:4452:114252#ACAGTGA/1	85	85	1	smNRPS-1/2	5910	490	574	100	5.18e-35
B201LRABXX:3:24:5057:116681#ACAGTGA/1	85	85	1	smNRPS-1/2	5910	2566	2650	100	5.18e-35
B201LRABXX:3:24:15508:143995#ACAGTGA/1	85	85	1	smNRPS-1/2	5910	3405	3489	100	5.18e-35
B201LRABXX:3:25:1498:5532#ACAGTGA/1	85	85	1	smNRPS-1/2	5910	3322	3406	100	5.18e-35
B201LRABXX:3:25:12742:42866#ACAGTGA/1	85	85	1	smNRPS-1/2	5910	5301	5385	100	5.18e-35
B201LRABXX:3:25:9636:95409#ACAGTGA/1	85	85	1	smNRPS-1/2	5910	3117	3201	100	5.18e-35
B201LRABXX:3:26:1170:134800#ACAGTGA/2	85	85	1	smNRPS-1/2	5910	1976	2060	100	5.18e-35
B201LRABXX:3:27:16427:70619#ACAGTGA/1	85	85	1	smNRPS-1/2	5910	187	271	100	5.18e-35
B201LRABXX:3:27:15696:80020#ACAGTGA/1	85	85	1	smNRPS-1/2	5910	5682	5766	100	5.18e-35
B201LRABXX:3:28:16816:27766#ACAGTGA/1	85	1	85	smNRPS-1/2	5910	2844	2928	100	5.18e-35
B201LRABXX:3:28:9127:37699#ACAGTGA/1	85	85	1	smNRPS-1/2	5910	3625	3709	100	5.18e-35
B201LRABXX:3:28:10793:37711#ACAGTGA/1	85	85	1	smNRPS-1/2	5910	1874	1958	100	5.18e-35
B201LRABXX:3:28:8252:136783#ACAGTGA/1	85	85	1	smNRPS-1/2	5910	2609	2693	100	5.18e-35
B201LRABXX:3:28:13874:146229#ACAGTGA/1	85	1	85	smNRPS-1/2	5910	4096	4180	100	5.18e-35
B201LRABXX:3:28:16851:182580#ACAGTGA/1	85	85	1	smNRPS-1/2	5910	5577	5661	100	5.18e-35
B201LRABXX:3:41:2888:68344#ACAGTGA/1	85	1	85	smNRPS-1/2	5910	2589	2673	100	5.18e-35
B201LRABXX:3:41:2002:105513#ACAGTGA/1	85	1	85	smNRPS-1/2	5910	5318	5402	100	5.18e-35
B201LRABXX:3:42:17287:19862#ACAGTGA/1	85	1	85	smNRPS-1/2	5910	3477	3561	100	5.18e-35
B201LRABXX:3:42:4524:192594#ACAGTGA/1	85	1	85	smNRPS-1/2	5910	731	815	100	5.18e-35
B201LRABXX:3:43:17031:5287#ACAGTGA/1	85	85	1	smNRPS-1/2	5910	4400	4484	100	5.18e-35
B201LRABXX:3:43:3439:46313#ACAGTGA/1	85	1	85	smNRPS-1/2	5910	4459	4543	100	5.18e-35
B201LRABXX:3:43:18195:83272#ACAGTGA/1	85	1	85	smNRPS-1/2	5910	4473	4557	100	5.18e-35
B201LRABXX:3:43:11883:100573#ACAGTGA/1	85	1	85	smNRPS-1/2	5910	2460	2544	100	5.18e-35
B201LRABXX:3:43:6725:187183#ACAGTGA/1	85	85	1	smNRPS-1/2	5910	3578	3662	100	5.18e-35
B201LRABXX:3:44:1915:21028#ACAGTGA/1	85	85	1	smNRPS-1/2	5910	3234	3318	100	5.18e-35
B201LRABXX:3:44:19723:22433#ACAGTGA/1	85	1	85	smNRPS-1/2	5910	267	351	100	5.18e-35
B201LRABXX:3:44:15910:99514#ACAGTGA/1	85	1	85	smNRPS-1/2	5910	84	168	100	5.18e-35
B201LRABXX:3:44:13012:117928#ACAGTGA/1	85	85	1	smNRPS-1/2	5910	5594	5678	100	5.18e-35
B201LRABXX:3:44:18001:121375#ACAGTGA/1	85	85	1	smNRPS-1/2	5910	1227	1311	100	5.18e-35
B201LRABXX:3:44:17066:166590#ACAGTGA/1	85	85	1	smNRPS-1/2	5910	3784	3868	100	5.18e-35
B201LRABXX:3:44:15528:187529#ACAGTGA/1	85	1	85	smNRPS-1/2	5910	4871	4955	100	5.18e-35
B201LRABXX:3:45:16102:19727#ACAGTGA/1	85	85	1	smNRPS-1/2	5910	469	553	100	5.18e-35
B201LRABXX:3:46:2139:194223#ACAGTGA/1	85	1	85	smNRPS-1/2	5910	17	101	100	5.18e-35
B201LRABXX:3:47:17517:40159#ACAGTGA/1	85	85	1	smNRPS-1/2	5910	2431	2515	100	5.18e-35
B201LRABXX:3:47:4727:112859#ACAGTGA/1	85	85	1	smNRPS-1/2	5910	5629	5713	100	5.18e-35
B201LRABXX:3:47:18375:178216#ACAGTGA/1	85	1	85	smNRPS-1/2	5910	3478	3562	100	5.18e-35
B201LRABXX:3:48:10769:174065#ACAGTGA/1	85	85	1	smNRPS-1/2	5910	2239	2323	100	5.18e-35
B201LRABXX:3:48:20467:194314#ACAGTGA/1	85	1	85	smNRPS-1/2	5910	2645	2729	100	5.18e-35
B201LRABXX:3:48:20467:194314#ACAGTGA/2	85	85	1	smNRPS-1/2	5910	2892	2976	100	5.18e-35
B201LRABXX:3:61:17959:36712#ACAGTGA/1	85	85	1	smNRPS-1/2	5910	2419	2503	100	5.18e-35
B201LRABXX:3:62:17206:130479#ACAGTGA/1	85	85	1	smNRPS-1/2	5910	2968	3052	100	5.18e-35
B201LRABXX:3:62:11336:150524#ACAGTGA/1	85	85	1	smNRPS-1/2	5910	5654	5738	100	5.18e-35
B201LRABXX:3:63:6889:35303#ACAGTGA/1	85	1	85	smNRPS-1/2	5910	1613	1697	100	5.18e-35
B201LRABXX:3:63:18153:148405#ACAGTGA/1	85	85	1	smNRPS-1/2	5910	1690	1774	100	5.18e-35
B201LRABXX:3:63:3263:194129#ACAGTGA/1	85	85	1	smNRPS-1/2	5910	2602	2686	100	5.18e-35
B201LRABXX:3:64:2295:78644#ACAGTGA/2	85	1	85	smNRPS-1/2	5910	730	814	100	5.18e-35
B201LRABXX:3:64:11418:90238#ACAGTGA/1	85	85	1	smNRPS-1/2	5910	2656	2740	100	5.18e-35
B201LRABXX:3:65:8880:163489#ACAGTGA/1	85	1	85	smNRPS-1/2	5910	4900	4984	100	5.18e-35
B201LRABXX:3:66:1800:80720#ACAGTGA/1	85	85	1	smNRPS-1/2	5910	3123	3207	100	5.18e-35
B201LRABXX:3:66:10816:103961#ACAGTGA/1	85	85	1	smNRPS-1/2	5910	194	278	100	5.18e-35
B201LRABXX:3:67:16930:35523#ACAGTGA/1	85	85	1	smNRPS-1/2	5910	4745	4829	100	5.18e-35
B201LRABXX:3:67:1590:112669#ACAGTGA/1	85	1	85	smNRPS-1/2	5910	5053	5137	100	5.18e-35
B201LRABXX:3:67:8053:171320#ACAGTGA/1	85	1	85	smNRPS-1/2	5910	356	440	100	5.18e-35
B201LRABXX:3:68:15251:88278#ACAGTGA/1	85	1	85	smNRPS-1/2	5910	5036	5120	100	5.18e-35
B201LRABXX:3:68:2568:171974#ACAGTGA/1	85	1	85	smNRPS-1/2	5910	1842	1926	100	5.18e-35
A2026YABXX:5:1:9062:52258#ACAGTGA/1	85	85	1	smNRPS-1/2	5910	1616	1700	100	5.18e-35
A2026YABXX:5:2:16113:102073#ACAGTGA/1	85	85	1	smNRPS-1/2	5910	3471	3555	100	5.18e-35
A2026YABXX:5:2:16113:102073#ACAGTGA/2	85	1	85	smNRPS-1/2	5910	3230	3314	100	5.18e-35
A2026YABXX:5:3:14455:35399#ACAGTGA/1	85	1	85	smNRPS-1/2	5910	5437	5521	100	5.18e-35
A2026YABXX:5:3:5622:83043#ACAGTGA/1	85	1	85	smNRPS-1/2	5910	3109	3193	100	5.18e-35
A2026YABXX:5:3:2493:90937#ACAGTGA/1	85	1	85	smNRPS-1/2	5910	4726	4810	100	5.18e-35
A2026YABXX:5:3:3853:108879#ACAGTGA/1	85	85	1	smNRPS-1/2	5910	1709	1793	100	5.18e-35
A2026YABXX:5:3:16287:123639#ACAGTGA/1	85	1	85	smNRPS-1/2	5910	4854	4938	100	5.18e-35
A2026YABXX:5:3:18130:133574#ACAGTGA/1	85	1	85	smNRPS-1/2	5910	334	418	100	5.18e-35
A2026YABXX:5:3:4996:160075#ACAGTGA/1	85	85	1	smNRPS-1/2	5910	1204	1288	100	5.18e-35
A2026YABXX:5:3:2474:167369#ACAGTGA/1	85	1	85	smNRPS-1/2	5910	5083	5167	100	5.18e-35
A2026YABXX:5:4:15970:86576#ACAGTGA/1	85	85	1	smNRPS-1/2	5910	3096	3180	100	5.18e-35
A2026YABXX:5:4:8140:177178#ACAGTGA/1	85	85	1	smNRPS-1/2	5910	2315	2399	100	5.18e-35
A2026YABXX:5:5:17686:107391#ACAGTGA/1	85	1	85	smNRPS-1/2	5910	5166	5250	100	5.18e-35
A2026YABXX:5:5:6896:164696#ACAGTGA/1	85	85	1	smNRPS-1/2	5910	414	498	100	5.18e-35
A2026YABXX:5:6:10753:7447#ACAGTGA/1	85	85	1	smNRPS-1/2	5910	1720	1804	100	5.18e-35
A2026YABXX:5:6:7659:72957#ACAGTGA/1	85	1	85	smNRPS-1/2	5910	5149	5233	100	5.18e-35
A2026YABXX:5:6:18122:198768#ACAGTGA/1	85	1	85	smNRPS-1/2	5910	1782	1866	100	5.18e-35
A2026YABXX:5:7:7271:5604#ACAGTGA/1	85	1	85	smNRPS-1/2	5910	2613	2697	100	5.18e-35
A2026YABXX:5:7:17739:121321#ACAGTGA/1	85	85	1	smNRPS-1/2	5910	619	703	100	5.18e-35
A2026YABXX:5:7:10372:176189#ACAGTGA/1	85	1	85	smNRPS-1/2	5910	1938	2022	100	5.18e-35
A2026YABXX:5:7:18801:189021#ACAGTGA/1	85	1	85	smNRPS-1/2	5910	2548	2632	100	5.18e-35
A2026YABXX:5:8:8145:89532#ACAGTGA/1	85	85	1	smNRPS-1/2	5910	4483	4567	100	5.18e-35
A2026YABXX:5:8:13321:92546#ACAGTGA/1	85	85	1	smNRPS-1/2	5910	4810	4894	100	5.18e-35
A2026YABXX:5:8:20741:194605#ACAGTGA/1	85	1	85	smNRPS-1/2	5910	5446	5530	100	5.18e-35
A2026YABXX:5:21:10529:22981#ACAGTGA/1	85	85	1	smNRPS-1/2	5910	3793	3877	100	5.18e-35
A2026YABXX:5:21:9096:56759#ACAGTGA/1	85	85	1	smNRPS-1/2	5910	2755	2839	100	5.18e-35
A2026YABXX:5:21:6812:128339#ACAGTGA/1	85	1	85	smNRPS-1/2	5910	4840	4924	100	5.18e-35
A2026YABXX:5:22:8709:2940#ACAGTGA/1	85	85	1	smNRPS-1/2	5910	2047	2131	100	5.18e-35
A2026YABXX:5:22:5260:147986#ACAGTGA/1	85	1	85	smNRPS-1/2	5910	5120	5204	100	5.18e-35
A2026YABXX:5:23:17183:13257#ACAGTGA/1	85	1	85	smNRPS-1/2	5910	4990	5074	100	5.18e-35
A2026YABXX:5:23:3826:16213#ACAGTGA/1	85	85	1	smNRPS-1/2	5910	3794	3878	100	5.18e-35
A2026YABXX:5:23:9891:74541#ACAGTGA/1	85	1	85	smNRPS-1/2	5910	280	364	100	5.18e-35
A2026YABXX:5:23:9496:75901#ACAGTGA/1	85	85	1	smNRPS-1/2	5910	3782	3866	100	5.18e-35
A2026YABXX:5:23:7730:105291#ACAGTGA/1	85	85	1	smNRPS-1/2	5910	3108	3192	100	5.18e-35
A2026YABXX:5:24:8880:153107#ACAGTGA/1	85	85	1	smNRPS-1/2	5910	3629	3713	100	5.18e-35
A2026YABXX:5:24:11596:198462#ACAGTGA/1	85	85	1	smNRPS-1/2	5910	433	517	100	5.18e-35
A2026YABXX:5:25:4106:73510#ACAGTGA/1	85	85	1	smNRPS-1/2	5910	5358	5442	100	5.18e-35
A2026YABXX:5:25:2418:85244#ACAGTGA/1	85	85	1	smNRPS-1/2	5910	2603	2687	100	5.18e-35
A2026YABXX:5:25:3656:105820#ACAGTGA/1	85	85	1	smNRPS-1/2	5910	3066	3150	100	5.18e-35
A2026YABXX:5:25:5040:160525#ACAGTGA/1	85	1	85	smNRPS-1/2	5910	3189	3273	100	5.18e-35
A2026YABXX:5:25:8155:196705#ACAGTGA/1	85	85	1	smNRPS-1/2	5910	3917	4001	100	5.18e-35
A2026YABXX:5:26:12437:136447#ACAGTGA/1	85	85	1	smNRPS-1/2	5910	3067	3151	100	5.18e-35
A2026YABXX:5:26:12422:136457#ACAGTGA/1	85	85	1	smNRPS-1/2	5910	3067	3151	100	5.18e-35
A2026YABXX:5:26:2289:141146#ACAGTGA/1	85	85	1	smNRPS-1/2	5910	239	323	100	5.18e-35
A2026YABXX:5:27:10709:160381#ACAGTGA/1	85	1	85	smNRPS-1/2	5910	2059	2143	100	5.18e-35
A2026YABXX:5:27:15787:200447#ACAGTGA/1	85	85	1	smNRPS-1/2	5910	3070	3154	100	5.18e-35
A2026YABXX:5:28:13748:111103#ACAGTGA/1	85	1	85	smNRPS-1/2	5910	4978	5062	100	5.18e-35
A2026YABXX:5:41:17741:8419#ACAGTGA/1	85	85	1	smNRPS-1/2	5910	4381	4465	100	5.18e-35
A2026YABXX:5:42:18617:8736#ACAGTGA/1	85	85	1	smNRPS-1/2	5910	3435	3519	100	5.18e-35
A2026YABXX:5:42:8424:70452#ACAGTGA/1	85	1	85	smNRPS-1/2	5910	3075	3159	100	5.18e-35
A2026YABXX:5:42:6818:195436#ACAGTGA/1	85	85	1	smNRPS-1/2	5910	1630	1714	100	5.18e-35
A2026YABXX:5:43:11192:64897#ACAGTGA/1	85	1	85	smNRPS-1/2	5910	4469	4553	100	5.18e-35
A2026YABXX:5:43:13397:127144#ACAGTGA/1	85	85	1	smNRPS-1/2	5910	5257	5341	100	5.18e-35
A2026YABXX:5:43:17099:149139#ACAGTGA/1	85	1	85	smNRPS-1/2	5910	5343	5427	100	5.18e-35
A2026YABXX:5:44:10124:47127#ACAGTGA/1	85	85	1	smNRPS-1/2	5910	5208	5292	100	5.18e-35
A2026YABXX:5:44:19002:95876#ACAGTGA/1	85	85	1	smNRPS-1/2	5910	2929	3013	100	5.18e-35
A2026YABXX:5:44:19332:139722#ACAGTGA/1	85	85	1	smNRPS-1/2	5910	165	249	100	5.18e-35
A2026YABXX:5:45:14061:38064#ACAGTGA/1	85	85	1	smNRPS-1/2	5910	2043	2127	100	5.18e-35
A2026YABXX:5:45:9913:83825#ACAGTGA/1	85	85	1	smNRPS-1/2	5910	2601	2685	100	5.18e-35
A2026YABXX:5:45:18291:197392#ACAGTGA/1	85	85	1	smNRPS-1/2	5910	2613	2697	100	5.18e-35
A2026YABXX:5:46:19950:31804#ACAGTGA/1	85	1	85	smNRPS-1/2	5910	3793	3877	100	5.18e-35
A2026YABXX:5:46:5792:52316#ACAGTGA/1	85	85	1	smNRPS-1/2	5910	588	672	100	5.18e-35
A2026YABXX:5:46:10720:98967#ACAGTGA/1	85	85	1	smNRPS-1/2	5910	2943	3027	100	5.18e-35
A2026YABXX:5:46:8076:108297#ACAGTGA/1	85	1	85	smNRPS-1/2	5910	2779	2863	100	5.18e-35
A2026YABXX:5:46:13687:116308#ACAGTGA/1	85	1	85	smNRPS-1/2	5910	1933	2017	100	5.18e-35
A2026YABXX:5:47:4684:40316#ACAGTGA/1	85	85	1	smNRPS-1/2	5910	4943	5027	100	5.18e-35
A2026YABXX:5:47:6739:46207#ACAGTGA/1	85	1	85	smNRPS-1/2	5910	4400	4484	100	5.18e-35
A2026YABXX:5:47:16951:90577#ACAGTGA/1	85	1	85	smNRPS-1/2	5910	2737	2821	100	5.18e-35
A2026YABXX:5:47:5227:156541#ACAGTGA/1	85	85	1	smNRPS-1/2	5910	5364	5448	100	5.18e-35
A2026YABXX:5:48:8635:169901#ACAGTGA/1	85	1	85	smNRPS-1/2	5910	2322	2406	100	5.18e-35
A2026YABXX:5:48:3431:181725#ACAGTGA/1	85	1	85	smNRPS-1/2	5910	5404	5488	100	5.18e-35
A2026YABXX:5:61:9919:194807#ACAGTGA/1	85	85	1	smNRPS-1/2	5910	272	356	100	5.18e-35
A2026YABXX:5:62:10052:2370#ACAGTGA/1	85	85	1	smNRPS-1/2	5910	3599	3683	100	5.18e-35
A2026YABXX:5:62:4266:62493#ACAGTGA/1	85	1	85	smNRPS-1/2	5910	984	1068	100	5.18e-35
A2026YABXX:5:62:14135:158836#ACAGTGA/1	85	85	1	smNRPS-1/2	5910	823	907	100	5.18e-35
A2026YABXX:5:62:15153:169907#ACAGTGA/1	85	85	1	smNRPS-1/2	5910	1060	1144	100	5.18e-35
A2026YABXX:5:62:15153:169907#ACAGTGA/2	85	1	85	smNRPS-1/2	5910	820	904	100	5.18e-35
A2026YABXX:5:62:17758:186349#ACAGTGA/1	85	85	1	smNRPS-1/2	5910	5274	5358	100	5.18e-35
A2026YABXX:5:63:12146:39589#ACAGTGA/2	85	85	1	smNRPS-1/2	5910	1965	2049	100	5.18e-35
A2026YABXX:5:63:10800:40941#ACAGTGA/1	85	1	85	smNRPS-1/2	5910	3158	3242	100	5.18e-35
A2026YABXX:5:63:12009:105502#ACAGTGA/1	85	85	1	smNRPS-1/2	5910	2025	2109	100	5.18e-35
A2026YABXX:5:63:12545:105516#ACAGTGA/1	85	85	1	smNRPS-1/2	5910	3530	3614	100	5.18e-35
A2026YABXX:5:64:14711:11109#ACAGTGA/1	85	1	85	smNRPS-1/2	5910	5519	5603	100	5.18e-35
A2026YABXX:5:64:7537:20776#ACAGTGA/1	85	85	1	smNRPS-1/2	5910	4980	5064	100	5.18e-35
A2026YABXX:5:64:2470:61474#ACAGTGA/1	85	85	1	smNRPS-1/2	5910	4339	4423	100	5.18e-35
A2026YABXX:5:64:10985:171824#ACAGTGA/1	85	85	1	smNRPS-1/2	5910	5252	5336	100	5.18e-35
A2026YABXX:5:64:15769:197116#ACAGTGA/1	85	1	85	smNRPS-1/2	5910	5119	5203	100	5.18e-35
A2026YABXX:5:65:17263:92680#ACAGTGA/1	85	85	1	smNRPS-1/2	5910	2904	2988	100	5.18e-35
A2026YABXX:5:65:16534:98432#ACAGTGA/1	85	85	1	smNRPS-1/2	5910	3653	3737	100	5.18e-35
A2026YABXX:5:66:2633:14664#ACAGTGA/1	85	85	1	smNRPS-1/2	5910	5731	5815	100	5.18e-35
A2026YABXX:5:66:14984:166355#ACAGTGA/1	85	85	1	smNRPS-1/2	5910	319	403	100	5.18e-35
A2026YABXX:5:66:15977:188977#ACAGTGA/1	85	1	85	smNRPS-1/2	5910	5027	5111	100	5.18e-35
A2026YABXX:5:66:15977:188977#ACAGTGA/2	85	85	1	smNRPS-1/2	5910	5265	5349	100	5.18e-35
A2026YABXX:5:67:3966:49288#ACAGTGA/1	85	1	85	smNRPS-1/2	5910	5776	5860	100	5.18e-35
A2026YABXX:5:67:3981:49303#ACAGTGA/1	85	1	85	smNRPS-1/2	5910	5776	5860	100	5.18e-35
A2026YABXX:5:68:10808:5476#ACAGTGA/1	85	85	1	smNRPS-1/2	5910	3755	3839	100	5.18e-35
A2026YABXX:5:68:8492:88822#ACAGTGA/1	85	1	85	smNRPS-1/2	5910	2867	2951	100	5.18e-35
B201LRABXX:3:8:10259:90988#ACAGTGA/2	85	85	1	smNRPS-1/2	5910	1979	2063	100	5.18e-35
A2026YABXX:5:23:10374:154184#ACAGTGA/1	85	85	1	smNRPS-1/2	5910	492	576	100	5.18e-35
B201LRABXX:3:1:11527:63967#ACAGTGA/2	86	1	86	smNRPS-1/2	5910	4286	4371	100	1.44e-35
B201LRABXX:3:2:14915:140468#ACAGTGA/2	86	1	86	smNRPS-1/2	5910	1792	1877	100	1.44e-35
B201LRABXX:3:3:16108:99027#ACAGTGA/2	86	86	1	smNRPS-1/2	5910	2184	2269	100	1.44e-35
B201LRABXX:3:3:5443:131573#ACAGTGA/2	86	86	1	smNRPS-1/2	5910	4293	4378	100	1.44e-35
B201LRABXX:3:3:6260:143473#ACAGTGA/2	86	1	86	smNRPS-1/2	5910	3726	3811	100	1.44e-35
B201LRABXX:3:5:9866:129288#ACAGTGA/2	86	86	1	smNRPS-1/2	5910	5594	5679	100	1.44e-35
B201LRABXX:3:6:16971:90437#ACAGTGA/2	86	86	1	smNRPS-1/2	5910	2272	2357	100	1.44e-35
B201LRABXX:3:6:7082:100136#ACAGTGA/2	86	86	1	smNRPS-1/2	5910	5707	5792	100	1.44e-35
B201LRABXX:3:6:14920:117136#ACAGTGA/2	86	86	1	smNRPS-1/2	5910	472	557	100	1.44e-35
B201LRABXX:3:8:14476:106706#ACAGTGA/2	86	86	1	smNRPS-1/2	5910	817	902	100	1.44e-35
B201LRABXX:3:8:4045:112167#ACAGTGA/2	86	86	1	smNRPS-1/2	5910	1593	1678	100	1.44e-35
B201LRABXX:3:8:9418:175752#ACAGTGA/2	86	1	86	smNRPS-1/2	5910	4100	4185	100	1.44e-35
B201LRABXX:3:22:13779:31772#ACAGTGA/2	86	1	86	smNRPS-1/2	5910	4816	4901	100	1.44e-35
B201LRABXX:3:22:11750:46373#ACAGTGA/2	86	86	1	smNRPS-1/2	5910	2936	3021	100	1.44e-35
B201LRABXX:3:23:9871:112454#ACAGTGA/2	86	1	86	smNRPS-1/2	5910	205	290	100	1.44e-35
B201LRABXX:3:24:4452:114252#ACAGTGA/2	86	1	86	smNRPS-1/2	5910	243	328	100	1.44e-35
B201LRABXX:3:24:5057:116681#ACAGTGA/2	86	1	86	smNRPS-1/2	5910	2324	2409	100	1.44e-35
B201LRABXX:3:24:15508:143995#ACAGTGA/2	86	1	86	smNRPS-1/2	5910	3175	3260	100	1.44e-35
B201LRABXX:3:25:1498:5532#ACAGTGA/2	86	1	86	smNRPS-1/2	5910	3064	3149	100	1.44e-35
B201LRABXX:3:25:12742:42866#ACAGTGA/2	86	1	86	smNRPS-1/2	5910	5082	5167	100	1.44e-35
B201LRABXX:3:25:9636:95409#ACAGTGA/2	86	1	86	smNRPS-1/2	5910	2874	2959	100	1.44e-35
B201LRABXX:3:26:3007:100152#ACAGTGA/2	86	86	1	smNRPS-1/2	5910	5024	5109	100	1.44e-35
B201LRABXX:3:26:17501:130559#ACAGTGA/2	86	1	86	smNRPS-1/2	5910	4811	4896	100	1.44e-35
B201LRABXX:3:28:16816:27766#ACAGTGA/2	86	86	1	smNRPS-1/2	5910	3071	3156	100	1.44e-35
B201LRABXX:3:28:9127:37699#ACAGTGA/2	86	1	86	smNRPS-1/2	5910	3401	3486	100	1.44e-35
B201LRABXX:3:28:14818:145106#ACAGTGA/2	86	1	86	smNRPS-1/2	5910	1646	1731	100	1.44e-35
B201LRABXX:3:28:13874:146229#ACAGTGA/2	86	86	1	smNRPS-1/2	5910	4337	4422	100	1.44e-35
B201LRABXX:3:28:16851:182580#ACAGTGA/2	86	1	86	smNRPS-1/2	5910	5354	5439	100	1.44e-35
B201LRABXX:3:41:2888:68344#ACAGTGA/2	86	86	1	smNRPS-1/2	5910	2818	2903	100	1.44e-35
B201LRABXX:3:42:17287:19862#ACAGTGA/2	86	86	1	smNRPS-1/2	5910	3716	3801	100	1.44e-35
B201LRABXX:3:43:17031:5287#ACAGTGA/2	86	1	86	smNRPS-1/2	5910	4167	4252	100	1.44e-35
B201LRABXX:3:43:15143:66024#ACAGTGA/2	86	86	1	smNRPS-1/2	5910	4165	4250	100	1.44e-35
B201LRABXX:3:43:11883:100573#ACAGTGA/2	86	86	1	smNRPS-1/2	5910	2697	2782	100	1.44e-35
B201LRABXX:3:43:4823:163712#ACAGTGA/2	86	1	86	smNRPS-1/2	5910	3126	3211	100	1.44e-35
B201LRABXX:3:43:6725:187183#ACAGTGA/2	86	1	86	smNRPS-1/2	5910	3349	3434	100	1.44e-35
B201LRABXX:3:44:1915:21028#ACAGTGA/2	86	1	86	smNRPS-1/2	5910	2992	3077	100	1.44e-35
B201LRABXX:3:44:19723:22433#ACAGTGA/2	86	86	1	smNRPS-1/2	5910	496	581	100	1.44e-35
B201LRABXX:3:44:6182:32572#ACAGTGA/2	86	1	86	smNRPS-1/2	5910	5057	5142	100	1.44e-35
B201LRABXX:3:44:15910:99514#ACAGTGA/2	86	86	1	smNRPS-1/2	5910	324	409	100	1.44e-35
B201LRABXX:3:44:13012:117928#ACAGTGA/2	86	1	86	smNRPS-1/2	5910	5351	5436	100	1.44e-35
B201LRABXX:3:44:18001:121375#ACAGTGA/2	86	1	86	smNRPS-1/2	5910	989	1074	100	1.44e-35
B201LRABXX:3:44:15528:187529#ACAGTGA/2	86	86	1	smNRPS-1/2	5910	5109	5194	100	1.44e-35
B201LRABXX:3:45:16102:19727#ACAGTGA/2	86	1	86	smNRPS-1/2	5910	238	323	100	1.44e-35
B201LRABXX:3:47:17517:40159#ACAGTGA/2	86	1	86	smNRPS-1/2	5910	2218	2303	100	1.44e-35
B201LRABXX:3:47:4727:112859#ACAGTGA/2	86	1	86	smNRPS-1/2	5910	5402	5487	100	1.44e-35
B201LRABXX:3:47:18375:178216#ACAGTGA/2	86	86	1	smNRPS-1/2	5910	3710	3795	100	1.44e-35
B201LRABXX:3:48:10769:174065#ACAGTGA/2	86	1	86	smNRPS-1/2	5910	2014	2099	100	1.44e-35
B201LRABXX:3:62:17206:130479#ACAGTGA/2	86	1	86	smNRPS-1/2	5910	2732	2817	100	1.44e-35
B201LRABXX:3:62:11336:150524#ACAGTGA/2	86	1	86	smNRPS-1/2	5910	5417	5502	100	1.44e-35
B201LRABXX:3:62:13895:197698#ACAGTGA/2	86	86	1	smNRPS-1/2	5910	2579	2664	100	1.44e-35
B201LRABXX:3:63:6889:35303#ACAGTGA/2	86	86	1	smNRPS-1/2	5910	1793	1878	100	1.44e-35
B201LRABXX:3:63:3263:194129#ACAGTGA/2	86	1	86	smNRPS-1/2	5910	2402	2487	100	1.44e-35
B201LRABXX:3:64:11418:90238#ACAGTGA/2	86	1	86	smNRPS-1/2	5910	2423	2508	100	1.44e-35
B201LRABXX:3:64:16509:173885#ACAGTGA/2	86	86	1	smNRPS-1/2	5910	5400	5485	100	1.44e-35
B201LRABXX:3:65:8099:98229#ACAGTGA/2	86	86	1	smNRPS-1/2	5910	3497	3582	100	1.44e-35
B201LRABXX:3:65:8880:163489#ACAGTGA/2	86	86	1	smNRPS-1/2	5910	5144	5229	100	1.44e-35
B201LRABXX:3:66:1800:80720#ACAGTGA/2	86	1	86	smNRPS-1/2	5910	2882	2967	100	1.44e-35
B201LRABXX:3:66:1273:89409#ACAGTGA/2	86	1	86	smNRPS-1/2	5910	5551	5636	100	1.44e-35
B201LRABXX:3:66:4772:102866#ACAGTGA/2	86	86	1	smNRPS-1/2	5910	104	189	100	1.44e-35
B201LRABXX:3:67:16930:35523#ACAGTGA/2	86	1	86	smNRPS-1/2	5910	4512	4597	100	1.44e-35
B201LRABXX:3:67:5327:48879#ACAGTGA/2	86	1	86	smNRPS-1/2	5910	2042	2127	100	1.44e-35
B201LRABXX:3:67:1893:89707#ACAGTGA/2	86	1	86	smNRPS-1/2	5910	5787	5872	100	1.44e-35
B201LRABXX:3:67:8053:171320#ACAGTGA/2	86	86	1	smNRPS-1/2	5910	568	653	100	1.44e-35
B201LRABXX:3:68:15251:88278#ACAGTGA/2	86	86	1	smNRPS-1/2	5910	5276	5361	100	1.44e-35
B201LRABXX:3:68:2568:171974#ACAGTGA/2	86	86	1	smNRPS-1/2	5910	2058	2143	100	1.44e-35
A2026YABXX:5:1:16549:156083#ACAGTGA/2	86	86	1	smNRPS-1/2	5910	505	590	100	1.44e-35
A2026YABXX:5:3:14455:35399#ACAGTGA/2	86	86	1	smNRPS-1/2	5910	5660	5745	100	1.44e-35
A2026YABXX:5:4:15786:10175#ACAGTGA/2	86	1	86	smNRPS-1/2	5910	2302	2387	100	1.44e-35
A2026YABXX:5:4:15970:86576#ACAGTGA/2	86	1	86	smNRPS-1/2	5910	2865	2950	100	1.44e-35
A2026YABXX:5:4:8140:177178#ACAGTGA/2	86	1	86	smNRPS-1/2	5910	2051	2136	100	1.44e-35
A2026YABXX:5:5:17686:107391#ACAGTGA/2	86	86	1	smNRPS-1/2	5910	5374	5459	100	1.44e-35
A2026YABXX:5:5:18108:151702#ACAGTGA/2	86	86	1	smNRPS-1/2	5910	1229	1314	100	1.44e-35
A2026YABXX:5:6:7659:72957#ACAGTGA/2	86	86	1	smNRPS-1/2	5910	5391	5476	100	1.44e-35
A2026YABXX:5:7:7271:5604#ACAGTGA/2	86	86	1	smNRPS-1/2	5910	2846	2931	100	1.44e-35
A2026YABXX:5:7:3869:28996#ACAGTGA/2	86	86	1	smNRPS-1/2	5910	4224	4309	100	1.44e-35
A2026YABXX:5:7:17886:40972#ACAGTGA/2	86	1	86	smNRPS-1/2	5910	5785	5870	100	1.44e-35
A2026YABXX:5:7:17739:121321#ACAGTGA/2	86	1	86	smNRPS-1/2	5910	403	488	100	1.44e-35
A2026YABXX:5:7:10372:176189#ACAGTGA/2	86	86	1	smNRPS-1/2	5910	2184	2269	100	1.44e-35
A2026YABXX:5:7:18801:189021#ACAGTGA/2	86	86	1	smNRPS-1/2	5910	2731	2816	100	1.44e-35
A2026YABXX:5:8:7613:60996#ACAGTGA/2	86	86	1	smNRPS-1/2	5910	3773	3858	100	1.44e-35
A2026YABXX:5:8:8145:89532#ACAGTGA/2	86	1	86	smNRPS-1/2	5910	4244	4329	100	1.44e-35
A2026YABXX:5:8:2326:138126#ACAGTGA/2	86	1	86	smNRPS-1/2	5910	5703	5788	100	1.44e-35
A2026YABXX:5:8:20741:194605#ACAGTGA/2	86	86	1	smNRPS-1/2	5910	5689	5774	100	1.44e-35
A2026YABXX:5:21:9096:56759#ACAGTGA/2	86	1	86	smNRPS-1/2	5910	2518	2603	100	1.44e-35
A2026YABXX:5:21:7934:104216#ACAGTGA/2	86	86	1	smNRPS-1/2	5910	2061	2146	100	1.44e-35
A2026YABXX:5:22:8709:2940#ACAGTGA/2	86	1	86	smNRPS-1/2	5910	1811	1896	100	1.44e-35
A2026YABXX:5:22:3366:53008#ACAGTGA/2	86	86	1	smNRPS-1/2	5910	2593	2678	100	1.44e-35
A2026YABXX:5:22:5260:147986#ACAGTGA/2	86	86	1	smNRPS-1/2	5910	5354	5439	100	1.44e-35
A2026YABXX:5:23:9496:75901#ACAGTGA/2	86	1	86	smNRPS-1/2	5910	3542	3627	100	1.44e-35
A2026YABXX:5:23:7730:105291#ACAGTGA/2	86	1	86	smNRPS-1/2	5910	2866	2951	100	1.44e-35
A2026YABXX:5:24:10751:54411#ACAGTGA/2	86	1	86	smNRPS-1/2	5910	5348	5433	100	1.44e-35
A2026YABXX:5:24:11543:77942#ACAGTGA/2	86	86	1	smNRPS-1/2	5910	4304	4389	100	1.44e-35
A2026YABXX:5:24:11596:198462#ACAGTGA/2	86	1	86	smNRPS-1/2	5910	207	292	100	1.44e-35
A2026YABXX:5:25:4106:73510#ACAGTGA/2	86	1	86	smNRPS-1/2	5910	5127	5212	100	1.44e-35
A2026YABXX:5:25:3656:105820#ACAGTGA/2	86	1	86	smNRPS-1/2	5910	2837	2922	100	1.44e-35
A2026YABXX:5:25:18910:193149#ACAGTGA/2	86	86	1	smNRPS-1/2	5910	3005	3090	100	1.44e-35
A2026YABXX:5:25:8155:196705#ACAGTGA/2	86	1	86	smNRPS-1/2	5910	3687	3772	100	1.44e-35
A2026YABXX:5:26:12437:136447#ACAGTGA/2	86	1	86	smNRPS-1/2	5910	2831	2916	100	1.44e-35
A2026YABXX:5:27:12491:171966#ACAGTGA/2	86	86	1	smNRPS-1/2	5910	5099	5184	100	1.44e-35
A2026YABXX:5:27:15787:200447#ACAGTGA/2	86	1	86	smNRPS-1/2	5910	2834	2919	100	1.44e-35
A2026YABXX:5:28:8136:128459#ACAGTGA/2	86	86	1	smNRPS-1/2	5910	99	184	100	1.44e-35
A2026YABXX:5:41:17741:8419#ACAGTGA/2	86	1	86	smNRPS-1/2	5910	4153	4238	100	1.44e-35
A2026YABXX:5:41:12906:11022#ACAGTGA/2	86	1	86	smNRPS-1/2	5910	3787	3872	100	1.44e-35
A2026YABXX:5:41:6316:16611#ACAGTGA/2	86	1	86	smNRPS-1/2	5910	4255	4340	100	1.44e-35
A2026YABXX:5:41:7489:193100#ACAGTGA/2	86	86	1	smNRPS-1/2	5910	1702	1787	100	1.44e-35
A2026YABXX:5:42:7846:3010#ACAGTGA/2	86	86	1	smNRPS-1/2	5910	2337	2422	100	1.44e-35
A2026YABXX:5:42:18617:8736#ACAGTGA/2	86	1	86	smNRPS-1/2	5910	3201	3286	100	1.44e-35
A2026YABXX:5:42:11297:46259#ACAGTGA/2	86	1	86	smNRPS-1/2	5910	4239	4324	100	1.44e-35
A2026YABXX:5:43:13397:127144#ACAGTGA/2	86	1	86	smNRPS-1/2	5910	5023	5108	100	1.44e-35
A2026YABXX:5:43:9736:134280#ACAGTGA/2	86	1	86	smNRPS-1/2	5910	4036	4121	100	1.44e-35
A2026YABXX:5:44:10124:47127#ACAGTGA/2	86	1	86	smNRPS-1/2	5910	4966	5051	100	1.44e-35
A2026YABXX:5:45:14061:38064#ACAGTGA/2	86	1	86	smNRPS-1/2	5910	1811	1896	100	1.44e-35
A2026YABXX:5:45:11169:66742#ACAGTGA/2	86	86	1	smNRPS-1/2	5910	3518	3603	100	1.44e-35
A2026YABXX:5:46:5792:52316#ACAGTGA/2	86	1	86	smNRPS-1/2	5910	359	444	100	1.44e-35
A2026YABXX:5:46:16387:54040#ACAGTGA/2	86	86	1	smNRPS-1/2	5910	983	1068	100	1.44e-35
A2026YABXX:5:46:10720:98967#ACAGTGA/2	86	1	86	smNRPS-1/2	5910	2711	2796	100	1.44e-35
A2026YABXX:5:46:8076:108297#ACAGTGA/2	86	86	1	smNRPS-1/2	5910	3006	3091	100	1.44e-35
A2026YABXX:5:46:20721:128717#ACAGTGA/2	86	1	86	smNRPS-1/2	5910	5354	5439	100	1.44e-35
A2026YABXX:5:46:14657:198864#ACAGTGA/2	86	86	1	smNRPS-1/2	5910	3794	3879	100	1.44e-35
A2026YABXX:5:47:9406:35023#ACAGTGA/2	86	86	1	smNRPS-1/2	5910	4935	5020	100	1.44e-35
A2026YABXX:5:47:10789:90470#ACAGTGA/2	86	1	86	smNRPS-1/2	5910	5271	5356	100	1.44e-35
A2026YABXX:5:47:16951:90577#ACAGTGA/2	86	86	1	smNRPS-1/2	5910	2981	3066	100	1.44e-35
A2026YABXX:5:47:15969:118502#ACAGTGA/2	86	86	1	smNRPS-1/2	5910	4776	4861	100	1.44e-35
A2026YABXX:5:48:11632:87031#ACAGTGA/2	86	1	86	smNRPS-1/2	5910	2814	2899	100	1.44e-35
A2026YABXX:5:48:8635:169901#ACAGTGA/2	86	86	1	smNRPS-1/2	5910	2559	2644	100	1.44e-35
A2026YABXX:5:61:7216:85136#ACAGTGA/2	86	86	1	smNRPS-1/2	5910	1729	1814	100	1.44e-35
A2026YABXX:5:61:9919:194807#ACAGTGA/2	86	1	86	smNRPS-1/2	5910	27	112	100	1.44e-35
A2026YABXX:5:62:10052:2370#ACAGTGA/2	86	1	86	smNRPS-1/2	5910	3361	3446	100	1.44e-35
A2026YABXX:5:62:4266:62493#ACAGTGA/2	86	86	1	smNRPS-1/2	5910	1230	1315	100	1.44e-35
A2026YABXX:5:62:11804:100202#ACAGTGA/2	86	1	86	smNRPS-1/2	5910	3128	3213	100	1.44e-35
A2026YABXX:5:62:14245:146501#ACAGTGA/2	86	1	86	smNRPS-1/2	5910	5673	5758	100	1.44e-35
A2026YABXX:5:62:14135:158836#ACAGTGA/2	86	1	86	smNRPS-1/2	5910	601	686	100	1.44e-35
A2026YABXX:5:63:12009:105502#ACAGTGA/2	86	1	86	smNRPS-1/2	5910	1781	1866	100	1.44e-35
A2026YABXX:5:63:12545:105516#ACAGTGA/2	86	1	86	smNRPS-1/2	5910	3307	3392	100	1.44e-35
A2026YABXX:5:63:16626:146916#ACAGTGA/2	86	86	1	smNRPS-1/2	5910	3868	3953	100	1.44e-35
A2026YABXX:5:64:14711:11109#ACAGTGA/2	86	86	1	smNRPS-1/2	5910	5743	5828	100	1.44e-35
A2026YABXX:5:64:7537:20776#ACAGTGA/2	86	1	86	smNRPS-1/2	5910	4740	4825	100	1.44e-35
A2026YABXX:5:64:2470:61474#ACAGTGA/2	86	1	86	smNRPS-1/2	5910	4100	4185	100	1.44e-35
A2026YABXX:5:64:3761:85731#ACAGTGA/2	86	86	1	smNRPS-1/2	5910	2389	2474	100	1.44e-35
A2026YABXX:5:64:12868:91711#ACAGTGA/2	86	1	86	smNRPS-1/2	5910	1033	1118	100	1.44e-35
A2026YABXX:5:64:10985:171824#ACAGTGA/2	86	1	86	smNRPS-1/2	5910	5008	5093	100	1.44e-35
A2026YABXX:5:65:16534:98432#ACAGTGA/2	86	1	86	smNRPS-1/2	5910	3438	3523	100	1.44e-35
A2026YABXX:5:66:2633:14664#ACAGTGA/2	86	1	86	smNRPS-1/2	5910	5489	5574	100	1.44e-35
A2026YABXX:5:66:1452:42901#ACAGTGA/2	86	86	1	smNRPS-1/2	5910	5764	5849	100	1.44e-35
A2026YABXX:5:68:10808:5476#ACAGTGA/2	86	1	86	smNRPS-1/2	5910	3525	3610	100	1.44e-35
A2026YABXX:5:68:8492:88822#ACAGTGA/2	86	86	1	smNRPS-1/2	5910	3091	3176	100	1.44e-35
A2026YABXX:5:68:7500:152889#ACAGTGA/2	86	1	86	smNRPS-1/2	5910	5712	5797	100	1.44e-35
A2026YABXX:5:28:17000:7975#ACAGTGA/1	85	21	85	smNRPS-1/2	5910	1	65	100	6.88e-24
