A206BNABXX:4:2:6666:33583#GGCTACAT/1	40	1	40	smNRPS-1/2	5910	1730	1769	100	7.75e-10
A206BNABXX:4:23:18276:139812#GGCTACAT/2	40	1	40	smNRPS-1/2	5910	58	97	100	7.75e-10
A206BNABXX:4:65:1430:92306#GGCTACAT/1	40	1	40	smNRPS-1/2	5910	1723	1762	100	7.75e-10
B201TPABXX:3:21:17236:67831#GGCTACAT/1	45	1	45	smNRPS-1/2	5910	4744	4788	97.778	5.99e-11
B201TPABXX:3:6:5304:181132#GGCTACAT/2	44	1	44	smNRPS-1/2	5910	5656	5699	100	4.63e-12
B201TPABXX:3:8:2413:193033#GGCTACAT/2	50	1	50	smNRPS-1/2	5910	3120	3169	96	4.63e-12
B201TPABXX:3:27:17935:178095#GGCTACAT/2	44	1	44	smNRPS-1/2	5910	4361	4404	100	4.63e-12
A206BNABXX:4:64:5479:11603#GGCTACAT/1	46	1	46	smNRPS-1/2	5910	1720	1765	100	3.58e-13
B201TPABXX:3:21:17236:67831#GGCTACAT/2	55	55	1	smNRPS-1/2	5910	4990	5044	96.364	7.69e-15
B201TPABXX:3:27:6191:96327#GGCTACAT/2	52	1	49	smNRPS-1/2	5910	4572	4620	100	7.69e-15
A206BNABXX:4:8:21088:190433#GGCTACAT/1	52	1	52	smNRPS-1/2	5910	870	921	98.077	7.69e-15
A206BNABXX:4:4:10927:174169#GGCTACAA/2	57	54	1	smNRPS-1/2	5910	5549	5602	98.148	5.95e-16
B201TPABXX:3:61:5608:39547#GGCTACAT/1	52	1	52	smNRPS-1/2	5910	3960	4011	100	1.65e-16
A206BNABXX:4:2:8842:20770#GGCTACAT/1	52	1	52	smNRPS-1/2	5910	2050	2101	100	1.65e-16
A206BNABXX:4:45:5372:62330#GGCTACAT/2	52	1	52	smNRPS-1/2	5910	1068	1119	100	1.65e-16
B201TPABXX:3:8:2413:193033#GGCTACAT/1	54	54	1	smNRPS-1/2	5910	3397	3450	100	1.28e-17
A206BNABXX:4:2:8842:20770#GGCTACAT/2	57	57	1	smNRPS-1/2	5910	2302	2358	98.246	1.28e-17
A206BNABXX:4:21:16715:79008#GGCTACAT/1	54	1	54	smNRPS-1/2	5910	2207	2260	100	1.28e-17
A206BNABXX:4:23:19782:1342#GGCTACAT/2	61	1	61	smNRPS-1/2	5910	4478	4538	96.721	3.55e-18
B201TPABXX:3:23:21222:189397#GGCTACCT/1	56	1	56	smNRPS-1/2	5910	1143	1198	100	9.88e-19
B201TPABXX:3:48:12162:135277#GGCTACAT/2	62	1	62	smNRPS-1/2	5910	4795	4856	96.774	9.88e-19
B201TPABXX:3:65:11590:134936#GGCTACAT/1	57	1	57	smNRPS-1/2	5910	3946	4002	100	2.75e-19
A206BNABXX:4:4:10177:96723#GGCTACAT/2	61	61	1	smNRPS-1/2	5910	4843	4903	98.361	7.64e-20
B201TPABXX:3:68:7291:36520#GGCTACAT/2	60	60	1	smNRPS-1/2	5910	3918	3977	100	5.91e-21
A206BNABXX:4:66:3596:194589#GGCTACAT/1	60	1	60	smNRPS-1/2	5910	1703	1762	100	5.91e-21
B201TPABXX:3:24:10242:126550#GGCTACAT/1	65	1	65	smNRPS-1/2	5910	2358	2422	98.462	4.57e-22
A206BNABXX:4:24:20744:195869#GGCTACAT/1	72	1	72	smNRPS-1/2	5910	739	809	95.833	4.57e-22
A206BNABXX:4:25:19890:97744#GGCTACAT/1	67	1	67	smNRPS-1/2	5910	626	694	97.101	4.57e-22
A206BNABXX:4:67:12858:111091#GGCTACAT/1	63	1	63	smNRPS-1/2	5910	4495	4557	100	1.27e-22
B201TPABXX:3:4:2521:156278#GGCTACAT/2	67	1	67	smNRPS-1/2	5910	1187	1253	98.507	3.53e-23
B201TPABXX:3:1:21212:18010#GGCTACAT/1	65	65	1	smNRPS-1/2	5910	4074	4138	100	9.81e-24
B201TPABXX:3:43:5871:189672#GGCTACAT/2	69	69	1	smNRPS-1/2	5910	2565	2633	98.551	2.73e-24
B201TPABXX:3:1:21212:18010#GGCTACAT/2	70	1	70	smNRPS-1/2	5910	3826	3895	98.571	7.59e-25
B201TPABXX:3:5:15350:174181#GGCTACAT/2	70	70	1	smNRPS-1/2	5910	5579	5648	98.571	7.59e-25
B201TPABXX:3:68:14512:26835#GGCTACAT/2	70	67	1	smNRPS-1/2	5910	5282	5348	100	7.59e-25
B201TPABXX:3:68:15219:120621#GGCTACAT/1	70	1	70	smNRPS-1/2	5910	4001	4070	98.571	7.59e-25
A206BNABXX:4:25:15272:132607#GGCTACAT/2	70	1	70	smNRPS-1/2	5910	5625	5694	98.571	7.59e-25
A206BNABXX:4:68:19812:39714#GGCTACAT/2	67	67	1	smNRPS-1/2	5910	5424	5490	100	7.59e-25
A206BNABXX:4:67:3478:57840#GGCTACAT/1	68	1	68	smNRPS-1/2	5910	3935	4002	100	2.11e-25
B201TPABXX:3:22:14681:91411#GGCTACAT/2	72	1	72	smNRPS-1/2	5910	2348	2419	98.611	5.86e-26
B201TPABXX:3:28:16965:66447#GGCTACAT/2	74	72	1	smNRPS-1/2	5910	5351	5422	98.611	5.86e-26
B201TPABXX:3:48:7936:89165#GGCTACAT/1	72	1	72	smNRPS-1/2	5910	3040	3111	98.611	5.86e-26
B201TPABXX:3:67:3818:52330#GGCTACAT/1	75	1	75	smNRPS-1/2	5910	2410	2484	97.333	5.86e-26
A206BNABXX:4:21:15592:104948#GGCTACAT/2	72	1	72	smNRPS-1/2	5910	1183	1254	98.611	5.86e-26
B201TPABXX:3:27:6191:96327#GGCTACAT/1	77	77	1	smNRPS-1/2	5910	4811	4887	97.403	4.53e-27
B201TPABXX:3:1:8242:156478#GGCTACAT/2	76	75	1	smNRPS-1/2	5910	5264	5338	98.667	1.26e-27
B201TPABXX:3:65:16300:120394#GGCTACAT/1	81	1	81	smNRPS-1/2	5910	4289	4370	96.341	1.26e-27
B201TPABXX:3:5:16675:130916#GGCTACAT/2	82	82	1	smNRPS-1/2	5910	4442	4523	96.341	3.5e-28
B201TPABXX:3:44:18807:82058#GGCTACAT/2	76	76	1	smNRPS-1/2	5910	4858	4933	98.684	3.5e-28
B201TPABXX:3:68:15219:120621#GGCTACAT/2	80	80	1	smNRPS-1/2	5910	4229	4308	97.5	9.74e-29
A206BNABXX:4:23:19782:1342#GGCTACAT/1	86	86	1	smNRPS-1/2	5910	4637	4722	95.349	9.74e-29
A206BNABXX:4:62:17258:18892#GGCTACAT/2	77	1	74	smNRPS-1/2	5910	2543	2616	100	9.74e-29
B201TPABXX:3:46:13179:161347#GGCTACAT/1	77	77	1	smNRPS-1/2	5910	901	977	98.701	9.74e-29
B201TPABXX:3:2:4499:142807#GGCTACAT/1	75	75	1	smNRPS-1/2	5910	4510	4584	100	2.71e-29
B201TPABXX:3:2:4499:142807#GGCTACAT/2	87	1	87	smNRPS-1/2	5910	4254	4340	95.402	2.71e-29
B201TPABXX:3:6:7919:107876#GGCTACAT/2	82	75	1	smNRPS-1/2	5910	1	75	100	2.71e-29
A206BNABXX:4:27:14646:72003#GGCTACAT/2	85	1	85	smNRPS-1/2	5910	735	818	96.471	2.71e-29
A206BNABXX:4:61:17474:131168#GGCTACAT/1	87	87	1	smNRPS-1/2	5910	4629	4715	95.402	2.71e-29
A206BNABXX:4:64:2768:152259#GGCTACAT/2	87	1	87	smNRPS-1/2	5910	409	495	95.402	2.71e-29
B201TPABXX:3:8:18492:83997#GGCTACAT/2	76	1	76	smNRPS-1/2	5910	4525	4600	100	7.53e-30
B201TPABXX:3:65:16300:120394#GGCTACAT/2	76	76	1	smNRPS-1/2	5910	4546	4621	100	7.53e-30
A206BNABXX:4:46:12274:73280#GGCTACAT/1	87	85	1	smNRPS-1/2	5910	5012	5096	96.471	7.53e-30
B201TPABXX:3:5:16675:130916#GGCTACAT/1	87	1	86	smNRPS-1/2	5910	4441	4526	96.512	2.09e-30
A206BNABXX:4:61:3211:188957#GGCTACAT/1	87	87	1	smNRPS-1/2	5910	726	811	96.552	2.09e-30
B201TPABXX:3:42:6044:65275#GGCTACAA/1	87	1	87	smNRPS-1/2	5910	2319	2405	96.552	5.82e-31
B201TPABXX:3:43:21149:198126#GGCTACAT/2	87	87	1	smNRPS-1/2	5910	5759	5845	96.552	5.82e-31
B201TPABXX:3:44:18807:82058#GGCTACAT/1	87	1	87	smNRPS-1/2	5910	4818	4904	96.552	5.82e-31
B201TPABXX:3:68:7291:36520#GGCTACAT/1	87	1	87	smNRPS-1/2	5910	3663	3749	96.552	5.82e-31
A206BNABXX:4:43:2761:178171#GGCTACAT/1	87	1	87	smNRPS-1/2	5910	4271	4358	96.591	5.82e-31
A206BNABXX:4:62:17258:18892#GGCTACAT/1	81	81	1	smNRPS-1/2	5910	2771	2851	98.765	5.82e-31
A206BNABXX:4:64:5479:11603#GGCTACAT/2	78	78	1	smNRPS-1/2	5910	1887	1964	100	5.82e-31
A206BNABXX:4:68:19812:39714#GGCTACAT/1	81	1	81	smNRPS-1/2	5910	5153	5233	98.765	5.82e-31
B201TPABXX:3:2:20360:181112#GGCTACAT/1	85	1	85	smNRPS-1/2	5910	4752	4836	97.647	1.62e-31
B201TPABXX:3:3:11920:189387#GGCTACAT/2	87	1	87	smNRPS-1/2	5910	573	661	96.629	1.62e-31
B201TPABXX:3:6:11844:4334#GGCTACAT/2	79	79	1	smNRPS-1/2	5910	5352	5430	100	1.62e-31
B201TPABXX:3:8:18492:83997#GGCTACAT/1	87	85	1	smNRPS-1/2	5910	4748	4832	97.647	1.62e-31
B201TPABXX:3:44:10913:47455#GGCTACAA/2	82	82	1	smNRPS-1/2	5910	4730	4811	98.78	1.62e-31
A206BNABXX:4:4:10177:96723#GGCTACAT/1	85	1	85	smNRPS-1/2	5910	4579	4663	97.647	1.62e-31
A206BNABXX:4:64:19756:16956#GGCTACAT/2	82	1	82	smNRPS-1/2	5910	2626	2707	98.78	1.62e-31
B201TPABXX:3:4:19111:97816#GGCTACAT/2	83	1	83	smNRPS-1/2	5910	2303	2385	98.795	4.5e-32
B201TPABXX:3:42:19126:21882#GGCTACAT/2	86	1	86	smNRPS-1/2	5910	5539	5624	97.674	4.5e-32
B201TPABXX:3:68:6574:60490#GGCTACAT/1	86	1	86	smNRPS-1/2	5910	3958	4043	97.674	4.5e-32
A206BNABXX:4:7:11960:62037#GGCTACAT/1	86	86	1	smNRPS-1/2	5910	2900	2985	97.674	4.5e-32
A206BNABXX:4:48:7773:33422#GGCTACAT/2	87	87	1	smNRPS-1/2	5910	682	767	97.701	4.5e-32
A206BNABXX:4:67:4102:77951#GGCTACAT/1	87	87	1	smNRPS-1/2	5910	669	754	97.701	4.5e-32
B201TPABXX:3:7:7287:122188#GGCTACAT/1	87	1	87	smNRPS-1/2	5910	2855	2941	97.701	1.25e-32
B201TPABXX:3:24:16752:33167#GGCTACAT/1	87	1	87	smNRPS-1/2	5910	4812	4898	97.701	1.25e-32
B201TPABXX:3:24:8699:66502#GGCTACAT/1	87	87	1	smNRPS-1/2	5910	2806	2892	97.701	1.25e-32
B201TPABXX:3:28:12490:109957#GGCTACAT/2	87	87	1	smNRPS-1/2	5910	2778	2864	97.701	1.25e-32
B201TPABXX:3:41:20398:20492#GGCTACAT/2	87	1	87	smNRPS-1/2	5910	2740	2826	97.701	1.25e-32
B201TPABXX:3:43:5871:189672#GGCTACAT/1	87	1	87	smNRPS-1/2	5910	2323	2409	97.701	1.25e-32
B201TPABXX:3:43:21149:198126#GGCTACAT/1	87	1	87	smNRPS-1/2	5910	5531	5617	97.701	1.25e-32
B201TPABXX:3:46:7012:94163#GGCTACAT/1	87	1	87	smNRPS-1/2	5910	2673	2759	97.701	1.25e-32
B201TPABXX:3:48:14339:102805#GGCTACAT/2	87	1	87	smNRPS-1/2	5910	5541	5627	97.701	1.25e-32
B201TPABXX:3:64:13539:197197#GGCTACAT/1	87	87	1	smNRPS-1/2	5910	2872	2958	97.701	1.25e-32
B201TPABXX:3:65:15944:178279#GGCTACAT/1	87	1	87	smNRPS-1/2	5910	3721	3807	97.701	1.25e-32
A206BNABXX:4:4:3672:124916#GGCTACAT/1	87	87	1	smNRPS-1/2	5910	4356	4442	97.701	1.25e-32
A206BNABXX:4:5:10230:161284#GGCTACAT/2	87	1	87	smNRPS-1/2	5910	4881	4967	97.701	1.25e-32
A206BNABXX:4:6:14649:67075#GGCTACAT/1	87	1	87	smNRPS-1/2	5910	2682	2768	97.701	1.25e-32
A206BNABXX:4:7:11960:62037#GGCTACAT/2	87	1	87	smNRPS-1/2	5910	2677	2763	97.701	1.25e-32
A206BNABXX:4:21:4015:59426#GGCTACAT/1	87	1	87	smNRPS-1/2	5910	3614	3700	97.701	1.25e-32
A206BNABXX:4:21:15592:104948#GGCTACAT/1	87	87	1	smNRPS-1/2	5910	1662	1748	97.701	1.25e-32
A206BNABXX:4:24:20744:195869#GGCTACAT/2	84	84	1	smNRPS-1/2	5910	968	1051	98.81	1.25e-32
A206BNABXX:4:42:7777:33595#GGCTACAT/1	87	87	1	smNRPS-1/2	5910	5245	5331	97.701	1.25e-32
A206BNABXX:4:45:11892:175275#GGCTACAT/1	87	1	87	smNRPS-1/2	5910	3052	3138	97.701	1.25e-32
A206BNABXX:4:47:13924:141753#GGCTACAT/2	87	87	1	smNRPS-1/2	5910	3743	3829	97.701	1.25e-32
A206BNABXX:4:48:10961:115008#GGCTACAT/1	87	87	1	smNRPS-1/2	5910	4403	4489	97.701	1.25e-32
A206BNABXX:4:64:19756:16956#GGCTACAT/1	87	87	1	smNRPS-1/2	5910	2865	2951	97.701	1.25e-32
A206BNABXX:4:65:1430:92306#GGCTACAT/2	81	81	1	smNRPS-1/2	5910	1940	2020	100	1.25e-32
A206BNABXX:4:66:17776:102608#GGCTACAT/1	87	1	87	smNRPS-1/2	5910	2612	2698	97.701	1.25e-32
A206BNABXX:4:66:17776:102608#GGCTACAT/2	87	87	1	smNRPS-1/2	5910	2830	2916	97.701	1.25e-32
A206BNABXX:4:66:3596:194589#GGCTACAT/2	87	87	1	smNRPS-1/2	5910	1845	1931	97.701	1.25e-32
A206BNABXX:4:67:12858:111091#GGCTACAT/2	87	87	1	smNRPS-1/2	5910	4719	4805	97.701	1.25e-32
B201TPABXX:3:23:12640:63566#GGCTACAT/1	82	1	82	smNRPS-1/2	5910	5161	5242	100	3.48e-33
B201TPABXX:3:28:8415:172962#GGCTACAT/2	82	82	1	smNRPS-1/2	5910	3163	3244	100	3.48e-33
B201TPABXX:3:48:7936:89165#GGCTACAT/2	82	82	1	smNRPS-1/2	5910	3266	3347	100	3.48e-33
A206BNABXX:4:8:18520:157955#GGCTACAT/2	87	3	87	smNRPS-1/2	5910	4829	4913	98.824	3.48e-33
A206BNABXX:4:25:19890:97744#GGCTACAT/2	82	82	1	smNRPS-1/2	5910	853	934	100	3.48e-33
A206BNABXX:4:47:13924:141753#GGCTACAT/1	85	1	85	smNRPS-1/2	5910	3539	3623	98.824	3.48e-33
A206BNABXX:4:67:4102:77951#GGCTACAT/2	82	1	82	smNRPS-1/2	5910	456	537	100	3.48e-33
B201TPABXX:3:3:20110:88551#GGCTACAT/1	83	83	1	smNRPS-1/2	5910	1897	1979	100	9.67e-34
B201TPABXX:3:23:10966:3395#GGCTACAT/1	86	1	86	smNRPS-1/2	5910	4006	4091	98.837	9.67e-34
B201TPABXX:3:28:16965:66447#GGCTACAT/1	83	1	83	smNRPS-1/2	5910	5100	5182	100	9.67e-34
B201TPABXX:3:28:12490:109957#GGCTACAT/1	86	1	86	smNRPS-1/2	5910	2558	2643	98.837	9.67e-34
B201TPABXX:3:47:9953:21581#GGCTACAT/1	86	86	1	smNRPS-1/2	5910	2158	2243	98.837	9.67e-34
B201TPABXX:3:62:10557:57583#GGCTACAT/2	86	86	1	smNRPS-1/2	5910	3505	3590	98.837	9.67e-34
B201TPABXX:3:65:15944:178279#GGCTACAT/2	86	86	1	smNRPS-1/2	5910	3944	4029	98.837	9.67e-34
A206BNABXX:4:2:19248:64479#GGCTACAT/1	87	86	1	smNRPS-1/2	5910	761	846	98.837	9.67e-34
A206BNABXX:4:26:11356:149488#GGCTACAT/2	86	1	86	smNRPS-1/2	5910	231	316	98.837	9.67e-34
B201TPABXX:3:3:8167:66734#GGCTACAT/2	87	87	1	smNRPS-1/2	5910	2697	2783	98.851	2.69e-34
B201TPABXX:3:3:13648:168938#GGCTACAT/1	87	87	1	smNRPS-1/2	5910	363	449	98.851	2.69e-34
B201TPABXX:3:3:13648:168938#GGCTACAT/2	87	1	87	smNRPS-1/2	5910	176	262	98.851	2.69e-34
B201TPABXX:3:4:18388:88592#GGCTACAT/1	87	87	1	smNRPS-1/2	5910	4332	4419	98.864	2.69e-34
B201TPABXX:3:4:19111:97816#GGCTACAT/1	87	87	1	smNRPS-1/2	5910	2534	2620	98.851	2.69e-34
B201TPABXX:3:5:18172:37820#GGCTACAT/1	87	87	1	smNRPS-1/2	5910	5582	5668	98.851	2.69e-34
B201TPABXX:3:5:18172:37820#GGCTACAT/2	87	1	87	smNRPS-1/2	5910	5348	5434	98.851	2.69e-34
B201TPABXX:3:5:20503:79249#GGCTACAT/1	87	87	1	smNRPS-1/2	5910	141	227	98.851	2.69e-34
B201TPABXX:3:5:15350:174181#GGCTACAT/1	87	1	87	smNRPS-1/2	5910	5328	5414	98.851	2.69e-34
B201TPABXX:3:6:17888:12144#GGCTACAT/2	87	87	1	smNRPS-1/2	5910	5309	5395	98.851	2.69e-34
B201TPABXX:3:21:8681:192562#GGCTACAT/1	87	87	1	smNRPS-1/2	5910	4392	4478	98.851	2.69e-34
B201TPABXX:3:22:14681:91411#GGCTACAT/1	87	87	1	smNRPS-1/2	5910	2568	2654	98.851	2.69e-34
B201TPABXX:3:23:10966:3395#GGCTACAT/2	87	87	1	smNRPS-1/2	5910	4231	4317	98.851	2.69e-34
B201TPABXX:3:23:6584:114560#GGCTACAT/2	87	1	87	smNRPS-1/2	5910	4908	4994	98.851	2.69e-34
B201TPABXX:3:24:8699:66502#GGCTACAT/2	87	1	87	smNRPS-1/2	5910	2593	2679	98.851	2.69e-34
B201TPABXX:3:24:10242:126550#GGCTACAT/2	87	87	1	smNRPS-1/2	5910	2595	2681	98.851	2.69e-34
B201TPABXX:3:25:10112:60426#GGCTACAT/2	87	87	1	smNRPS-1/2	5910	4649	4735	98.851	2.69e-34
B201TPABXX:3:27:10687:110823#GGCTACAT/1	87	1	87	smNRPS-1/2	5910	2410	2496	98.851	2.69e-34
B201TPABXX:3:27:10687:110823#GGCTACAT/2	87	87	1	smNRPS-1/2	5910	2639	2725	98.851	2.69e-34
B201TPABXX:3:27:17935:178095#GGCTACAT/1	87	87	1	smNRPS-1/2	5910	4587	4673	98.851	2.69e-34
B201TPABXX:3:28:9250:10490#GGCTACAT/1	87	87	1	smNRPS-1/2	5910	2168	2254	98.851	2.69e-34
B201TPABXX:3:28:8415:172962#GGCTACAT/1	87	1	87	smNRPS-1/2	5910	2940	3026	98.851	2.69e-34
B201TPABXX:3:42:19126:21882#GGCTACAT/1	87	87	1	smNRPS-1/2	5910	5776	5862	98.851	2.69e-34
B201TPABXX:3:48:17647:71215#GGCTACAT/1	87	1	87	smNRPS-1/2	5910	5764	5850	98.851	2.69e-34
B201TPABXX:3:48:14339:102805#GGCTACAT/1	87	87	1	smNRPS-1/2	5910	5758	5844	98.851	2.69e-34
B201TPABXX:3:64:13539:197197#GGCTACAT/2	87	1	87	smNRPS-1/2	5910	2669	2755	98.851	2.69e-34
B201TPABXX:3:67:3818:52330#GGCTACAT/2	87	87	1	smNRPS-1/2	5910	2639	2725	98.851	2.69e-34
A206BNABXX:4:2:6666:33583#GGCTACAT/2	87	87	1	smNRPS-1/2	5910	1955	2041	98.851	2.69e-34
A206BNABXX:4:2:19248:64479#GGCTACAT/2	87	1	87	smNRPS-1/2	5910	538	624	98.851	2.69e-34
A206BNABXX:4:4:10927:174169#GGCTACAA/1	87	1	87	smNRPS-1/2	5910	5291	5377	98.851	2.69e-34
A206BNABXX:4:8:21088:190433#GGCTACAT/2	87	87	1	smNRPS-1/2	5910	1089	1175	98.851	2.69e-34
A206BNABXX:4:21:5187:39964#GGCTACAT/1	87	1	87	smNRPS-1/2	5910	2771	2857	98.851	2.69e-34
A206BNABXX:4:21:5187:39964#GGCTACAT/2	87	87	1	smNRPS-1/2	5910	2990	3076	98.851	2.69e-34
A206BNABXX:4:21:4015:59426#GGCTACAT/2	87	87	1	smNRPS-1/2	5910	3822	3908	98.851	2.69e-34
A206BNABXX:4:22:11592:158452#GGCTACAT/1	87	87	1	smNRPS-1/2	5910	2801	2887	98.851	2.69e-34
A206BNABXX:4:22:11592:158452#GGCTACAT/2	87	1	87	smNRPS-1/2	5910	2569	2655	98.851	2.69e-34
A206BNABXX:4:23:18276:139812#GGCTACAT/1	87	87	1	smNRPS-1/2	5910	302	388	98.851	2.69e-34
A206BNABXX:4:27:14646:72003#GGCTACAT/1	87	87	1	smNRPS-1/2	5910	965	1051	98.851	2.69e-34
A206BNABXX:4:27:12888:171263#GGCTACAT/1	87	87	1	smNRPS-1/2	5910	2786	2872	98.851	2.69e-34
A206BNABXX:4:27:12888:171263#GGCTACAT/2	87	1	87	smNRPS-1/2	5910	2553	2639	98.851	2.69e-34
A206BNABXX:4:41:11386:141260#GGCTACAT/1	87	1	87	smNRPS-1/2	5910	4013	4099	98.851	2.69e-34
A206BNABXX:4:41:11386:141260#GGCTACAT/2	87	87	1	smNRPS-1/2	5910	4235	4321	98.851	2.69e-34
A206BNABXX:4:42:7682:55173#GGCTACAT/1	87	1	87	smNRPS-1/2	5910	2712	2798	98.851	2.69e-34
A206BNABXX:4:42:7682:55173#GGCTACAT/2	87	87	1	smNRPS-1/2	5910	2932	3018	98.851	2.69e-34
A206BNABXX:4:42:18013:55241#GGCTACAT/2	87	1	87	smNRPS-1/2	5910	5583	5669	98.851	2.69e-34
A206BNABXX:4:42:11835:62210#GGCTACAT/1	87	1	87	smNRPS-1/2	5910	2252	2338	98.851	2.69e-34
A206BNABXX:4:42:11835:62210#GGCTACAT/2	84	84	1	smNRPS-1/2	5910	2478	2561	100	2.69e-34
A206BNABXX:4:43:2761:178171#GGCTACAT/2	87	87	1	smNRPS-1/2	5910	4507	4593	98.851	2.69e-34
A206BNABXX:4:44:10651:101706#GGCTACAT/2	87	87	1	smNRPS-1/2	5910	5587	5673	98.851	2.69e-34
A206BNABXX:4:44:11678:108621#GGCTACAT/1	87	87	1	smNRPS-1/2	5910	3470	3556	98.851	2.69e-34
A206BNABXX:4:63:4457:135689#GGCTACAT/1	87	1	87	smNRPS-1/2	5910	3052	3138	98.851	2.69e-34
A206BNABXX:4:63:2197:164347#GGCTACAT/2	87	1	87	smNRPS-1/2	5910	3994	4080	98.851	2.69e-34
A206BNABXX:4:66:12612:180088#GGCTACAT/1	87	87	1	smNRPS-1/2	5910	3452	3538	98.851	2.69e-34
A206BNABXX:4:66:12612:180088#GGCTACAT/2	87	1	87	smNRPS-1/2	5910	3231	3317	98.851	2.69e-34
B201TPABXX:3:3:11920:189387#GGCTACAT/1	87	85	1	smNRPS-1/2	5910	776	860	100	7.48e-35
B201TPABXX:3:28:9250:10490#GGCTACAT/2	85	1	85	smNRPS-1/2	5910	1955	2039	100	7.48e-35
B201TPABXX:3:44:10913:47455#GGCTACAA/1	85	1	85	smNRPS-1/2	5910	4483	4567	100	7.48e-35
B201TPABXX:3:46:6242:113989#GGCTACAT/1	85	1	85	smNRPS-1/2	5910	5421	5505	100	7.48e-35
B201TPABXX:3:61:5608:39547#GGCTACAT/2	85	85	1	smNRPS-1/2	5910	4195	4279	100	7.48e-35
B201TPABXX:3:6:11844:4334#GGCTACAT/1	86	1	86	smNRPS-1/2	5910	5121	5206	100	2.08e-35
A206BNABXX:4:45:10082:59480#GGCTACAT/1	86	1	86	smNRPS-1/2	5910	41	126	100	2.08e-35
B201TPABXX:3:1:8242:156478#GGCTACAT/1	87	1	87	smNRPS-1/2	5910	5024	5110	100	5.78e-36
B201TPABXX:3:2:20360:181112#GGCTACAT/2	87	87	1	smNRPS-1/2	5910	4979	5065	100	5.78e-36
B201TPABXX:3:3:8167:66734#GGCTACAT/1	87	1	87	smNRPS-1/2	5910	2490	2576	100	5.78e-36
B201TPABXX:3:4:18388:88592#GGCTACAT/2	87	1	87	smNRPS-1/2	5910	4104	4190	100	5.78e-36
B201TPABXX:3:6:17888:12144#GGCTACAT/1	87	1	87	smNRPS-1/2	5910	5081	5167	100	5.78e-36
B201TPABXX:3:7:19985:50839#GGCTACAT/2	87	1	87	smNRPS-1/2	5910	1045	1131	100	5.78e-36
B201TPABXX:3:21:8681:192562#GGCTACAT/2	87	1	87	smNRPS-1/2	5910	4176	4262	100	5.78e-36
B201TPABXX:3:23:12640:63566#GGCTACAT/2	87	87	1	smNRPS-1/2	5910	5386	5472	100	5.78e-36
B201TPABXX:3:23:6584:114560#GGCTACAT/1	87	87	1	smNRPS-1/2	5910	5127	5213	100	5.78e-36
B201TPABXX:3:24:16752:33167#GGCTACAT/2	87	87	1	smNRPS-1/2	5910	5010	5096	100	5.78e-36
B201TPABXX:3:25:10112:60426#GGCTACAT/1	87	1	87	smNRPS-1/2	5910	4459	4545	100	5.78e-36
B201TPABXX:3:41:20398:20492#GGCTACAT/1	87	87	1	smNRPS-1/2	5910	2970	3056	100	5.78e-36
B201TPABXX:3:46:6242:113989#GGCTACAT/2	87	87	1	smNRPS-1/2	5910	5665	5751	100	5.78e-36
B201TPABXX:3:47:9953:21581#GGCTACAT/2	87	1	87	smNRPS-1/2	5910	1926	2012	100	5.78e-36
B201TPABXX:3:48:12162:135277#GGCTACAT/1	87	87	1	smNRPS-1/2	5910	5015	5101	100	5.78e-36
B201TPABXX:3:62:10557:57583#GGCTACAT/1	87	1	87	smNRPS-1/2	5910	3284	3370	100	5.78e-36
B201TPABXX:3:65:11590:134936#GGCTACAT/2	87	87	1	smNRPS-1/2	5910	4168	4254	100	5.78e-36
B201TPABXX:3:66:6486:195097#GGCTACAT/2	87	87	1	smNRPS-1/2	5910	845	931	100	5.78e-36
B201TPABXX:3:68:14512:26835#GGCTACAT/1	87	1	87	smNRPS-1/2	5910	5031	5117	100	5.78e-36
B201TPABXX:3:68:6574:60490#GGCTACAT/2	87	87	1	smNRPS-1/2	5910	4184	4270	100	5.78e-36
A206BNABXX:4:5:10230:161284#GGCTACAT/1	87	87	1	smNRPS-1/2	5910	5112	5198	100	5.78e-36
A206BNABXX:4:8:18520:157955#GGCTACAT/1	87	87	1	smNRPS-1/2	5910	5046	5132	100	5.78e-36
A206BNABXX:4:21:16715:79008#GGCTACAT/2	87	87	1	smNRPS-1/2	5910	2442	2528	100	5.78e-36
A206BNABXX:4:26:11356:149488#GGCTACAT/1	87	87	1	smNRPS-1/2	5910	443	529	100	5.78e-36
A206BNABXX:4:42:7777:33595#GGCTACAT/2	87	1	87	smNRPS-1/2	5910	5026	5112	100	5.78e-36
A206BNABXX:4:44:10651:101706#GGCTACAT/1	87	1	87	smNRPS-1/2	5910	5384	5470	100	5.78e-36
A206BNABXX:4:44:11678:108621#GGCTACAT/2	87	1	87	smNRPS-1/2	5910	3266	3352	100	5.78e-36
A206BNABXX:4:45:10082:59480#GGCTACAT/2	87	87	1	smNRPS-1/2	5910	250	336	100	5.78e-36
A206BNABXX:4:45:11892:175275#GGCTACAT/2	87	87	1	smNRPS-1/2	5910	3277	3363	100	5.78e-36
A206BNABXX:4:48:6685:5103#GGCTACAT/2	87	87	1	smNRPS-1/2	5910	615	701	100	5.78e-36
A206BNABXX:4:48:7773:33422#GGCTACAT/1	87	1	87	smNRPS-1/2	5910	469	555	100	5.78e-36
A206BNABXX:4:61:3211:188957#GGCTACAT/2	87	1	87	smNRPS-1/2	5910	507	593	100	5.78e-36
A206BNABXX:4:63:4457:135689#GGCTACAT/2	87	87	1	smNRPS-1/2	5910	3277	3363	100	5.78e-36
A206BNABXX:4:63:2197:164347#GGCTACAT/1	87	87	1	smNRPS-1/2	5910	4200	4286	100	5.78e-36
A206BNABXX:4:67:3478:57840#GGCTACAT/2	87	87	1	smNRPS-1/2	5910	4136	4222	100	5.78e-36
A206BNABXX:4:2:6241:169823#GGCTACAT/2	38	38	1	smNRPS-1/2	5910	5876	5913	100	1.01e-8
B201TPABXX:3:43:12200:23207#GGCTACAT/2	46	1	46	smNRPS-1/2	5910	2131	2176	97.826	1.69e-11
B201TPABXX:3:2:15877:79478#GGCTACAT/2	48	45	1	smNRPS-1/2	5910	3000	3044	100	1.3e-12
A206BNABXX:4:43:11262:122496#GGCTACAT/2	55	55	1	smNRPS-1/2	5910	1100	1154	96.364	7.79e-15
B201TPABXX:3:27:10567:182797#GGCTACAT/1	52	52	1	smNRPS-1/2	5910	4801	4852	100	1.67e-16
B201TPABXX:3:4:14312:69744#GGCTACAT/1	56	1	56	smNRPS-1/2	5910	3201	3256	98.214	4.65e-17
B201TPABXX:3:43:2568:37266#GGCTACAT/2	60	60	1	smNRPS-1/2	5910	5338	5397	98.333	2.78e-19
A206BNABXX:4:42:9269:42912#GGCTACAT/2	67	67	2	smNRPS-1/2	5910	2936	3001	95.455	2.78e-19
A206BNABXX:4:46:8827:105249#GGCTACAT/2	67	67	1	smNRPS-1/2	5910	1159	1225	97.015	1.66e-21
B201TPABXX:3:2:20783:80686#GGCTACAT/1	62	62	1	smNRPS-1/2	5910	1891	1952	100	4.62e-22
B201TPABXX:3:2:15116:47473#GGCTACAT/2	66	66	1	smNRPS-1/2	5910	3006	3071	98.485	1.28e-22
B201TPABXX:3:8:16468:143184#GGCTACAT/2	64	64	1	smNRPS-1/2	5910	2230	2293	100	3.57e-23
B201TPABXX:3:43:14832:197974#GGCTACAT/2	70	70	1	smNRPS-1/2	5910	3503	3572	97.143	3.57e-23
A206BNABXX:4:42:18013:55241#GGCTACAT/1	87	23	87	smNRPS-1/2	5910	1	65	100	9.93e-24
A206BNABXX:4:43:11262:122496#GGCTACAT/1	67	1	67	smNRPS-1/2	5910	833	899	100	7.68e-25
B201TPABXX:3:62:10757:168892#GGCTACAT/1	87	2	84	smNRPS-1/2	5910	2837	2919	95.181	4.59e-27
A206BNABXX:4:46:8827:105249#GGCTACAT/1	75	1	75	smNRPS-1/2	5910	921	995	98.667	1.28e-27
B201TPABXX:3:4:3417:129863#GGCTACAT/2	76	73	1	smNRPS-1/2	5910	2528	2600	100	3.55e-28
B201TPABXX:3:46:7012:94163#GGCTACAT/2	76	1	76	smNRPS-1/2	5910	2989	3064	98.684	3.55e-28
B201TPABXX:3:25:17485:43786#GGCTACAT/2	83	83	1	smNRPS-1/2	5910	1834	1916	96.386	9.86e-29
B201TPABXX:3:61:12265:176051#GGCTACAT/1	86	86	1	smNRPS-1/2	5910	5606	5691	95.349	9.86e-29
B201TPABXX:3:22:14938:98465#GGCTACAT/1	77	1	77	smNRPS-1/2	5910	3925	4001	98.701	9.86e-29
B201TPABXX:3:26:20083:15943#GGCTACAT/2	79	79	1	smNRPS-1/2	5910	286	364	98.734	7.62e-30
A206BNABXX:4:6:6514:106033#GGCTACAT/1	82	1	82	smNRPS-1/2	5910	3945	4026	97.561	7.62e-30
A206BNABXX:4:6:14649:67075#GGCTACAT/2	87	3	82	smNRPS-1/2	5910	2986	3065	98.75	2.12e-30
B201TPABXX:3:22:20091:152539#GGCTACAA/1	87	1	87	smNRPS-1/2	5910	4735	4821	96.552	5.89e-31
B201TPABXX:3:25:4281:81908#GGCTACAT/2	87	1	87	smNRPS-1/2	5910	2157	2243	96.552	5.89e-31
B201TPABXX:3:25:4734:117161#GGCTACAT/2	81	1	81	smNRPS-1/2	5910	106	186	98.765	5.89e-31
A206BNABXX:4:7:15036:26085#GGCTACAT/2	87	1	87	smNRPS-1/2	5910	4888	4974	96.552	5.89e-31
A206BNABXX:4:8:17091:173234#GGCTACAT/2	87	1	87	smNRPS-1/2	5910	2157	2243	96.552	5.89e-31
A206BNABXX:4:62:11695:71978#GGCTACAT/1	87	1	87	smNRPS-1/2	5910	3858	3944	96.552	5.89e-31
A206BNABXX:4:62:11695:71978#GGCTACAT/2	81	81	1	smNRPS-1/2	5910	4107	4187	98.765	5.89e-31
B201TPABXX:3:2:10755:21210#GGCTACAT/2	86	1	86	smNRPS-1/2	5910	3597	3682	97.674	4.56e-32
B201TPABXX:3:66:6486:195097#GGCTACAT/1	85	85	1	smNRPS-1/2	5910	5250	5336	97.701	4.56e-32
B201TPABXX:3:67:16243:20751#GGCTACAT/2	80	80	1	smNRPS-1/2	5910	5816	5895	100	4.56e-32
A206BNABXX:4:48:6685:5103#GGCTACAT/1	87	86	1	smNRPS-1/2	5910	5469	5554	97.674	4.56e-32
A206BNABXX:4:61:8481:98412#GGCTACAT/2	87	86	1	smNRPS-1/2	5910	3559	3644	97.674	4.56e-32
B201TPABXX:3:8:16468:143184#GGCTACAT/1	87	1	87	smNRPS-1/2	5910	2000	2086	97.701	1.27e-32
B201TPABXX:3:26:20083:15943#GGCTACAT/1	87	1	87	smNRPS-1/2	5910	42	128	97.701	1.27e-32
B201TPABXX:3:27:10567:182797#GGCTACAT/2	87	1	87	smNRPS-1/2	5910	4546	4632	97.701	1.27e-32
B201TPABXX:3:43:12200:23207#GGCTACAT/1	87	87	1	smNRPS-1/2	5910	2349	2435	97.701	1.27e-32
B201TPABXX:3:43:14832:197974#GGCTACAT/1	87	1	87	smNRPS-1/2	5910	3268	3354	97.701	1.27e-32
B201TPABXX:3:61:12265:176051#GGCTACAT/2	87	1	84	smNRPS-1/2	5910	5384	5467	98.81	1.27e-32
B201TPABXX:3:62:10757:168892#GGCTACAT/2	87	87	1	smNRPS-1/2	5910	3058	3144	97.701	1.27e-32
A206BNABXX:4:4:20346:155465#GGCTACAT/1	85	2	85	smNRPS-1/2	5910	5014	5097	98.81	1.27e-32
A206BNABXX:4:7:15036:26085#GGCTACAT/1	87	87	1	smNRPS-1/2	5910	5127	5213	97.701	1.27e-32
A206BNABXX:4:24:6076:27958#GGCTACAT/2	87	87	1	smNRPS-1/2	5910	1519	1605	97.701	1.27e-32
A206BNABXX:4:64:2768:152259#GGCTACAT/1	87	1	87	smNRPS-1/2	5910	5258	5344	97.701	1.27e-32
B201TPABXX:3:4:3417:129863#GGCTACAT/1	82	1	82	smNRPS-1/2	5910	2286	2367	100	3.52e-33
B201TPABXX:3:2:15116:47473#GGCTACAT/1	87	1	87	smNRPS-1/2	5910	2758	2844	98.851	2.7200000000000002e-34
B201TPABXX:3:2:20783:80686#GGCTACAT/2	87	1	87	smNRPS-1/2	5910	1630	1716	98.851	2.7200000000000002e-34
B201TPABXX:3:25:4734:117161#GGCTACAT/1	87	87	1	smNRPS-1/2	5910	327	413	98.851	2.7200000000000002e-34
B201TPABXX:3:43:2568:37266#GGCTACAT/1	87	1	87	smNRPS-1/2	5910	5082	5168	98.851	2.7200000000000002e-34
B201TPABXX:3:43:16574:50635#GGCTACAT/2	87	87	1	smNRPS-1/2	5910	2511	2597	98.851	2.7200000000000002e-34
A206BNABXX:4:48:16050:154231#GGCTACAT/1	87	87	1	smNRPS-1/2	5910	2378	2464	98.851	2.7200000000000002e-34
B201TPABXX:3:63:4046:13552#GGCTACAT/1	87	87	3	smNRPS-1/2	5910	762	846	100	7.57e-35
B201TPABXX:3:2:15877:79478#GGCTACAT/1	87	1	86	smNRPS-1/2	5910	2747	2832	100	2.1e-35
B201TPABXX:3:7:9403:68549#GGCTACAT/1	87	87	1	smNRPS-1/2	5910	5033	5119	100	5.85e-36
B201TPABXX:3:25:17485:43786#GGCTACAT/1	87	1	87	smNRPS-1/2	5910	1579	1665	100	5.85e-36
B201TPABXX:3:43:16574:50635#GGCTACAT/1	87	1	87	smNRPS-1/2	5910	2283	2369	100	5.85e-36
B201TPABXX:3:67:16243:20751#GGCTACAT/1	87	1	87	smNRPS-1/2	5910	5760	5846	100	5.85e-36
A206BNABXX:4:4:20346:155465#GGCTACAT/2	87	87	1	smNRPS-1/2	5910	5054	5140	100	5.85e-36
A206BNABXX:4:46:8718:2568#GGCTACAT/1	87	1	87	smNRPS-1/2	5910	1370	1456	100	5.85e-36
A206BNABXX:4:46:8718:2568#GGCTACAT/2	87	87	1	smNRPS-1/2	5910	1592	1678	100	5.85e-36
A206BNABXX:4:48:16050:154231#GGCTACAT/2	87	1	87	smNRPS-1/2	5910	2144	2230	100	5.85e-36
