B201TPABXX:2:23:11053:136451#ACAGTGAT/1	64	1	64	smNRPS-1/2	5910	2366	2429	96.875	6.69e-20
B201TPABXX:2:28:7655:62929#ACAGTGAT/2	64	64	1	smNRPS-1/2	5910	3371	3434	98.438	1.44e-21
A206BNABXX:3:6:16239:67184#ACAGTGAT/2	61	1	61	smNRPS-1/2	5910	1077	1137	100	1.44e-21
B201TPABXX:2:68:12546:21028#ACAGTGAT/2	71	71	1	smNRPS-1/2	5910	3717	3787	97.183	8.6e-24
A206BNABXX:3:21:17505:117440#ACAGTGAT/2	70	70	1	smNRPS-1/2	5910	4869	4938	100	1.43e-26
B201TPABXX:2:41:9477:59860#ACAGTGAT/2	81	81	1	smNRPS-1/2	5910	3644	3724	97.531	2.37e-29
A206BNABXX:3:21:17505:117440#ACAGTGAT/1	75	1	75	smNRPS-1/2	5910	4644	4718	100	2.37e-29
B201TPABXX:2:42:11845:2945#ACAGTGAT/1	79	1	79	smNRPS-1/2	5910	474	552	98.734	6.6e-30
A206BNABXX:3:68:9596:187446#ACAGTGAT/1	85	82	1	smNRPS-1/2	5910	3661	3742	97.561	6.6e-30
B201TPABXX:2:25:3708:198034#ACAGTGAT/2	78	78	1	smNRPS-1/2	5910	5258	5335	100	5.1e-31
B201TPABXX:2:4:15635:101777#ACAGTGAT/2	86	86	1	smNRPS-1/2	5910	4305	4390	97.674	3.94e-32
B201TPABXX:2:61:14287:130753#ACAGTGAT/2	86	86	1	smNRPS-1/2	5910	3667	3752	97.674	3.94e-32
A206BNABXX:3:41:14854:171304#ACAGTGAT/2	86	1	86	smNRPS-1/2	5910	4099	4184	97.674	3.94e-32
B201TPABXX:2:28:3697:63076#ACAGTGAT/1	85	85	1	smNRPS-1/2	5910	2789	2873	98.824	3.05e-33
B201TPABXX:2:41:9477:59860#ACAGTGAT/1	85	1	85	smNRPS-1/2	5910	3432	3516	98.824	3.05e-33
B201TPABXX:2:61:14287:130753#ACAGTGAT/1	85	1	85	smNRPS-1/2	5910	3449	3533	98.824	3.05e-33
B201TPABXX:2:68:12546:21028#ACAGTGAT/1	85	1	85	smNRPS-1/2	5910	3473	3557	98.824	3.05e-33
A206BNABXX:3:41:14854:171304#ACAGTGAT/1	85	85	1	smNRPS-1/2	5910	4333	4418	98.837	3.05e-33
B201TPABXX:2:23:11053:136451#ACAGTGAT/2	86	86	1	smNRPS-1/2	5910	2581	2666	98.837	8.48e-34
B201TPABXX:2:28:3697:63076#ACAGTGAT/2	86	1	86	smNRPS-1/2	5910	2562	2647	98.837	8.48e-34
B201TPABXX:2:61:11802:70683#ACAGTGAT/2	86	86	1	smNRPS-1/2	5910	2600	2685	98.837	8.48e-34
B201TPABXX:2:62:8467:179777#ACAGTGAT/2	86	1	86	smNRPS-1/2	5910	5487	5572	98.837	8.48e-34
B201TPABXX:2:24:14211:133418#ACAGTGAT/1	85	85	1	smNRPS-1/2	5910	1234	1318	100	6.55e-35
B201TPABXX:2:25:3708:198034#ACAGTGAT/1	85	1	85	smNRPS-1/2	5910	5030	5114	100	6.55e-35
B201TPABXX:2:28:7655:62929#ACAGTGAT/1	85	1	85	smNRPS-1/2	5910	3132	3216	100	6.55e-35
B201TPABXX:2:62:8467:179777#ACAGTGAT/1	85	85	1	smNRPS-1/2	5910	5702	5786	100	6.55e-35
B201TPABXX:2:63:8239:116655#ACAGTGAT/1	85	1	85	smNRPS-1/2	5910	5708	5792	100	6.55e-35
B201TPABXX:2:3:18373:64864#ACAGTGAT/2	86	86	1	smNRPS-1/2	5910	840	925	100	1.82e-35
B201TPABXX:2:23:19622:26911#ACAGTGAT/1	45	45	1	smNRPS-1/2	5910	2336	2380	100	1.14e-12
B201TPABXX:2:24:14211:133418#ACAGTGAT/2	64	64	5	smNRPS-1/2	5910	4872	4931	96.667	1.13e-17
B201TPABXX:2:7:9008:188634#ACAGTGAT/1	60	1	60	smNRPS-1/2	5910	865	924	100	5.24e-21
A206BNABXX:3:62:6087:138737#ACAGTGAT/2	86	86	1	smNRPS-1/2	5910	5605	5690	95.349	8.64e-29
B201TPABXX:2:45:11686:117075#ACAGTGAT/2	84	84	1	smNRPS-1/2	5910	511	594	96.429	2.4e-29
A206BNABXX:3:68:2025:123078#ACAGTGAT/1	85	1	82	smNRPS-1/2	5910	4156	4237	97.561	6.68e-30
B201TPABXX:2:64:15332:4651#ACAGTGAT/1	85	1	85	smNRPS-1/2	5910	4815	4899	97.647	1.44e-31
A206BNABXX:3:23:10604:112468#ACAGTGAT/1	85	1	85	smNRPS-1/2	5910	1856	1940	97.647	1.44e-31
B201TPABXX:2:3:18373:64864#ACAGTGAT/1	85	85	1	smNRPS-1/2	5910	5250	5336	97.701	3.99e-32
B201TPABXX:2:42:11845:2945#ACAGTGAT/2	86	1	86	smNRPS-1/2	5910	5162	5247	97.674	3.99e-32
A206BNABXX:3:23:10604:112468#ACAGTGAT/2	86	86	1	smNRPS-1/2	5910	2081	2166	97.674	3.99e-32
A206BNABXX:3:62:6087:138737#ACAGTGAT/1	83	1	83	smNRPS-1/2	5910	5375	5457	98.795	3.99e-32
A206BNABXX:3:44:7152:92231#ACAGTGCT/1	85	85	1	smNRPS-1/2	5910	1655	1739	98.824	3.08e-33
B201TPABXX:2:4:15635:101777#ACAGTGAT/1	85	85	3	smNRPS-1/2	5910	1711	1793	100	8.58e-34
B201TPABXX:2:28:14075:54880#ACAGTGAT/2	86	1	86	smNRPS-1/2	5910	5068	5153	98.837	8.58e-34
A206BNABXX:3:43:15335:134022#ACAGTGAT/2	86	1	86	smNRPS-1/2	5910	5723	5808	98.837	8.58e-34
A206BNABXX:3:44:7152:92231#ACAGTGCT/2	86	1	86	smNRPS-1/2	5910	1435	1520	98.837	8.58e-34
B201TPABXX:2:28:14075:54880#ACAGTGAT/1	85	85	1	smNRPS-1/2	5910	5297	5381	100	6.63e-35
B201TPABXX:2:45:11686:117075#ACAGTGAT/1	85	1	85	smNRPS-1/2	5910	292	376	100	6.63e-35
B201TPABXX:2:65:13024:151322#ACAGTGAT/1	85	1	85	smNRPS-1/2	5910	4056	4140	100	6.63e-35
A206BNABXX:3:43:13434:198541#ACAGTGAT/1	85	85	1	smNRPS-1/2	5910	2115	2199	100	6.63e-35
A206BNABXX:3:44:4452:9132#ACAGTGAT/1	85	85	1	smNRPS-1/2	5910	5796	5880	100	6.63e-35
A206BNABXX:3:45:11208:125411#ACAGTGAT/1	85	1	85	smNRPS-1/2	5910	4057	4141	100	6.63e-35
B201TPABXX:2:21:7154:161045#ACAGTGAT/1	85	1	85	smNRPS-1/2	5910	3768	3852	100	6.63e-35
B201TPABXX:2:64:9333:181170#ACAGTGAT/1	85	85	1	smNRPS-1/2	5910	863	947	100	6.63e-35
B201TPABXX:2:64:15332:4651#ACAGTGAT/2	86	86	1	smNRPS-1/2	5910	5033	5118	100	1.84e-35
A206BNABXX:3:42:13168:112196#ACAGTGAT/2	86	86	1	smNRPS-1/2	5910	5821	5906	100	1.84e-35
A206BNABXX:3:43:13434:198541#ACAGTGAT/2	86	1	86	smNRPS-1/2	5910	1912	1997	100	1.84e-35
