FC61B9MAAXX:6:46:631:1295#0/1	70	1	37	smNRPS-1/2	5910	5839	5875	100	1.7e-8
FC61B9MAAXX:6:21:1540:1527#0/1	51	51	1	smNRPS-1/2	5910	1475	1525	98.039	1.3e-14
FC61B9MAAXX:6:105:175:2035#0/1	61	1	61	smNRPS-1/2	5910	4301	4361	95.082	7.78e-17
FC61B9MAAXX:6:40:1777:141#0/1	61	1	61	smNRPS-1/2	5910	1464	1524	95.082	7.78e-17
FC61B9MAAXX:6:3:1014:1612#0/2	53	1	53	smNRPS-1/2	5910	4475	4527	100	2.16e-17
FC61B9MAAXX:6:77:860:1679#0/1	59	59	2	smNRPS-1/2	5910	1474	1531	98.276	1.67e-18
FC61B9MAAXX:6:13:797:649#0/2	71	66	2	smNRPS-1/2	5910	5393	5457	95.385	4.65e-19
FC61B9MAAXX:6:41:206:1615#0/1	70	5	69	smNRPS-1/2	5910	2080	2144	95.385	4.65e-19
FC61B9MAAXX:6:9:1771:1702#0/2	60	1	60	smNRPS-1/2	5910	4575	4634	98.333	1.29e-19
FC61B9MAAXX:6:45:760:625#0/1	70	1	57	smNRPS-1/2	5910	5819	5875	100	1.29e-19
FC61B9MAAXX:6:112:1727:62#0/1	69	67	1	smNRPS-1/2	5910	3189	3255	95.522	3.59e-20
FC61B9MAAXX:6:9:1771:1702#0/1	68	68	1	smNRPS-1/2	5910	4804	4871	95.588	9.99e-21
FC61B9MAAXX:6:77:860:1679#0/2	64	2	64	smNRPS-1/2	5910	1224	1286	98.413	2.78e-21
FC61B9MAAXX:6:27:713:357#0/1	70	70	1	smNRPS-1/2	5910	3860	3929	95.714	7.72e-22
FC61B9MAAXX:6:34:516:886#0/1	70	1	70	smNRPS-1/2	5910	1539	1608	95.714	7.72e-22
FC61B9MAAXX:6:41:479:1605#0/1	70	70	1	smNRPS-1/2	5910	3860	3929	95.714	7.72e-22
FC61B9MAAXX:6:104:190:1151#0/1	70	70	1	smNRPS-1/2	5910	3857	3926	95.714	7.72e-22
FC61B9MAAXX:6:107:660:653#0/1	70	1	70	smNRPS-1/2	5910	4266	4335	95.714	7.72e-22
FC61B9MAAXX:6:41:479:1605#0/2	71	1	71	smNRPS-1/2	5910	3621	3691	95.775	2.15e-22
FC61B9MAAXX:6:44:524:963#0/2	71	1	71	smNRPS-1/2	5910	4880	4950	95.775	2.15e-22
FC61B9MAAXX:6:37:1002:1116#0/1	70	1	70	smNRPS-1/2	5910	2364	2433	97.143	1.66e-23
FC61B9MAAXX:6:42:1755:711#0/1	70	70	1	smNRPS-1/2	5910	1362	1431	97.143	1.66e-23
FC61B9MAAXX:6:92:1878:1615#0/1	70	70	1	smNRPS-1/2	5910	4261	4330	97.143	1.66e-23
FC61B9MAAXX:6:98:433:181#0/2	67	1	67	smNRPS-1/2	5910	5324	5390	98.507	1.66e-23
FC61B9MAAXX:6:104:658:1387#0/1	70	70	1	smNRPS-1/2	5910	5291	5360	97.143	1.66e-23
FC61B9MAAXX:6:27:713:357#0/2	71	1	71	smNRPS-1/2	5910	3621	3691	97.183	4.61e-24
FC61B9MAAXX:6:37:1002:1116#0/2	71	71	1	smNRPS-1/2	5910	2590	2660	97.183	4.61e-24
FC61B9MAAXX:6:37:1316:1391#0/2	71	1	71	smNRPS-1/2	5910	5293	5363	97.183	4.61e-24
FC61B9MAAXX:6:41:206:1615#0/2	71	71	1	smNRPS-1/2	5910	2308	2378	97.183	4.61e-24
FC61B9MAAXX:6:43:1046:1974#0/2	71	71	1	smNRPS-1/2	5910	4871	4941	97.183	4.61e-24
FC61B9MAAXX:6:76:1059:109#0/2	71	1	71	smNRPS-1/2	5910	1564	1634	97.183	4.61e-24
FC61B9MAAXX:6:77:777:1261#0/2	71	71	1	smNRPS-1/2	5910	2321	2391	97.183	4.61e-24
FC61B9MAAXX:6:113:494:1555#0/2	68	1	68	smNRPS-1/2	5910	5228	5295	98.529	4.61e-24
FC61B9MAAXX:6:47:1139:575#0/2	69	1	69	smNRPS-1/2	5910	1894	1962	98.551	1.28e-24
FC61B9MAAXX:6:64:1348:1585#0/1	69	1	69	smNRPS-1/2	5910	5348	5416	98.551	1.28e-24
FC61B9MAAXX:6:103:104:26#0/1	69	1	69	smNRPS-1/2	5910	2865	2933	98.551	1.28e-24
FC61B9MAAXX:6:107:1184:1537#0/1	70	1	70	smNRPS-1/2	5910	487	556	98.571	3.57e-25
FC61B9MAAXX:6:115:609:89#0/2	70	1	70	smNRPS-1/2	5910	1573	1642	98.571	3.57e-25
FC61B9MAAXX:6:100:503:1485#0/1	70	70	1	smNRPS-1/2	5910	1978	2048	98.592	3.57e-25
FC61B9MAAXX:6:16:815:968#0/2	71	71	1	smNRPS-1/2	5910	5307	5377	98.592	9.92e-26
FC61B9MAAXX:6:49:1156:346#0/2	71	1	71	smNRPS-1/2	5910	1551	1621	98.592	9.92e-26
FC61B9MAAXX:6:60:1226:682#0/2	71	1	71	smNRPS-1/2	5910	2551	2621	98.592	9.92e-26
FC61B9MAAXX:6:64:1348:1585#0/2	71	71	1	smNRPS-1/2	5910	5588	5658	98.592	9.92e-26
FC61B9MAAXX:6:66:931:321#0/2	71	71	1	smNRPS-1/2	5910	1219	1289	98.592	9.92e-26
FC61B9MAAXX:6:79:567:2007#0/2	71	1	71	smNRPS-1/2	5910	5152	5222	98.592	9.92e-26
FC61B9MAAXX:6:98:1125:1261#0/2	71	1	71	smNRPS-1/2	5910	194	264	98.592	9.92e-26
FC61B9MAAXX:6:79:567:2007#0/1	69	69	1	smNRPS-1/2	5910	5404	5472	100	2.76e-26
FC61B9MAAXX:6:90:119:1458#0/1	70	69	1	smNRPS-1/2	5910	2694	2762	100	2.76e-26
FC61B9MAAXX:6:103:104:26#0/2	69	69	1	smNRPS-1/2	5910	3106	3174	100	2.76e-26
FC61B9MAAXX:6:28:346:986#0/1	69	1	69	smNRPS-1/2	5910	3115	3183	100	2.76e-26
FC61B9MAAXX:6:3:1014:1612#0/1	70	70	1	smNRPS-1/2	5910	4734	4803	100	7.67e-27
FC61B9MAAXX:6:13:686:816#0/1	70	70	1	smNRPS-1/2	5910	5192	5261	100	7.67e-27
FC61B9MAAXX:6:60:1226:682#0/1	70	70	1	smNRPS-1/2	5910	2789	2858	100	7.67e-27
FC61B9MAAXX:6:62:1624:974#0/1	70	70	1	smNRPS-1/2	5910	1910	1979	100	7.67e-27
FC61B9MAAXX:6:71:1580:742#0/1	70	70	1	smNRPS-1/2	5910	1234	1303	100	7.67e-27
FC61B9MAAXX:6:75:1259:71#0/1	70	70	1	smNRPS-1/2	5910	54	123	100	7.67e-27
FC61B9MAAXX:6:98:1125:1261#0/1	70	70	1	smNRPS-1/2	5910	408	477	100	7.67e-27
FC61B9MAAXX:6:103:1639:372#0/1	70	1	70	smNRPS-1/2	5910	5048	5117	100	7.67e-27
FC61B9MAAXX:6:113:456:196#0/1	70	70	1	smNRPS-1/2	5910	979	1048	100	7.67e-27
FC61B9MAAXX:6:113:494:1555#0/1	70	70	1	smNRPS-1/2	5910	5467	5536	100	7.67e-27
FC61B9MAAXX:6:117:981:1940#0/1	70	1	70	smNRPS-1/2	5910	5803	5872	100	7.67e-27
FC61B9MAAXX:6:21:685:12#0/1	70	70	1	smNRPS-1/2	5910	1862	1931	100	7.67e-27
FC61B9MAAXX:6:24:57:632#0/1	70	70	1	smNRPS-1/2	5910	4597	4666	100	7.67e-27
FC61B9MAAXX:6:13:686:816#0/2	71	1	71	smNRPS-1/2	5910	4948	5018	100	2.13e-27
FC61B9MAAXX:6:21:1540:1527#0/2	71	1	71	smNRPS-1/2	5910	1228	1298	100	2.13e-27
FC61B9MAAXX:6:30:1703:1748#0/2	71	1	71	smNRPS-1/2	5910	521	591	100	2.13e-27
FC61B9MAAXX:6:62:1624:974#0/2	71	1	71	smNRPS-1/2	5910	1683	1753	100	2.13e-27
FC61B9MAAXX:6:67:814:1343#0/2	71	71	1	smNRPS-1/2	5910	2684	2754	100	2.13e-27
FC61B9MAAXX:6:90:119:1458#0/2	71	1	71	smNRPS-1/2	5910	2463	2533	100	2.13e-27
FC61B9MAAXX:6:92:1878:1615#0/2	71	1	71	smNRPS-1/2	5910	4021	4091	100	2.13e-27
FC61B9MAAXX:6:105:273:1633#0/2	71	71	1	smNRPS-1/2	5910	2689	2759	100	2.13e-27
FC61B9MAAXX:6:79:1113:1860#0/1	39	39	1	smNRPS-1/2	5910	4166	4204	97.436	6.17e-8
FC61B9MAAXX:6:49:1156:346#0/1	38	1	38	smNRPS-1/2	5910	4108	4145	100	4.77e-9
FC61B9MAAXX:6:94:574:1875#0/2	41	41	1	smNRPS-1/2	5910	3559	3599	97.561	4.77e-9
FC61B9MAAXX:6:25:1457:1310#0/1	40	1	40	smNRPS-1/2	5910	1019	1058	100	3.69e-10
FC61B9MAAXX:6:32:1020:748#0/2	43	1	43	smNRPS-1/2	5910	1478	1520	97.674	3.69e-10
FC61B9MAAXX:6:33:598:1894#0/2	42	1	42	smNRPS-1/2	5910	3802	3843	100	2.85e-11
FC61B9MAAXX:6:29:1663:744#0/1	46	46	1	smNRPS-1/2	5910	1240	1285	97.826	7.93e-12
FC61B9MAAXX:6:111:792:1468#0/2	49	49	1	smNRPS-1/2	5910	2053	2101	95.918	7.93e-12
FC61B9MAAXX:6:13:260:1152#0/1	47	1	47	smNRPS-1/2	5910	606	652	100	4.74e-14
FC61B9MAAXX:6:76:1129:1846#0/2	47	47	1	smNRPS-1/2	5910	615	661	100	4.74e-14
FC61B9MAAXX:6:54:1609:1705#0/1	54	1	54	smNRPS-1/2	5910	1872	1925	96.296	1.32e-14
FC61B9MAAXX:6:4:1508:1509#0/2	51	1	51	smNRPS-1/2	5910	2535	2585	100	2.83e-16
FC61B9MAAXX:6:57:1220:182#0/2	51	51	1	smNRPS-1/2	5910	5755	5805	100	2.83e-16
FC61B9MAAXX:6:98:433:181#0/1	54	1	54	smNRPS-1/2	5910	250	303	98.148	2.83e-16
FC61B9MAAXX:6:71:1580:742#0/2	58	58	1	smNRPS-1/2	5910	4903	4960	96.552	7.87e-17
FC61B9MAAXX:6:59:770:1243#0/2	53	53	1	smNRPS-1/2	5910	1026	1078	100	2.19e-17
FC61B9MAAXX:6:67:1686:1494#0/2	53	53	1	smNRPS-1/2	5910	5732	5784	100	2.19e-17
FC61B9MAAXX:6:9:444:1416#0/2	65	65	1	smNRPS-1/2	5910	4214	4278	95.385	4.7e-19
FC61B9MAAXX:6:36:745:1132#0/2	56	56	1	smNRPS-1/2	5910	4177	4232	100	4.7e-19
FC61B9MAAXX:6:25:1457:1310#0/2	61	61	2	smNRPS-1/2	5910	1267	1326	98.333	1.31e-19
FC61B9MAAXX:6:40:900:697#0/1	64	1	64	smNRPS-1/2	5910	2070	2133	96.875	3.64e-20
FC61B9MAAXX:6:112:1727:62#0/2	58	58	1	smNRPS-1/2	5910	2956	3013	100	3.64e-20
FC61B9MAAXX:6:30:1201:1223#0/1	70	1	65	smNRPS-1/2	5910	313	377	96.923	1.01e-20
FC61B9MAAXX:6:30:1201:1223#0/2	69	69	1	smNRPS-1/2	5910	524	592	95.652	2.81e-21
FC61B9MAAXX:6:34:516:886#0/2	60	1	60	smNRPS-1/2	5910	4095	4154	100	2.81e-21
FC61B9MAAXX:6:47:1664:98#0/1	63	1	63	smNRPS-1/2	5910	3035	3097	98.413	2.81e-21
FC61B9MAAXX:6:62:1397:757#0/1	70	5	70	smNRPS-1/2	5910	3886	3951	96.97	2.81e-21
FC61B9MAAXX:6:77:777:1261#0/1	68	68	6	smNRPS-1/2	5910	3820	3882	98.413	2.81e-21
FC61B9MAAXX:6:11:1228:1701#0/1	69	69	1	smNRPS-1/2	5910	3901	3969	95.652	2.81e-21
FC61B9MAAXX:6:9:1470:739#0/1	70	70	1	smNRPS-1/2	5910	3462	3531	95.714	7.81e-22
FC61B9MAAXX:6:31:94:1042#0/1	70	70	1	smNRPS-1/2	5910	5551	5620	95.714	7.81e-22
FC61B9MAAXX:6:33:513:1462#0/2	68	67	1	smNRPS-1/2	5910	524	590	97.015	7.81e-22
FC61B9MAAXX:6:67:814:1343#0/1	70	70	1	smNRPS-1/2	5910	3456	3525	95.714	7.81e-22
FC61B9MAAXX:6:91:428:1813#0/2	64	1	64	smNRPS-1/2	5910	1305	1368	98.438	7.81e-22
FC61B9MAAXX:6:105:273:1633#0/1	70	70	1	smNRPS-1/2	5910	3449	3518	95.714	7.81e-22
FC61B9MAAXX:6:5:1262:807#0/1	68	1	68	smNRPS-1/2	5910	2494	2561	97.059	2.17e-22
FC61B9MAAXX:6:101:707:1785#0/2	71	1	71	smNRPS-1/2	5910	1109	1179	95.775	2.17e-22
FC61B9MAAXX:6:103:1318:1537#0/2	71	1	71	smNRPS-1/2	5910	5609	5679	95.775	2.17e-22
FC61B9MAAXX:6:115:609:89#0/1	62	1	62	smNRPS-1/2	5910	4068	4129	100	2.17e-22
FC61B9MAAXX:6:1:1215:1768#0/1	63	63	1	smNRPS-1/2	5910	1017	1079	100	6.04e-23
FC61B9MAAXX:6:10:463:1176#0/2	69	69	4	smNRPS-1/2	5910	3434	3499	98.485	6.04e-23
FC61B9MAAXX:6:14:108:1384#0/1	69	69	1	smNRPS-1/2	5910	1422	1490	97.101	6.04e-23
FC61B9MAAXX:6:37:1253:494#0/2	70	2	70	smNRPS-1/2	5910	4887	4955	97.101	6.04e-23
FC61B9MAAXX:6:57:1220:182#0/1	69	1	69	smNRPS-1/2	5910	5495	5563	97.101	6.04e-23
FC61B9MAAXX:6:94:574:1875#0/1	69	1	69	smNRPS-1/2	5910	3297	3365	97.101	6.04e-23
FC61B9MAAXX:6:118:922:1105#0/1	69	69	1	smNRPS-1/2	5910	1455	1523	97.101	6.04e-23
FC61B9MAAXX:6:9:444:1416#0/1	70	1	70	smNRPS-1/2	5910	3959	4028	97.143	1.68e-23
FC61B9MAAXX:6:13:244:1949#0/2	70	1	70	smNRPS-1/2	5910	1185	1254	97.143	1.68e-23
FC61B9MAAXX:6:15:531:558#0/1	70	70	1	smNRPS-1/2	5910	98	167	97.143	1.68e-23
FC61B9MAAXX:6:20:700:1264#0/1	70	70	1	smNRPS-1/2	5910	533	602	97.143	1.68e-23
FC61B9MAAXX:6:23:1310:1909#0/1	70	70	1	smNRPS-1/2	5910	3720	3789	97.143	1.68e-23
FC61B9MAAXX:6:23:1575:1135#0/1	70	1	70	smNRPS-1/2	5910	1987	2056	97.143	1.68e-23
FC61B9MAAXX:6:37:65:1298#0/2	70	70	1	smNRPS-1/2	5910	3132	3201	97.143	1.68e-23
FC61B9MAAXX:6:37:1316:1391#0/1	67	1	67	smNRPS-1/2	5910	363	429	98.507	1.68e-23
FC61B9MAAXX:6:38:99:1359#0/2	71	1	70	smNRPS-1/2	5910	3542	3611	97.143	1.68e-23
FC61B9MAAXX:6:42:340:1880#0/1	70	1	70	smNRPS-1/2	5910	5145	5214	97.143	1.68e-23
FC61B9MAAXX:6:43:392:1247#0/1	70	1	70	smNRPS-1/2	5910	2704	2773	97.143	1.68e-23
FC61B9MAAXX:6:48:1744:769#0/1	70	1	70	smNRPS-1/2	5910	5488	5557	97.143	1.68e-23
FC61B9MAAXX:6:51:1029:1325#0/1	70	1	70	smNRPS-1/2	5910	5674	5743	97.143	1.68e-23
FC61B9MAAXX:6:55:1121:1358#0/1	70	70	1	smNRPS-1/2	5910	3481	3550	97.143	1.68e-23
FC61B9MAAXX:6:55:1498:1366#0/1	70	1	70	smNRPS-1/2	5910	2604	2673	97.143	1.68e-23
FC61B9MAAXX:6:65:1335:927#0/1	70	70	1	smNRPS-1/2	5910	4989	5058	97.143	1.68e-23
FC61B9MAAXX:6:66:931:321#0/1	70	70	1	smNRPS-1/2	5910	4905	4974	97.143	1.68e-23
FC61B9MAAXX:6:67:1686:1494#0/1	70	1	70	smNRPS-1/2	5910	5485	5554	97.143	1.68e-23
FC61B9MAAXX:6:68:1503:1786#0/1	70	1	70	smNRPS-1/2	5910	5139	5208	97.143	1.68e-23
FC61B9MAAXX:6:74:589:1592#0/1	70	70	1	smNRPS-1/2	5910	3485	3554	97.143	1.68e-23
FC61B9MAAXX:6:87:1233:1392#0/1	70	70	1	smNRPS-1/2	5910	1984	2053	97.143	1.68e-23
FC61B9MAAXX:6:92:1443:803#0/1	70	1	70	smNRPS-1/2	5910	102	171	97.143	1.68e-23
FC61B9MAAXX:6:93:465:1575#0/1	70	70	1	smNRPS-1/2	5910	3084	3153	97.143	1.68e-23
FC61B9MAAXX:6:98:1195:772#0/1	70	70	1	smNRPS-1/2	5910	3092	3161	97.143	1.68e-23
FC61B9MAAXX:6:106:483:328#0/1	70	70	1	smNRPS-1/2	5910	1830	1899	97.143	1.68e-23
FC61B9MAAXX:6:106:1293:383#0/1	70	70	1	smNRPS-1/2	5910	3107	3176	97.143	1.68e-23
FC61B9MAAXX:6:109:1367:221#0/1	70	70	1	smNRPS-1/2	5910	1189	1258	97.143	1.68e-23
FC61B9MAAXX:6:113:180:1686#0/1	70	70	1	smNRPS-1/2	5910	3122	3191	97.143	1.68e-23
FC61B9MAAXX:6:115:740:522#0/1	70	70	1	smNRPS-1/2	5910	2486	2555	97.143	1.68e-23
FC61B9MAAXX:6:21:225:1371#0/1	67	1	67	smNRPS-1/2	5910	2126	2192	98.507	1.68e-23
FC61B9MAAXX:6:3:751:2034#0/2	71	71	1	smNRPS-1/2	5910	2632	2702	97.183	4.67e-24
FC61B9MAAXX:6:9:499:734#0/2	71	71	1	smNRPS-1/2	5910	2581	2651	97.183	4.67e-24
FC61B9MAAXX:6:16:1428:302#0/2	71	71	1	smNRPS-1/2	5910	2627	2697	97.183	4.67e-24
FC61B9MAAXX:6:23:1310:1909#0/2	71	1	71	smNRPS-1/2	5910	3477	3547	97.183	4.67e-24
FC61B9MAAXX:6:29:1663:744#0/2	71	1	71	smNRPS-1/2	5910	963	1033	97.183	4.67e-24
FC61B9MAAXX:6:34:336:190#0/2	71	71	1	smNRPS-1/2	5910	4953	5023	97.183	4.67e-24
FC61B9MAAXX:6:37:214:672#0/2	71	1	71	smNRPS-1/2	5910	2075	2145	97.183	4.67e-24
FC61B9MAAXX:6:48:1034:514#0/2	71	71	1	smNRPS-1/2	5910	113	183	97.183	4.67e-24
FC61B9MAAXX:6:49:1560:1060#0/2	71	71	1	smNRPS-1/2	5910	101	171	97.183	4.67e-24
FC61B9MAAXX:6:54:1609:1705#0/2	71	71	1	smNRPS-1/2	5910	2073	2143	97.183	4.67e-24
FC61B9MAAXX:6:55:1498:1366#0/2	68	68	1	smNRPS-1/2	5910	2854	2921	98.529	4.67e-24
FC61B9MAAXX:6:59:1077:1653#0/1	70	3	70	smNRPS-1/2	5910	5148	5215	98.529	4.67e-24
FC61B9MAAXX:6:75:771:64#0/2	71	71	1	smNRPS-1/2	5910	5156	5226	97.183	4.67e-24
FC61B9MAAXX:6:76:1129:1846#0/1	68	1	68	smNRPS-1/2	5910	361	428	98.529	4.67e-24
FC61B9MAAXX:6:79:279:606#0/1	70	68	1	smNRPS-1/2	5910	1432	1499	98.529	4.67e-24
FC61B9MAAXX:6:79:1113:1860#0/2	71	1	71	smNRPS-1/2	5910	3891	3961	97.183	4.67e-24
FC61B9MAAXX:6:87:1768:1479#0/2	71	71	1	smNRPS-1/2	5910	2484	2554	97.183	4.67e-24
FC61B9MAAXX:6:92:110:301#0/2	71	71	1	smNRPS-1/2	5910	3095	3165	97.183	4.67e-24
FC61B9MAAXX:6:103:1639:372#0/2	71	1	71	smNRPS-1/2	5910	525	595	97.183	4.67e-24
FC61B9MAAXX:6:107:1184:1537#0/2	71	1	71	smNRPS-1/2	5910	5162	5232	97.183	4.67e-24
FC61B9MAAXX:6:109:1367:221#0/2	71	1	71	smNRPS-1/2	5910	953	1023	97.183	4.67e-24
FC61B9MAAXX:6:109:1649:1102#0/2	71	1	71	smNRPS-1/2	5910	2079	2149	97.183	4.67e-24
FC61B9MAAXX:6:110:1247:123#0/2	71	71	1	smNRPS-1/2	5910	923	993	97.183	4.67e-24
FC61B9MAAXX:6:119:893:1215#0/2	71	1	71	smNRPS-1/2	5910	3557	3627	97.183	4.67e-24
FC61B9MAAXX:6:120:423:595#0/1	68	1	68	smNRPS-1/2	5910	1243	1310	98.529	4.67e-24
FC61B9MAAXX:6:32:1795:1500#0/2	71	71	1	smNRPS-1/2	5910	2704	2774	97.183	4.67e-24
FC61B9MAAXX:6:13:793:697#0/1	69	1	69	smNRPS-1/2	5910	3404	3472	98.551	1.3e-24
FC61B9MAAXX:6:33:598:1894#0/1	66	66	1	smNRPS-1/2	5910	4058	4123	100	1.3e-24
FC61B9MAAXX:6:62:609:1265#0/1	69	69	1	smNRPS-1/2	5910	5513	5581	98.551	1.3e-24
FC61B9MAAXX:6:95:1416:1420#0/1	70	2	70	smNRPS-1/2	5910	2006	2074	98.551	1.3e-24
FC61B9MAAXX:6:3:751:2034#0/1	70	1	70	smNRPS-1/2	5910	2415	2484	98.571	3.61e-25
FC61B9MAAXX:6:4:1508:1509#0/1	70	70	1	smNRPS-1/2	5910	2773	2842	98.571	3.61e-25
FC61B9MAAXX:6:6:575:791#0/1	70	70	1	smNRPS-1/2	5910	135	204	98.571	3.61e-25
FC61B9MAAXX:6:8:335:221#0/1	70	1	70	smNRPS-1/2	5910	1680	1749	98.571	3.61e-25
FC61B9MAAXX:6:8:639:1631#0/2	70	70	1	smNRPS-1/2	5910	2899	2968	98.571	3.61e-25
FC61B9MAAXX:6:11:425:594#0/2	70	1	67	smNRPS-1/2	5910	3398	3464	100	3.61e-25
FC61B9MAAXX:6:13:244:1949#0/1	70	70	1	smNRPS-1/2	5910	1399	1468	98.571	3.61e-25
FC61B9MAAXX:6:14:1715:1245#0/1	70	1	70	smNRPS-1/2	5910	1877	1946	98.571	3.61e-25
FC61B9MAAXX:6:16:1428:302#0/1	70	1	70	smNRPS-1/2	5910	2370	2439	98.571	3.61e-25
FC61B9MAAXX:6:25:747:1588#0/1	70	1	70	smNRPS-1/2	5910	2414	2483	98.571	3.61e-25
FC61B9MAAXX:6:32:500:237#0/1	70	1	70	smNRPS-1/2	5910	3602	3671	98.571	3.61e-25
FC61B9MAAXX:6:32:1020:748#0/1	70	70	1	smNRPS-1/2	5910	1723	1792	98.571	3.61e-25
FC61B9MAAXX:6:34:336:190#0/1	70	1	70	smNRPS-1/2	5910	4742	4811	98.571	3.61e-25
FC61B9MAAXX:6:35:916:1888#0/1	70	70	1	smNRPS-1/2	5910	3408	3477	98.571	3.61e-25
FC61B9MAAXX:6:36:745:1132#0/1	70	1	70	smNRPS-1/2	5910	3926	3995	98.571	3.61e-25
FC61B9MAAXX:6:37:65:1298#0/1	70	1	70	smNRPS-1/2	5910	2881	2950	98.571	3.61e-25
FC61B9MAAXX:6:37:1253:494#0/1	70	70	1	smNRPS-1/2	5910	5121	5190	98.571	3.61e-25
FC61B9MAAXX:6:38:826:1606#0/1	70	70	1	smNRPS-1/2	5910	3058	3127	98.571	3.61e-25
FC61B9MAAXX:6:39:1775:1184#0/1	70	1	70	smNRPS-1/2	5910	4532	4601	98.571	3.61e-25
FC61B9MAAXX:6:42:1770:1503#0/1	70	1	70	smNRPS-1/2	5910	3358	3427	98.571	3.61e-25
FC61B9MAAXX:6:44:524:963#0/1	70	1	70	smNRPS-1/2	5910	690	759	98.571	3.61e-25
FC61B9MAAXX:6:44:1236:492#0/1	70	70	1	smNRPS-1/2	5910	5346	5415	98.571	3.61e-25
FC61B9MAAXX:6:44:1313:954#0/1	70	70	1	smNRPS-1/2	5910	661	730	98.571	3.61e-25
FC61B9MAAXX:6:51:1450:449#0/1	70	70	1	smNRPS-1/2	5910	3404	3473	98.571	3.61e-25
FC61B9MAAXX:6:54:757:1037#0/1	70	1	70	smNRPS-1/2	5910	2697	2766	98.571	3.61e-25
FC61B9MAAXX:6:57:1607:1226#0/1	70	1	70	smNRPS-1/2	5910	1255	1324	98.571	3.61e-25
FC61B9MAAXX:6:63:1810:1471#0/1	70	1	70	smNRPS-1/2	5910	1383	1452	98.571	3.61e-25
FC61B9MAAXX:6:69:1595:1382#0/1	67	1	67	smNRPS-1/2	5910	3374	3440	100	3.61e-25
FC61B9MAAXX:6:69:1595:1382#0/2	70	70	1	smNRPS-1/2	5910	3524	3593	98.571	3.61e-25
FC61B9MAAXX:6:70:1434:1154#0/1	70	70	1	smNRPS-1/2	5910	3607	3676	98.571	3.61e-25
FC61B9MAAXX:6:73:1597:1667#0/1	70	1	70	smNRPS-1/2	5910	1678	1747	98.571	3.61e-25
FC61B9MAAXX:6:75:1078:1911#0/1	70	70	1	smNRPS-1/2	5910	3047	3116	98.571	3.61e-25
FC61B9MAAXX:6:85:42:1196#0/1	70	70	1	smNRPS-1/2	5910	574	643	98.571	3.61e-25
FC61B9MAAXX:6:88:1173:11#0/1	70	1	70	smNRPS-1/2	5910	4943	5012	98.571	3.61e-25
FC61B9MAAXX:6:91:428:1813#0/1	70	70	1	smNRPS-1/2	5910	1564	1633	98.571	3.61e-25
FC61B9MAAXX:6:92:110:301#0/1	70	1	70	smNRPS-1/2	5910	2857	2926	98.571	3.61e-25
FC61B9MAAXX:6:92:1258:303#0/1	70	1	70	smNRPS-1/2	5910	1644	1713	98.571	3.61e-25
FC61B9MAAXX:6:92:1443:803#0/2	70	70	1	smNRPS-1/2	5910	357	426	98.571	3.61e-25
FC61B9MAAXX:6:101:782:1543#0/1	70	1	70	smNRPS-1/2	5910	4118	4187	98.571	3.61e-25
FC61B9MAAXX:6:102:1272:545#0/1	70	1	70	smNRPS-1/2	5910	706	775	98.571	3.61e-25
FC61B9MAAXX:6:106:1574:1606#0/1	70	70	1	smNRPS-1/2	5910	649	718	98.571	3.61e-25
FC61B9MAAXX:6:106:1574:1606#0/2	70	1	70	smNRPS-1/2	5910	428	497	98.571	3.61e-25
FC61B9MAAXX:6:107:1205:547#0/1	70	70	1	smNRPS-1/2	5910	68	137	98.571	3.61e-25
FC61B9MAAXX:6:110:1247:123#0/1	70	1	70	smNRPS-1/2	5910	696	765	98.571	3.61e-25
FC61B9MAAXX:6:116:353:1359#0/2	70	1	70	smNRPS-1/2	5910	1581	1650	98.571	3.61e-25
FC61B9MAAXX:6:118:922:1105#0/2	70	1	70	smNRPS-1/2	5910	1225	1294	98.571	3.61e-25
FC61B9MAAXX:6:15:1218:501#0/1	70	1	70	smNRPS-1/2	5910	1582	1651	98.571	3.61e-25
FC61B9MAAXX:6:69:1224:813#0/1	70	70	1	smNRPS-1/2	5910	1323	1392	98.571	3.61e-25
FC61B9MAAXX:6:5:1262:807#0/2	71	71	1	smNRPS-1/2	5910	2512	2582	98.592	1e-25
FC61B9MAAXX:6:7:243:33#0/2	71	1	71	smNRPS-1/2	5910	5110	5180	98.592	1e-25
FC61B9MAAXX:6:12:751:1982#0/2	71	1	71	smNRPS-1/2	5910	394	464	98.592	1e-25
FC61B9MAAXX:6:13:793:697#0/2	71	71	1	smNRPS-1/2	5910	3640	3710	98.592	1e-25
FC61B9MAAXX:6:16:1670:1377#0/2	71	71	1	smNRPS-1/2	5910	73	143	98.592	1e-25
FC61B9MAAXX:6:20:93:130#0/2	71	1	71	smNRPS-1/2	5910	3022	3092	98.592	1e-25
FC61B9MAAXX:6:21:188:851#0/1	70	68	1	smNRPS-1/2	5910	4933	5000	100	1e-25
FC61B9MAAXX:6:24:68:541#0/2	71	71	1	smNRPS-1/2	5910	2131	2201	98.592	1e-25
FC61B9MAAXX:6:38:826:1606#0/2	71	1	71	smNRPS-1/2	5910	2828	2898	98.592	1e-25
FC61B9MAAXX:6:42:340:1880#0/2	71	71	1	smNRPS-1/2	5910	5371	5441	98.592	1e-25
FC61B9MAAXX:6:42:1755:711#0/2	71	71	1	smNRPS-1/2	5910	4740	4810	98.592	1e-25
FC61B9MAAXX:6:42:1770:1503#0/2	71	71	1	smNRPS-1/2	5910	3609	3679	98.592	1e-25
FC61B9MAAXX:6:44:1236:492#0/2	71	1	71	smNRPS-1/2	5910	5113	5183	98.592	1e-25
FC61B9MAAXX:6:44:1313:954#0/2	71	1	71	smNRPS-1/2	5910	435	505	98.592	1e-25
FC61B9MAAXX:6:45:822:782#0/1	70	1	68	smNRPS-1/2	5910	5523	5590	100	1e-25
FC61B9MAAXX:6:47:1664:98#0/2	71	71	1	smNRPS-1/2	5910	3255	3325	98.592	1e-25
FC61B9MAAXX:6:48:1765:1808#0/1	68	68	1	smNRPS-1/2	5910	1022	1089	100	1e-25
FC61B9MAAXX:6:54:1359:324#0/2	71	1	71	smNRPS-1/2	5910	2762	2832	98.592	1e-25
FC61B9MAAXX:6:55:1121:1358#0/2	71	1	71	smNRPS-1/2	5910	3244	3314	98.592	1e-25
FC61B9MAAXX:6:59:1077:1653#0/2	71	71	1	smNRPS-1/2	5910	5367	5437	98.592	1e-25
FC61B9MAAXX:6:63:1810:1471#0/2	71	71	1	smNRPS-1/2	5910	1625	1695	98.592	1e-25
FC61B9MAAXX:6:68:1503:1786#0/2	71	71	1	smNRPS-1/2	5910	5364	5434	98.592	1e-25
FC61B9MAAXX:6:74:157:1649#0/2	71	1	71	smNRPS-1/2	5910	2758	2828	98.592	1e-25
FC61B9MAAXX:6:75:1078:1911#0/2	71	1	71	smNRPS-1/2	5910	2803	2873	98.592	1e-25
FC61B9MAAXX:6:79:279:606#0/2	71	1	71	smNRPS-1/2	5910	1199	1269	98.592	1e-25
FC61B9MAAXX:6:82:1717:352#0/2	71	1	71	smNRPS-1/2	5910	3618	3688	98.592	1e-25
FC61B9MAAXX:6:85:42:1196#0/2	71	1	71	smNRPS-1/2	5910	343	413	98.592	1e-25
FC61B9MAAXX:6:98:562:1393#0/2	71	1	71	smNRPS-1/2	5910	1561	1631	98.592	1e-25
FC61B9MAAXX:6:99:1826:1416#0/1	68	68	1	smNRPS-1/2	5910	5844	5911	100	1e-25
FC61B9MAAXX:6:101:707:1785#0/1	69	68	1	smNRPS-1/2	5910	1328	1395	100	1e-25
FC61B9MAAXX:6:106:1293:383#0/2	71	1	71	smNRPS-1/2	5910	2857	2927	98.592	1e-25
FC61B9MAAXX:6:107:660:653#0/2	71	1	71	smNRPS-1/2	5910	1314	1384	98.592	1e-25
FC61B9MAAXX:6:107:873:503#0/2	71	71	1	smNRPS-1/2	5910	1577	1647	98.592	1e-25
FC61B9MAAXX:6:113:180:1686#0/2	71	1	71	smNRPS-1/2	5910	2895	2965	98.592	1e-25
FC61B9MAAXX:6:116:353:1359#0/1	70	68	1	smNRPS-1/2	5910	1861	1928	100	1e-25
FC61B9MAAXX:6:116:1383:291#0/2	71	1	71	smNRPS-1/2	5910	4531	4601	98.592	1e-25
FC61B9MAAXX:6:118:1071:1356#0/2	71	1	71	smNRPS-1/2	5910	5105	5175	98.592	1e-25
FC61B9MAAXX:6:12:751:1982#0/1	69	69	1	smNRPS-1/2	5910	642	710	100	2.79e-26
FC61B9MAAXX:6:40:900:697#0/2	69	69	1	smNRPS-1/2	5910	2303	2371	100	2.79e-26
FC61B9MAAXX:6:74:157:1649#0/1	70	70	2	smNRPS-1/2	5910	2976	3044	100	2.79e-26
FC61B9MAAXX:6:118:1071:1356#0/1	70	70	2	smNRPS-1/2	5910	5339	5407	100	2.79e-26
FC61B9MAAXX:6:28:161:1991#0/2	69	69	1	smNRPS-1/2	5910	1598	1666	100	2.79e-26
FC61B9MAAXX:6:92:480:1723#0/2	71	1	69	smNRPS-1/2	5910	861	929	100	2.79e-26
FC61B9MAAXX:6:7:243:33#0/1	70	70	1	smNRPS-1/2	5910	5335	5404	100	7.76e-27
FC61B9MAAXX:6:8:639:1631#0/1	70	1	70	smNRPS-1/2	5910	2660	2729	100	7.76e-27
FC61B9MAAXX:6:9:499:734#0/1	70	1	70	smNRPS-1/2	5910	2339	2408	100	7.76e-27
FC61B9MAAXX:6:10:463:1176#0/1	70	1	70	smNRPS-1/2	5910	3194	3263	100	7.76e-27
FC61B9MAAXX:6:16:815:968#0/1	70	70	1	smNRPS-1/2	5910	756	825	100	7.76e-27
FC61B9MAAXX:6:22:1641:187#0/1	70	70	1	smNRPS-1/2	5910	5287	5356	100	7.76e-27
FC61B9MAAXX:6:24:68:541#0/1	70	1	70	smNRPS-1/2	5910	1882	1951	100	7.76e-27
FC61B9MAAXX:6:33:513:1462#0/1	70	1	70	smNRPS-1/2	5910	292	361	100	7.76e-27
FC61B9MAAXX:6:37:214:672#0/1	70	70	1	smNRPS-1/2	5910	2310	2379	100	7.76e-27
FC61B9MAAXX:6:43:805:690#0/1	70	1	70	smNRPS-1/2	5910	714	783	100	7.76e-27
FC61B9MAAXX:6:44:507:484#0/1	70	70	1	smNRPS-1/2	5910	861	930	100	7.76e-27
FC61B9MAAXX:6:47:1139:575#0/1	70	1	70	smNRPS-1/2	5910	3786	3855	100	7.76e-27
FC61B9MAAXX:6:48:1744:769#0/2	70	70	1	smNRPS-1/2	5910	5745	5814	100	7.76e-27
FC61B9MAAXX:6:54:1359:324#0/1	70	70	1	smNRPS-1/2	5910	2983	3052	100	7.76e-27
FC61B9MAAXX:6:59:770:1243#0/1	70	1	70	smNRPS-1/2	5910	782	851	100	7.76e-27
FC61B9MAAXX:6:75:771:64#0/1	70	1	70	smNRPS-1/2	5910	4933	5002	100	7.76e-27
FC61B9MAAXX:6:76:1059:109#0/1	70	1	70	smNRPS-1/2	5910	4069	4138	100	7.76e-27
FC61B9MAAXX:6:79:366:1775#0/1	70	70	1	smNRPS-1/2	5910	163	232	100	7.76e-27
FC61B9MAAXX:6:87:298:1111#0/1	70	1	70	smNRPS-1/2	5910	5779	5848	100	7.76e-27
FC61B9MAAXX:6:87:1768:1479#0/1	70	1	70	smNRPS-1/2	5910	2246	2315	100	7.76e-27
FC61B9MAAXX:6:90:1020:1345#0/1	70	70	1	smNRPS-1/2	5910	2145	2214	100	7.76e-27
FC61B9MAAXX:6:103:1318:1537#0/1	70	70	1	smNRPS-1/2	5910	5833	5902	100	7.76e-27
FC61B9MAAXX:6:107:873:503#0/1	70	1	70	smNRPS-1/2	5910	1332	1401	100	7.76e-27
FC61B9MAAXX:6:109:1649:1102#0/1	70	70	1	smNRPS-1/2	5910	2317	2386	100	7.76e-27
FC61B9MAAXX:6:113:19:645#0/1	70	70	1	smNRPS-1/2	5910	1021	1090	100	7.76e-27
FC61B9MAAXX:6:113:438:1642#0/1	70	1	70	smNRPS-1/2	5910	5798	5867	100	7.76e-27
FC61B9MAAXX:6:116:1383:291#0/1	70	70	1	smNRPS-1/2	5910	4761	4830	100	7.76e-27
FC61B9MAAXX:6:119:893:1215#0/1	70	70	1	smNRPS-1/2	5910	3788	3857	100	7.76e-27
FC61B9MAAXX:6:119:1388:1201#0/1	70	1	70	smNRPS-1/2	5910	2657	2726	100	7.76e-27
FC61B9MAAXX:6:120:881:231#0/1	70	70	1	smNRPS-1/2	5910	3235	3304	100	7.76e-27
FC61B9MAAXX:6:1:1215:1768#0/2	71	1	71	smNRPS-1/2	5910	766	836	100	2.16e-27
FC61B9MAAXX:6:8:335:221#0/2	71	71	1	smNRPS-1/2	5910	1931	2001	100	2.16e-27
FC61B9MAAXX:6:9:1470:739#0/2	71	1	71	smNRPS-1/2	5910	3233	3303	100	2.16e-27
FC61B9MAAXX:6:13:260:1152#0/2	71	71	1	smNRPS-1/2	5910	837	907	100	2.16e-27
FC61B9MAAXX:6:14:1715:1245#0/2	71	71	1	smNRPS-1/2	5910	2108	2178	100	2.16e-27
FC61B9MAAXX:6:20:700:1264#0/2	71	1	71	smNRPS-1/2	5910	300	370	100	2.16e-27
FC61B9MAAXX:6:22:1641:187#0/2	71	1	71	smNRPS-1/2	5910	5047	5117	100	2.16e-27
FC61B9MAAXX:6:23:1575:1135#0/2	71	71	1	smNRPS-1/2	5910	2229	2299	100	2.16e-27
FC61B9MAAXX:6:25:747:1588#0/2	71	71	1	smNRPS-1/2	5910	2647	2717	100	2.16e-27
FC61B9MAAXX:6:31:94:1042#0/2	71	1	71	smNRPS-1/2	5910	5333	5403	100	2.16e-27
FC61B9MAAXX:6:35:916:1888#0/2	71	1	71	smNRPS-1/2	5910	3181	3251	100	2.16e-27
FC61B9MAAXX:6:39:1775:1184#0/2	71	71	1	smNRPS-1/2	5910	4767	4837	100	2.16e-27
FC61B9MAAXX:6:40:1434:1795#0/2	71	71	1	smNRPS-1/2	5910	2839	2909	100	2.16e-27
FC61B9MAAXX:6:43:392:1247#0/2	71	71	1	smNRPS-1/2	5910	2940	3010	100	2.16e-27
FC61B9MAAXX:6:44:507:484#0/2	71	1	71	smNRPS-1/2	5910	628	698	100	2.16e-27
FC61B9MAAXX:6:44:1572:1150#0/2	71	1	71	smNRPS-1/2	5910	5834	5904	100	2.16e-27
FC61B9MAAXX:6:45:822:782#0/2	71	71	1	smNRPS-1/2	5910	5778	5848	100	2.16e-27
FC61B9MAAXX:6:45:1715:696#0/2	71	1	71	smNRPS-1/2	5910	5265	5335	100	2.16e-27
FC61B9MAAXX:6:48:1765:1808#0/2	71	1	71	smNRPS-1/2	5910	788	858	100	2.16e-27
FC61B9MAAXX:6:51:1450:449#0/2	71	1	71	smNRPS-1/2	5910	3163	3233	100	2.16e-27
FC61B9MAAXX:6:54:757:1037#0/2	71	71	1	smNRPS-1/2	5910	2933	3003	100	2.16e-27
FC61B9MAAXX:6:62:609:1265#0/2	71	1	71	smNRPS-1/2	5910	5279	5349	100	2.16e-27
FC61B9MAAXX:6:65:1335:927#0/2	71	1	71	smNRPS-1/2	5910	4760	4830	100	2.16e-27
FC61B9MAAXX:6:70:1434:1154#0/2	71	1	71	smNRPS-1/2	5910	3373	3443	100	2.16e-27
FC61B9MAAXX:6:73:1597:1667#0/2	71	71	1	smNRPS-1/2	5910	1928	1998	100	2.16e-27
FC61B9MAAXX:6:74:589:1592#0/2	71	1	71	smNRPS-1/2	5910	3237	3307	100	2.16e-27
FC61B9MAAXX:6:87:1233:1392#0/2	71	1	71	smNRPS-1/2	5910	1713	1783	100	2.16e-27
FC61B9MAAXX:6:90:1020:1345#0/2	71	1	71	smNRPS-1/2	5910	1892	1962	100	2.16e-27
FC61B9MAAXX:6:92:1258:303#0/2	71	71	1	smNRPS-1/2	5910	1901	1971	100	2.16e-27
FC61B9MAAXX:6:93:465:1575#0/2	71	1	71	smNRPS-1/2	5910	2841	2911	100	2.16e-27
FC61B9MAAXX:6:95:1199:879#0/2	71	1	71	smNRPS-1/2	5910	5828	5898	100	2.16e-27
FC61B9MAAXX:6:95:1416:1420#0/2	71	71	1	smNRPS-1/2	5910	2245	2315	100	2.16e-27
FC61B9MAAXX:6:98:1195:772#0/2	71	1	71	smNRPS-1/2	5910	2838	2908	100	2.16e-27
FC61B9MAAXX:6:104:658:1387#0/2	71	71	1	smNRPS-1/2	5910	750	820	100	2.16e-27
FC61B9MAAXX:6:106:483:328#0/2	71	1	71	smNRPS-1/2	5910	1592	1662	100	2.16e-27
FC61B9MAAXX:6:107:862:1308#0/2	71	1	71	smNRPS-1/2	5910	858	928	100	2.16e-27
FC61B9MAAXX:6:109:782:1360#0/2	71	1	71	smNRPS-1/2	5910	5828	5898	100	2.16e-27
FC61B9MAAXX:6:113:19:645#0/2	71	1	71	smNRPS-1/2	5910	778	848	100	2.16e-27
FC61B9MAAXX:6:115:740:522#0/2	71	1	71	smNRPS-1/2	5910	2259	2329	100	2.16e-27
FC61B9MAAXX:6:119:1388:1201#0/2	71	71	1	smNRPS-1/2	5910	2921	2991	100	2.16e-27
FC61B9MAAXX:6:120:881:231#0/2	71	1	71	smNRPS-1/2	5910	2997	3067	100	2.16e-27
FC61B9MAAXX:6:105:1338:1548#0/2	71	71	1	smNRPS-1/2	5910	1718	1788	100	2.16e-27
