FC615H2AAXX:3:16:19008:20331#GGCTAC/1	43	43	1	smNRPS-1/2	5910	3930	3972	100	6.83e-12
FC615H2AAXX:3:107:1366:7268#GGCTAC/2	47	1	44	smNRPS-1/2	5910	3498	3541	100	1.9e-12
FC615H2AAXX:3:107:1366:7268#GGCTAC/1	52	52	1	smNRPS-1/2	5910	3771	3822	100	6.78e-17
FC615H2AAXX:3:111:15390:20009#GGCTAC/2	68	1	68	smNRPS-1/2	5910	2262	2329	100	8.64e-26
FC615H2AAXX:3:39:14687:2754#GGCTAC/1	69	69	1	smNRPS-1/2	5910	5096	5164	100	2.4e-26
FC615H2AAXX:3:9:5138:11589#GGCTAC/1	70	70	1	smNRPS-1/2	5910	247	316	100	6.68e-27
FC615H2AAXX:3:9:5138:11589#GGCTAC/2	73	4	73	smNRPS-1/2	5910	1	70	100	6.68e-27
FC615H2AAXX:3:29:18387:8723#GGCTAC/1	70	70	1	smNRPS-1/2	5910	5607	5676	100	6.68e-27
FC615H2AAXX:3:111:15390:20009#GGCTAC/1	70	70	1	smNRPS-1/2	5910	2502	2571	100	6.68e-27
FC615H2AAXX:3:29:18387:8723#GGCTAC/2	73	1	73	smNRPS-1/2	5910	5364	5436	100	1.44e-28
