B200YWABXX:8:5:17176:25485#TGACCAA/1	57	1	57	smNRPS-1/2	5910	1001	1057	100	2.88e-19
B200YWABXX:8:5:17176:25485#TGACCAA/2	58	58	1	smNRPS-1/2	5910	1265	1322	100	8.02e-20
B200FTABXX:2:3:9898:24611#TGACCA/2	61	1	61	smNRPS-1/2	5910	4745	4805	100	1.72e-21
A201L5ABXX:2:26:10291:188445#TGACCAA/2	72	1	72	smNRPS-1/2	5910	257	328	100	1.32e-27
B200FTABXX:2:3:16795:163142#TGACCA/2	83	1	83	smNRPS-1/2	5910	3833	3915	98.795	4.72e-32
B200YWABXX:8:66:8579:70506#TGACCAA/2	87	1	87	smNRPS-1/2	5910	126	212	97.701	1.31e-32
A201L5ABXX:2:26:10291:188445#TGACCAA/1	87	84	1	smNRPS-1/2	5910	502	585	98.81	1.31e-32
B200FTABXX:2:3:9898:24611#TGACCA/1	87	87	1	smNRPS-1/2	5910	4987	5073	98.851	2.82e-34
B200FTABXX:2:3:16795:163142#TGACCA/1	87	87	1	smNRPS-1/2	5910	4072	4158	98.851	2.82e-34
B200YWABXX:8:7:19547:165348#TGACCAA/2	87	87	1	smNRPS-1/2	5910	22	108	98.851	2.82e-34
B200YWABXX:8:66:8579:70506#TGACCAA/1	87	87	1	smNRPS-1/2	5910	365	451	98.851	2.82e-34
A201L5ABXX:2:48:7283:9260#TGACCAA/2	87	1	87	smNRPS-1/2	5910	1471	1557	98.851	2.82e-34
A201L5ABXX:2:65:12654:43011#TGACCAA/1	87	87	1	smNRPS-1/2	5910	5146	5232	98.851	2.82e-34
B200FTABXX:2:5:8437:41629#TGACCA/1	87	1	87	smNRPS-1/2	5910	2909	2995	100	6.07e-36
B200FTABXX:2:26:5168:35377#TGACCA/1	87	87	1	smNRPS-1/2	5910	1359	1445	100	6.07e-36
B200FTABXX:2:26:5168:35377#TGACCA/2	87	1	87	smNRPS-1/2	5910	1130	1216	100	6.07e-36
A201L5ABXX:2:1:15898:166401#TGACCAA/1	87	87	1	smNRPS-1/2	5910	299	385	100	6.07e-36
A201L5ABXX:2:1:15898:166401#TGACCAA/2	87	1	87	smNRPS-1/2	5910	66	152	100	6.07e-36
A201L5ABXX:2:8:17546:76941#TGACCAA/1	87	87	1	smNRPS-1/2	5910	5835	5921	100	6.07e-36
A201L5ABXX:2:8:17546:76941#TGACCAA/2	87	1	87	smNRPS-1/2	5910	5611	5697	100	6.07e-36
A201L5ABXX:2:48:7283:9260#TGACCAA/1	87	87	1	smNRPS-1/2	5910	1684	1770	100	6.07e-36
A201L5ABXX:2:48:17366:127199#TGACCAA/1	87	87	1	smNRPS-1/2	5910	4517	4603	100	6.07e-36
A201L5ABXX:2:48:17366:127199#TGACCAA/2	87	1	87	smNRPS-1/2	5910	4267	4353	100	6.07e-36
A201L5ABXX:2:65:12654:43011#TGACCAA/2	87	1	87	smNRPS-1/2	5910	4908	4994	100	6.07e-36
