FC615DRAAXX:4:36:11408:2216#0/2	44	1	44	smNRPS-1/2	5910	1253	1296	100	1.94e-12
FC615DRAAXX:4:38:7243:14358#0/1	60	1	60	smNRPS-1/2	5910	2926	2985	98.333	1.15e-19
FC615DRAAXX:4:93:15093:19165#0/1	72	2	72	smNRPS-1/2	5910	4858	4928	95.775	1.91e-22
FC615DRAAXX:4:112:6428:6456#0/2	71	1	71	smNRPS-1/2	5910	2317	2387	98.592	8.84e-26
FC615DRAAXX:4:38:7243:14358#0/2	71	71	1	smNRPS-1/2	5910	3161	3231	100	1.9e-27
FC615DRAAXX:4:36:11408:2216#0/1	39	1	39	smNRPS-1/2	5910	4385	4423	100	1.18e-9
FC615DRAAXX:4:106:7769:16537#0/1	45	1	45	smNRPS-1/2	5910	4754	4798	97.778	2.54e-11
FC615DRAAXX:4:78:5324:5490#0/1	47	1	47	smNRPS-1/2	5910	4134	4180	97.872	1.96e-12
FC615DRAAXX:4:109:2215:2406#0/2	45	45	1	smNRPS-1/2	5910	2776	2820	100	5.46e-13
FC615DRAAXX:4:92:3495:1149#0/2	46	1	46	smNRPS-1/2	5910	2284	2329	100	1.52e-13
FC615DRAAXX:4:15:11264:14780#0/1	62	1	60	smNRPS-1/2	5910	3681	3740	96.667	5.42e-18
FC615DRAAXX:4:22:6321:18311#0/2	55	1	55	smNRPS-1/2	5910	709	763	100	1.51e-18
FC615DRAAXX:4:98:5895:18597#0/2	55	55	1	smNRPS-1/2	5910	5846	5900	100	1.51e-18
FC615DRAAXX:4:90:8354:20809#0/2	56	1	56	smNRPS-1/2	5910	3198	3253	100	4.19e-19
FC615DRAAXX:4:104:6148:9923#0/2	57	57	1	smNRPS-1/2	5910	3478	3534	100	1.17e-19
FC615DRAAXX:4:109:2215:2406#0/1	62	1	62	smNRPS-1/2	5910	2512	2573	98.387	9.01e-21
FC615DRAAXX:4:2:15887:20435#0/2	66	1	66	smNRPS-1/2	5910	3094	3159	96.97	2.5e-21
FC615DRAAXX:4:86:4614:6471#0/2	61	1	61	smNRPS-1/2	5910	5733	5793	100	6.96e-22
FC615DRAAXX:4:22:6321:18311#0/1	65	65	1	smNRPS-1/2	5910	972	1036	98.462	1.94e-22
FC615DRAAXX:4:33:8470:12480#0/2	71	1	71	smNRPS-1/2	5910	4843	4913	95.775	1.94e-22
FC615DRAAXX:4:91:11328:1975#0/2	65	62	1	smNRPS-1/2	5910	3613	3674	100	1.94e-22
FC615DRAAXX:4:103:16413:19693#0/2	71	1	71	smNRPS-1/2	5910	4843	4913	95.775	1.94e-22
FC615DRAAXX:4:38:3782:7090#0/2	66	66	1	smNRPS-1/2	5910	4687	4752	98.485	5.38e-23
FC615DRAAXX:4:50:8128:13083#0/2	71	1	71	smNRPS-1/2	5910	119	189	97.183	4.16e-24
FC615DRAAXX:4:78:5324:5490#0/2	70	70	1	smNRPS-1/2	5910	4389	4458	98.571	3.22e-25
FC615DRAAXX:4:38:3782:7090#0/1	72	1	72	smNRPS-1/2	5910	4433	4504	98.611	2.49e-26
FC615DRAAXX:4:44:14925:10584#0/1	72	1	72	smNRPS-1/2	5910	1480	1551	98.611	2.49e-26
FC615DRAAXX:4:50:8128:13083#0/1	72	72	1	smNRPS-1/2	5910	338	409	98.611	2.49e-26
FC615DRAAXX:4:73:13326:12198#0/1	72	1	72	smNRPS-1/2	5910	1438	1509	98.611	2.49e-26
FC615DRAAXX:4:91:11328:1975#0/1	72	1	72	smNRPS-1/2	5910	3355	3426	98.611	2.49e-26
FC615DRAAXX:4:92:9514:3317#0/1	72	72	1	smNRPS-1/2	5910	5280	5351	98.611	2.49e-26
FC615DRAAXX:4:117:2702:6457#0/1	72	1	72	smNRPS-1/2	5910	2712	2783	98.611	2.49e-26
FC615DRAAXX:4:1:14480:7497#0/2	71	1	71	smNRPS-1/2	5910	5658	5728	100	1.92e-27
FC615DRAAXX:4:8:11245:4849#0/2	71	1	71	smNRPS-1/2	5910	711	781	100	1.92e-27
FC615DRAAXX:4:15:11264:14780#0/2	71	71	1	smNRPS-1/2	5910	3923	3993	100	1.92e-27
FC615DRAAXX:4:27:11642:3588#0/2	71	1	71	smNRPS-1/2	5910	2501	2571	100	1.92e-27
FC615DRAAXX:4:31:10700:19394#0/2	71	1	71	smNRPS-1/2	5910	2290	2360	100	1.92e-27
FC615DRAAXX:4:36:7761:16593#0/2	71	1	71	smNRPS-1/2	5910	1906	1976	100	1.92e-27
FC615DRAAXX:4:37:14965:7731#0/2	71	71	1	smNRPS-1/2	5910	3448	3518	100	1.92e-27
FC615DRAAXX:4:44:14925:10584#0/2	71	71	1	smNRPS-1/2	5910	1741	1811	100	1.92e-27
FC615DRAAXX:4:73:13326:12198#0/2	71	71	1	smNRPS-1/2	5910	1687	1757	100	1.92e-27
FC615DRAAXX:4:84:16669:11579#0/2	71	71	1	smNRPS-1/2	5910	723	793	100	1.92e-27
FC615DRAAXX:4:85:5757:14168#0/2	71	71	1	smNRPS-1/2	5910	1901	1971	100	1.92e-27
FC615DRAAXX:4:90:8354:20809#0/1	71	71	1	smNRPS-1/2	5910	3454	3524	100	1.92e-27
FC615DRAAXX:4:92:9514:3317#0/2	71	1	71	smNRPS-1/2	5910	5039	5109	100	1.92e-27
FC615DRAAXX:4:95:2977:19502#0/2	71	1	71	smNRPS-1/2	5910	2927	2997	100	1.92e-27
FC615DRAAXX:4:99:5820:16771#0/2	71	71	1	smNRPS-1/2	5910	2119	2189	100	1.92e-27
FC615DRAAXX:4:99:16130:16871#0/2	71	71	1	smNRPS-1/2	5910	1645	1715	100	1.92e-27
FC615DRAAXX:4:108:2352:6917#0/2	71	71	1	smNRPS-1/2	5910	1638	1708	100	1.92e-27
FC615DRAAXX:4:2:15887:20435#0/1	72	72	1	smNRPS-1/2	5910	3336	3407	100	5.34e-28
FC615DRAAXX:4:7:13412:4318#0/1	72	72	1	smNRPS-1/2	5910	26	97	100	5.34e-28
FC615DRAAXX:4:8:11245:4849#0/1	72	72	1	smNRPS-1/2	5910	974	1045	100	5.34e-28
FC615DRAAXX:4:27:11642:3588#0/1	72	72	1	smNRPS-1/2	5910	2746	2817	100	5.34e-28
FC615DRAAXX:4:31:10700:19394#0/1	72	72	1	smNRPS-1/2	5910	2530	2601	100	5.34e-28
FC615DRAAXX:4:33:8470:12480#0/1	72	72	1	smNRPS-1/2	5910	5072	5143	100	5.34e-28
FC615DRAAXX:4:36:7761:16593#0/1	72	72	1	smNRPS-1/2	5910	2138	2209	100	5.34e-28
FC615DRAAXX:4:37:14965:7731#0/1	72	1	72	smNRPS-1/2	5910	3187	3258	100	5.34e-28
FC615DRAAXX:4:76:17126:11196#0/1	72	72	1	smNRPS-1/2	5910	1972	2043	100	5.34e-28
FC615DRAAXX:4:84:16669:11579#0/1	72	1	72	smNRPS-1/2	5910	436	507	100	5.34e-28
FC615DRAAXX:4:85:5757:14168#0/1	72	1	72	smNRPS-1/2	5910	1660	1731	100	5.34e-28
FC615DRAAXX:4:95:2977:19502#0/1	72	72	1	smNRPS-1/2	5910	3176	3247	100	5.34e-28
FC615DRAAXX:4:98:5895:18597#0/1	72	1	72	smNRPS-1/2	5910	5583	5654	100	5.34e-28
FC615DRAAXX:4:99:5820:16771#0/1	72	1	72	smNRPS-1/2	5910	1879	1950	100	5.34e-28
FC615DRAAXX:4:99:16130:16871#0/1	72	1	72	smNRPS-1/2	5910	1405	1476	100	5.34e-28
FC615DRAAXX:4:100:16059:20672#0/1	72	72	1	smNRPS-1/2	5910	4014	4085	100	5.34e-28
FC615DRAAXX:4:103:16413:19693#0/1	72	72	1	smNRPS-1/2	5910	5063	5134	100	5.34e-28
FC615DRAAXX:4:108:2352:6917#0/1	72	1	72	smNRPS-1/2	5910	1402	1473	100	5.34e-28
FC615DRAAXX:4:112:6428:6456#0/1	72	1	72	smNRPS-1/2	5910	3328	3399	100	5.34e-28
