FC618ERAAXX:3:53:10975:6459#0/2	72	1	72	smNRPS-1/2	5910	1557	1628	98.611	2.61e-26
FC618ERAAXX:3:84:15041:13754#0/2	72	72	1	smNRPS-1/2	5910	4861	4932	98.611	2.61e-26
FC618ERAAXX:3:41:2282:15052#0/1	53	53	1	smNRPS-1/2	5910	4503	4555	100	2.07e-17
FC618ERAAXX:3:26:19092:3743#0/2	67	1	67	smNRPS-1/2	5910	3706	3772	95.522	3.44e-20
FC618ERAAXX:3:41:2282:15052#0/2	62	1	62	smNRPS-1/2	5910	4250	4311	100	2.06e-22
FC618ERAAXX:3:53:10975:6459#0/1	63	1	63	smNRPS-1/2	5910	4090	4152	100	5.72e-23
FC618ERAAXX:3:85:9169:12885#0/2	72	72	1	smNRPS-1/2	5910	1738	1807	97.222	4.42e-24
FC618ERAAXX:3:80:15847:13094#0/2	72	1	72	smNRPS-1/2	5910	1370	1441	97.222	1.23e-24
FC618ERAAXX:3:104:14823:2902#0/2	72	72	1	smNRPS-1/2	5910	4495	4566	97.222	1.23e-24
FC618ERAAXX:3:9:6821:5201#0/2	72	1	72	smNRPS-1/2	5910	2794	2865	98.611	2.64e-26
FC618ERAAXX:3:26:19092:3743#0/1	72	72	1	smNRPS-1/2	5910	3944	4015	98.611	2.64e-26
FC618ERAAXX:3:32:8008:13661#0/2	72	1	72	smNRPS-1/2	5910	1460	1531	98.611	2.64e-26
FC618ERAAXX:3:46:16440:9054#0/1	72	1	72	smNRPS-1/2	5910	1463	1534	98.611	2.64e-26
FC618ERAAXX:3:75:12833:10907#0/1	72	72	1	smNRPS-1/2	5910	3601	3672	98.611	2.64e-26
FC618ERAAXX:3:76:15417:7708#0/1	72	1	72	smNRPS-1/2	5910	164	235	98.611	2.64e-26
FC618ERAAXX:3:83:12610:16258#0/2	72	1	72	smNRPS-1/2	5910	2621	2692	98.611	2.64e-26
FC618ERAAXX:3:85:9169:12885#0/1	72	1	72	smNRPS-1/2	5910	1498	1569	98.611	2.64e-26
FC618ERAAXX:3:111:7500:1082#0/1	72	72	3	smNRPS-1/2	5910	3239	3308	100	7.34e-27
FC618ERAAXX:3:116:15804:15023#0/2	71	1	71	smNRPS-1/2	5910	3072	3142	100	2.04e-27
FC618ERAAXX:3:2:19631:12561#0/1	72	1	72	smNRPS-1/2	5910	2480	2551	100	5.68e-28
FC618ERAAXX:3:2:19631:12561#0/2	72	72	1	smNRPS-1/2	5910	2711	2782	100	5.68e-28
FC618ERAAXX:3:9:6821:5201#0/1	72	72	1	smNRPS-1/2	5910	3043	3114	100	5.68e-28
FC618ERAAXX:3:32:8008:13661#0/1	72	72	1	smNRPS-1/2	5910	1705	1776	100	5.68e-28
FC618ERAAXX:3:46:16440:9054#0/2	72	72	1	smNRPS-1/2	5910	1703	1774	100	5.68e-28
FC618ERAAXX:3:55:6935:5404#0/1	72	1	72	smNRPS-1/2	5910	798	869	100	5.68e-28
FC618ERAAXX:3:75:12833:10907#0/2	72	1	72	smNRPS-1/2	5910	3369	3440	100	5.68e-28
FC618ERAAXX:3:76:15417:7708#0/2	72	72	1	smNRPS-1/2	5910	390	461	100	5.68e-28
FC618ERAAXX:3:80:15847:13094#0/1	72	72	1	smNRPS-1/2	5910	1614	1685	100	5.68e-28
FC618ERAAXX:3:83:12610:16258#0/1	72	72	1	smNRPS-1/2	5910	2836	2907	100	5.68e-28
FC618ERAAXX:3:116:15804:15023#0/1	72	72	1	smNRPS-1/2	5910	3325	3396	100	5.68e-28
