A206BNABXX:4:41:4979:81386#CTTGTAAT/1	40	40	1	smNRPS-1/2	5910	2802	2841	97.5	4.16e-8
B201TPABXX:3:43:13581:162041#CTTGTAAT/2	41	1	39	smNRPS-1/2	5910	2169	2207	100	3.22e-9
B201TPABXX:3:61:19116:55339#CTTGTAAT/1	41	1	41	smNRPS-1/2	5910	2038	2078	100	2.49e-10
A206BNABXX:4:26:14375:9022#CTTGTAAT/1	46	46	1	smNRPS-1/2	5910	1889	1934	100	4.13e-13
B201TPABXX:3:41:15430:150955#CTTGTAAT/2	48	48	1	smNRPS-1/2	5910	1241	1288	100	3.19e-14
A206BNABXX:4:26:14375:9022#CTTGTAAT/2	52	1	49	smNRPS-1/2	5910	1599	1647	100	8.88e-15
A206BNABXX:4:24:13899:39098#CTTGTAAT/1	53	1	50	smNRPS-1/2	5910	185	234	100	2.47e-15
B201TPABXX:3:8:5340:51444#CTTGTAAT/2	51	51	1	smNRPS-1/2	5910	2193	2243	100	6.87e-16
A206BNABXX:4:22:8056:46755#CTTGTAAT/2	56	56	1	smNRPS-1/2	5910	5767	5822	98.214	5.31e-17
B201TPABXX:3:68:16493:185356#CTTGTAAT/1	55	55	1	smNRPS-1/2	5910	486	540	100	4.1e-18
A206BNABXX:4:61:18912:196961#CTTGTAAT/1	62	1	62	smNRPS-1/2	5910	691	751	96.774	4.1e-18
B201TPABXX:3:64:12779:174041#CTTGTAAT/1	56	1	56	smNRPS-1/2	5910	4667	4722	100	1.14e-18
B201TPABXX:3:22:21188:173437#CTTGTAAT/1	57	57	1	smNRPS-1/2	5910	2647	2703	100	3.17e-19
B201TPABXX:3:41:5228:70875#CTTGTAAT/2	59	1	59	smNRPS-1/2	5910	5462	5520	100	2.45e-20
B201TPABXX:3:63:3706:136766#CTTGTAAT/2	62	1	62	smNRPS-1/2	5910	2929	2990	98.387	2.45e-20
A206BNABXX:4:27:20567:124124#CTTGTAAT/2	67	1	67	smNRPS-1/2	5910	4716	4782	97.015	1.9e-21
B201TPABXX:3:66:3586:145304#CTTGTAAT/2	68	1	68	smNRPS-1/2	5910	2140	2207	97.059	5.27e-22
B201TPABXX:3:23:13623:121097#CTTGTAAT/2	66	1	66	smNRPS-1/2	5910	231	296	98.485	1.47e-22
A206BNABXX:4:28:16999:8745#CTTGTAAT/1	72	1	63	smNRPS-1/2	5910	5813	5875	100	1.47e-22
B201TPABXX:3:63:14983:133076#CTTGTAAT/2	64	1	64	smNRPS-1/2	5910	633	696	100	4.07e-23
A206BNABXX:4:1:10684:59352#CTTGTAAT/2	68	1	68	smNRPS-1/2	5910	326	393	98.529	1.13e-23
B201TPABXX:3:8:5340:51444#CTTGTAAT/1	66	1	66	smNRPS-1/2	5910	1929	1994	100	3.15e-24
B201TPABXX:3:64:12779:174041#CTTGTAAT/2	72	72	1	smNRPS-1/2	5910	4910	4981	98.611	6.77e-26
A206BNABXX:4:61:18912:196961#CTTGTAAT/2	72	72	1	smNRPS-1/2	5910	922	993	98.611	6.77e-26
A206BNABXX:4:45:18174:187652#CTTGTAAT/1	70	70	1	smNRPS-1/2	5910	2088	2157	100	1.88e-26
B201TPABXX:3:46:6882:151688#CTTGTAAT/1	83	83	1	smNRPS-1/2	5910	1276	1358	95.181	5.23e-27
A206BNABXX:4:4:11809:169429#CTTGTAAT/1	73	1	73	smNRPS-1/2	5910	1048	1120	100	4.05e-28
A206BNABXX:4:24:16286:121910#CTTGTAAT/2	76	1	76	smNRPS-1/2	5910	4912	4987	98.684	4.05e-28
A206BNABXX:4:47:3838:183852#CTTGTAAT/2	76	1	76	smNRPS-1/2	5910	4931	5006	98.684	4.05e-28
B201TPABXX:3:65:4122:60993#CTTGTAAT/2	74	1	74	smNRPS-1/2	5910	623	696	100	1.12e-28
A206BNABXX:4:45:9722:133763#CTTGTAAT/2	77	77	1	smNRPS-1/2	5910	2305	2381	98.701	1.12e-28
A206BNABXX:4:67:12208:8537#CTTGTAAT/2	81	1	81	smNRPS-1/2	5910	4261	4341	97.531	3.13e-29
B201TPABXX:3:47:6048:78894#CTTGTAAT/1	76	76	1	smNRPS-1/2	5910	1849	1924	100	8.69e-30
B201TPABXX:3:64:2021:8741#CTTGTAAT/2	85	1	85	smNRPS-1/2	5910	398	482	96.471	8.69e-30
A206BNABXX:4:68:19382:63544#CTTGTAAT/2	76	1	76	smNRPS-1/2	5910	3392	3467	100	8.69e-30
B201TPABXX:3:63:17396:146060#CTTGTAAT/1	83	83	1	smNRPS-1/2	5910	404	486	97.59	2.42e-30
A206BNABXX:4:6:13760:30939#CTTGTATC/1	86	83	1	smNRPS-1/2	5910	3724	3806	97.59	2.42e-30
A206BNABXX:4:67:3178:61598#CTTGTAAT/1	86	86	1	smNRPS-1/2	5910	1168	1253	96.512	2.42e-30
B201TPABXX:3:8:18559:97143#CTTGTAAT/1	78	1	78	smNRPS-1/2	5910	291	368	100	6.72e-31
B201TPABXX:3:26:7015:191938#CTTGTAAT/2	87	1	87	smNRPS-1/2	5910	1540	1626	96.552	6.72e-31
B201TPABXX:3:61:5703:33896#CTTGTAAT/1	86	1	84	smNRPS-1/2	5910	2672	2755	97.619	6.72e-31
A206BNABXX:4:68:19382:63544#CTTGTAAT/1	81	81	1	smNRPS-1/2	5910	3595	3675	98.765	6.72e-31
B201TPABXX:3:25:11217:103157#CTTGTAAT/1	85	1	85	smNRPS-1/2	5910	5200	5284	97.647	1.87e-31
A206BNABXX:4:6:13760:30939#CTTGTATC/2	87	1	85	smNRPS-1/2	5910	3727	3811	97.647	1.87e-31
A206BNABXX:4:7:13804:50225#CTTGTAAT/1	86	86	2	smNRPS-1/2	5910	5295	5379	97.647	1.87e-31
A206BNABXX:4:8:11729:76423#CTTGTAAT/1	86	86	2	smNRPS-1/2	5910	5295	5379	97.647	1.87e-31
B201TPABXX:3:6:3801:162455#CTTGTAAT/2	80	1	80	smNRPS-1/2	5910	617	696	100	5.2e-32
B201TPABXX:3:8:20898:66465#CTTGTAAT/1	86	86	1	smNRPS-1/2	5910	5203	5288	97.674	5.2e-32
B201TPABXX:3:21:2308:104482#CTTGTAAT/1	86	1	86	smNRPS-1/2	5910	1259	1344	97.674	5.2e-32
B201TPABXX:3:25:11736:165700#CTTGTAAT/1	86	86	1	smNRPS-1/2	5910	3857	3942	97.674	5.2e-32
B201TPABXX:3:47:3390:43236#CTTGTAAT/1	86	1	86	smNRPS-1/2	5910	5545	5630	97.674	5.2e-32
B201TPABXX:3:48:18284:154224#CTTGTAAT/1	86	86	1	smNRPS-1/2	5910	4776	4861	97.674	5.2e-32
B201TPABXX:3:61:3704:152407#CTTGTAAT/1	86	1	86	smNRPS-1/2	5910	4774	4859	97.674	5.2e-32
B201TPABXX:3:66:3586:145304#CTTGTAAT/1	86	86	1	smNRPS-1/2	5910	2369	2454	97.674	5.2e-32
A206BNABXX:4:24:16286:121910#CTTGTAAT/1	80	80	1	smNRPS-1/2	5910	5132	5211	100	5.2e-32
A206BNABXX:4:43:16138:169563#CTTGTAAT/1	86	86	1	smNRPS-1/2	5910	1178	1263	97.674	5.2e-32
B201TPABXX:3:25:11736:165700#CTTGTAAT/2	87	1	87	smNRPS-1/2	5910	3641	3727	97.701	1.44e-32
B201TPABXX:3:61:8284:130857#CTTGTAAT/2	87	87	1	smNRPS-1/2	5910	3755	3841	97.701	1.44e-32
A206BNABXX:4:26:7130:65623#CTTGTAAT/1	84	1	84	smNRPS-1/2	5910	5186	5269	98.81	1.44e-32
A206BNABXX:4:27:20567:124124#CTTGTAAT/1	81	81	1	smNRPS-1/2	5910	4946	5026	100	1.44e-32
A206BNABXX:4:46:21086:34719#CTTGTAAT/2	87	81	1	smNRPS-1/2	5910	1	81	100	1.44e-32
B201TPABXX:3:48:18007:108797#CTTGTAAT/1	85	1	85	smNRPS-1/2	5910	5499	5583	98.824	4.02e-33
B201TPABXX:3:63:2854:193956#CTTGTAAT/1	85	85	1	smNRPS-1/2	5910	468	552	98.824	4.02e-33
A206BNABXX:4:6:5860:164170#CTTGTAAT/2	85	1	85	smNRPS-1/2	5910	2847	2931	98.824	4.02e-33
A206BNABXX:4:22:3742:165248#CTTGTAAT/1	86	1	85	smNRPS-1/2	5910	2860	2944	98.824	4.02e-33
A206BNABXX:4:26:7130:65623#CTTGTAAT/2	87	85	1	smNRPS-1/2	5910	5411	5495	98.824	4.02e-33
A206BNABXX:4:28:16157:73272#CTTGTAAT/1	85	85	1	smNRPS-1/2	5910	4582	4666	98.824	4.02e-33
B201TPABXX:3:6:3358:16692#CTTGTAAT/1	86	86	1	smNRPS-1/2	5910	2645	2730	98.837	1.12e-33
B201TPABXX:3:41:5228:70875#CTTGTAAT/1	86	86	1	smNRPS-1/2	5910	5687	5772	98.837	1.12e-33
B201TPABXX:3:41:16474:172054#CTTGTAAT/1	86	1	86	smNRPS-1/2	5910	2573	2658	98.837	1.12e-33
B201TPABXX:3:45:12379:194370#CTTGTAAT/1	86	86	1	smNRPS-1/2	5910	3405	3490	98.837	1.12e-33
B201TPABXX:3:62:16003:67312#CTTGTAAT/2	83	1	83	smNRPS-1/2	5910	3527	3609	100	1.12e-33
B201TPABXX:3:62:5157:193207#CTTGTAAT/1	86	1	86	smNRPS-1/2	5910	3022	3107	98.837	1.12e-33
A206BNABXX:4:1:10684:59352#CTTGTAAT/1	86	86	1	smNRPS-1/2	5910	547	632	98.837	1.12e-33
A206BNABXX:4:8:13039:35090#CTTGTAAT/1	86	83	1	smNRPS-1/2	5910	446	528	100	1.12e-33
A206BNABXX:4:26:8345:21112#CTTGTAAT/1	86	1	86	smNRPS-1/2	5910	2310	2395	98.837	1.12e-33
A206BNABXX:4:43:20846:60305#CTTGTAAT/2	87	2	87	smNRPS-1/2	5910	1551	1636	98.837	1.12e-33
A206BNABXX:4:43:16138:169563#CTTGTAAT/2	86	1	86	smNRPS-1/2	5910	948	1033	98.837	1.12e-33
A206BNABXX:4:44:5895:27685#CTTGTATC/1	86	1	86	smNRPS-1/2	5910	4390	4475	98.837	1.12e-33
A206BNABXX:4:67:9171:73690#CTTGTAAT/1	86	1	86	smNRPS-1/2	5910	385	470	98.837	1.12e-33
A206BNABXX:4:27:14621:34467#CTTGTAAT/1	86	86	1	smNRPS-1/2	5910	4578	4663	98.837	1.12e-33
B201TPABXX:3:8:7790:9525#CTTGTAAT/2	87	87	1	smNRPS-1/2	5910	1557	1643	98.851	3.11e-34
B201TPABXX:3:8:18559:97143#CTTGTAAT/2	87	87	1	smNRPS-1/2	5910	513	599	98.851	3.11e-34
B201TPABXX:3:41:16474:172054#CTTGTAAT/2	87	87	1	smNRPS-1/2	5910	2801	2887	98.851	3.11e-34
B201TPABXX:3:42:16241:9608#CTTGTAAT/1	84	84	1	smNRPS-1/2	5910	250	333	100	3.11e-34
B201TPABXX:3:42:16241:9608#CTTGTAAT/2	87	1	87	smNRPS-1/2	5910	13	99	98.851	3.11e-34
B201TPABXX:3:47:3390:43236#CTTGTAAT/2	87	87	1	smNRPS-1/2	5910	5765	5851	98.851	3.11e-34
B201TPABXX:3:48:18007:108797#CTTGTAAT/2	87	87	1	smNRPS-1/2	5910	5725	5811	98.851	3.11e-34
B201TPABXX:3:48:18284:154224#CTTGTAAT/2	87	1	84	smNRPS-1/2	5910	4553	4636	100	3.11e-34
B201TPABXX:3:61:5703:33896#CTTGTAAT/2	87	87	1	smNRPS-1/2	5910	2929	3015	98.851	3.11e-34
B201TPABXX:3:62:5157:193207#CTTGTAAT/2	87	84	1	smNRPS-1/2	5910	3247	3330	100	3.11e-34
B201TPABXX:3:66:4078:127089#CTTGTAAT/2	87	1	87	smNRPS-1/2	5910	4839	4925	98.851	3.11e-34
A206BNABXX:4:24:13899:39098#CTTGTAAT/2	87	87	1	smNRPS-1/2	5910	412	498	98.851	3.11e-34
A206BNABXX:4:44:5895:27685#CTTGTATC/2	87	87	1	smNRPS-1/2	5910	4610	4696	98.851	3.11e-34
A206BNABXX:4:62:13086:77515#CTTGTAAT/2	87	84	1	smNRPS-1/2	5910	446	529	100	3.11e-34
A206BNABXX:4:64:16429:93070#CTTGTAAT/2	87	87	1	smNRPS-1/2	5910	91	177	98.851	3.11e-34
B201TPABXX:3:7:8860:198592#CTTGTAAT/2	87	1	85	smNRPS-1/2	5910	5791	5875	100	8.63e-35
B201TPABXX:3:45:12379:194370#CTTGTAAT/2	87	1	85	smNRPS-1/2	5910	3161	3245	100	8.63e-35
B201TPABXX:3:42:19169:31216#CTTGTAAT/1	86	1	86	smNRPS-1/2	5910	2465	2550	100	2.4e-35
B201TPABXX:3:43:13581:162041#CTTGTAAT/1	86	86	1	smNRPS-1/2	5910	2396	2481	100	2.4e-35
B201TPABXX:3:44:11531:38927#CTTGTAAT/1	86	1	86	smNRPS-1/2	5910	2309	2394	100	2.4e-35
B201TPABXX:3:44:11531:38927#CTTGTAAT/2	86	86	1	smNRPS-1/2	5910	2508	2593	100	2.4e-35
B201TPABXX:3:44:17537:59469#CTTGTAAT/1	86	1	86	smNRPS-1/2	5910	857	942	100	2.4e-35
B201TPABXX:3:46:3230:191269#CTTGTAAT/1	86	86	1	smNRPS-1/2	5910	52	137	100	2.4e-35
B201TPABXX:3:48:17434:195573#CTTGTAAT/1	86	1	86	smNRPS-1/2	5910	867	952	100	2.4e-35
B201TPABXX:3:62:16003:67312#CTTGTAAT/1	86	86	1	smNRPS-1/2	5910	3732	3817	100	2.4e-35
B201TPABXX:3:63:3706:136766#CTTGTAAT/1	86	86	1	smNRPS-1/2	5910	3150	3235	100	2.4e-35
B201TPABXX:3:64:2021:8741#CTTGTAAT/1	86	86	1	smNRPS-1/2	5910	614	699	100	2.4e-35
B201TPABXX:3:65:4122:60993#CTTGTAAT/1	86	86	1	smNRPS-1/2	5910	847	932	100	2.4e-35
B201TPABXX:3:66:10516:125994#CTTGTAAT/1	86	1	86	smNRPS-1/2	5910	3898	3983	100	2.4e-35
B201TPABXX:3:66:4078:127089#CTTGTAAT/1	86	86	1	smNRPS-1/2	5910	5058	5143	100	2.4e-35
A206BNABXX:4:3:13805:97209#CTTGTAAT/1	86	86	1	smNRPS-1/2	5910	5606	5691	100	2.4e-35
A206BNABXX:4:6:5860:164170#CTTGTAAT/1	86	86	1	smNRPS-1/2	5910	3078	3163	100	2.4e-35
A206BNABXX:4:24:7039:14693#CTTGTAAT/1	86	86	1	smNRPS-1/2	5910	991	1076	100	2.4e-35
A206BNABXX:4:24:2480:37013#CTTGTAAT/1	86	86	1	smNRPS-1/2	5910	478	563	100	2.4e-35
A206BNABXX:4:45:9722:133763#CTTGTAAT/1	86	1	86	smNRPS-1/2	5910	2052	2137	100	2.4e-35
A206BNABXX:4:46:7958:48777#CTTGTAAT/1	86	86	1	smNRPS-1/2	5910	257	342	100	2.4e-35
A206BNABXX:4:47:3838:183852#CTTGTAAT/1	86	86	1	smNRPS-1/2	5910	5156	5241	100	2.4e-35
A206BNABXX:4:67:12208:8537#CTTGTAAT/1	86	86	1	smNRPS-1/2	5910	4503	4588	100	2.4e-35
A206BNABXX:4:41:14502:72362#CTTGTAAT/1	86	1	86	smNRPS-1/2	5910	783	868	100	2.4e-35
B201TPABXX:3:6:3358:16692#CTTGTAAT/2	87	1	87	smNRPS-1/2	5910	2439	2525	100	6.67e-36
B201TPABXX:3:8:20898:66465#CTTGTAAT/2	87	1	87	smNRPS-1/2	5910	4974	5060	100	6.67e-36
B201TPABXX:3:25:11217:103157#CTTGTAAT/2	87	87	1	smNRPS-1/2	5910	5430	5516	100	6.67e-36
B201TPABXX:3:42:19169:31216#CTTGTAAT/2	87	87	1	smNRPS-1/2	5910	2688	2774	100	6.67e-36
B201TPABXX:3:44:17537:59469#CTTGTAAT/2	87	87	1	smNRPS-1/2	5910	1060	1146	100	6.67e-36
B201TPABXX:3:48:17434:195573#CTTGTAAT/2	87	87	1	smNRPS-1/2	5910	1086	1172	100	6.67e-36
B201TPABXX:3:61:3704:152407#CTTGTAAT/2	87	87	1	smNRPS-1/2	5910	4996	5082	100	6.67e-36
B201TPABXX:3:66:10516:125994#CTTGTAAT/2	87	87	1	smNRPS-1/2	5910	4114	4200	100	6.67e-36
A206BNABXX:4:3:13805:97209#CTTGTAAT/2	87	1	87	smNRPS-1/2	5910	5389	5475	100	6.67e-36
A206BNABXX:4:22:3742:165248#CTTGTAAT/2	87	87	1	smNRPS-1/2	5910	3087	3173	100	6.67e-36
A206BNABXX:4:24:7039:14693#CTTGTAAT/2	87	1	87	smNRPS-1/2	5910	881	967	100	6.67e-36
A206BNABXX:4:24:2480:37013#CTTGTAAT/2	87	1	87	smNRPS-1/2	5910	265	351	100	6.67e-36
A206BNABXX:4:43:15344:134418#CTTGTAAT/2	87	1	87	smNRPS-1/2	5910	5729	5815	100	6.67e-36
A206BNABXX:4:46:7958:48777#CTTGTAAT/2	87	1	87	smNRPS-1/2	5910	28	114	100	6.67e-36
B201TPABXX:3:6:14377:50750#CTTGTAAT/1	41	1	41	smNRPS-1/2	5910	1063	1103	97.561	1.17e-8
B201TPABXX:3:24:6318:164815#CTTGTAAT/1	38	38	1	smNRPS-1/2	5910	2997	3034	100	1.17e-8
A206BNABXX:4:28:11774:144873#CTTGTAAT/1	40	2	40	smNRPS-1/2	5910	5754	5792	100	3.26e-9
A206BNABXX:4:7:21423:10128#CTTGTAAT/1	41	41	1	smNRPS-1/2	5910	3016	3056	100	2.52e-10
A206BNABXX:4:44:19641:72412#CTTGTAAT/1	48	1	48	smNRPS-1/2	5910	3110	3157	95.833	7e-11
B201TPABXX:3:61:12465:111253#CTTGTAAT/1	46	1	46	smNRPS-1/2	5910	267	312	97.826	1.95e-11
A206BNABXX:4:61:17729:7381#CTTGTAAT/1	46	46	2	smNRPS-1/2	5910	4204	4248	100	1.5e-12
B201TPABXX:3:66:17592:25618#CTTGTAAT/1	45	45	1	smNRPS-1/2	5910	3790	3834	100	1.5e-12
A206BNABXX:4:48:15548:112327#CTTGTAAT/1	47	1	47	smNRPS-1/2	5910	3069	3115	100	1.16e-13
B201TPABXX:3:2:13595:13055#CTTGTAAT/1	54	1	54	smNRPS-1/2	5910	629	682	96.296	3.23e-14
B201TPABXX:3:2:10324:49669#CTTGTAAT/1	51	51	1	smNRPS-1/2	5910	1503	1553	98.039	3.23e-14
B201TPABXX:3:41:15430:150955#CTTGTAAT/1	49	49	1	smNRPS-1/2	5910	4945	4993	100	8.99e-15
B201TPABXX:3:63:17396:146060#CTTGTAAT/2	49	49	1	smNRPS-1/2	5910	5713	5761	100	8.99e-15
A206BNABXX:4:48:19666:128423#CTTGTAAT/2	55	55	1	smNRPS-1/2	5910	1503	1557	98.182	1.93e-16
A206BNABXX:4:64:17111:152454#CTTGTAAT/2	56	1	56	smNRPS-1/2	5910	257	312	98.214	5.37e-17
B201TPABXX:3:41:6989:66337#CTTGTAAT/1	63	1	63	smNRPS-1/2	5910	4907	4969	95.238	1.49e-17
A206BNABXX:4:66:1443:114003#CTTGTAAT/2	60	60	1	smNRPS-1/2	5910	3815	3874	96.667	1.49e-17
B201TPABXX:3:63:20266:166643#CTTGTAAT/1	55	1	55	smNRPS-1/2	5910	5837	5891	100	4.15e-18
A206BNABXX:4:42:15175:149588#CTTGTAAT/2	87	1	64	smNRPS-1/2	5910	5877	5940	95.312	4.15e-18
B201TPABXX:3:8:15158:152873#CTTGTAAT/1	56	56	1	smNRPS-1/2	5910	3005	3060	100	1.15e-18
B201TPABXX:3:44:3633:115830#CTTGTAAT/1	59	1	59	smNRPS-1/2	5910	638	696	98.305	1.15e-18
B201TPABXX:3:1:10110:103890#CTTGTAAT/2	57	57	1	smNRPS-1/2	5910	3762	3818	100	3.21e-19
A206BNABXX:4:62:13884:63304#CTTGTAAT/1	60	1	60	smNRPS-1/2	5910	3643	3702	98.333	3.21e-19
A206BNABXX:4:28:4872:193567#CTTGTAAT/1	61	61	1	smNRPS-1/2	5910	1551	1611	98.361	8.92e-20
B201TPABXX:3:44:17581:160964#CTTGTAAT/2	63	1	62	smNRPS-1/2	5910	1462	1523	98.387	2.48e-20
A206BNABXX:4:23:17979:137027#CTTGTAAT/1	59	59	1	smNRPS-1/2	5910	2568	2626	100	2.48e-20
B201TPABXX:3:2:10324:49669#CTTGTAAT/2	66	1	66	smNRPS-1/2	5910	1215	1280	96.97	6.9e-21
B201TPABXX:3:7:17980:132747#CTTGTAAT/2	63	63	1	smNRPS-1/2	5910	674	736	98.413	6.9e-21
A206BNABXX:4:45:9694:178522#CTTGTAAT/2	60	60	1	smNRPS-1/2	5910	626	685	100	6.9e-21
A206BNABXX:4:61:21062:17478#CTTGTAAT/2	63	1	63	smNRPS-1/2	5910	3362	3424	98.413	6.9e-21
B201TPABXX:3:22:7763:162807#CTTGTAAT/2	67	1	67	smNRPS-1/2	5910	2086	2152	97.015	1.92e-21
A206BNABXX:4:3:3416:23618#CTTGTAAT/1	61	61	1	smNRPS-1/2	5910	4817	4877	100	1.92e-21
A206BNABXX:4:22:10050:138037#CTTGTAAT/1	61	61	1	smNRPS-1/2	5910	4058	4118	100	1.92e-21
A206BNABXX:4:27:4915:35296#CTTGTATC/1	65	65	1	smNRPS-1/2	5910	5735	5799	98.462	5.33e-22
B201TPABXX:3:7:17980:132747#CTTGTAAT/1	66	1	66	smNRPS-1/2	5910	421	486	98.485	1.48e-22
B201TPABXX:3:63:14135:24690#CTTGTAAT/2	72	1	72	smNRPS-1/2	5910	1972	2043	95.833	1.48e-22
A206BNABXX:4:22:8056:46755#CTTGTAAT/1	63	63	1	smNRPS-1/2	5910	288	350	100	1.48e-22
A206BNABXX:4:25:19282:177497#CTTGTAAT/1	66	66	1	smNRPS-1/2	5910	2316	2381	98.485	1.48e-22
B201TPABXX:3:2:10558:77676#CTTGTAAT/2	72	1	72	smNRPS-1/2	5910	983	1054	95.833	1.48e-22
A206BNABXX:4:8:4454:140775#CTTGTAAT/1	64	1	64	smNRPS-1/2	5910	2109	2172	100	4.12e-23
A206BNABXX:4:62:17892:6506#CTTGTAAT/2	64	64	1	smNRPS-1/2	5910	4058	4121	100	4.12e-23
A206BNABXX:4:62:17892:6506#CTTGTAAT/1	71	1	71	smNRPS-1/2	5910	3969	4039	97.183	1.15e-23
B201TPABXX:3:1:20277:98931#CTTGTAAT/1	69	69	1	smNRPS-1/2	5910	2614	2682	98.551	3.19e-24
B201TPABXX:3:23:5247:85483#CTTGTAAT/1	66	66	1	smNRPS-1/2	5910	5720	5785	100	3.19e-24
B201TPABXX:3:48:19558:189514#CTTGTAAT/2	72	1	72	smNRPS-1/2	5910	1506	1577	97.222	3.19e-24
B201TPABXX:3:63:2854:193956#CTTGTAAT/2	75	75	1	smNRPS-1/2	5910	5641	5715	96	3.19e-24
A206BNABXX:4:25:19282:177497#CTTGTAAT/2	72	1	72	smNRPS-1/2	5910	2064	2135	97.222	3.19e-24
A206BNABXX:4:27:8080:193098#CTTGTAAT/2	87	21	86	smNRPS-1/2	5910	1	66	100	3.19e-24
A206BNABXX:4:46:19075:149868#CTTGTAAT/2	67	67	1	smNRPS-1/2	5910	5076	5142	100	8.86e-25
B201TPABXX:3:62:13701:42082#CTTGTAAT/1	74	74	1	smNRPS-1/2	5910	3522	3595	97.297	2.46e-25
B201TPABXX:3:8:15158:152873#CTTGTAAT/2	73	2	73	smNRPS-1/2	5910	2740	2811	98.611	6.85e-26
B201TPABXX:3:42:15320:193723#CTTGTAAT/2	72	72	1	smNRPS-1/2	5910	2301	2372	98.611	6.85e-26
B201TPABXX:3:46:6666:68880#CTTGTAAT/1	80	78	1	smNRPS-1/2	5910	313	390	96.154	6.85e-26
B201TPABXX:3:61:12465:111253#CTTGTAAT/2	72	72	1	smNRPS-1/2	5910	459	530	98.611	6.85e-26
B201TPABXX:3:62:9180:133375#CTTGTAAT/1	69	69	1	smNRPS-1/2	5910	1019	1087	100	6.85e-26
B201TPABXX:3:45:19522:7948#CTTGTAAT/2	70	1	70	smNRPS-1/2	5910	5061	5130	100	1.9e-26
B201TPABXX:3:68:16493:185356#CTTGTAAT/2	86	83	1	smNRPS-1/2	5910	5639	5721	95.181	5.3e-27
A206BNABXX:4:43:6186:95277#CTTGTAAT/1	74	1	74	smNRPS-1/2	5910	3633	3706	98.649	5.3e-27
A206BNABXX:4:65:10899:55641#CTTGTAAT/2	71	1	71	smNRPS-1/2	5910	891	961	100	5.3e-27
B201TPABXX:3:23:6315:73930#CTTGTAAT/1	86	86	3	smNRPS-1/2	5910	5561	5644	95.238	1.47e-27
B201TPABXX:3:23:9395:177911#CTTGTAAT/2	72	1	72	smNRPS-1/2	5910	2094	2165	100	1.47e-27
B201TPABXX:3:48:11764:47780#CTTGTAAT/2	75	75	1	smNRPS-1/2	5910	5816	5890	98.667	1.47e-27
A206BNABXX:4:5:1385:2878#CTTGTAAT/2	72	72	1	smNRPS-1/2	5910	5826	5897	100	1.47e-27
A206BNABXX:4:44:11740:52009#CTTGTAAT/1	86	1	86	smNRPS-1/2	5910	1740	1821	95.349	1.47e-27
A206BNABXX:4:48:19123:81482#CTTGTAAT/1	81	1	81	smNRPS-1/2	5910	1892	1972	96.296	1.47e-27
A206BNABXX:4:62:13884:63304#CTTGTAAT/2	81	81	1	smNRPS-1/2	5910	3875	3955	96.296	1.47e-27
B201TPABXX:3:5:19867:121877#CTTGTAAT/1	79	79	1	smNRPS-1/2	5910	5588	5666	97.468	4.09e-28
B201TPABXX:3:65:17263:105093#CTTGTAAT/2	76	1	76	smNRPS-1/2	5910	641	716	98.684	4.09e-28
A206BNABXX:4:26:8345:21112#CTTGTAAT/2	76	1	76	smNRPS-1/2	5910	3353	3428	98.684	4.09e-28
A206BNABXX:4:64:1788:24795#CTTGTAAT/2	76	76	1	smNRPS-1/2	5910	3004	3079	98.684	4.09e-28
A206BNABXX:4:23:21281:176852#CTTGTAAT/1	76	1	76	smNRPS-1/2	5910	3240	3315	98.684	4.09e-28
B201TPABXX:3:1:10110:103890#CTTGTAAT/1	86	1	86	smNRPS-1/2	5910	3708	3793	95.349	1.14e-28
B201TPABXX:3:23:5041:173805#CTTGTAAT/1	86	1	86	smNRPS-1/2	5910	5632	5717	95.349	1.14e-28
B201TPABXX:3:44:17581:160964#CTTGTAAT/1	86	83	1	smNRPS-1/2	5910	1686	1768	96.386	1.14e-28
B201TPABXX:3:66:9250:132399#CTTGTAAT/1	80	80	1	smNRPS-1/2	5910	2118	2197	97.5	1.14e-28
A206BNABXX:4:5:1385:2878#CTTGTAAT/1	86	1	86	smNRPS-1/2	5910	5595	5680	95.349	1.14e-28
A206BNABXX:4:7:14802:42036#CTTGTAAT/1	86	1	86	smNRPS-1/2	5910	1652	1737	95.349	1.14e-28
A206BNABXX:4:62:13086:77515#CTTGTAAT/1	86	86	1	smNRPS-1/2	5910	5622	5707	95.349	1.14e-28
A206BNABXX:4:66:4508:182895#CTTGTAAT/2	74	74	1	smNRPS-1/2	5910	3789	3862	100	1.14e-28
B201TPABXX:3:4:8228:167544#CTTGTAAT/2	77	1	77	smNRPS-1/2	5910	3736	3812	98.701	1.14e-28
B201TPABXX:3:7:4452:25598#CTTGTAAT/2	81	81	1	smNRPS-1/2	5910	3654	3734	97.531	3.16e-29
B201TPABXX:3:7:17497:170606#CTTGTAAT/2	87	1	87	smNRPS-1/2	5910	4703	4789	95.402	3.16e-29
B201TPABXX:3:22:7584:138101#CTTGTAAT/2	87	1	87	smNRPS-1/2	5910	1614	1700	95.402	3.16e-29
A206BNABXX:4:8:13644:35379#CTTGTAAT/2	87	1	87	smNRPS-1/2	5910	3548	3634	95.402	3.16e-29
A206BNABXX:4:8:4454:140775#CTTGTAAT/2	78	78	1	smNRPS-1/2	5910	2353	2430	98.718	3.16e-29
A206BNABXX:4:27:13565:51795#CTTGTATC/2	78	78	1	smNRPS-1/2	5910	3529	3606	98.718	3.16e-29
A206BNABXX:4:48:15548:112327#CTTGTAAT/2	87	87	1	smNRPS-1/2	5910	3286	3372	95.402	3.16e-29
A206BNABXX:4:65:17491:75505#CTTGTAAT/2	87	87	1	smNRPS-1/2	5910	1062	1148	95.402	3.16e-29
B201TPABXX:3:22:7763:162807#CTTGTAAT/1	76	76	1	smNRPS-1/2	5910	2333	2408	100	8.8e-30
B201TPABXX:3:27:17331:127959#CTTGTAAT/2	79	79	1	smNRPS-1/2	5910	1400	1478	98.734	8.8e-30
B201TPABXX:3:44:4751:74926#CTTGTATC/1	86	86	1	smNRPS-1/2	5910	1731	1814	96.512	8.8e-30
B201TPABXX:3:48:16768:101671#CTTGTAAT/1	86	1	86	smNRPS-1/2	5910	1719	1802	96.512	8.8e-30
B201TPABXX:3:48:19558:189514#CTTGTAAT/1	86	86	1	smNRPS-1/2	5910	1723	1806	96.512	8.8e-30
A206BNABXX:4:6:21204:70591#CTTGTAAT/1	79	79	1	smNRPS-1/2	5910	3058	3136	98.734	8.8e-30
A206BNABXX:4:47:13351:91581#CTTGTAAT/1	80	2	77	smNRPS-1/2	5910	2562	2637	100	8.8e-30
A206BNABXX:4:63:16395:134098#CTTGTAAT/2	79	79	1	smNRPS-1/2	5910	306	384	98.734	8.8e-30
A206BNABXX:4:67:3178:61598#CTTGTAAT/2	85	85	1	smNRPS-1/2	5910	4916	5000	96.471	8.8e-30
B201TPABXX:3:7:17497:170606#CTTGTAAT/1	86	86	1	smNRPS-1/2	5910	4948	5033	96.512	2.45e-30
B201TPABXX:3:22:7584:138101#CTTGTAAT/1	86	86	1	smNRPS-1/2	5910	1834	1919	96.512	2.45e-30
B201TPABXX:3:25:2618:135000#CTTGTAAT/1	86	86	1	smNRPS-1/2	5910	1123	1208	96.512	2.45e-30
B201TPABXX:3:61:5514:93875#CTTGTAAT/1	86	86	1	smNRPS-1/2	5910	4554	4639	96.512	2.45e-30
B201TPABXX:3:63:14983:133076#CTTGTAAT/1	86	1	86	smNRPS-1/2	5910	4993	5078	96.512	2.45e-30
A206BNABXX:4:2:15396:11954#CTTGTAAT/2	86	1	86	smNRPS-1/2	5910	1124	1209	96.512	2.45e-30
A206BNABXX:4:4:3504:143723#CTTGTAAT/1	80	80	1	smNRPS-1/2	5910	1547	1626	98.75	2.45e-30
A206BNABXX:4:6:21204:70591#CTTGTAAT/2	83	1	80	smNRPS-1/2	5910	2812	2891	98.75	2.45e-30
A206BNABXX:4:27:13565:51795#CTTGTATC/1	86	1	86	smNRPS-1/2	5910	3287	3372	96.512	2.45e-30
A206BNABXX:4:45:19137:168414#CTTGTAAT/1	86	1	86	smNRPS-1/2	5910	3526	3611	96.512	2.45e-30
A206BNABXX:4:65:10899:55641#CTTGTAAT/1	86	86	1	smNRPS-1/2	5910	1109	1194	96.512	2.45e-30
A206BNABXX:4:66:1443:114003#CTTGTAAT/1	83	1	83	smNRPS-1/2	5910	3547	3629	97.59	2.45e-30
A206BNABXX:4:67:14001:77121#CTTGTAAT/1	86	1	86	smNRPS-1/2	5910	1485	1570	96.512	2.45e-30
A206BNABXX:4:68:8867:109528#CTTGTAAT/1	86	86	1	smNRPS-1/2	5910	5517	5602	96.512	2.45e-30
B201TPABXX:3:66:14362:105981#CTTGTAAT/1	86	86	1	smNRPS-1/2	5910	4980	5065	96.512	2.45e-30
B201TPABXX:3:1:17586:99081#CTTGTAAT/2	84	1	84	smNRPS-1/2	5910	4845	4928	97.619	6.8e-31
B201TPABXX:3:4:6911:133479#CTTGTAAT/1	86	86	3	smNRPS-1/2	5910	3670	3753	97.619	6.8e-31
B201TPABXX:3:42:20507:38240#CTTGTAAT/2	87	1	87	smNRPS-1/2	5910	1483	1569	96.552	6.8e-31
B201TPABXX:3:62:13701:42082#CTTGTAAT/2	87	1	87	smNRPS-1/2	5910	3293	3379	96.552	6.8e-31
A206BNABXX:4:1:2737:70253#CTTGTAAT/1	86	1	84	smNRPS-1/2	5910	5513	5596	97.619	6.8e-31
A206BNABXX:4:1:2737:70253#CTTGTAAT/2	81	81	1	smNRPS-1/2	5910	5758	5838	98.765	6.8e-31
A206BNABXX:4:2:8613:8502#CTTGTAAT/1	81	1	81	smNRPS-1/2	5910	3483	3563	98.765	6.8e-31
A206BNABXX:4:3:3416:23618#CTTGTAAT/2	87	1	87	smNRPS-1/2	5910	4569	4655	96.552	6.8e-31
A206BNABXX:4:8:13039:35090#CTTGTAAT/2	87	87	1	smNRPS-1/2	5910	5640	5726	96.552	6.8e-31
A206BNABXX:4:23:17979:137027#CTTGTAAT/2	87	1	87	smNRPS-1/2	5910	2445	2531	96.552	6.8e-31
A206BNABXX:4:41:3557:188819#CTTGTAAT/2	87	87	1	smNRPS-1/2	5910	3294	3380	96.552	6.8e-31
A206BNABXX:4:42:5687:160155#CTTGTAAT/2	87	1	87	smNRPS-1/2	5910	5848	5934	96.552	6.8e-31
A206BNABXX:4:43:6186:95277#CTTGTAAT/2	87	87	1	smNRPS-1/2	5910	3862	3948	96.552	6.8e-31
A206BNABXX:4:46:16944:118157#CTTGTAAT/2	87	87	4	smNRPS-1/2	5910	3670	3753	97.619	6.8e-31
A206BNABXX:4:48:14048:115048#CTTGTAAT/2	87	1	87	smNRPS-1/2	5910	1478	1564	96.552	6.8e-31
A206BNABXX:4:67:12023:152786#CTTGTAAT/2	87	1	87	smNRPS-1/2	5910	5672	5758	96.552	6.8e-31
A206BNABXX:4:5:14825:198503#CTTGTAAT/1	81	1	81	smNRPS-1/2	5910	3912	3992	98.765	6.8e-31
B201TPABXX:3:6:14377:50750#CTTGTAAT/2	82	82	1	smNRPS-1/2	5910	1296	1377	98.78	1.89e-31
B201TPABXX:3:44:14390:199012#CTTGTAAT/2	87	1	85	smNRPS-1/2	5910	4846	4930	97.647	1.89e-31
A206BNABXX:4:47:13198:85857#CTTGTAAT/2	87	87	2	smNRPS-1/2	5910	1714	1798	97.674	1.89e-31
A206BNABXX:4:48:14048:115048#CTTGTAAT/1	85	85	1	smNRPS-1/2	5910	1697	1781	97.647	1.89e-31
A206BNABXX:4:61:17729:7381#CTTGTAAT/2	82	1	82	smNRPS-1/2	5910	3925	4006	98.78	1.89e-31
A206BNABXX:4:45:15071:176442#CTTGTAAT/1	86	1	85	smNRPS-1/2	5910	1210	1294	97.647	1.89e-31
B201TPABXX:3:7:16838:33785#CTTGTAAT/1	86	1	86	smNRPS-1/2	5910	656	741	97.674	5.26e-32
B201TPABXX:3:8:7790:9525#CTTGTAAT/1	86	86	1	smNRPS-1/2	5910	4532	4617	97.674	5.26e-32
B201TPABXX:3:22:10057:127866#CTTGTAAT/1	86	1	86	smNRPS-1/2	5910	4193	4278	97.674	5.26e-32
B201TPABXX:3:27:17331:127959#CTTGTAAT/1	86	1	86	smNRPS-1/2	5910	1182	1267	97.674	5.26e-32
B201TPABXX:3:41:18051:97779#CTTGTATC/1	86	86	1	smNRPS-1/2	5910	2811	2896	97.674	5.26e-32
B201TPABXX:3:41:18051:97779#CTTGTATC/2	86	1	86	smNRPS-1/2	5910	2589	2674	97.674	5.26e-32
B201TPABXX:3:42:12575:95857#CTTGTAAT/2	86	1	86	smNRPS-1/2	5910	3747	3832	97.674	5.26e-32
B201TPABXX:3:42:15320:193723#CTTGTAAT/1	86	1	86	smNRPS-1/2	5910	2079	2164	97.674	5.26e-32
B201TPABXX:3:44:5285:34104#CTTGTAAT/1	86	86	1	smNRPS-1/2	5910	494	579	97.674	5.26e-32
B201TPABXX:3:45:18023:160058#CTTGTAAT/1	86	1	86	smNRPS-1/2	5910	3256	3341	97.674	5.26e-32
B201TPABXX:3:47:12958:167291#CTTGTAAT/1	86	86	1	smNRPS-1/2	5910	1224	1309	97.674	5.26e-32
B201TPABXX:3:61:14110:72676#CTTGTAAT/2	80	1	80	smNRPS-1/2	5910	3469	3548	100	5.26e-32
B201TPABXX:3:63:5998:182152#CTTGTAAT/1	86	86	1	smNRPS-1/2	5910	5335	5420	97.674	5.26e-32
B201TPABXX:3:65:17263:105093#CTTGTAAT/1	80	80	1	smNRPS-1/2	5910	867	946	100	5.26e-32
B201TPABXX:3:66:9250:132399#CTTGTAAT/2	80	1	80	smNRPS-1/2	5910	1875	1954	100	5.26e-32
A206BNABXX:4:2:8506:19375#CTTGTAAT/1	86	1	83	smNRPS-1/2	5910	615	697	98.795	5.26e-32
A206BNABXX:4:2:18733:81057#CTTGTAAT/1	86	86	1	smNRPS-1/2	5910	2085	2170	97.674	5.26e-32
A206BNABXX:4:6:17387:74570#CTTGTAAT/1	86	1	86	smNRPS-1/2	5910	1425	1510	97.674	5.26e-32
A206BNABXX:4:22:3379:135695#CTTGTAAT/1	86	86	1	smNRPS-1/2	5910	3122	3207	97.674	5.26e-32
A206BNABXX:4:23:2483:143653#CTTGTAAT/1	86	1	86	smNRPS-1/2	5910	2761	2846	97.674	5.26e-32
A206BNABXX:4:25:14843:73911#CTTGTAAT/1	86	1	86	smNRPS-1/2	5910	1517	1602	97.674	5.26e-32
A206BNABXX:4:41:3557:188819#CTTGTAAT/1	86	1	86	smNRPS-1/2	5910	3057	3142	97.674	5.26e-32
A206BNABXX:4:42:13843:164934#CTTGTAAT/1	86	86	1	smNRPS-1/2	5910	5479	5564	97.674	5.26e-32
A206BNABXX:4:46:12966:79341#CTTGTAAT/1	86	86	1	smNRPS-1/2	5910	3634	3719	97.674	5.26e-32
A206BNABXX:4:47:13198:85857#CTTGTAAT/1	86	1	86	smNRPS-1/2	5910	1493	1578	97.674	5.26e-32
A206BNABXX:4:48:19153:177163#CTTGTAAT/1	83	1	83	smNRPS-1/2	5910	3021	3103	98.795	5.26e-32
A206BNABXX:4:62:3366:82249#CTTGTAAT/1	86	83	1	smNRPS-1/2	5910	68	150	98.795	5.26e-32
A206BNABXX:4:64:17111:152454#CTTGTAAT/1	86	86	1	smNRPS-1/2	5910	494	579	97.674	5.26e-32
A206BNABXX:4:65:6528:81930#CTTGTAAT/1	86	86	1	smNRPS-1/2	5910	2723	2808	97.674	5.26e-32
A206BNABXX:4:68:12371:72652#CTTGTAAT/1	86	1	86	smNRPS-1/2	5910	2353	2438	97.674	5.26e-32
B201TPABXX:3:7:4452:25598#CTTGTAAT/1	84	1	84	smNRPS-1/2	5910	3398	3481	98.81	1.46e-32
B201TPABXX:3:23:5247:85483#CTTGTAAT/2	87	1	87	smNRPS-1/2	5910	5483	5569	97.701	1.46e-32
B201TPABXX:3:26:8784:23777#CTTGTAAT/2	86	84	1	smNRPS-1/2	5910	4505	4588	98.81	1.46e-32
B201TPABXX:3:48:16768:101671#CTTGTAAT/2	87	87	1	smNRPS-1/2	5910	1947	2033	97.701	1.46e-32
B201TPABXX:3:63:5998:182152#CTTGTAAT/2	87	1	87	smNRPS-1/2	5910	5132	5218	97.701	1.46e-32
A206BNABXX:4:2:14837:42558#CTTGTAAT/2	87	87	1	smNRPS-1/2	5910	38	124	97.701	1.46e-32
A206BNABXX:4:3:5951:42673#CTTGTAAT/2	87	1	87	smNRPS-1/2	5910	5163	5249	97.701	1.46e-32
A206BNABXX:4:5:14375:88366#CTTGTAAT/2	87	1	87	smNRPS-1/2	5910	1999	2085	97.701	1.46e-32
A206BNABXX:4:8:13644:35379#CTTGTAAT/1	81	81	1	smNRPS-1/2	5910	3789	3869	100	1.46e-32
A206BNABXX:4:22:10050:138037#CTTGTAAT/2	87	1	87	smNRPS-1/2	5910	3804	3890	97.701	1.46e-32
A206BNABXX:4:27:4915:35296#CTTGTATC/2	87	1	87	smNRPS-1/2	5910	5476	5562	97.701	1.46e-32
A206BNABXX:4:44:11740:52009#CTTGTAAT/2	87	87	1	smNRPS-1/2	5910	1961	2047	97.701	1.46e-32
A206BNABXX:4:47:13162:145900#CTTGTAAT/2	87	1	87	smNRPS-1/2	5910	1357	1443	97.701	1.46e-32
A206BNABXX:4:48:19153:177163#CTTGTAAT/2	87	87	1	smNRPS-1/2	5910	3254	3340	97.701	1.46e-32
A206BNABXX:4:65:17491:75505#CTTGTAAT/1	81	1	81	smNRPS-1/2	5910	842	922	100	1.46e-32
A206BNABXX:4:66:15559:170026#CTTGTAAT/2	87	87	1	smNRPS-1/2	5910	1977	2063	97.701	1.46e-32
A206BNABXX:4:67:9171:73690#CTTGTAAT/2	87	1	86	smNRPS-1/2	5910	5263	5350	97.727	1.46e-32
B201TPABXX:3:43:12464:160277#CTTGTAAT/2	82	1	82	smNRPS-1/2	5910	162	243	100	4.06e-33
B201TPABXX:3:44:3633:115830#CTTGTAAT/2	82	82	1	smNRPS-1/2	5910	867	948	100	4.06e-33
B201TPABXX:3:67:6473:200204#CTTGTAAT/1	86	1	85	smNRPS-1/2	5910	1407	1491	98.824	4.06e-33
A206BNABXX:4:23:17760:56817#CTTGTAAT/1	85	85	1	smNRPS-1/2	5910	1286	1370	98.824	4.06e-33
A206BNABXX:4:28:5823:197402#CTTGTAAT/2	85	85	1	smNRPS-1/2	5910	412	496	98.824	4.06e-33
A206BNABXX:4:61:21062:17478#CTTGTAAT/1	86	86	2	smNRPS-1/2	5910	3599	3683	98.824	4.06e-33
A206BNABXX:4:67:14001:77121#CTTGTAAT/2	86	86	2	smNRPS-1/2	5910	1709	1793	98.824	4.06e-33
B201TPABXX:3:1:20277:98931#CTTGTAAT/2	86	1	86	smNRPS-1/2	5910	2369	2454	98.837	1.13e-33
B201TPABXX:3:1:17586:99081#CTTGTAAT/1	86	86	1	smNRPS-1/2	5910	5068	5153	98.837	1.13e-33
B201TPABXX:3:25:14440:158355#CTTGTAAT/1	86	86	1	smNRPS-1/2	5910	5266	5351	98.837	1.13e-33
B201TPABXX:3:26:7015:191938#CTTGTAAT/1	86	1	86	smNRPS-1/2	5910	4104	4189	98.837	1.13e-33
B201TPABXX:3:42:20507:38240#CTTGTAAT/1	86	86	1	smNRPS-1/2	5910	1707	1792	98.837	1.13e-33
B201TPABXX:3:42:12575:95857#CTTGTAAT/1	86	86	1	smNRPS-1/2	5910	3980	4065	98.837	1.13e-33
B201TPABXX:3:43:12464:160277#CTTGTAAT/1	86	86	1	smNRPS-1/2	5910	379	464	98.837	1.13e-33
B201TPABXX:3:44:14390:199012#CTTGTAAT/1	86	86	1	smNRPS-1/2	5910	5072	5157	98.837	1.13e-33
B201TPABXX:3:46:14888:139679#CTTGTAAT/1	86	1	86	smNRPS-1/2	5910	1527	1612	98.837	1.13e-33
B201TPABXX:3:48:21229:106800#CTTGTAAT/1	86	1	86	smNRPS-1/2	5910	1486	1571	98.837	1.13e-33
B201TPABXX:3:61:10740:149931#CTTGTAAT/1	86	1	86	smNRPS-1/2	5910	1553	1638	98.837	1.13e-33
B201TPABXX:3:65:17785:191788#CTTGTAAT/2	87	1	86	smNRPS-1/2	5910	1438	1523	98.837	1.13e-33
A206BNABXX:4:2:15396:11954#CTTGTAAT/1	86	86	1	smNRPS-1/2	5910	1351	1436	98.837	1.13e-33
A206BNABXX:4:2:8506:19375#CTTGTAAT/2	83	83	1	smNRPS-1/2	5910	853	935	100	1.13e-33
A206BNABXX:4:3:11947:126311#CTTGTAAT/1	86	1	86	smNRPS-1/2	5910	5106	5191	98.837	1.13e-33
A206BNABXX:4:3:19369:198217#CTTGTAAT/1	86	1	86	smNRPS-1/2	5910	2645	2730	98.837	1.13e-33
A206BNABXX:4:3:7186:198632#CTTGTAAT/1	86	86	1	smNRPS-1/2	5910	2855	2940	98.837	1.13e-33
A206BNABXX:4:4:17165:189234#CTTGTAAT/1	86	86	1	smNRPS-1/2	5910	286	371	98.837	1.13e-33
A206BNABXX:4:5:11928:14688#CTTGTAAT/1	86	1	86	smNRPS-1/2	5910	3028	3113	98.837	1.13e-33
A206BNABXX:4:23:8760:131404#CTTGTAAT/1	86	1	86	smNRPS-1/2	5910	1542	1627	98.837	1.13e-33
A206BNABXX:4:23:2483:143653#CTTGTAAT/2	86	86	1	smNRPS-1/2	5910	3004	3089	98.837	1.13e-33
A206BNABXX:4:26:6992:33784#CTTGTAAT/1	86	86	1	smNRPS-1/2	5910	2314	2399	98.837	1.13e-33
A206BNABXX:4:27:8080:193098#CTTGTAAT/1	86	86	1	smNRPS-1/2	5910	204	289	98.837	1.13e-33
A206BNABXX:4:28:5823:197402#CTTGTAAT/1	86	1	86	smNRPS-1/2	5910	197	282	98.837	1.13e-33
A206BNABXX:4:43:20846:60305#CTTGTAAT/1	86	1	86	smNRPS-1/2	5910	4089	4174	98.837	1.13e-33
A206BNABXX:4:44:14294:23938#CTTGTAAT/1	86	1	86	smNRPS-1/2	5910	318	403	98.837	1.13e-33
A206BNABXX:4:44:19641:72412#CTTGTAAT/2	87	86	1	smNRPS-1/2	5910	3333	3418	98.837	1.13e-33
A206BNABXX:4:45:9469:106707#CTTGTAAT/1	86	86	1	smNRPS-1/2	5910	2424	2509	98.837	1.13e-33
A206BNABXX:4:45:14963:160866#CTTGTAAT/1	86	86	1	smNRPS-1/2	5910	644	729	98.837	1.13e-33
A206BNABXX:4:45:9694:178522#CTTGTAAT/1	86	1	86	smNRPS-1/2	5910	386	471	98.837	1.13e-33
A206BNABXX:4:46:16944:118157#CTTGTAAT/1	86	1	86	smNRPS-1/2	5910	3514	3599	98.837	1.13e-33
A206BNABXX:4:46:19075:149868#CTTGTAAT/1	86	1	86	smNRPS-1/2	5910	4822	4907	98.837	1.13e-33
A206BNABXX:4:47:13162:145900#CTTGTAAT/1	86	86	1	smNRPS-1/2	5910	1581	1666	98.837	1.13e-33
A206BNABXX:4:61:11697:59002#CTTGTAAT/2	87	2	87	smNRPS-1/2	5910	1525	1610	98.837	1.13e-33
A206BNABXX:4:63:16395:134098#CTTGTAAT/1	86	1	86	smNRPS-1/2	5910	85	170	98.837	1.13e-33
A206BNABXX:4:64:1788:24795#CTTGTAAT/1	86	1	86	smNRPS-1/2	5910	2776	2861	98.837	1.13e-33
A206BNABXX:4:65:6528:81930#CTTGTAAT/2	86	1	86	smNRPS-1/2	5910	2503	2588	98.837	1.13e-33
A206BNABXX:4:66:4508:182895#CTTGTAAT/1	86	1	86	smNRPS-1/2	5910	3561	3646	98.837	1.13e-33
A206BNABXX:4:67:2918:31235#CTTGTAAT/1	86	86	1	smNRPS-1/2	5910	81	166	98.837	1.13e-33
B201TPABXX:3:3:15142:91070#CTTGTAAT/2	86	1	86	smNRPS-1/2	5910	346	431	98.837	1.13e-33
A206BNABXX:4:42:9004:26879#CTTGTAAT/1	86	1	86	smNRPS-1/2	5910	3928	4013	98.837	1.13e-33
B201TPABXX:3:4:6911:133479#CTTGTAAT/2	87	1	87	smNRPS-1/2	5910	3449	3535	98.851	3.14e-34
B201TPABXX:3:23:6315:73930#CTTGTAAT/2	87	1	87	smNRPS-1/2	5910	5356	5442	98.851	3.14e-34
B201TPABXX:3:25:2618:135000#CTTGTAAT/2	87	1	87	smNRPS-1/2	5910	879	965	98.851	3.14e-34
B201TPABXX:3:28:10011:105865#CTTGTAAT/2	87	87	1	smNRPS-1/2	5910	2567	2653	98.851	3.14e-34
B201TPABXX:3:44:4751:74926#CTTGTATC/2	87	1	87	smNRPS-1/2	5910	1504	1590	98.851	3.14e-34
B201TPABXX:3:45:18023:160058#CTTGTAAT/2	87	87	1	smNRPS-1/2	5910	3481	3567	98.851	3.14e-34
B201TPABXX:3:46:6666:68880#CTTGTAAT/2	87	1	87	smNRPS-1/2	5910	73	159	98.851	3.14e-34
B201TPABXX:3:46:11766:121677#CTTGTAAT/2	87	1	87	smNRPS-1/2	5910	743	829	98.851	3.14e-34
B201TPABXX:3:47:12958:167291#CTTGTAAT/2	87	1	87	smNRPS-1/2	5910	983	1069	98.851	3.14e-34
B201TPABXX:3:61:6099:194472#CTTGTAAT/2	87	87	1	smNRPS-1/2	5910	4524	4610	98.851	3.14e-34
A206BNABXX:4:2:18733:81057#CTTGTAAT/2	87	1	87	smNRPS-1/2	5910	1883	1969	98.851	3.14e-34
A206BNABXX:4:3:19369:198217#CTTGTAAT/2	87	87	1	smNRPS-1/2	5910	2883	2969	98.851	3.14e-34
A206BNABXX:4:3:7186:198632#CTTGTAAT/2	87	1	87	smNRPS-1/2	5910	2613	2699	98.851	3.14e-34
A206BNABXX:4:4:3504:143723#CTTGTAAT/2	87	1	87	smNRPS-1/2	5910	1323	1409	98.851	3.14e-34
A206BNABXX:4:4:17165:189234#CTTGTAAT/2	87	1	87	smNRPS-1/2	5910	57	143	98.851	3.14e-34
A206BNABXX:4:5:11928:14688#CTTGTAAT/2	87	87	1	smNRPS-1/2	5910	3243	3329	98.851	3.14e-34
A206BNABXX:4:7:14802:42036#CTTGTAAT/2	87	87	1	smNRPS-1/2	5910	1886	1972	98.851	3.14e-34
A206BNABXX:4:7:13804:50225#CTTGTAAT/2	87	87	1	smNRPS-1/2	5910	712	798	98.851	3.14e-34
A206BNABXX:4:44:14294:23938#CTTGTAAT/2	87	87	1	smNRPS-1/2	5910	357	443	98.851	3.14e-34
A206BNABXX:4:45:14963:160866#CTTGTAAT/2	87	1	87	smNRPS-1/2	5910	419	505	98.851	3.14e-34
A206BNABXX:4:46:12966:79341#CTTGTAAT/2	87	1	87	smNRPS-1/2	5910	3394	3480	98.851	3.14e-34
A206BNABXX:4:47:13351:91581#CTTGTAAT/2	87	87	1	smNRPS-1/2	5910	2780	2866	98.851	3.14e-34
A206BNABXX:4:68:12371:72652#CTTGTAAT/2	87	87	1	smNRPS-1/2	5910	2566	2652	98.851	3.14e-34
B201TPABXX:3:44:20379:47709#CTTGTAAT/2	87	1	87	smNRPS-1/2	5910	3462	3548	98.851	3.14e-34
B201TPABXX:3:6:9751:37610#CTTGTAAT/1	86	86	1	smNRPS-1/2	5910	5811	5896	100	2.43e-35
B201TPABXX:3:6:3801:162455#CTTGTAAT/1	86	1	86	smNRPS-1/2	5910	5020	5105	100	2.43e-35
B201TPABXX:3:23:9395:177911#CTTGTAAT/1	86	86	1	smNRPS-1/2	5910	2323	2408	100	2.43e-35
B201TPABXX:3:27:8639:104585#CTTGTAAT/1	86	1	86	smNRPS-1/2	5910	5725	5810	100	2.43e-35
B201TPABXX:3:28:10011:105865#CTTGTAAT/1	86	1	86	smNRPS-1/2	5910	2343	2428	100	2.43e-35
B201TPABXX:3:41:16324:46289#CTTGTAAT/1	86	86	1	smNRPS-1/2	5910	4216	4301	100	2.43e-35
B201TPABXX:3:45:19522:7948#CTTGTAAT/1	86	86	1	smNRPS-1/2	5910	5290	5375	100	2.43e-35
B201TPABXX:3:46:11766:121677#CTTGTAAT/1	86	86	1	smNRPS-1/2	5910	762	847	100	2.43e-35
B201TPABXX:3:63:14135:24690#CTTGTAAT/1	86	86	1	smNRPS-1/2	5910	2205	2290	100	2.43e-35
B201TPABXX:3:66:13464:144625#CTTGTAAT/1	86	1	86	smNRPS-1/2	5910	5696	5781	100	2.43e-35
A206BNABXX:4:3:5951:42673#CTTGTAAT/1	86	86	1	smNRPS-1/2	5910	5283	5368	100	2.43e-35
A206BNABXX:4:5:14375:88366#CTTGTAAT/1	86	86	1	smNRPS-1/2	5910	2229	2314	100	2.43e-35
A206BNABXX:4:6:14297:83538#CTTGTAAT/1	86	1	86	smNRPS-1/2	5910	4024	4109	100	2.43e-35
A206BNABXX:4:8:13485:42285#CTTGTAAT/1	86	1	86	smNRPS-1/2	5910	1567	1652	100	2.43e-35
A206BNABXX:4:22:11200:134184#CTTGTAAT/1	86	86	1	smNRPS-1/2	5910	2147	2232	100	2.43e-35
A206BNABXX:4:26:6992:33784#CTTGTAAT/2	87	2	87	smNRPS-1/2	5910	2096	2181	100	2.43e-35
A206BNABXX:4:45:9469:106707#CTTGTAAT/2	86	1	86	smNRPS-1/2	5910	2188	2273	100	2.43e-35
A206BNABXX:4:47:6289:71919#CTTGTAAT/1	86	1	86	smNRPS-1/2	5910	610	695	100	2.43e-35
A206BNABXX:4:62:11789:11847#CTTGTAAT/1	86	86	1	smNRPS-1/2	5910	1562	1647	100	2.43e-35
A206BNABXX:4:64:2581:55502#CTTGTAAT/1	86	86	1	smNRPS-1/2	5910	3966	4051	100	2.43e-35
B201TPABXX:3:46:11012:109219#CTTGTAAT/1	86	1	86	smNRPS-1/2	5910	2692	2777	100	2.43e-35
B201TPABXX:3:2:8826:88843#CTTGTAAT/2	87	1	87	smNRPS-1/2	5910	5770	5856	100	6.75e-36
B201TPABXX:3:5:19867:121877#CTTGTAAT/2	87	1	87	smNRPS-1/2	5910	5365	5451	100	6.75e-36
B201TPABXX:3:7:16838:33785#CTTGTAAT/2	87	87	1	smNRPS-1/2	5910	874	960	100	6.75e-36
B201TPABXX:3:23:18042:70071#CTTGTAAT/2	87	1	87	smNRPS-1/2	5910	5776	5862	100	6.75e-36
B201TPABXX:3:25:14440:158355#CTTGTAAT/2	87	1	87	smNRPS-1/2	5910	5038	5124	100	6.75e-36
B201TPABXX:3:41:16324:46289#CTTGTAAT/2	87	1	87	smNRPS-1/2	5910	3988	4074	100	6.75e-36
B201TPABXX:3:41:10677:127435#CTTGTAAT/2	87	1	87	smNRPS-1/2	5910	5744	5830	100	6.75e-36
B201TPABXX:3:48:21229:106800#CTTGTAAT/2	87	87	1	smNRPS-1/2	5910	1724	1810	100	6.75e-36
B201TPABXX:3:62:9180:133375#CTTGTAAT/2	87	1	87	smNRPS-1/2	5910	764	850	100	6.75e-36
A206BNABXX:4:3:11947:126311#CTTGTAAT/2	87	87	1	smNRPS-1/2	5910	5319	5405	100	6.75e-36
A206BNABXX:4:8:11729:76423#CTTGTAAT/2	87	87	1	smNRPS-1/2	5910	741	827	100	6.75e-36
A206BNABXX:4:22:11200:134184#CTTGTAAT/2	87	1	87	smNRPS-1/2	5910	2099	2185	100	6.75e-36
A206BNABXX:4:22:3379:135695#CTTGTAAT/2	87	1	87	smNRPS-1/2	5910	2923	3009	100	6.75e-36
A206BNABXX:4:42:13843:164934#CTTGTAAT/2	87	1	87	smNRPS-1/2	5910	5257	5343	100	6.75e-36
A206BNABXX:4:47:6289:71919#CTTGTAAT/2	87	87	1	smNRPS-1/2	5910	851	937	100	6.75e-36
A206BNABXX:4:48:19123:81482#CTTGTAAT/2	87	87	1	smNRPS-1/2	5910	2126	2212	100	6.75e-36
A206BNABXX:4:62:11789:11847#CTTGTAAT/2	87	1	87	smNRPS-1/2	5910	1336	1422	100	6.75e-36
A206BNABXX:4:64:17412:12780#CTTGTAAT/2	87	87	1	smNRPS-1/2	5910	161	247	100	6.75e-36
A206BNABXX:4:64:2581:55502#CTTGTAAT/2	87	1	87	smNRPS-1/2	5910	3748	3834	100	6.75e-36
A206BNABXX:4:68:8867:109528#CTTGTAAT/2	87	1	87	smNRPS-1/2	5910	5297	5383	100	6.75e-36
A206BNABXX:4:64:4065:184726#CTTGTAAT/2	87	1	87	smNRPS-1/2	5910	5030	5116	100	6.75e-36
