B201TPABXX:1:64:17660:19203#ATCACGAT/1	85	1	85	smNRPS-1/2	5910	1507	1591	95.294	3.16e-28
B201TPABXX:1:67:19639:40123#ATCACGAT/2	77	77	1	smNRPS-1/2	5910	614	690	100	1.89e-30
B201TPABXX:1:1:5554:36765#ATCACGAT/2	85	85	1	smNRPS-1/2	5910	1547	1631	97.647	1.46e-31
A206BNABXX:2:63:20495:191938#ATAACGAT/1	43	43	1	smNRPS-1/2	5910	1503	1545	100	1.52e-11
B201TPABXX:1:4:10546:14785#ATCACGAT/1	53	1	53	smNRPS-1/2	5910	2574	2626	98.113	1.95e-15
A206BNABXX:2:47:7825:102681#ATCACGAT/1	75	1	75	smNRPS-1/2	5910	3928	4002	97.333	5.34e-26
B201TPABXX:1:1:5554:36765#ATCACGAT/1	79	79	1	smNRPS-1/2	5910	4557	4635	96.203	1.49e-26
A206BNABXX:2:28:16412:25549#ATCACGAT/1	85	1	85	smNRPS-1/2	5910	1739	1819	95.294	4.13e-27
A206BNABXX:2:63:20495:191938#ATAACGAT/2	71	1	71	smNRPS-1/2	5910	1248	1318	100	4.13e-27
B201TPABXX:1:64:17660:19203#ATCACGAT/2	75	1	75	smNRPS-1/2	5910	4125	4199	98.667	1.15e-27
A206BNABXX:2:6:16594:134671#ATCACGAT/1	85	1	85	smNRPS-1/2	5910	5600	5684	95.294	3.19e-28
B201TPABXX:1:23:6835:170160#ATCACGAT/1	85	85	1	smNRPS-1/2	5910	5090	5174	96.471	6.87e-30
B201TPABXX:1:23:6835:170160#ATCACGAT/2	85	1	85	smNRPS-1/2	5910	4851	4935	96.471	6.87e-30
A206BNABXX:2:65:4959:77679#ATNACGAT/2	85	1	85	smNRPS-1/2	5910	3875	3959	96.471	6.87e-30
B201TPABXX:1:25:5884:174748#ATCACGAT/2	85	83	1	smNRPS-1/2	5910	68	150	97.59	1.91e-30
A206BNABXX:2:65:4959:77679#ATNACGAT/1	80	80	1	smNRPS-1/2	5910	4100	4179	98.75	1.91e-30
A206BNABXX:2:28:16412:25549#ATCACGAT/2	85	85	1	smNRPS-1/2	5910	1981	2065	97.647	1.48e-31
A206BNABXX:2:66:4116:3040#ATAACGAT/2	85	1	85	smNRPS-1/2	5910	2586	2670	97.647	1.48e-31
A206BNABXX:2:66:4116:3040#ATAACGAT/1	85	85	2	smNRPS-1/2	5910	2830	2913	98.81	1.14e-32
B201TPABXX:1:4:10546:14785#ATCACGAT/2	85	85	1	smNRPS-1/2	5910	2809	2893	98.824	3.17e-33
B201TPABXX:1:22:5471:151713#ATCACGAT/2	85	1	85	smNRPS-1/2	5910	5344	5428	98.824	3.17e-33
A206BNABXX:2:28:18711:172892#ATCACGAT/2	85	1	85	smNRPS-1/2	5910	1547	1631	98.824	3.17e-33
A206BNABXX:2:46:5033:81708#ATAACGAT/2	85	85	1	smNRPS-1/2	5910	1933	2017	98.824	3.17e-33
A206BNABXX:2:65:3204:23845#ATNACGAT/1	85	85	1	smNRPS-1/2	5910	858	942	98.824	3.17e-33
A206BNABXX:2:65:3204:23845#ATNACGAT/2	85	1	85	smNRPS-1/2	5910	639	723	98.824	3.17e-33
A206BNABXX:2:8:9375:103080#ATAACGAT/2	85	1	85	smNRPS-1/2	5910	1294	1378	98.824	3.17e-33
B201TPABXX:1:61:14729:16713#ATCACGAT/1	85	1	85	smNRPS-1/2	5910	5040	5124	100	6.82e-35
B201TPABXX:1:61:14729:16713#ATCACGAT/2	85	85	1	smNRPS-1/2	5910	5269	5353	100	6.82e-35
A206BNABXX:2:6:16594:134671#ATCACGAT/2	85	85	1	smNRPS-1/2	5910	5834	5918	100	6.82e-35
A206BNABXX:2:46:5033:81708#ATAACGAT/1	85	1	85	smNRPS-1/2	5910	1701	1785	100	6.82e-35
