FC61KF5AAXX:7:70:13356:5276#0/2	71	1	71	smNRPS-1/2	5910	2690	2760	100	1.73e-27
FC61KF5AAXX:7:38:4771:14809#0/1	49	49	1	smNRPS-1/2	5910	4752	4800	97.959	1.38e-13
FC61KF5AAXX:7:38:4771:14809#0/2	51	1	51	smNRPS-1/2	5910	4503	4553	100	2.29e-16
FC61KF5AAXX:7:64:12199:7947#0/2	60	60	1	smNRPS-1/2	5910	1123	1182	95	2.29e-16
FC61KF5AAXX:7:11:2776:4758#0/2	57	1	57	smNRPS-1/2	5910	5198	5254	100	1.06e-19
FC61KF5AAXX:7:24:14275:14579#0/1	70	1	67	smNRPS-1/2	5910	1075	1141	98.507	1.36e-23
FC61KF5AAXX:7:112:5511:10085#0/1	70	1	70	smNRPS-1/2	5910	4908	4977	97.143	1.36e-23
FC61KF5AAXX:7:20:11302:19038#0/2	71	1	71	smNRPS-1/2	5910	3736	3806	97.183	3.78e-24
FC61KF5AAXX:7:100:18869:17628#0/2	65	65	1	smNRPS-1/2	5910	3004	3068	100	3.78e-24
FC61KF5AAXX:7:53:8245:9387#0/1	69	1	69	smNRPS-1/2	5910	4899	4967	98.551	1.05e-24
FC61KF5AAXX:7:112:5511:10085#0/2	71	71	1	smNRPS-1/2	5910	5119	5189	98.592	8.13e-26
FC61KF5AAXX:7:2:17248:19952#0/1	70	70	1	smNRPS-1/2	5910	5345	5414	100	6.29e-27
FC61KF5AAXX:7:11:2776:4758#0/1	70	70	1	smNRPS-1/2	5910	5410	5479	100	6.29e-27
FC61KF5AAXX:7:20:11302:19038#0/1	70	70	1	smNRPS-1/2	5910	3981	4050	100	6.29e-27
FC61KF5AAXX:7:64:12199:7947#0/1	70	1	70	smNRPS-1/2	5910	867	936	100	6.29e-27
FC61KF5AAXX:7:70:13356:5276#0/1	70	1	70	smNRPS-1/2	5910	2961	3030	100	6.29e-27
FC61KF5AAXX:7:100:18869:17628#0/1	70	1	70	smNRPS-1/2	5910	2762	2831	100	6.29e-27
FC61KF5AAXX:7:6:19145:17519#0/1	70	70	1	smNRPS-1/2	5910	3957	4026	100	6.29e-27
FC61KF5AAXX:7:119:12865:14327#0/1	70	1	70	smNRPS-1/2	5910	1239	1308	100	6.29e-27
FC61KF5AAXX:7:2:17248:19952#0/2	71	1	71	smNRPS-1/2	5910	5101	5171	100	1.75e-27
FC61KF5AAXX:7:53:8245:9387#0/2	71	71	1	smNRPS-1/2	5910	5164	5234	100	1.75e-27
