A2026YABXX:3:24:9707:129697#TAGCTTA/1	87	87	1	smNRPS-1/2	5910	4183	4269	98.851	1.9e-34
A2026YABXX:3:24:9707:129697#TAGCTTA/2	87	1	87	smNRPS-1/2	5910	4171	4257	98.851	1.9e-34
A2026YABXX:3:1:6426:35718#TAGCTTA/1	54	1	54	smNRPS-1/2	5910	2527	2580	100	9.13e-18
A2026YABXX:3:5:18221:100891#TAGCTTA/1	61	61	1	smNRPS-1/2	5910	276	336	100	1.17e-21
A2026YABXX:3:7:3011:194064#TAGCTTA/1	81	81	1	smNRPS-1/2	5910	3822	3902	98.765	4.16e-31
A2026YABXX:3:7:17719:16221#TAGCTTA/1	82	79	1	smNRPS-1/2	5910	2353	2431	100	1.16e-31
A2026YABXX:3:7:3011:194064#TAGCTTA/2	87	1	87	smNRPS-1/2	5910	3604	3690	97.701	8.94e-33
A2026YABXX:3:63:13999:127091#TAGCTTA/1	82	82	1	smNRPS-1/2	5910	950	1031	100	2.49e-33
B201LRABXX:5:44:21162:108736#TAGCTTA/2	87	1	87	smNRPS-1/2	5910	946	1032	98.851	1.92e-34
A2026YABXX:3:63:13999:127091#TAGCTTA/2	85	1	85	smNRPS-1/2	5910	723	807	100	5.34e-35
A2026YABXX:3:41:4784:25259#TAGCTTC/2	86	1	86	smNRPS-1/2	5910	5173	5258	100	1.49e-35
B201LRABXX:5:8:20616:4304#TAGCTTA/1	87	1	87	smNRPS-1/2	5910	2070	2156	100	4.13e-36
B201LRABXX:5:8:20616:4304#TAGCTTA/2	87	87	1	smNRPS-1/2	5910	2296	2382	100	4.13e-36
A2026YABXX:3:5:18221:100891#TAGCTTA/2	87	1	87	smNRPS-1/2	5910	6	92	100	4.13e-36
