B201K8ABXX:6:48:1369:187585#TAGCTT/1	55	1	55	smNRPS-1/2	5910	2404	2458	96.364	4.13e-15
B200YWABXX:6:27:19937:14757#TAGCTTA/1	51	51	2	smNRPS-1/2	5910	494	543	100	1.15e-15
B201K8ABXX:6:46:10066:170810#TAGCTT/1	86	1	51	smNRPS-1/2	5910	5825	5875	100	3.19e-16
B200YWABXX:6:61:12200:50357#TAGCTTA/2	56	1	56	smNRPS-1/2	5910	2205	2260	100	5.31e-19
B200YWABXX:6:62:11955:138661#TAGCTTA/1	65	65	1	smNRPS-1/2	5910	576	640	96.923	1.14e-20
B200YWABXX:6:3:18416:117546#TAGCTTA/2	69	69	1	smNRPS-1/2	5910	4852	4920	98.551	1.46e-24
B201K8ABXX:6:48:1369:187585#TAGCTT/2	75	75	1	smNRPS-1/2	5910	2660	2734	98.667	6.77e-28
B200YWABXX:6:8:19183:143322#TAGCTTA/2	79	79	1	smNRPS-1/2	5910	1872	1950	97.468	1.88e-28
B200YWABXX:6:48:6680:197310#TAGCTTA/2	86	86	2	smNRPS-1/2	5910	1302	1386	95.294	1.88e-28
B201K8ABXX:6:28:3161:193669#TAGCTT/1	86	1	86	smNRPS-1/2	5910	5006	5091	95.349	5.23e-29
B200YWABXX:6:46:14581:173755#TAGCTTA/2	85	85	1	smNRPS-1/2	5910	1864	1948	96.471	4.04e-30
B201K8ABXX:6:5:14056:5213#TAGCTT/1	86	1	86	smNRPS-1/2	5910	4858	4943	96.512	1.12e-30
B201K8ABXX:6:8:7224:17203#TAGCTT/2	86	1	86	smNRPS-1/2	5910	2691	2776	96.512	1.12e-30
B201K8ABXX:6:8:18178:80311#TAGCTT/1	86	86	1	smNRPS-1/2	5910	4385	4470	96.512	1.12e-30
B200YWABXX:6:46:7457:57910#TAGCTTA/2	86	86	1	smNRPS-1/2	5910	4389	4474	96.512	1.12e-30
B201K8ABXX:6:64:13951:22474#TAGCTT/2	80	1	80	smNRPS-1/2	5910	5687	5766	100	2.42e-32
B200YWABXX:6:67:4822:178878#TAGCTTA/2	86	1	86	smNRPS-1/2	5910	5212	5297	97.674	2.42e-32
B200YWABXX:6:3:18416:117546#TAGCTTA/1	86	1	86	smNRPS-1/2	5910	4611	4696	98.837	5.19e-34
B200YWABXX:6:67:4822:178878#TAGCTTA/1	86	86	1	smNRPS-1/2	5910	5472	5557	98.837	5.19e-34
B201K8ABXX:6:22:4397:189282#TAGCTT/2	86	1	86	smNRPS-1/2	5910	5650	5735	100	1.12e-35
B201K8ABXX:6:44:7558:77398#TAGCTT/1	86	1	86	smNRPS-1/2	5910	495	580	100	1.12e-35
B201K8ABXX:6:44:7558:77398#TAGCTT/2	86	86	1	smNRPS-1/2	5910	729	814	100	1.12e-35
B201K8ABXX:6:47:20641:68512#TAGCTT/1	86	1	86	smNRPS-1/2	5910	4059	4144	100	1.12e-35
B201K8ABXX:6:47:20652:68530#TAGCTT/1	86	1	86	smNRPS-1/2	5910	4059	4144	100	1.12e-35
B201K8ABXX:6:66:17502:59962#TAGCTT/1	86	86	1	smNRPS-1/2	5910	151	236	100	1.12e-35
B200YWABXX:6:22:3697:66366#TAGCTTA/2	86	1	86	smNRPS-1/2	5910	4860	4945	100	1.12e-35
B200YWABXX:6:44:17870:186741#TAGCTTA/1	86	86	1	smNRPS-1/2	5910	1060	1145	100	1.12e-35
B200YWABXX:6:44:17870:186741#TAGCTTA/2	86	1	86	smNRPS-1/2	5910	828	913	100	1.12e-35
B200YWABXX:6:61:12200:50357#TAGCTTA/1	86	86	1	smNRPS-1/2	5910	2445	2530	100	1.12e-35
B200YWABXX:6:27:20582:5366#TAGCTTA/1	48	48	1	smNRPS-1/2	5910	3563	3610	95.833	3.25e-11
B201K8ABXX:6:28:8623:49272#TAGCTT/2	45	45	1	smNRPS-1/2	5910	1023	1067	100	6.99e-13
B200YWABXX:6:24:18296:154098#TAGCTTA/2	46	46	1	smNRPS-1/2	5910	1420	1465	100	1.94e-13
B200YWABXX:6:42:2752:34293#TAGCTTA/2	48	48	1	smNRPS-1/2	5910	626	673	100	1.5e-14
B200YWABXX:6:41:17018:177548#TAGCTTA/1	59	59	1	smNRPS-1/2	5910	4212	4270	98.305	5.37e-19
B200YWABXX:6:5:15326:49628#TAGCTTA/2	67	67	1	smNRPS-1/2	5910	2974	3040	95.522	4.15e-20
B200YWABXX:6:42:2752:34293#TAGCTTA/1	59	1	59	smNRPS-1/2	5910	343	401	100	1.15e-20
B200YWABXX:6:1:4591:54359#TAGCTTA/1	64	64	1	smNRPS-1/2	5910	4466	4529	98.438	8.92e-22
B200YWABXX:6:48:16847:200530#TAGCTTA/2	61	61	1	smNRPS-1/2	5910	5221	5281	100	8.92e-22
B201K8ABXX:6:26:21012:184243#TAGCTT/2	70	70	1	smNRPS-1/2	5910	5276	5345	98.571	4.12e-25
B200YWABXX:6:42:17373:176797#TAGCTTA/2	68	1	68	smNRPS-1/2	5910	3361	3428	100	1.15e-25
B201K8ABXX:6:48:17590:91332#TAGCTT/1	86	1	83	smNRPS-1/2	5910	2804	2886	96.386	5.29e-29
B201K8ABXX:6:24:20721:47293#TAGCTT/2	78	78	1	smNRPS-1/2	5910	5291	5368	98.718	1.47e-29
B201K8ABXX:6:47:5682:175135#TAGCTT/2	75	1	75	smNRPS-1/2	5910	120	194	100	1.47e-29
B201K8ABXX:6:65:6640:36675#TAGCTT/2	86	86	2	smNRPS-1/2	5910	3566	3650	96.471	4.09e-30
B200YWABXX:6:4:12327:138946#TAGCTTA/2	86	86	1	smNRPS-1/2	5910	1783	1866	96.512	4.09e-30
B201K8ABXX:6:25:12927:29262#TAGCTT/1	77	77	1	smNRPS-1/2	5910	5686	5762	100	1.14e-30
B200YWABXX:6:41:17018:177548#TAGCTTA/2	86	1	86	smNRPS-1/2	5910	3970	4055	96.512	1.14e-30
B201K8ABXX:6:2:13968:72258#TAGCTT/2	81	81	1	smNRPS-1/2	5910	2822	2902	98.765	3.16e-31
B200YWABXX:6:5:5256:119703#TAGCTTA/2	84	1	84	smNRPS-1/2	5910	5261	5344	97.619	3.16e-31
B201K8ABXX:6:47:5682:175135#TAGCTT/1	86	86	1	smNRPS-1/2	5910	369	454	97.674	2.45e-32
B201K8ABXX:6:4:2163:71710#TAGCTT/2	83	1	83	smNRPS-1/2	5910	3310	3392	100	5.26e-34
B201K8ABXX:6:6:11825:187945#TAGCTT/2	86	86	1	smNRPS-1/2	5910	803	888	98.837	5.26e-34
B201K8ABXX:6:24:20721:47293#TAGCTT/1	86	1	86	smNRPS-1/2	5910	5048	5133	98.837	5.26e-34
B201K8ABXX:6:27:13907:169971#TAGCTT/1	86	1	86	smNRPS-1/2	5910	2794	2879	98.837	5.26e-34
B201K8ABXX:6:27:13907:169971#TAGCTT/2	83	83	1	smNRPS-1/2	5910	3054	3136	100	5.26e-34
B200YWABXX:6:1:4591:54359#TAGCTTA/2	83	1	83	smNRPS-1/2	5910	4215	4297	100	5.26e-34
B200YWABXX:6:22:3697:66366#TAGCTTA/1	86	1	86	smNRPS-1/2	5910	674	759	98.837	5.26e-34
B200YWABXX:6:46:10645:2422#TAGCTTA/1	86	1	86	smNRPS-1/2	5910	4143	4228	98.837	5.26e-34
B200YWABXX:6:48:16847:200530#TAGCTTA/1	86	1	86	smNRPS-1/2	5910	4955	5040	98.837	5.26e-34
B201K8ABXX:6:2:13968:72258#TAGCTT/1	84	1	84	smNRPS-1/2	5910	2580	2663	100	1.46e-34
B200YWABXX:6:8:13861:142989#TAGCTTA/1	84	1	84	smNRPS-1/2	5910	3618	3701	100	1.46e-34
B201K8ABXX:6:4:2163:71710#TAGCTT/1	85	85	1	smNRPS-1/2	5910	3556	3640	100	4.06e-35
B201K8ABXX:6:42:8949:99469#TAGCTT/1	85	85	1	smNRPS-1/2	5910	3198	3282	100	4.06e-35
B200YWABXX:6:22:11438:126010#TAGCTTA/1	85	1	85	smNRPS-1/2	5910	3186	3270	100	4.06e-35
B201K8ABXX:6:6:11825:187945#TAGCTT/1	86	1	86	smNRPS-1/2	5910	562	647	100	1.13e-35
B201K8ABXX:6:25:12927:29262#TAGCTT/2	86	1	86	smNRPS-1/2	5910	5416	5501	100	1.13e-35
B201K8ABXX:6:25:5365:38673#TAGCTT/1	86	86	1	smNRPS-1/2	5910	3046	3131	100	1.13e-35
B201K8ABXX:6:25:5365:38673#TAGCTT/2	86	1	86	smNRPS-1/2	5910	2816	2901	100	1.13e-35
B201K8ABXX:6:25:9934:108757#TAGCTT/1	86	86	1	smNRPS-1/2	5910	813	898	100	1.13e-35
B201K8ABXX:6:25:9934:108757#TAGCTT/2	86	1	86	smNRPS-1/2	5910	563	648	100	1.13e-35
B201K8ABXX:6:26:1514:7220#TAGCTT/1	86	1	86	smNRPS-1/2	5910	3097	3182	100	1.13e-35
B201K8ABXX:6:26:1514:7220#TAGCTT/2	86	86	1	smNRPS-1/2	5910	3358	3443	100	1.13e-35
B201K8ABXX:6:28:8623:49272#TAGCTT/1	86	1	86	smNRPS-1/2	5910	756	841	100	1.13e-35
B201K8ABXX:6:42:8949:99469#TAGCTT/2	86	1	86	smNRPS-1/2	5910	2970	3055	100	1.13e-35
B201K8ABXX:6:46:18793:104816#TAGCTT/1	86	86	1	smNRPS-1/2	5910	5813	5898	100	1.13e-35
B201K8ABXX:6:46:18793:104816#TAGCTT/2	86	1	86	smNRPS-1/2	5910	5552	5637	100	1.13e-35
B201K8ABXX:6:47:13263:133364#TAGCTT/1	86	1	86	smNRPS-1/2	5910	1176	1261	100	1.13e-35
B201K8ABXX:6:47:13263:133364#TAGCTT/2	86	86	1	smNRPS-1/2	5910	1390	1475	100	1.13e-35
B200YWABXX:6:4:12327:138946#TAGCTTA/1	86	1	86	smNRPS-1/2	5910	1547	1632	100	1.13e-35
B200YWABXX:6:8:13861:142989#TAGCTTA/2	86	86	1	smNRPS-1/2	5910	3861	3946	100	1.13e-35
B200YWABXX:6:22:11438:126010#TAGCTTA/2	86	86	1	smNRPS-1/2	5910	3424	3509	100	1.13e-35
B200YWABXX:6:26:5579:69967#TAGCTTA/1	86	86	1	smNRPS-1/2	5910	384	469	100	1.13e-35
B200YWABXX:6:26:5579:69967#TAGCTTA/2	86	1	86	smNRPS-1/2	5910	124	209	100	1.13e-35
B200YWABXX:6:42:17373:176797#TAGCTTA/1	86	86	1	smNRPS-1/2	5910	3608	3693	100	1.13e-35
B200YWABXX:6:46:10645:2422#TAGCTTA/2	86	86	1	smNRPS-1/2	5910	4405	4490	100	1.13e-35
B200YWABXX:6:61:1577:77545#TAGCTTA/1	86	1	86	smNRPS-1/2	5910	1881	1966	100	1.13e-35
B200YWABXX:6:61:1577:77545#TAGCTTA/2	86	86	1	smNRPS-1/2	5910	2112	2197	100	1.13e-35
