FC61KF5AAXX:6:11:12568:20365#0/1	49	1	49	smNRPS-1/2	5910	648	696	100	3.58e-15
FC61KF5AAXX:6:4:19196:18163#0/2	71	1	71	smNRPS-1/2	5910	2313	2383	98.592	9.81e-26
FC61KF5AAXX:6:7:15738:12069#0/1	71	1	71	smNRPS-1/2	5910	5043	5113	100	2.11e-27
FC61KF5AAXX:6:29:15614:19746#0/2	41	39	1	smNRPS-1/2	5910	3004	3042	100	1.31e-9
FC61KF5AAXX:6:84:14260:4497#0/2	41	41	1	smNRPS-1/2	5910	1504	1544	100	1.01e-10
FC61KE4AAXX:4:22:1660:17665#CTTGTA/1	56	1	53	smNRPS-1/2	5910	4140	4192	98.113	1.01e-15
FC61KF5AAXX:6:12:8202:13168#0/2	61	1	61	smNRPS-1/2	5910	3707	3767	95.082	7.78e-17
FC61KF5AAXX:6:101:13265:3047#0/1	58	1	55	smNRPS-1/2	5910	4796	4850	100	1.67e-18
FC61KF5AAXX:6:22:2123:9940#0/1	59	59	1	smNRPS-1/2	5910	4126	4184	100	9.99e-21
FC61KF5AAXX:6:67:8692:8129#0/1	69	1	69	smNRPS-1/2	5910	1084	1152	95.652	2.78e-21
FC61KF5AAXX:6:34:2612:4311#0/1	61	1	61	smNRPS-1/2	5910	2525	2585	100	7.73e-22
FC61KF5AAXX:6:78:8735:6935#0/1	61	1	61	smNRPS-1/2	5910	914	974	100	7.73e-22
FC61KF5AAXX:6:57:6151:1419#0/2	62	1	62	smNRPS-1/2	5910	5846	5907	100	2.15e-22
FC61KF5AAXX:6:91:13944:18648#0/2	63	63	1	smNRPS-1/2	5910	2578	2640	100	5.97e-23
FC61KF5AAXX:6:112:6722:5441#0/1	70	1	70	smNRPS-1/2	5910	2480	2549	97.143	1.66e-23
FC61KF5AAXX:6:12:8202:13168#0/1	71	71	1	smNRPS-1/2	5910	3928	3998	97.183	4.62e-24
FC61KF5AAXX:6:14:10857:16098#0/2	65	65	1	smNRPS-1/2	5910	1515	1579	100	4.62e-24
FC61KF5AAXX:6:101:13265:3047#0/2	68	68	1	smNRPS-1/2	5910	5034	5101	98.529	4.62e-24
FC61KF5AAXX:6:112:6722:5441#0/2	71	71	1	smNRPS-1/2	5910	2734	2804	97.183	4.62e-24
FC61KF5AAXX:6:30:16975:10994#0/1	66	1	66	smNRPS-1/2	5910	3013	3078	100	1.28e-24
FC61KF5AAXX:6:115:17005:19739#0/1	66	1	66	smNRPS-1/2	5910	914	979	100	1.28e-24
FC61KE4AAXX:4:18:5011:18572#CTTGTA/2	69	69	1	smNRPS-1/2	5910	1969	2037	98.551	1.28e-24
FC61KF5AAXX:6:100:11763:8175#0/1	70	1	70	smNRPS-1/2	5910	618	687	98.571	3.57e-25
FC61KF5AAXX:6:4:19196:18163#0/1	71	1	68	smNRPS-1/2	5910	3343	3410	100	9.92e-26
FC61KF5AAXX:6:22:2123:9940#0/2	71	1	71	smNRPS-1/2	5910	3865	3935	98.592	9.92e-26
FC61KF5AAXX:6:101:16107:6129#0/1	71	71	4	smNRPS-1/2	5910	3080	3147	100	9.92e-26
FC61KF5AAXX:6:120:4246:18262#0/2	71	71	1	smNRPS-1/2	5910	178	248	98.592	9.92e-26
FC61KE4AAXX:4:100:18377:3166#CTTGTA/2	71	1	71	smNRPS-1/2	5910	1449	1519	98.592	9.92e-26
FC61KF5AAXX:6:6:8974:18214#0/2	71	71	3	smNRPS-1/2	5910	1753	1821	100	2.76e-26
FC61KE4AAXX:4:1:12923:16042#CTTGTA/1	69	1	69	smNRPS-1/2	5910	1707	1775	100	2.76e-26
FC61KE4AAXX:4:5:7077:12103#CTTGTA/1	69	69	1	smNRPS-1/2	5910	3311	3379	100	2.76e-26
FC61KE4AAXX:4:18:5011:18572#CTTGTA/1	69	1	69	smNRPS-1/2	5910	1728	1796	100	2.76e-26
FC61KE4AAXX:4:32:10854:20142#CTTGTA/1	69	69	1	smNRPS-1/2	5910	2220	2288	100	2.76e-26
FC61KE4AAXX:4:100:18377:3166#CTTGTA/1	69	69	1	smNRPS-1/2	5910	1690	1758	100	2.76e-26
FC61KF5AAXX:6:11:5126:8171#0/2	70	1	70	smNRPS-1/2	5910	2597	2666	100	7.67e-27
FC61KF5AAXX:6:91:13944:18648#0/1	70	1	70	smNRPS-1/2	5910	2336	2405	100	7.67e-27
FC61KF5AAXX:6:6:8974:18214#0/1	71	1	71	smNRPS-1/2	5910	1520	1590	100	2.13e-27
FC61KF5AAXX:6:7:15738:12069#0/2	71	1	71	smNRPS-1/2	5910	514	584	100	2.13e-27
FC61KF5AAXX:6:11:5126:8171#0/1	71	71	1	smNRPS-1/2	5910	2838	2908	100	2.13e-27
FC61KF5AAXX:6:11:12568:20365#0/2	71	1	71	smNRPS-1/2	5910	5002	5072	100	2.13e-27
FC61KF5AAXX:6:14:10857:16098#0/1	71	1	71	smNRPS-1/2	5910	1275	1345	100	2.13e-27
FC61KF5AAXX:6:15:15584:15977#0/1	71	1	71	smNRPS-1/2	5910	1534	1604	100	2.13e-27
FC61KF5AAXX:6:24:4166:19500#0/1	71	1	71	smNRPS-1/2	5910	2417	2487	100	2.13e-27
FC61KF5AAXX:6:24:4166:19500#0/2	71	71	1	smNRPS-1/2	5910	2646	2716	100	2.13e-27
FC61KF5AAXX:6:24:4418:17411#0/1	71	1	71	smNRPS-1/2	5910	4617	4687	100	2.13e-27
FC61KF5AAXX:6:29:15614:19746#0/1	71	1	71	smNRPS-1/2	5910	2727	2797	100	2.13e-27
FC61KF5AAXX:6:30:16975:10994#0/2	71	71	1	smNRPS-1/2	5910	3259	3329	100	2.13e-27
FC61KF5AAXX:6:34:2612:4311#0/2	71	71	1	smNRPS-1/2	5910	2757	2827	100	2.13e-27
FC61KF5AAXX:6:39:17987:15448#0/1	71	1	71	smNRPS-1/2	5910	519	589	100	2.13e-27
FC61KF5AAXX:6:39:17987:15448#0/2	71	71	1	smNRPS-1/2	5910	765	835	100	2.13e-27
FC61KF5AAXX:6:43:18218:13849#0/1	71	1	71	smNRPS-1/2	5910	1714	1784	100	2.13e-27
FC61KF5AAXX:6:50:14083:6066#0/1	71	1	71	smNRPS-1/2	5910	575	645	100	2.13e-27
FC61KF5AAXX:6:50:14083:6066#0/2	71	71	1	smNRPS-1/2	5910	830	900	100	2.13e-27
FC61KF5AAXX:6:58:5012:8951#0/1	71	1	71	smNRPS-1/2	5910	4776	4846	100	2.13e-27
FC61KF5AAXX:6:58:5012:8951#0/2	71	71	1	smNRPS-1/2	5910	5029	5099	100	2.13e-27
FC61KF5AAXX:6:67:8692:8129#0/2	71	71	1	smNRPS-1/2	5910	1328	1398	100	2.13e-27
FC61KF5AAXX:6:85:14937:18890#0/1	71	1	71	smNRPS-1/2	5910	5562	5632	100	2.13e-27
FC61KF5AAXX:6:85:14937:18890#0/2	71	71	1	smNRPS-1/2	5910	5796	5866	100	2.13e-27
FC61KF5AAXX:6:100:11763:8175#0/2	71	71	1	smNRPS-1/2	5910	851	921	100	2.13e-27
FC61KF5AAXX:6:101:16107:6129#0/2	71	1	71	smNRPS-1/2	5910	2844	2914	100	2.13e-27
FC61KF5AAXX:6:111:9400:13661#0/2	71	71	1	smNRPS-1/2	5910	1706	1776	100	2.13e-27
FC61KE4AAXX:4:1:12923:16042#CTTGTA/2	71	71	1	smNRPS-1/2	5910	1946	2016	100	2.13e-27
FC61KE4AAXX:4:5:7077:12103#CTTGTA/2	71	1	71	smNRPS-1/2	5910	3048	3118	100	2.13e-27
FC61KE4AAXX:4:32:10854:20142#CTTGTA/2	71	1	71	smNRPS-1/2	5910	1980	2050	100	2.13e-27
FC61KE4AAXX:4:35:13180:3200#CTTGTA/2	71	71	1	smNRPS-1/2	5910	177	247	100	2.13e-27
FC61KE4AAXX:4:43:10940:15945#CTTGTA/2	71	1	71	smNRPS-1/2	5910	5850	5920	100	2.13e-27
