FC615E0AAXX:4:41:11264:5691#0/1	44	44	1	smNRPS-1/2	5910	1871	1914	100	1.83e-12
FC615E0AAXX:4:63:14870:4183#0/1	43	1	43	smNRPS-1/2	5910	1227	1269	100	6.67e-12
FC615E0AAXX:4:34:14503:16703#0/2	72	19	72	smNRPS-1/2	5910	1	54	100	5.12e-18
FC615E0AAXX:4:47:3820:3791#0/2	57	1	57	smNRPS-1/2	5910	3546	3602	100	1.1e-19
FC615E0AAXX:4:34:14503:16703#0/1	67	67	1	smNRPS-1/2	5910	225	291	97.015	6.58e-22
FC615E0AAXX:4:94:1693:15848#0/2	62	62	1	smNRPS-1/2	5910	1599	1660	100	1.83e-22
FC615E0AAXX:4:87:11562:11753#0/2	72	1	72	smNRPS-1/2	5910	1804	1873	95.833	1.83e-22
FC617DLAAXX:2:76:12393:15941#TGACCA/1	68	1	68	smNRPS-1/2	5910	1489	1556	98.529	3.93e-24
FC615E0AAXX:4:71:11049:7611#0/1	70	1	70	smNRPS-1/2	5910	109	178	98.571	3.04e-25
FC617DLAAXX:2:76:12393:15941#TGACCA/2	72	72	1	smNRPS-1/2	5910	1724	1795	98.611	2.35e-26
FC615E0AAXX:4:31:6586:16037#0/2	72	1	72	smNRPS-1/2	5910	1457	1528	98.611	2.35e-26
FC615E0AAXX:4:71:11049:7611#0/2	72	72	1	smNRPS-1/2	5910	357	428	98.611	2.35e-26
FC615E0AAXX:4:3:15927:19799#0/1	70	1	70	smNRPS-1/2	5910	3202	3271	100	6.53e-27
FC615E0AAXX:4:11:6180:8920#0/1	70	70	1	smNRPS-1/2	5910	4581	4650	100	6.53e-27
FC615E0AAXX:4:13:1786:7619#0/1	70	70	1	smNRPS-1/2	5910	5632	5701	100	6.53e-27
FC615E0AAXX:4:31:6586:16037#0/1	70	70	1	smNRPS-1/2	5910	1702	1771	100	6.53e-27
FC615E0AAXX:4:47:3820:3791#0/1	70	70	1	smNRPS-1/2	5910	3788	3857	100	6.53e-27
FC615E0AAXX:4:54:12106:9582#0/1	70	1	70	smNRPS-1/2	5910	1742	1811	100	6.53e-27
FC615E0AAXX:4:67:8027:6169#0/1	70	1	70	smNRPS-1/2	5910	4238	4307	100	6.53e-27
FC615E0AAXX:4:94:1693:15848#0/1	70	1	70	smNRPS-1/2	5910	1336	1405	100	6.53e-27
FC615E0AAXX:4:80:17726:1320#0/1	70	70	1	smNRPS-1/2	5910	5413	5482	100	6.53e-27
FC615E0AAXX:4:41:11264:5691#0/2	71	71	1	smNRPS-1/2	5910	4297	4367	100	1.82e-27
FC615E0AAXX:4:110:4422:18803#0/2	71	1	71	smNRPS-1/2	5910	5843	5913	100	1.82e-27
FC615E0AAXX:4:3:15927:19799#0/2	72	72	1	smNRPS-1/2	5910	3437	3508	100	5.05e-28
FC615E0AAXX:4:11:6180:8920#0/2	72	1	72	smNRPS-1/2	5910	4323	4394	100	5.05e-28
FC615E0AAXX:4:13:1786:7619#0/2	72	1	72	smNRPS-1/2	5910	5392	5463	100	5.05e-28
FC615E0AAXX:4:54:12106:9582#0/2	72	72	1	smNRPS-1/2	5910	1973	2044	100	5.05e-28
FC615E0AAXX:4:67:8027:6169#0/2	72	72	1	smNRPS-1/2	5910	4490	4561	100	5.05e-28
FC615E0AAXX:4:80:18021:5070#0/2	72	1	72	smNRPS-1/2	5910	5731	5802	100	5.05e-28
