FC61J7VAAXX:5:96:4441:15900#0/2	39	39	1	smNRPS-1/2	5910	692	730	97.436	5.83e-8
FC61J7VAAXX:5:44:16454:14036#0/1	40	40	1	smNRPS-1/2	5910	1675	1714	97.5	1.62e-8
FC61KE4AAXX:5:8:5883:10415#TGACCA/1	47	1	47	smNRPS-1/2	5910	1789	1835	97.872	2.08e-12
FC61KE4AAXX:5:73:17472:20428#TGACCA/2	45	1	45	smNRPS-1/2	5910	652	696	100	5.79e-13
FC61J7VAAXX:5:41:15138:10894#0/1	51	51	1	smNRPS-1/2	5910	5482	5532	100	2.68e-16
FC61J7VAAXX:5:2:18056:14387#0/2	53	1	53	smNRPS-1/2	5910	1878	1930	100	2.07e-17
FC61J7VAAXX:5:71:1364:9207#0/2	56	56	1	smNRPS-1/2	5910	5592	5647	98.214	2.07e-17
FC61J7VAAXX:5:46:4774:11881#0/1	59	1	59	smNRPS-1/2	5910	638	696	98.305	4.45e-19
FC61J7VAAXX:5:55:15025:20682#0/2	63	1	62	smNRPS-1/2	5910	2327	2388	98.387	9.56e-21
FC61J7VAAXX:5:116:15315:4003#0/2	71	68	1	smNRPS-1/2	5910	421	488	95.588	9.56e-21
FC61J7VAAXX:5:26:2362:1294#0/2	63	1	63	smNRPS-1/2	5910	446	508	98.413	2.66e-21
FC61J7VAAXX:5:95:6080:15620#0/2	71	2	71	smNRPS-1/2	5910	3189	3258	95.714	7.39e-22
FC61J7VAAXX:5:30:8555:5486#0/2	71	71	1	smNRPS-1/2	5910	2323	2393	95.775	2.05e-22
FC61J7VAAXX:5:70:5606:16359#0/1	71	71	1	smNRPS-1/2	5910	504	574	95.775	2.05e-22
FC61KE4AAXX:5:1:17487:13824#TGACCA/2	71	71	1	smNRPS-1/2	5910	2913	2983	95.775	2.05e-22
FC61J7VAAXX:5:113:6714:11928#0/1	71	6	71	smNRPS-1/2	5910	2661	2726	98.485	5.71e-23
FC61KE4AAXX:5:47:5600:13202#TGACCA/1	69	1	69	smNRPS-1/2	5910	4222	4290	97.101	5.71e-23
FC61KE4AAXX:5:102:5974:10083#TGACCA/1	69	69	1	smNRPS-1/2	5910	5291	5359	97.101	5.71e-23
FC61KE4AAXX:5:53:14769:17141#TGACCA/1	69	69	1	smNRPS-1/2	5910	420	488	97.101	5.71e-23
FC61J7VAAXX:5:28:11900:11110#0/2	71	2	71	smNRPS-1/2	5910	1536	1605	97.143	1.59e-23
FC61J7VAAXX:5:54:10440:20998#0/1	71	71	1	smNRPS-1/2	5910	2881	2951	97.183	4.41e-24
FC61J7VAAXX:5:60:5811:16700#0/2	71	71	1	smNRPS-1/2	5910	421	491	97.183	4.41e-24
FC61J7VAAXX:5:63:5671:2820#0/2	71	68	1	smNRPS-1/2	5910	1177	1244	98.529	4.41e-24
FC61J7VAAXX:5:107:11331:4730#0/1	71	1	71	smNRPS-1/2	5910	1539	1609	97.183	4.41e-24
FC61KE4AAXX:5:38:2709:4223#TGACCA/2	71	1	71	smNRPS-1/2	5910	5315	5385	97.183	4.41e-24
FC61J7VAAXX:5:20:12036:18986#0/2	70	68	1	smNRPS-1/2	5910	431	498	98.529	4.41e-24
FC61J7VAAXX:5:96:4441:15900#0/1	71	3	71	smNRPS-1/2	5910	431	499	98.551	1.23e-24
FC61KE4AAXX:5:21:8035:4571#TGACCA/1	69	1	69	smNRPS-1/2	5910	1263	1331	98.551	1.23e-24
FC61KE4AAXX:5:52:3173:3997#TGACCA/1	69	69	1	smNRPS-1/2	5910	4250	4318	98.551	1.23e-24
FC61KE4AAXX:5:63:9852:16795#TGACCA/2	71	71	2	smNRPS-1/2	5910	2698	2767	98.571	3.41e-25
FC61J7VAAXX:5:5:11252:15067#0/1	71	71	1	smNRPS-1/2	5910	4187	4257	98.592	9.49e-26
FC61J7VAAXX:5:15:6875:13218#0/2	71	71	1	smNRPS-1/2	5910	2123	2193	98.592	9.49e-26
FC61J7VAAXX:5:15:11812:12454#0/2	71	1	71	smNRPS-1/2	5910	2740	2810	98.592	9.49e-26
FC61J7VAAXX:5:31:1308:15887#0/2	71	1	71	smNRPS-1/2	5910	5776	5846	98.592	9.49e-26
FC61J7VAAXX:5:42:13600:10849#0/1	71	71	1	smNRPS-1/2	5910	5318	5388	98.592	9.49e-26
FC61J7VAAXX:5:44:16454:14036#0/2	71	1	68	smNRPS-1/2	5910	1144	1211	100	9.49e-26
FC61J7VAAXX:5:51:5747:17913#0/2	71	1	71	smNRPS-1/2	5910	1575	1645	98.592	9.49e-26
FC61J7VAAXX:5:53:11673:4738#0/2	71	1	71	smNRPS-1/2	5910	5777	5847	98.592	9.49e-26
FC61J7VAAXX:5:54:10440:20998#0/2	71	1	71	smNRPS-1/2	5910	2631	2701	98.592	9.49e-26
FC61J7VAAXX:5:56:6779:19733#0/1	71	1	71	smNRPS-1/2	5910	5494	5564	98.592	9.49e-26
FC61J7VAAXX:5:56:6779:19733#0/2	71	71	1	smNRPS-1/2	5910	5754	5824	98.592	9.49e-26
FC61J7VAAXX:5:71:1364:9207#0/1	71	1	71	smNRPS-1/2	5910	5325	5395	98.592	9.49e-26
FC61J7VAAXX:5:84:14403:10612#0/1	71	71	1	smNRPS-1/2	5910	2135	2205	98.592	9.49e-26
FC61J7VAAXX:5:86:15268:21407#0/2	71	71	1	smNRPS-1/2	5910	4228	4298	98.592	9.49e-26
FC61J7VAAXX:5:87:2723:6842#0/1	71	1	71	smNRPS-1/2	5910	487	557	98.592	9.49e-26
FC61J7VAAXX:5:90:5226:10742#0/2	71	71	1	smNRPS-1/2	5910	478	548	98.592	9.49e-26
FC61J7VAAXX:5:92:12073:5303#0/1	71	71	1	smNRPS-1/2	5910	1262	1332	98.592	9.49e-26
FC61J7VAAXX:5:99:8827:12240#0/1	71	71	1	smNRPS-1/2	5910	4225	4295	98.592	9.49e-26
FC61J7VAAXX:5:99:16934:4884#0/2	71	1	71	smNRPS-1/2	5910	4291	4361	98.592	9.49e-26
FC61J7VAAXX:5:101:8388:9026#0/2	71	71	1	smNRPS-1/2	5910	4205	4275	98.592	9.49e-26
FC61J7VAAXX:5:110:7812:8790#0/1	71	1	71	smNRPS-1/2	5910	5783	5853	98.592	9.49e-26
FC61J7VAAXX:5:80:9084:5416#0/2	71	71	1	smNRPS-1/2	5910	4584	4654	98.592	9.49e-26
FC61KE4AAXX:5:115:2892:4378#TGACCA/1	69	1	69	smNRPS-1/2	5910	5801	5869	100	2.64e-26
FC61J7VAAXX:5:76:7837:14309#0/1	71	70	1	smNRPS-1/2	5910	620	689	100	7.34e-27
FC61J7VAAXX:5:7:4296:7997#0/1	71	1	71	smNRPS-1/2	5910	1825	1895	100	2.04e-27
FC61J7VAAXX:5:7:4296:7997#0/2	71	71	1	smNRPS-1/2	5910	2089	2159	100	2.04e-27
FC61J7VAAXX:5:15:11812:12454#0/1	71	71	1	smNRPS-1/2	5910	2986	3056	100	2.04e-27
FC61J7VAAXX:5:20:5786:12433#0/2	71	71	1	smNRPS-1/2	5910	5787	5857	100	2.04e-27
FC61J7VAAXX:5:42:13600:10849#0/2	71	1	71	smNRPS-1/2	5910	5071	5141	100	2.04e-27
FC61J7VAAXX:5:78:15875:16336#0/2	71	71	1	smNRPS-1/2	5910	60	130	100	2.04e-27
FC61J7VAAXX:5:98:8185:3117#0/1	71	71	1	smNRPS-1/2	5910	244	314	100	2.04e-27
FC61J7VAAXX:5:98:8185:3117#0/2	71	1	71	smNRPS-1/2	5910	3	73	100	2.04e-27
FC61J7VAAXX:5:42:9152:16507#0/2	71	71	1	smNRPS-1/2	5910	805	875	100	2.04e-27
FC61KE4AAXX:5:7:2974:15676#TGACCA/2	71	71	1	smNRPS-1/2	5910	617	687	100	2.04e-27
FC61J7VAAXX:5:89:2776:6589#0/1	40	38	1	smNRPS-1/2	5910	5517	5554	100	4.56e-9
FC61J7VAAXX:5:60:5811:16700#0/1	40	40	1	smNRPS-1/2	5910	5736	5775	100	3.53e-10
FC61J7VAAXX:5:90:15795:14453#0/2	40	1	40	smNRPS-1/2	5910	5210	5249	100	3.53e-10
FC61J7VAAXX:5:5:8975:8870#0/2	41	41	1	smNRPS-1/2	5910	3001	3041	100	9.81e-11
FC61J7VAAXX:5:26:3173:5118#0/1	44	1	44	smNRPS-1/2	5910	4769	4812	97.727	9.81e-11
FC61KE4AAXX:5:66:3845:19905#TGACCA/2	41	41	1	smNRPS-1/2	5910	1035	1075	100	9.81e-11
FC61J7VAAXX:5:43:9429:12833#0/2	43	1	43	smNRPS-1/2	5910	2543	2585	100	7.58e-12
FC61KE4AAXX:5:59:7406:20459#TGACCA/2	45	43	1	smNRPS-1/2	5910	3788	3830	100	7.58e-12
FC61J7VAAXX:5:72:17096:9653#0/2	45	45	1	smNRPS-1/2	5910	1003	1047	100	5.86e-13
FC61J7VAAXX:5:2:5098:21309#0/2	46	1	46	smNRPS-1/2	5910	641	686	100	1.63e-13
FC61J7VAAXX:5:37:2273:20883#0/1	49	49	1	smNRPS-1/2	5910	1969	2017	97.959	1.63e-13
FC61J7VAAXX:5:12:11244:5977#0/1	48	47	1	smNRPS-1/2	5910	1328	1374	100	4.53e-14
FC61J7VAAXX:5:39:14444:6607#0/1	50	50	1	smNRPS-1/2	5910	4210	4259	98	4.53e-14
FC61J7VAAXX:5:75:6520:1577#0/2	50	1	50	smNRPS-1/2	5910	3523	3572	98	4.53e-14
FC61J7VAAXX:5:12:11244:5977#0/2	51	1	51	smNRPS-1/2	5910	1074	1124	98.039	1.26e-14
FC61KE4AAXX:5:58:6769:9765#TGACCA/1	55	1	55	smNRPS-1/2	5910	3670	3724	96.364	3.5e-15
FC61KE4AAXX:5:59:7406:20459#TGACCA/1	51	1	49	smNRPS-1/2	5910	3506	3554	100	3.5e-15
FC61KE4AAXX:5:87:15255:9144#TGACCA/2	51	1	49	smNRPS-1/2	5910	5095	5143	100	3.5e-15
FC61J7VAAXX:5:23:19517:8232#0/1	55	55	1	smNRPS-1/2	5910	262	316	96.364	3.5e-15
FC61J7VAAXX:5:16:8695:21294#0/2	50	1	50	smNRPS-1/2	5910	4031	4080	100	9.74e-16
FC61KE4AAXX:5:96:3854:14005#TGACCA/2	50	1	50	smNRPS-1/2	5910	2535	2584	100	9.74e-16
FC61J7VAAXX:5:31:15917:12339#0/2	50	1	50	smNRPS-1/2	5910	1869	1918	100	9.74e-16
FC61J7VAAXX:5:37:1229:14487#0/1	51	1	51	smNRPS-1/2	5910	3161	3211	100	2.71e-16
FC61J7VAAXX:5:49:14147:2610#0/1	71	21	71	smNRPS-1/2	5910	1	51	100	2.71e-16
FC61J7VAAXX:5:100:4201:4563#0/1	57	57	1	smNRPS-1/2	5910	4873	4929	96.491	2.71e-16
FC61KE4AAXX:5:33:8222:15108#TGACCA/1	51	51	1	smNRPS-1/2	5910	5309	5359	100	2.71e-16
FC61KE4AAXX:5:73:17472:20428#TGACCA/1	51	1	51	smNRPS-1/2	5910	4989	5039	100	2.71e-16
FC61J7VAAXX:5:119:11331:2633#0/2	55	1	55	smNRPS-1/2	5910	619	673	98.182	7.53e-17
FC61J7VAAXX:5:76:7837:14309#0/2	56	56	1	smNRPS-1/2	5910	5501	5556	98.214	2.09e-17
FC61J7VAAXX:5:17:18848:12376#0/1	56	1	56	smNRPS-1/2	5910	2410	2465	98.214	2.09e-17
FC61KE4AAXX:5:65:7395:5876#TGACCA/1	56	1	56	smNRPS-1/2	5910	1663	1718	98.214	2.09e-17
FC61J7VAAXX:5:8:11966:8956#0/2	54	54	1	smNRPS-1/2	5910	3004	3057	100	5.82e-18
FC61J7VAAXX:5:17:2570:9480#0/2	60	1	60	smNRPS-1/2	5910	3664	3723	96.667	5.82e-18
FC61J7VAAXX:5:96:15058:17439#0/2	71	1	54	smNRPS-1/2	5910	5892	5945	100	5.82e-18
FC61J7VAAXX:5:62:19420:21131#0/1	59	1	59	smNRPS-1/2	5910	4911	4969	98.305	4.5e-19
FC61J7VAAXX:5:77:12714:13207#0/1	56	56	1	smNRPS-1/2	5910	3004	3059	100	4.5e-19
FC61J7VAAXX:5:38:1933:9170#0/1	60	60	1	smNRPS-1/2	5910	2873	2932	98.333	1.25e-19
FC61J7VAAXX:5:21:8157:15660#0/2	61	61	1	smNRPS-1/2	5910	593	653	98.361	3.48e-20
FC61J7VAAXX:5:73:1483:11871#0/1	61	61	1	smNRPS-1/2	5910	1053	1113	98.361	3.48e-20
FC61J7VAAXX:5:97:15704:17263#0/1	58	58	1	smNRPS-1/2	5910	5309	5366	100	3.48e-20
FC61J7VAAXX:5:113:6714:11928#0/2	71	3	66	smNRPS-1/2	5910	3003	3066	96.875	3.48e-20
FC61J7VAAXX:5:116:13338:12487#0/1	67	1	67	smNRPS-1/2	5910	3876	3942	95.522	3.48e-20
FC61KE4AAXX:5:38:2709:4223#TGACCA/1	61	1	61	smNRPS-1/2	5910	248	308	98.361	3.48e-20
FC61KE4AAXX:5:108:3786:4824#TGACCA/2	58	1	58	smNRPS-1/2	5910	5804	5861	100	3.48e-20
FC61J7VAAXX:5:26:3173:5118#0/2	65	65	1	smNRPS-1/2	5910	5015	5079	96.923	9.67e-21
FC61J7VAAXX:5:101:8388:9026#0/1	62	59	1	smNRPS-1/2	5910	1861	1919	100	9.67e-21
FC61J7VAAXX:5:37:17074:2238#0/1	60	1	60	smNRPS-1/2	5910	2358	2417	100	2.69e-21
FC61J7VAAXX:5:67:2619:2892#0/1	63	1	63	smNRPS-1/2	5910	655	717	98.413	2.69e-21
FC61J7VAAXX:5:91:17879:4339#0/2	60	60	1	smNRPS-1/2	5910	3812	3871	100	2.69e-21
FC61J7VAAXX:5:119:18930:15862#0/2	69	1	69	smNRPS-1/2	5910	1117	1185	95.652	2.69e-21
FC61J7VAAXX:5:20:12612:17546#0/1	66	3	66	smNRPS-1/2	5910	4519	4582	98.438	7.48e-22
FC61J7VAAXX:5:91:17408:2714#0/1	67	67	1	smNRPS-1/2	5910	2061	2127	97.015	7.48e-22
FC61J7VAAXX:5:6:15857:13723#0/2	71	71	1	smNRPS-1/2	5910	1364	1434	95.775	2.08e-22
FC61J7VAAXX:5:8:13107:3442#0/1	71	1	71	smNRPS-1/2	5910	2033	2103	95.775	2.08e-22
FC61J7VAAXX:5:30:8555:5486#0/1	71	71	1	smNRPS-1/2	5910	3853	3923	95.775	2.08e-22
FC61J7VAAXX:5:35:12309:10012#0/2	62	1	62	smNRPS-1/2	5910	2304	2365	100	2.08e-22
FC61J7VAAXX:5:90:5226:10742#0/1	71	71	1	smNRPS-1/2	5910	5620	5690	95.775	2.08e-22
FC61KE4AAXX:5:8:5883:10415#TGACCA/2	71	1	71	smNRPS-1/2	5910	3869	3939	95.775	2.08e-22
FC61KE4AAXX:5:36:5381:6824#TGACCA/2	65	1	65	smNRPS-1/2	5910	4202	4266	98.462	2.08e-22
FC61KE4AAXX:5:45:11098:20374#TGACCA/2	68	68	1	smNRPS-1/2	5910	1989	2056	97.059	2.08e-22
FC61KE4AAXX:5:86:15450:21301#TGACCA/1	69	1	69	smNRPS-1/2	5910	3143	3211	97.101	5.78e-23
FC61J7VAAXX:5:10:9748:13359#0/1	71	1	71	smNRPS-1/2	5910	1738	1806	97.183	1.61e-23
FC61J7VAAXX:5:11:1418:12112#0/1	71	71	1	smNRPS-1/2	5910	1735	1803	97.183	1.61e-23
FC61J7VAAXX:5:35:17207:15864#0/1	64	64	1	smNRPS-1/2	5910	1006	1069	100	1.61e-23
FC61J7VAAXX:5:62:19420:21131#0/2	70	70	1	smNRPS-1/2	5910	5165	5234	97.143	1.61e-23
FC61J7VAAXX:5:1:2154:18297#0/2	71	1	71	smNRPS-1/2	5910	2596	2666	97.183	4.47e-24
FC61J7VAAXX:5:1:19126:8508#0/1	71	71	1	smNRPS-1/2	5910	3136	3206	97.183	4.47e-24
FC61J7VAAXX:5:5:8975:8870#0/1	71	1	71	smNRPS-1/2	5910	2731	2801	97.183	4.47e-24
FC61J7VAAXX:5:5:13639:9955#0/2	71	1	71	smNRPS-1/2	5910	5684	5754	97.183	4.47e-24
FC61J7VAAXX:5:10:9748:13359#0/2	71	71	1	smNRPS-1/2	5910	1997	2067	97.183	4.47e-24
FC61J7VAAXX:5:10:10558:8394#0/1	71	1	71	smNRPS-1/2	5910	3925	3995	97.183	4.47e-24
FC61J7VAAXX:5:18:8775:2727#0/1	71	71	1	smNRPS-1/2	5910	3970	4040	97.183	4.47e-24
FC61J7VAAXX:5:18:8775:2727#0/2	71	1	71	smNRPS-1/2	5910	3730	3800	97.183	4.47e-24
FC61J7VAAXX:5:21:1891:8364#0/1	71	71	1	smNRPS-1/2	5910	1359	1429	97.183	4.47e-24
FC61J7VAAXX:5:21:14307:16872#0/2	71	1	71	smNRPS-1/2	5910	5875	5945	97.183	4.47e-24
FC61J7VAAXX:5:27:7912:20580#0/2	71	1	71	smNRPS-1/2	5910	112	182	97.183	4.47e-24
FC61J7VAAXX:5:30:9103:10719#0/2	71	1	71	smNRPS-1/2	5910	3735	3805	97.183	4.47e-24
FC61J7VAAXX:5:32:3840:18283#0/1	71	71	1	smNRPS-1/2	5910	3956	4026	97.183	4.47e-24
FC61J7VAAXX:5:33:2224:6264#0/1	71	1	71	smNRPS-1/2	5910	4463	4533	97.183	4.47e-24
FC61J7VAAXX:5:34:7176:2787#0/2	71	71	1	smNRPS-1/2	5910	113	183	97.183	4.47e-24
FC61J7VAAXX:5:34:7791:12720#0/1	71	71	1	smNRPS-1/2	5910	3104	3174	97.183	4.47e-24
FC61J7VAAXX:5:37:18034:12162#0/1	71	71	1	smNRPS-1/2	5910	652	722	97.183	4.47e-24
FC61J7VAAXX:5:39:14444:6607#0/2	71	1	71	smNRPS-1/2	5910	3950	4020	97.183	4.47e-24
FC61J7VAAXX:5:45:8479:2707#0/2	71	71	1	smNRPS-1/2	5910	3675	3745	97.183	4.47e-24
FC61J7VAAXX:5:46:4055:19800#0/1	71	71	4	smNRPS-1/2	5910	3686	3753	98.529	4.47e-24
FC61J7VAAXX:5:46:10573:16218#0/2	71	1	71	smNRPS-1/2	5910	90	160	97.183	4.47e-24
FC61J7VAAXX:5:48:8056:16068#0/1	71	71	1	smNRPS-1/2	5910	2084	2154	97.183	4.47e-24
FC61J7VAAXX:5:48:8056:16068#0/2	71	1	71	smNRPS-1/2	5910	1833	1903	97.183	4.47e-24
FC61J7VAAXX:5:49:2961:7082#0/2	71	71	1	smNRPS-1/2	5910	2473	2543	97.183	4.47e-24
FC61J7VAAXX:5:49:12496:15564#0/2	71	1	71	smNRPS-1/2	5910	2043	2113	97.183	4.47e-24
FC61J7VAAXX:5:49:14147:2610#0/2	71	71	1	smNRPS-1/2	5910	224	294	97.183	4.47e-24
FC61J7VAAXX:5:51:11699:15590#0/1	71	1	68	smNRPS-1/2	5910	5361	5428	98.529	4.47e-24
FC61J7VAAXX:5:53:3277:3973#0/1	71	1	71	smNRPS-1/2	5910	4909	4979	97.183	4.47e-24
FC61J7VAAXX:5:56:2579:8786#0/1	71	71	1	smNRPS-1/2	5910	61	131	97.183	4.47e-24
FC61J7VAAXX:5:58:16232:15573#0/2	71	1	71	smNRPS-1/2	5910	3978	4048	97.183	4.47e-24
FC61J7VAAXX:5:59:7512:12543#0/1	71	1	71	smNRPS-1/2	5910	3279	3349	97.183	4.47e-24
FC61J7VAAXX:5:59:7512:12543#0/2	71	71	1	smNRPS-1/2	5910	3526	3596	97.183	4.47e-24
FC61J7VAAXX:5:64:2143:2669#0/1	71	1	71	smNRPS-1/2	5910	3979	4049	97.183	4.47e-24
FC61J7VAAXX:5:71:7986:19441#0/1	71	71	1	smNRPS-1/2	5910	3281	3351	97.183	4.47e-24
FC61J7VAAXX:5:71:8944:18191#0/2	71	71	1	smNRPS-1/2	5910	110	180	97.183	4.47e-24
FC61J7VAAXX:5:71:8948:18216#0/2	71	71	1	smNRPS-1/2	5910	110	180	97.183	4.47e-24
FC61J7VAAXX:5:77:12714:13207#0/2	71	1	71	smNRPS-1/2	5910	2741	2811	97.183	4.47e-24
FC61J7VAAXX:5:81:15383:5276#0/1	71	1	71	smNRPS-1/2	5910	3144	3214	97.183	4.47e-24
FC61J7VAAXX:5:85:14498:21052#0/2	71	71	1	smNRPS-1/2	5910	1967	2037	97.183	4.47e-24
FC61J7VAAXX:5:86:15268:21407#0/1	71	71	1	smNRPS-1/2	5910	1835	1905	97.183	4.47e-24
FC61J7VAAXX:5:89:6089:12142#0/1	71	71	1	smNRPS-1/2	5910	3505	3575	97.183	4.47e-24
FC61J7VAAXX:5:89:6089:12142#0/2	71	1	71	smNRPS-1/2	5910	3265	3335	97.183	4.47e-24
FC61J7VAAXX:5:89:12935:10632#0/1	71	1	71	smNRPS-1/2	5910	3109	3179	97.183	4.47e-24
FC61J7VAAXX:5:92:12073:5303#0/2	71	71	1	smNRPS-1/2	5910	4855	4925	97.183	4.47e-24
FC61J7VAAXX:5:97:5953:12272#0/1	71	1	71	smNRPS-1/2	5910	5536	5606	97.183	4.47e-24
FC61J7VAAXX:5:99:8827:12240#0/2	71	71	1	smNRPS-1/2	5910	1834	1904	97.183	4.47e-24
FC61J7VAAXX:5:112:16089:20717#0/2	71	71	1	smNRPS-1/2	5910	1959	2029	97.183	4.47e-24
FC61J7VAAXX:5:117:17166:11856#0/2	71	71	1	smNRPS-1/2	5910	3677	3747	97.183	4.47e-24
FC61J7VAAXX:5:118:17480:19400#0/1	71	71	1	smNRPS-1/2	5910	5162	5232	97.183	4.47e-24
FC61KE4AAXX:5:15:9124:13230#TGACCA/2	71	1	68	smNRPS-1/2	5910	1154	1221	98.529	4.47e-24
FC61KE4AAXX:5:20:7743:13407#TGACCA/2	71	1	71	smNRPS-1/2	5910	2053	2123	97.183	4.47e-24
FC61KE4AAXX:5:96:3854:14005#TGACCA/1	68	68	1	smNRPS-1/2	5910	2760	2827	98.529	4.47e-24
FC61KE4AAXX:5:114:12190:3236#TGACCA/2	71	1	71	smNRPS-1/2	5910	2043	2113	97.183	4.47e-24
FC61KE4AAXX:5:115:16342:7819#TGACCA/2	71	1	71	smNRPS-1/2	5910	4463	4533	97.183	4.47e-24
FC61J7VAAXX:5:50:9680:4067#0/1	71	1	71	smNRPS-1/2	5910	3924	3994	97.183	4.47e-24
FC61J7VAAXX:5:20:16585:7180#0/2	66	66	1	smNRPS-1/2	5910	3784	3849	100	1.24e-24
FC61J7VAAXX:5:26:8045:8544#0/1	69	69	1	smNRPS-1/2	5910	4770	4838	98.551	1.24e-24
FC61J7VAAXX:5:55:15025:20682#0/1	66	1	66	smNRPS-1/2	5910	3326	3391	100	1.24e-24
FC61J7VAAXX:5:63:5671:2820#0/1	71	71	3	smNRPS-1/2	5910	4944	5012	98.551	1.24e-24
FC61J7VAAXX:5:64:1277:2944#0/2	71	1	69	smNRPS-1/2	5910	52	120	98.551	1.24e-24
FC61J7VAAXX:5:72:2402:8262#0/1	71	3	71	smNRPS-1/2	5910	2606	2674	98.551	1.24e-24
FC61J7VAAXX:5:73:15215:15386#0/2	66	1	66	smNRPS-1/2	5910	916	981	100	1.24e-24
FC61J7VAAXX:5:93:6321:1339#0/1	71	3	71	smNRPS-1/2	5910	1196	1264	98.551	1.24e-24
FC61J7VAAXX:5:111:15732:9424#0/1	66	1	66	smNRPS-1/2	5910	594	659	100	1.24e-24
FC61KE4AAXX:5:32:16206:2752#TGACCA/1	69	1	69	smNRPS-1/2	5910	2401	2469	98.551	1.24e-24
FC61KE4AAXX:5:94:11408:11319#TGACCA/1	69	69	1	smNRPS-1/2	5910	3607	3675	98.551	1.24e-24
FC61J7VAAXX:5:30:9103:10719#0/1	71	70	1	smNRPS-1/2	5910	3975	4044	98.571	3.45e-25
FC61J7VAAXX:5:34:5526:16669#0/2	70	1	70	smNRPS-1/2	5910	5344	5413	98.571	3.45e-25
FC61J7VAAXX:5:53:7412:1897#0/2	67	1	67	smNRPS-1/2	5910	5843	5909	100	3.45e-25
FC61J7VAAXX:5:65:2283:20365#0/1	71	71	2	smNRPS-1/2	5910	51	120	98.571	3.45e-25
FC61J7VAAXX:5:86:13194:17367#0/1	71	71	2	smNRPS-1/2	5910	2697	2766	98.571	3.45e-25
FC61J7VAAXX:5:87:2723:6842#0/2	71	1	70	smNRPS-1/2	5910	5151	5220	98.571	3.45e-25
FC61J7VAAXX:5:120:6035:1748#0/1	70	70	1	smNRPS-1/2	5910	2787	2856	98.571	3.45e-25
FC61J7VAAXX:5:1:19126:8508#0/2	71	1	71	smNRPS-1/2	5910	2896	2966	98.592	9.6e-26
FC61J7VAAXX:5:2:18056:14387#0/1	71	1	71	smNRPS-1/2	5910	3778	3848	98.592	9.6e-26
FC61J7VAAXX:5:5:7738:6196#0/1	71	1	71	smNRPS-1/2	5910	3892	3962	98.592	9.6e-26
FC61J7VAAXX:5:5:19341:14794#0/2	71	1	68	smNRPS-1/2	5910	1726	1793	100	9.6e-26
FC61J7VAAXX:5:8:13107:3442#0/2	68	68	1	smNRPS-1/2	5910	2284	2351	100	9.6e-26
FC61J7VAAXX:5:10:15582:6403#0/2	71	71	1	smNRPS-1/2	5910	107	177	98.592	9.6e-26
FC61J7VAAXX:5:11:1418:12112#0/2	71	1	71	smNRPS-1/2	5910	1486	1556	98.592	9.6e-26
FC61J7VAAXX:5:11:7274:15653#0/2	71	1	71	smNRPS-1/2	5910	3521	3591	98.592	9.6e-26
FC61J7VAAXX:5:11:17933:4211#0/1	71	71	1	smNRPS-1/2	5910	1716	1786	98.592	9.6e-26
FC61J7VAAXX:5:11:17933:4211#0/2	71	1	71	smNRPS-1/2	5910	1461	1531	98.592	9.6e-26
FC61J7VAAXX:5:16:17351:14845#0/1	71	71	1	smNRPS-1/2	5910	3320	3390	98.592	9.6e-26
FC61J7VAAXX:5:16:17351:14845#0/2	71	1	71	smNRPS-1/2	5910	3056	3126	98.592	9.6e-26
FC61J7VAAXX:5:17:2570:9480#0/1	71	71	1	smNRPS-1/2	5910	3900	3970	98.592	9.6e-26
FC61J7VAAXX:5:17:6934:15650#0/1	71	71	1	smNRPS-1/2	5910	664	734	98.592	9.6e-26
FC61J7VAAXX:5:17:6934:15650#0/2	71	1	71	smNRPS-1/2	5910	419	489	98.592	9.6e-26
FC61J7VAAXX:5:18:17924:17607#0/1	71	1	71	smNRPS-1/2	5910	680	750	98.592	9.6e-26
FC61J7VAAXX:5:19:2796:19520#0/2	71	1	71	smNRPS-1/2	5910	1477	1547	98.592	9.6e-26
FC61J7VAAXX:5:20:5786:12433#0/1	71	71	1	smNRPS-1/2	5910	269	339	98.592	9.6e-26
FC61J7VAAXX:5:20:8165:15934#0/1	71	71	1	smNRPS-1/2	5910	1294	1364	98.592	9.6e-26
FC61J7VAAXX:5:20:8165:15934#0/2	71	1	71	smNRPS-1/2	5910	1056	1126	98.592	9.6e-26
FC61J7VAAXX:5:20:16585:7180#0/1	71	1	71	smNRPS-1/2	5910	3540	3610	98.592	9.6e-26
FC61J7VAAXX:5:21:3625:16731#0/2	71	1	71	smNRPS-1/2	5910	1355	1425	98.592	9.6e-26
FC61J7VAAXX:5:23:7424:11061#0/1	71	1	71	smNRPS-1/2	5910	1289	1359	98.592	9.6e-26
FC61J7VAAXX:5:23:7424:11061#0/2	71	71	1	smNRPS-1/2	5910	1544	1614	98.592	9.6e-26
FC61J7VAAXX:5:26:8045:8544#0/2	71	1	71	smNRPS-1/2	5910	4534	4604	98.592	9.6e-26
FC61J7VAAXX:5:27:7912:20580#0/1	71	71	1	smNRPS-1/2	5910	362	432	98.592	9.6e-26
FC61J7VAAXX:5:27:8752:7074#0/1	71	71	1	smNRPS-1/2	5910	3033	3103	98.592	9.6e-26
FC61J7VAAXX:5:30:5305:13136#0/1	71	1	71	smNRPS-1/2	5910	4926	4996	98.592	9.6e-26
FC61J7VAAXX:5:30:14318:11684#0/1	71	1	71	smNRPS-1/2	5910	4132	4202	98.592	9.6e-26
FC61J7VAAXX:5:31:8831:13672#0/2	71	71	1	smNRPS-1/2	5910	1049	1119	98.592	9.6e-26
FC61J7VAAXX:5:33:2224:6264#0/2	71	71	1	smNRPS-1/2	5910	4710	4780	98.592	9.6e-26
FC61J7VAAXX:5:35:1492:7193#0/1	71	1	71	smNRPS-1/2	5910	1538	1608	98.592	9.6e-26
FC61J7VAAXX:5:37:17074:2238#0/2	71	71	1	smNRPS-1/2	5910	2607	2677	98.592	9.6e-26
FC61J7VAAXX:5:37:18034:12162#0/2	71	1	71	smNRPS-1/2	5910	427	497	98.592	9.6e-26
FC61J7VAAXX:5:38:1933:9170#0/2	71	1	71	smNRPS-1/2	5910	2616	2686	98.592	9.6e-26
FC61J7VAAXX:5:38:10452:20997#0/2	71	1	71	smNRPS-1/2	5910	1444	1514	98.592	9.6e-26
FC61J7VAAXX:5:43:2211:3495#0/2	71	71	1	smNRPS-1/2	5910	1086	1156	98.592	9.6e-26
FC61J7VAAXX:5:43:9429:12833#0/1	71	71	1	smNRPS-1/2	5910	2795	2865	98.592	9.6e-26
FC61J7VAAXX:5:46:10573:16218#0/1	71	71	1	smNRPS-1/2	5910	328	398	98.592	9.6e-26
FC61J7VAAXX:5:47:7473:8307#0/1	71	71	1	smNRPS-1/2	5910	4771	4841	98.592	9.6e-26
FC61J7VAAXX:5:47:7473:8307#0/2	71	1	71	smNRPS-1/2	5910	4519	4589	98.592	9.6e-26
FC61J7VAAXX:5:49:1844:12387#0/1	71	1	71	smNRPS-1/2	5910	1674	1744	98.592	9.6e-26
FC61J7VAAXX:5:49:12457:7993#0/1	71	71	1	smNRPS-1/2	5910	3287	3357	98.592	9.6e-26
FC61J7VAAXX:5:49:12457:7993#0/2	71	1	71	smNRPS-1/2	5910	3047	3117	98.592	9.6e-26
FC61J7VAAXX:5:50:7287:19769#0/1	71	1	71	smNRPS-1/2	5910	1471	1541	98.592	9.6e-26
FC61J7VAAXX:5:53:8837:5726#0/1	71	1	71	smNRPS-1/2	5910	2905	2975	98.592	9.6e-26
FC61J7VAAXX:5:55:9479:18899#0/2	71	68	1	smNRPS-1/2	5910	5517	5584	100	9.6e-26
FC61J7VAAXX:5:57:10566:15192#0/2	71	71	1	smNRPS-1/2	5910	2446	2516	98.592	9.6e-26
FC61J7VAAXX:5:62:7790:14352#0/2	71	1	71	smNRPS-1/2	5910	400	470	98.592	9.6e-26
FC61J7VAAXX:5:67:6325:12098#0/2	71	1	71	smNRPS-1/2	5910	647	717	98.592	9.6e-26
FC61J7VAAXX:5:71:7986:19441#0/2	71	1	71	smNRPS-1/2	5910	3043	3113	98.592	9.6e-26
FC61J7VAAXX:5:72:2402:8262#0/2	71	71	1	smNRPS-1/2	5910	2876	2946	98.592	9.6e-26
FC61J7VAAXX:5:78:1747:10710#0/1	71	71	1	smNRPS-1/2	5910	375	445	98.592	9.6e-26
FC61J7VAAXX:5:78:1747:10710#0/2	71	1	71	smNRPS-1/2	5910	127	197	98.592	9.6e-26
FC61J7VAAXX:5:78:5494:8690#0/1	71	1	71	smNRPS-1/2	5910	3799	3869	98.592	9.6e-26
FC61J7VAAXX:5:85:18140:6007#0/2	71	71	1	smNRPS-1/2	5910	2367	2437	98.592	9.6e-26
FC61J7VAAXX:5:86:13194:17367#0/2	71	1	71	smNRPS-1/2	5910	2447	2517	98.592	9.6e-26
FC61J7VAAXX:5:87:6925:16871#0/1	71	71	1	smNRPS-1/2	5910	1044	1114	98.592	9.6e-26
FC61J7VAAXX:5:87:9053:11857#0/1	71	1	71	smNRPS-1/2	5910	2787	2857	98.592	9.6e-26
FC61J7VAAXX:5:87:9053:11857#0/2	71	71	1	smNRPS-1/2	5910	3065	3135	98.592	9.6e-26
FC61J7VAAXX:5:88:14685:11337#0/2	71	71	1	smNRPS-1/2	5910	1944	2014	98.592	9.6e-26
FC61J7VAAXX:5:89:12935:10632#0/2	71	71	1	smNRPS-1/2	5910	3351	3421	98.592	9.6e-26
FC61J7VAAXX:5:91:17879:4339#0/1	71	1	71	smNRPS-1/2	5910	3537	3607	98.592	9.6e-26
FC61J7VAAXX:5:92:6260:11441#0/1	71	71	1	smNRPS-1/2	5910	1526	1596	98.592	9.6e-26
FC61J7VAAXX:5:92:6260:11441#0/2	71	1	71	smNRPS-1/2	5910	1275	1345	98.592	9.6e-26
FC61J7VAAXX:5:93:6321:1339#0/2	71	71	1	smNRPS-1/2	5910	1435	1505	98.592	9.6e-26
FC61J7VAAXX:5:99:14025:18427#0/2	71	1	71	smNRPS-1/2	5910	4168	4238	98.592	9.6e-26
FC61J7VAAXX:5:99:16934:4884#0/1	71	1	71	smNRPS-1/2	5910	1280	1350	98.592	9.6e-26
FC61J7VAAXX:5:105:9707:20163#0/2	71	1	71	smNRPS-1/2	5910	1469	1539	98.592	9.6e-26
FC61J7VAAXX:5:110:10373:10483#0/2	71	71	1	smNRPS-1/2	5910	1943	2013	98.592	9.6e-26
FC61J7VAAXX:5:111:10720:8426#0/2	71	71	1	smNRPS-1/2	5910	177	247	98.592	9.6e-26
FC61J7VAAXX:5:113:7411:17768#0/1	71	68	1	smNRPS-1/2	5910	3150	3217	100	9.6e-26
FC61J7VAAXX:5:113:7411:17768#0/2	71	1	71	smNRPS-1/2	5910	2907	2977	98.592	9.6e-26
FC61J7VAAXX:5:115:14977:8276#0/1	71	71	1	smNRPS-1/2	5910	1433	1503	98.592	9.6e-26
FC61KE4AAXX:5:2:11488:3054#TGACCA/2	71	71	1	smNRPS-1/2	5910	260	330	98.592	9.6e-26
FC61KE4AAXX:5:45:11098:20374#TGACCA/1	68	1	68	smNRPS-1/2	5910	1724	1791	100	9.6e-26
FC61KE4AAXX:5:47:5600:13202#TGACCA/2	71	1	71	smNRPS-1/2	5910	1322	1392	98.592	9.6e-26
FC61KE4AAXX:5:58:6769:9765#TGACCA/2	71	71	1	smNRPS-1/2	5910	3891	3961	98.592	9.6e-26
FC61KE4AAXX:5:86:12375:12582#TGACCA/2	71	1	71	smNRPS-1/2	5910	2795	2865	98.592	9.6e-26
FC61KE4AAXX:5:87:2237:16802#TGACCA/2	71	71	1	smNRPS-1/2	5910	1069	1139	98.592	9.6e-26
FC61KE4AAXX:5:94:11408:11319#TGACCA/2	71	1	71	smNRPS-1/2	5910	3364	3434	98.592	9.6e-26
FC61J7VAAXX:5:13:8095:14919#0/1	71	71	1	smNRPS-1/2	5910	2797	2867	98.592	9.6e-26
FC61J7VAAXX:5:101:5426:8572#0/1	71	71	1	smNRPS-1/2	5910	2786	2856	98.592	9.6e-26
FC61J7VAAXX:5:108:7367:20500#0/2	71	1	71	smNRPS-1/2	5910	3867	3937	98.592	9.6e-26
FC61J7VAAXX:5:95:14625:15051#0/1	71	71	1	smNRPS-1/2	5910	1279	1349	98.592	9.6e-26
FC61J7VAAXX:5:105:1308:10583#0/1	71	71	1	smNRPS-1/2	5910	2812	2882	98.592	9.6e-26
FC61J7VAAXX:5:5:11252:15067#0/2	71	69	1	smNRPS-1/2	5910	1861	1929	100	2.67e-26
FC61J7VAAXX:5:11:7274:15653#0/1	71	69	1	smNRPS-1/2	5910	3766	3834	100	2.67e-26
FC61J7VAAXX:5:79:12178:20037#0/1	69	1	69	smNRPS-1/2	5910	5856	5924	100	2.67e-26
FC61KE4AAXX:5:15:9124:13230#TGACCA/1	69	69	1	smNRPS-1/2	5910	1412	1480	100	2.67e-26
FC61KE4AAXX:5:20:7743:13407#TGACCA/1	69	69	1	smNRPS-1/2	5910	2306	2374	100	2.67e-26
FC61KE4AAXX:5:32:16206:2752#TGACCA/2	71	69	1	smNRPS-1/2	5910	2642	2710	100	2.67e-26
FC61KE4AAXX:5:66:3845:19905#TGACCA/1	69	1	69	smNRPS-1/2	5910	768	836	100	2.67e-26
FC61KE4AAXX:5:86:12375:12582#TGACCA/1	69	69	1	smNRPS-1/2	5910	3046	3114	100	2.67e-26
FC61KE4AAXX:5:87:2237:16802#TGACCA/1	69	1	69	smNRPS-1/2	5910	828	896	100	2.67e-26
FC61KE4AAXX:5:87:15255:9144#TGACCA/1	69	69	1	smNRPS-1/2	5910	5333	5401	100	2.67e-26
FC61KE4AAXX:5:95:16778:17236#TGACCA/1	69	1	69	smNRPS-1/2	5910	141	209	100	2.67e-26
FC61KE4AAXX:5:114:12190:3236#TGACCA/1	69	69	1	smNRPS-1/2	5910	2272	2340	100	2.67e-26
FC61KE4AAXX:5:115:16342:7819#TGACCA/1	69	69	1	smNRPS-1/2	5910	4712	4780	100	2.67e-26
FC61KE4AAXX:5:100:18236:16558#TGACCA/1	69	69	1	smNRPS-1/2	5910	5445	5513	100	2.67e-26
FC61J7VAAXX:5:20:12612:17546#0/2	71	70	1	smNRPS-1/2	5910	4776	4845	100	7.42e-27
FC61J7VAAXX:5:46:4055:19800#0/2	70	1	70	smNRPS-1/2	5910	3440	3509	100	7.42e-27
FC61J7VAAXX:5:81:15383:5276#0/2	70	70	1	smNRPS-1/2	5910	3389	3458	100	7.42e-27
FC61J7VAAXX:5:94:6217:4225#0/2	71	1	70	smNRPS-1/2	5910	3078	3147	100	7.42e-27
FC61J7VAAXX:5:116:13338:12487#0/2	70	70	1	smNRPS-1/2	5910	4085	4154	100	7.42e-27
FC61J7VAAXX:5:1:2154:18297#0/1	71	71	1	smNRPS-1/2	5910	2837	2907	100	2.06e-27
FC61J7VAAXX:5:2:5098:21309#0/1	71	71	1	smNRPS-1/2	5910	887	957	100	2.06e-27
FC61J7VAAXX:5:4:1765:7753#0/2	71	1	71	smNRPS-1/2	5910	5813	5883	100	2.06e-27
FC61J7VAAXX:5:4:2603:8401#0/1	71	71	1	smNRPS-1/2	5910	5837	5907	100	2.06e-27
FC61J7VAAXX:5:6:15857:13723#0/1	71	1	71	smNRPS-1/2	5910	1136	1206	100	2.06e-27
FC61J7VAAXX:5:7:2794:12445#0/1	71	71	1	smNRPS-1/2	5910	189	259	100	2.06e-27
FC61J7VAAXX:5:8:11966:8956#0/1	71	1	71	smNRPS-1/2	5910	2743	2813	100	2.06e-27
FC61J7VAAXX:5:9:18991:14974#0/1	71	1	71	smNRPS-1/2	5910	5791	5861	100	2.06e-27
FC61J7VAAXX:5:10:16881:12992#0/1	71	71	1	smNRPS-1/2	5910	2974	3044	100	2.06e-27
FC61J7VAAXX:5:18:17924:17607#0/2	71	71	1	smNRPS-1/2	5910	902	972	100	2.06e-27
FC61J7VAAXX:5:19:2796:19520#0/1	71	71	1	smNRPS-1/2	5910	1720	1790	100	2.06e-27
FC61J7VAAXX:5:21:1891:8364#0/2	71	1	71	smNRPS-1/2	5910	1120	1190	100	2.06e-27
FC61J7VAAXX:5:21:3625:16731#0/1	71	71	1	smNRPS-1/2	5910	1596	1666	100	2.06e-27
FC61J7VAAXX:5:21:8157:15660#0/1	71	1	71	smNRPS-1/2	5910	521	591	100	2.06e-27
FC61J7VAAXX:5:22:4551:4643#0/1	71	71	1	smNRPS-1/2	5910	2105	2175	100	2.06e-27
FC61J7VAAXX:5:22:4551:4643#0/2	71	1	71	smNRPS-1/2	5910	1877	1947	100	2.06e-27
FC61J7VAAXX:5:26:15527:20106#0/1	71	1	71	smNRPS-1/2	5910	3188	3258	100	2.06e-27
FC61J7VAAXX:5:26:15527:20106#0/2	71	71	1	smNRPS-1/2	5910	3424	3494	100	2.06e-27
FC61J7VAAXX:5:27:7294:6359#0/2	71	1	71	smNRPS-1/2	5910	1722	1792	100	2.06e-27
FC61J7VAAXX:5:27:8752:7074#0/2	71	1	71	smNRPS-1/2	5910	2922	2992	100	2.06e-27
FC61J7VAAXX:5:31:8831:13672#0/1	71	1	71	smNRPS-1/2	5910	805	875	100	2.06e-27
FC61J7VAAXX:5:34:7791:12720#0/2	71	1	71	smNRPS-1/2	5910	2941	3011	100	2.06e-27
FC61J7VAAXX:5:35:12309:10012#0/1	71	71	1	smNRPS-1/2	5910	2530	2600	100	2.06e-27
FC61J7VAAXX:5:35:17207:15864#0/2	71	1	71	smNRPS-1/2	5910	741	811	100	2.06e-27
FC61J7VAAXX:5:37:1229:14487#0/2	71	71	1	smNRPS-1/2	5910	3389	3459	100	2.06e-27
FC61J7VAAXX:5:37:2273:20883#0/2	71	1	71	smNRPS-1/2	5910	1694	1764	100	2.06e-27
FC61J7VAAXX:5:38:10452:20997#0/1	71	71	1	smNRPS-1/2	5910	1691	1761	100	2.06e-27
FC61J7VAAXX:5:42:5406:2507#0/1	71	71	1	smNRPS-1/2	5910	4586	4656	100	2.06e-27
FC61J7VAAXX:5:42:5406:2507#0/2	71	1	71	smNRPS-1/2	5910	4344	4414	100	2.06e-27
FC61J7VAAXX:5:43:2211:3495#0/1	71	1	71	smNRPS-1/2	5910	829	899	100	2.06e-27
FC61J7VAAXX:5:45:8479:2707#0/1	71	1	71	smNRPS-1/2	5910	3450	3520	100	2.06e-27
FC61J7VAAXX:5:46:10033:6402#0/1	71	1	71	smNRPS-1/2	5910	636	706	100	2.06e-27
FC61J7VAAXX:5:46:10033:6402#0/2	71	71	1	smNRPS-1/2	5910	858	928	100	2.06e-27
FC61J7VAAXX:5:47:10149:8493#0/1	71	1	71	smNRPS-1/2	5910	5061	5131	100	2.06e-27
FC61J7VAAXX:5:47:10149:8493#0/2	71	71	1	smNRPS-1/2	5910	5305	5375	100	2.06e-27
FC61J7VAAXX:5:49:1844:12387#0/2	71	71	1	smNRPS-1/2	5910	1910	1980	100	2.06e-27
FC61J7VAAXX:5:49:2961:7082#0/1	71	1	71	smNRPS-1/2	5910	2234	2304	100	2.06e-27
FC61J7VAAXX:5:49:6869:13363#0/1	71	1	71	smNRPS-1/2	5910	5769	5839	100	2.06e-27
FC61J7VAAXX:5:49:12496:15564#0/1	71	71	1	smNRPS-1/2	5910	2271	2341	100	2.06e-27
FC61J7VAAXX:5:50:7287:19769#0/2	71	71	1	smNRPS-1/2	5910	1703	1773	100	2.06e-27
FC61J7VAAXX:5:51:5747:17913#0/1	71	1	71	smNRPS-1/2	5910	4056	4126	100	2.06e-27
FC61J7VAAXX:5:53:3277:3973#0/2	71	71	1	smNRPS-1/2	5910	5139	5209	100	2.06e-27
FC61J7VAAXX:5:53:8837:5726#0/2	71	71	1	smNRPS-1/2	5910	3150	3220	100	2.06e-27
FC61J7VAAXX:5:53:17144:17828#0/2	71	1	71	smNRPS-1/2	5910	5821	5891	100	2.06e-27
FC61J7VAAXX:5:55:9479:18899#0/1	71	1	71	smNRPS-1/2	5910	5275	5345	100	2.06e-27
FC61J7VAAXX:5:56:3527:4659#0/1	71	1	71	smNRPS-1/2	5910	2243	2313	100	2.06e-27
FC61J7VAAXX:5:56:3527:4659#0/2	71	71	1	smNRPS-1/2	5910	2484	2554	100	2.06e-27
FC61J7VAAXX:5:57:10566:15192#0/1	71	1	71	smNRPS-1/2	5910	2193	2263	100	2.06e-27
FC61J7VAAXX:5:61:7415:2461#0/1	71	1	71	smNRPS-1/2	5910	546	616	100	2.06e-27
FC61J7VAAXX:5:61:7415:2461#0/2	71	71	1	smNRPS-1/2	5910	786	856	100	2.06e-27
FC61J7VAAXX:5:62:7790:14352#0/1	71	71	1	smNRPS-1/2	5910	637	707	100	2.06e-27
FC61J7VAAXX:5:63:9157:11288#0/1	71	1	71	smNRPS-1/2	5910	5766	5836	100	2.06e-27
FC61J7VAAXX:5:64:1277:2944#0/1	71	71	1	smNRPS-1/2	5910	283	353	100	2.06e-27
FC61J7VAAXX:5:65:13765:20031#0/1	71	71	1	smNRPS-1/2	5910	863	933	100	2.06e-27
FC61J7VAAXX:5:65:13765:20031#0/2	71	1	71	smNRPS-1/2	5910	631	701	100	2.06e-27
FC61J7VAAXX:5:67:2619:2892#0/2	71	71	1	smNRPS-1/2	5910	903	973	100	2.06e-27
FC61J7VAAXX:5:67:6325:12098#0/1	71	71	1	smNRPS-1/2	5910	887	957	100	2.06e-27
FC61J7VAAXX:5:67:7365:20638#0/1	71	71	1	smNRPS-1/2	5910	3418	3488	100	2.06e-27
FC61J7VAAXX:5:67:7365:20638#0/2	71	1	71	smNRPS-1/2	5910	3181	3251	100	2.06e-27
FC61J7VAAXX:5:72:17096:9653#0/1	71	1	71	smNRPS-1/2	5910	736	806	100	2.06e-27
FC61J7VAAXX:5:73:1483:11871#0/2	71	1	71	smNRPS-1/2	5910	809	879	100	2.06e-27
FC61J7VAAXX:5:75:6520:1577#0/1	71	71	1	smNRPS-1/2	5910	3767	3837	100	2.06e-27
FC61J7VAAXX:5:76:11848:13350#0/1	71	1	71	smNRPS-1/2	5910	5842	5912	100	2.06e-27
FC61J7VAAXX:5:78:5494:8690#0/2	71	71	1	smNRPS-1/2	5910	4034	4104	100	2.06e-27
FC61J7VAAXX:5:85:14498:21052#0/1	71	1	71	smNRPS-1/2	5910	1707	1777	100	2.06e-27
FC61J7VAAXX:5:85:18140:6007#0/1	71	1	71	smNRPS-1/2	5910	2120	2190	100	2.06e-27
FC61J7VAAXX:5:87:6925:16871#0/2	71	1	71	smNRPS-1/2	5910	799	869	100	2.06e-27
FC61J7VAAXX:5:88:14685:11337#0/1	71	1	71	smNRPS-1/2	5910	1688	1758	100	2.06e-27
FC61J7VAAXX:5:90:15795:14453#0/1	71	71	1	smNRPS-1/2	5910	5433	5503	100	2.06e-27
FC61J7VAAXX:5:93:8732:8601#0/2	71	71	1	smNRPS-1/2	5910	4026	4096	100	2.06e-27
FC61J7VAAXX:5:94:2043:8839#0/2	71	1	71	smNRPS-1/2	5910	1567	1637	100	2.06e-27
FC61J7VAAXX:5:97:15704:17263#0/2	71	1	71	smNRPS-1/2	5910	5056	5126	100	2.06e-27
FC61J7VAAXX:5:99:12233:13245#0/1	71	1	71	smNRPS-1/2	5910	3770	3840	100	2.06e-27
FC61J7VAAXX:5:99:12233:13245#0/2	71	71	1	smNRPS-1/2	5910	3977	4047	100	2.06e-27
FC61J7VAAXX:5:100:4201:4563#0/2	71	1	71	smNRPS-1/2	5910	4783	4853	100	2.06e-27
FC61J7VAAXX:5:100:12341:14745#0/1	71	1	71	smNRPS-1/2	5910	1738	1808	100	2.06e-27
FC61J7VAAXX:5:100:12341:14745#0/2	71	71	1	smNRPS-1/2	5910	1991	2061	100	2.06e-27
FC61J7VAAXX:5:101:12358:18249#0/1	71	1	71	smNRPS-1/2	5910	4334	4404	100	2.06e-27
FC61J7VAAXX:5:101:12358:18249#0/2	71	71	1	smNRPS-1/2	5910	4572	4642	100	2.06e-27
FC61J7VAAXX:5:105:9707:20163#0/1	71	71	1	smNRPS-1/2	5910	1691	1761	100	2.06e-27
FC61J7VAAXX:5:107:11331:4730#0/2	71	1	71	smNRPS-1/2	5910	4080	4150	100	2.06e-27
FC61J7VAAXX:5:109:4940:11444#0/2	71	71	1	smNRPS-1/2	5910	180	250	100	2.06e-27
FC61J7VAAXX:5:110:2263:9775#0/1	71	1	71	smNRPS-1/2	5910	631	701	100	2.06e-27
FC61J7VAAXX:5:110:2263:9775#0/2	71	71	1	smNRPS-1/2	5910	863	933	100	2.06e-27
FC61J7VAAXX:5:110:10373:10483#0/1	71	1	71	smNRPS-1/2	5910	1688	1758	100	2.06e-27
FC61J7VAAXX:5:111:7614:5774#0/1	71	1	71	smNRPS-1/2	5910	5128	5198	100	2.06e-27
FC61J7VAAXX:5:111:7614:5774#0/2	71	71	1	smNRPS-1/2	5910	5365	5435	100	2.06e-27
FC61J7VAAXX:5:111:15732:9424#0/2	71	71	1	smNRPS-1/2	5910	836	906	100	2.06e-27
FC61J7VAAXX:5:112:16089:20717#0/1	71	1	71	smNRPS-1/2	5910	1702	1772	100	2.06e-27
FC61J7VAAXX:5:115:14977:8276#0/2	71	1	71	smNRPS-1/2	5910	1403	1473	100	2.06e-27
FC61J7VAAXX:5:117:17166:11856#0/1	71	1	71	smNRPS-1/2	5910	3436	3506	100	2.06e-27
FC61J7VAAXX:5:119:11331:2633#0/1	71	71	1	smNRPS-1/2	5910	862	932	100	2.06e-27
FC61J7VAAXX:5:119:18930:15862#0/1	71	71	1	smNRPS-1/2	5910	1328	1398	100	2.06e-27
FC61KE4AAXX:5:33:8222:15108#TGACCA/2	71	1	71	smNRPS-1/2	5910	5045	5115	100	2.06e-27
FC61KE4AAXX:5:39:12888:4533#TGACCA/2	71	1	71	smNRPS-1/2	5910	5850	5920	100	2.06e-27
FC61KE4AAXX:5:95:16778:17236#TGACCA/2	71	71	1	smNRPS-1/2	5910	379	449	100	2.06e-27
FC61KE4AAXX:5:102:5974:10083#TGACCA/2	71	71	1	smNRPS-1/2	5910	776	846	100	2.06e-27
FC61J7VAAXX:5:47:15106:7279#0/1	71	1	71	smNRPS-1/2	5910	5291	5361	100	2.06e-27
