I352_2_FC30VYJAAXX:7:23:195:351/1	48	14	48	smNRPS-1/2	5910	1	35	100	4.75e-9
I352_2_FC30VYJAAXX:7:6:783:897/1	39	1	39	smNRPS-1/2	5910	5658	5696	100	2.84e-11
I352_2_FC30VYJAAXX:7:53:292:26/1	39	39	1	smNRPS-1/2	5910	3458	3496	100	2.84e-11
I352_2_FC30VYJAAXX:7:64:1353:247/1	39	1	39	smNRPS-1/2	5910	2305	2343	100	2.84e-11
I352_2_FC30VYJAAXX:7:35:1555:1223/1	43	43	1	smNRPS-1/2	5910	102	144	100	1.7e-13
I352_2_FC30VYJAAXX:7:37:1231:211/1	44	1	44	smNRPS-1/2	5910	2899	2942	100	4.72e-14
I352_2_FC30VYJAAXX:7:42:1767:1906/1	45	1	45	smNRPS-1/2	5910	717	761	100	1.31e-14
I352_2_FC30VYJAAXX:7:20:1239:1345/1	40	40	1	smNRPS-1/2	5910	456	495	97.5	3.72e-10
I352_2_FC30VYJAAXX:7:43:1099:904/1	41	41	1	smNRPS-1/2	5910	1200	1240	97.561	1.03e-10
I352_2_FC30VYJAAXX:7:31:668:1488/1	39	1	39	smNRPS-1/2	5910	3377	3415	100	2.87e-11
I352_2_FC30VYJAAXX:7:51:579:479/1	42	42	1	smNRPS-1/2	5910	2139	2180	100	6.17e-13
I352_2_FC30VYJAAXX:7:50:1205:916/1	43	43	1	smNRPS-1/2	5910	880	922	100	1.72e-13
I352_2_FC30VYJAAXX:7:70:1383:982/1	46	46	1	smNRPS-1/2	5910	106	151	97.826	1.72e-13
I352_2_FC30VYJAAXX:7:8:457:997/1	45	45	1	smNRPS-1/2	5910	3820	3864	100	1.33e-14
I352_2_FC30VYJAAXX:7:33:266:748/1	46	1	46	smNRPS-1/2	5910	3901	3946	100	3.69e-15
I352_2_FC30VYJAAXX:7:47:1117:673/1	48	1	48	smNRPS-1/2	5910	5394	5441	100	2.85e-16
