FC61FL8AAXX:4:105:1148:14962#GATCAG/2	39	39	1	smNRPS-1/2	5910	5564	5602	100	8.34e-10
FC617DMAAXX:5:53:18920:14981#0/2	46	1	46	smNRPS-1/2	5910	5787	5832	95.652	2.32e-10
FC61FL8AAXX:4:71:6170:7316#GATCAG/2	71	1	43	smNRPS-1/2	5910	5833	5875	100	4.98e-12
FC617DMAAXX:5:41:17901:19299#0/1	43	43	1	smNRPS-1/2	5910	4895	4937	100	4.98e-12
FC617DMAAXX:5:1:15531:8156#0/2	54	3	54	smNRPS-1/2	5910	4806	4857	96.154	1.07e-13
FC617DMAAXX:5:54:3287:19060#0/1	46	1	46	smNRPS-1/2	5910	2927	2972	100	1.07e-13
FC617DMAAXX:5:53:13815:12373#0/2	53	53	1	smNRPS-1/2	5910	4203	4255	96.226	2.98e-14
FC617DMAAXX:5:35:2697:9163#0/1	51	51	1	smNRPS-1/2	5910	3357	3407	98.039	8.28e-15
FC617DMAAXX:5:27:19394:2421#0/2	54	1	54	smNRPS-1/2	5910	3388	3441	98.148	1.78e-16
FC617DMAAXX:5:44:10542:20382#0/1	51	51	1	smNRPS-1/2	5910	1693	1743	100	1.78e-16
FC617DMAAXX:5:37:4082:2336#0/1	51	51	1	smNRPS-1/2	5910	2152	2202	100	1.78e-16
FC617DMAAXX:5:26:17115:7873#0/1	55	1	55	smNRPS-1/2	5910	642	696	100	1.06e-18
FC617DMAAXX:5:50:1224:6830#0/2	59	1	59	smNRPS-1/2	5910	4995	5053	98.305	8.22e-20
FC617DMAAXX:5:80:7543:3257#0/2	57	1	57	smNRPS-1/2	5910	5464	5520	100	8.22e-20
FC617DMAAXX:5:34:13460:10159#0/2	62	1	62	smNRPS-1/2	5910	3842	3903	98.387	6.35e-21
FC617DMAAXX:5:105:14368:1051#0/2	60	2	60	smNRPS-1/2	5910	2267	2325	100	6.35e-21
FC617DMAAXX:5:15:2909:18717#0/2	69	69	1	smNRPS-1/2	5910	5290	5358	95.652	1.77e-21
FC617DMAAXX:5:49:14375:13769#0/2	69	69	1	smNRPS-1/2	5910	49	117	95.652	1.77e-21
FC617DMAAXX:5:55:8849:20805#0/2	69	1	69	smNRPS-1/2	5910	4889	4957	95.652	1.77e-21
FC617DMAAXX:5:18:18406:17480#0/2	69	1	69	smNRPS-1/2	5910	617	685	95.652	4.91e-22
FC617DMAAXX:5:26:17115:7873#0/2	69	69	1	smNRPS-1/2	5910	898	966	95.652	4.91e-22
FC617DMAAXX:5:51:4595:7223#0/2	69	69	1	smNRPS-1/2	5910	3618	3686	95.652	4.91e-22
FC617DMAAXX:5:96:14172:5456#0/2	69	3	69	smNRPS-1/2	5910	5640	5706	97.015	4.91e-22
FC617DMAAXX:5:50:5950:18841#0/2	69	69	1	smNRPS-1/2	5910	4272	4340	95.652	4.91e-22
FC617DMAAXX:5:1:14812:17448#0/2	68	68	1	smNRPS-1/2	5910	2355	2422	97.059	1.37e-22
FC617DMAAXX:5:12:19355:2485#0/2	69	3	69	smNRPS-1/2	5910	478	544	98.507	1.06e-23
FC617DMAAXX:5:17:4040:14449#0/2	67	1	67	smNRPS-1/2	5910	5632	5698	98.507	1.06e-23
FC617DMAAXX:5:60:3363:14130#0/2	69	1	69	smNRPS-1/2	5910	531	599	97.101	1.06e-23
FC617DMAAXX:5:21:3347:14008#0/2	68	1	68	smNRPS-1/2	5910	4803	4870	98.529	2.94e-24
FC617DMAAXX:5:45:6433:16682#0/2	69	5	69	smNRPS-1/2	5910	2515	2579	100	2.94e-24
FC617DMAAXX:5:45:6433:16682#0/1	66	66	1	smNRPS-1/2	5910	2763	2828	100	8.16e-25
FC617DMAAXX:5:48:19450:3204#0/2	69	1	69	smNRPS-1/2	5910	5424	5492	98.551	8.16e-25
FC617DMAAXX:5:73:17069:12457#0/2	69	69	1	smNRPS-1/2	5910	3106	3174	98.551	8.16e-25
FC61FL8AAXX:4:20:14673:8343#GATCAG/1	69	1	69	smNRPS-1/2	5910	5787	5855	98.551	8.16e-25
FC61FL8AAXX:4:105:1148:14962#GATCAG/1	69	1	69	smNRPS-1/2	5910	5295	5363	98.551	8.16e-25
FC617DMAAXX:5:30:9581:11406#0/2	69	1	69	smNRPS-1/2	5910	33	101	98.551	2.27e-25
FC617DMAAXX:5:35:2697:9163#0/2	69	1	69	smNRPS-1/2	5910	3086	3154	98.551	2.27e-25
FC617DMAAXX:5:1:13527:6483#0/2	68	1	68	smNRPS-1/2	5910	4026	4093	100	6.31e-26
FC617DMAAXX:5:20:3042:15906#0/2	68	68	1	smNRPS-1/2	5910	2135	2202	100	6.31e-26
FC617DMAAXX:5:46:9074:19533#0/2	68	1	68	smNRPS-1/2	5910	5431	5498	100	6.31e-26
FC617DMAAXX:5:50:1224:6830#0/1	71	71	1	smNRPS-1/2	5910	5225	5295	98.592	6.31e-26
FC617DMAAXX:5:115:12518:12862#0/1	71	71	1	smNRPS-1/2	5910	3452	3522	98.592	6.31e-26
FC617DMAAXX:5:113:14316:16845#0/1	71	71	1	smNRPS-1/2	5910	4376	4446	98.592	6.31e-26
FC617DMAAXX:5:20:19076:7774#0/2	69	69	1	smNRPS-1/2	5910	5720	5788	100	1.75e-26
FC617DMAAXX:5:39:4427:11458#0/2	69	69	1	smNRPS-1/2	5910	82	150	100	1.75e-26
FC617DMAAXX:5:48:11470:7838#0/2	69	69	1	smNRPS-1/2	5910	586	654	100	1.75e-26
FC617DMAAXX:5:48:16072:5959#0/2	69	69	1	smNRPS-1/2	5910	3511	3579	100	1.75e-26
FC617DMAAXX:5:56:4533:6840#0/2	69	1	69	smNRPS-1/2	5910	2618	2686	100	1.75e-26
FC617DMAAXX:5:66:4343:18265#0/2	69	69	1	smNRPS-1/2	5910	4122	4190	100	1.75e-26
FC617DMAAXX:5:66:12215:16901#0/2	69	69	1	smNRPS-1/2	5910	4287	4355	100	1.75e-26
FC617DMAAXX:5:89:8554:18845#0/2	69	69	1	smNRPS-1/2	5910	5742	5810	100	1.75e-26
FC61FL8AAXX:4:1:16965:6048#GATCAG/1	69	69	1	smNRPS-1/2	5910	748	816	100	1.75e-26
FC61FL8AAXX:4:15:16316:5580#GATCAG/1	69	69	1	smNRPS-1/2	5910	2455	2523	100	1.75e-26
FC61FL8AAXX:4:19:3749:11464#GATCAG/1	69	1	69	smNRPS-1/2	5910	5528	5596	100	1.75e-26
FC61FL8AAXX:4:36:17965:2288#GATCAG/1	69	1	69	smNRPS-1/2	5910	2075	2143	100	1.75e-26
FC61FL8AAXX:4:77:14918:10794#GATCAG/1	69	69	1	smNRPS-1/2	5910	5066	5134	100	1.75e-26
FC61FL8AAXX:4:88:17197:15098#GATCAG/1	69	1	69	smNRPS-1/2	5910	315	383	100	1.75e-26
FC61FL8AAXX:4:91:5783:2883#GATCAG/1	69	1	69	smNRPS-1/2	5910	4011	4079	100	1.75e-26
FC61FL8AAXX:4:107:11904:10476#GATCAG/1	69	69	1	smNRPS-1/2	5910	5341	5409	100	1.75e-26
FC61FL8AAXX:4:118:7418:13620#GATCAG/1	69	1	69	smNRPS-1/2	5910	5725	5793	100	1.75e-26
FC617DMAAXX:5:38:15723:11811#0/2	69	1	69	smNRPS-1/2	5910	3094	3162	100	1.75e-26
FC617DMAAXX:5:18:11768:12615#0/1	70	70	1	smNRPS-1/2	5910	1424	1493	100	4.88e-27
FC617DMAAXX:5:26:5665:5568#0/1	70	1	70	smNRPS-1/2	5910	2208	2277	100	4.88e-27
FC617DMAAXX:5:99:2336:8919#0/1	70	70	1	smNRPS-1/2	5910	1103	1172	100	4.88e-27
FC617DMAAXX:5:1:13527:6483#0/1	71	71	1	smNRPS-1/2	5910	4268	4338	100	1.36e-27
FC617DMAAXX:5:1:14812:17448#0/1	71	1	71	smNRPS-1/2	5910	2113	2183	100	1.36e-27
FC617DMAAXX:5:1:15531:8156#0/1	71	71	1	smNRPS-1/2	5910	5049	5119	100	1.36e-27
FC617DMAAXX:5:12:19355:2485#0/1	71	71	1	smNRPS-1/2	5910	704	774	100	1.36e-27
FC617DMAAXX:5:15:2909:18717#0/1	71	1	71	smNRPS-1/2	5910	5042	5112	100	1.36e-27
FC617DMAAXX:5:18:18406:17480#0/1	71	71	1	smNRPS-1/2	5910	844	914	100	1.36e-27
FC617DMAAXX:5:20:3042:15906#0/1	71	1	71	smNRPS-1/2	5910	1892	1962	100	1.36e-27
FC617DMAAXX:5:20:19076:7774#0/1	71	1	71	smNRPS-1/2	5910	5471	5541	100	1.36e-27
FC617DMAAXX:5:21:3347:14008#0/1	71	71	1	smNRPS-1/2	5910	5049	5119	100	1.36e-27
FC617DMAAXX:5:25:7407:10945#0/1	71	71	1	smNRPS-1/2	5910	120	190	100	1.36e-27
FC617DMAAXX:5:27:19394:2421#0/1	71	71	1	smNRPS-1/2	5910	3623	3693	100	1.36e-27
FC617DMAAXX:5:30:9581:11406#0/1	71	71	1	smNRPS-1/2	5910	278	348	100	1.36e-27
FC617DMAAXX:5:34:13460:10159#0/1	71	71	1	smNRPS-1/2	5910	4074	4144	100	1.36e-27
FC617DMAAXX:5:35:10917:13647#0/1	71	71	1	smNRPS-1/2	5910	3068	3138	100	1.36e-27
FC617DMAAXX:5:37:16274:4990#0/1	71	71	1	smNRPS-1/2	5910	5342	5412	100	1.36e-27
FC617DMAAXX:5:38:10451:9457#0/1	71	1	71	smNRPS-1/2	5910	5747	5817	100	1.36e-27
FC617DMAAXX:5:46:9074:19533#0/1	71	71	1	smNRPS-1/2	5910	5671	5741	100	1.36e-27
FC617DMAAXX:5:48:11470:7838#0/1	71	1	71	smNRPS-1/2	5910	345	415	100	1.36e-27
FC617DMAAXX:5:48:16072:5959#0/1	71	1	71	smNRPS-1/2	5910	3261	3331	100	1.36e-27
FC617DMAAXX:5:48:19450:3204#0/1	71	71	1	smNRPS-1/2	5910	5686	5756	100	1.36e-27
FC617DMAAXX:5:49:2524:5603#0/1	71	71	1	smNRPS-1/2	5910	4664	4734	100	1.36e-27
FC617DMAAXX:5:49:15703:10381#0/1	71	71	1	smNRPS-1/2	5910	1139	1209	100	1.36e-27
FC617DMAAXX:5:51:4595:7223#0/1	71	1	71	smNRPS-1/2	5910	3368	3438	100	1.36e-27
FC617DMAAXX:5:55:8849:20805#0/1	71	71	1	smNRPS-1/2	5910	5134	5204	100	1.36e-27
FC617DMAAXX:5:56:4533:6840#0/1	71	71	1	smNRPS-1/2	5910	2845	2915	100	1.36e-27
FC617DMAAXX:5:57:3345:12423#0/1	71	71	1	smNRPS-1/2	5910	3244	3314	100	1.36e-27
FC617DMAAXX:5:58:3941:15299#0/1	71	1	71	smNRPS-1/2	5910	4151	4221	100	1.36e-27
FC617DMAAXX:5:60:3363:14130#0/1	71	71	1	smNRPS-1/2	5910	771	841	100	1.36e-27
FC617DMAAXX:5:66:4343:18265#0/1	71	1	71	smNRPS-1/2	5910	3918	3988	100	1.36e-27
FC617DMAAXX:5:66:12215:16901#0/1	71	1	71	smNRPS-1/2	5910	4049	4119	100	1.36e-27
FC617DMAAXX:5:73:17069:12457#0/1	71	1	71	smNRPS-1/2	5910	2851	2921	100	1.36e-27
FC617DMAAXX:5:74:4153:9686#0/1	71	1	71	smNRPS-1/2	5910	5674	5744	100	1.36e-27
FC617DMAAXX:5:80:7543:3257#0/1	71	71	1	smNRPS-1/2	5910	5713	5783	100	1.36e-27
FC617DMAAXX:5:89:8554:18845#0/1	71	1	71	smNRPS-1/2	5910	5495	5565	100	1.36e-27
FC617DMAAXX:5:105:14368:1051#0/1	71	71	1	smNRPS-1/2	5910	2503	2573	100	1.36e-27
FC617DMAAXX:5:106:10993:4754#0/1	71	1	71	smNRPS-1/2	5910	465	535	100	1.36e-27
FC617DMAAXX:5:115:10269:10039#0/1	71	1	71	smNRPS-1/2	5910	4089	4159	100	1.36e-27
FC61FL8AAXX:4:1:16965:6048#GATCAG/2	71	1	71	smNRPS-1/2	5910	515	585	100	1.36e-27
FC61FL8AAXX:4:15:16316:5580#GATCAG/2	71	1	71	smNRPS-1/2	5910	2214	2284	100	1.36e-27
FC61FL8AAXX:4:36:17965:2288#GATCAG/2	71	71	1	smNRPS-1/2	5910	2321	2391	100	1.36e-27
FC61FL8AAXX:4:67:12443:10325#GATCAG/2	71	1	71	smNRPS-1/2	5910	5798	5868	100	1.36e-27
FC61FL8AAXX:4:77:14918:10794#GATCAG/2	71	1	71	smNRPS-1/2	5910	4804	4874	100	1.36e-27
FC61FL8AAXX:4:81:4444:4522#GATCAG/2	71	71	1	smNRPS-1/2	5910	4	74	100	1.36e-27
FC61FL8AAXX:4:88:17197:15098#GATCAG/2	71	71	1	smNRPS-1/2	5910	553	623	100	1.36e-27
FC61FL8AAXX:4:91:5783:2883#GATCAG/2	71	71	1	smNRPS-1/2	5910	4248	4318	100	1.36e-27
FC61FL8AAXX:4:107:11904:10476#GATCAG/2	71	1	71	smNRPS-1/2	5910	5105	5175	100	1.36e-27
FC617DMAAXX:5:43:5472:18754#0/1	71	1	71	smNRPS-1/2	5910	3914	3984	100	1.36e-27
FC617DMAAXX:5:43:11478:15715#0/1	71	71	1	smNRPS-1/2	5910	4325	4395	100	1.36e-27
FC617DMAAXX:5:70:1885:3136#0/1	71	71	1	smNRPS-1/2	5910	1036	1106	100	1.36e-27
FC617DMAAXX:5:70:9311:9573#0/1	71	1	71	smNRPS-1/2	5910	2248	2318	100	1.36e-27
FC617DMAAXX:5:70:11273:20128#0/1	71	71	1	smNRPS-1/2	5910	3758	3828	100	1.36e-27
FC617DMAAXX:5:91:7436:10542#0/1	71	71	1	smNRPS-1/2	5910	4272	4342	100	1.36e-27
FC617DMAAXX:5:91:9485:13011#0/1	71	1	71	smNRPS-1/2	5910	1015	1085	100	1.36e-27
FC617DMAAXX:5:13:3729:16586#0/1	71	71	1	smNRPS-1/2	5910	4440	4510	100	1.36e-27
FC617DMAAXX:5:13:6373:10420#0/1	71	1	71	smNRPS-1/2	5910	232	302	100	1.36e-27
FC617DMAAXX:5:29:12529:12557#0/1	71	1	71	smNRPS-1/2	5910	1264	1334	100	1.36e-27
FC617DMAAXX:5:105:10079:4121#0/1	71	1	71	smNRPS-1/2	5910	232	302	100	1.36e-27
FC617DMAAXX:5:120:13386:16669#0/1	71	1	71	smNRPS-1/2	5910	1815	1885	100	1.36e-27
FC617DMAAXX:5:110:15614:11165#0/1	47	47	1	smNRPS-1/2	5910	611	657	100	3.01e-14
FC61FL8AAXX:4:5:18651:5357#GATCAG/1	54	1	54	smNRPS-1/2	5910	3676	3729	100	3.87e-18
FC617DMAAXX:5:49:6491:5915#0/2	69	69	1	smNRPS-1/2	5910	367	435	95.652	1.79e-21
FC617DMAAXX:5:54:6295:14640#0/2	63	60	1	smNRPS-1/2	5910	2360	2419	100	1.79e-21
FC617DMAAXX:5:55:7635:19633#0/2	69	1	69	smNRPS-1/2	5910	2853	2921	95.652	1.79e-21
FC617DMAAXX:5:101:15181:11943#0/1	60	60	1	smNRPS-1/2	5910	2338	2397	100	1.79e-21
FC617DMAAXX:5:15:11729:20209#0/2	69	1	69	smNRPS-1/2	5910	5289	5357	97.101	3.84e-23
FC617DMAAXX:5:80:8599:9495#0/2	63	1	63	smNRPS-1/2	5910	595	657	100	3.84e-23
FC617DMAAXX:5:25:13368:12245#0/2	69	1	69	smNRPS-1/2	5910	5300	5368	97.101	1.07e-23
FC617DMAAXX:5:15:11729:20209#0/1	65	65	1	smNRPS-1/2	5910	5529	5593	100	2.97e-24
FC617DMAAXX:5:25:13368:12245#0/1	71	71	1	smNRPS-1/2	5910	5538	5608	97.183	2.97e-24
FC617DMAAXX:5:41:4628:3955#0/2	68	1	68	smNRPS-1/2	5910	4521	4588	100	6.39e-26
FC617DMAAXX:5:49:6491:5915#0/1	71	1	71	smNRPS-1/2	5910	130	200	98.592	6.39e-26
FC617DMAAXX:5:55:19014:9978#0/1	71	71	1	smNRPS-1/2	5910	2436	2506	98.592	6.39e-26
FC61FL8AAXX:4:38:15953:1831#GATCAG/1	69	69	1	smNRPS-1/2	5910	8	76	100	1.78e-26
FC61FL8AAXX:4:48:6223:17268#GATCAG/1	69	1	69	smNRPS-1/2	5910	2431	2499	100	1.78e-26
FC61FL8AAXX:4:71:17978:17614#GATCAG/1	69	1	69	smNRPS-1/2	5910	5058	5126	100	1.78e-26
FC61FL8AAXX:4:101:14278:11558#GATCAG/1	69	69	1	smNRPS-1/2	5910	3396	3464	100	1.78e-26
FC617DMAAXX:5:48:1435:4936#0/1	71	71	1	smNRPS-1/2	5910	16	86	100	1.37e-27
FC617DMAAXX:5:54:6295:14640#0/1	71	1	71	smNRPS-1/2	5910	2113	2183	100	1.37e-27
FC617DMAAXX:5:55:7635:19633#0/1	71	71	1	smNRPS-1/2	5910	3101	3171	100	1.37e-27
FC617DMAAXX:5:80:8599:9495#0/1	71	71	1	smNRPS-1/2	5910	831	901	100	1.37e-27
FC61FL8AAXX:4:5:18651:5357#GATCAG/2	71	71	1	smNRPS-1/2	5910	3922	3992	100	1.37e-27
FC61FL8AAXX:4:48:6223:17268#GATCAG/2	71	71	1	smNRPS-1/2	5910	2661	2731	100	1.37e-27
FC61FL8AAXX:4:71:17978:17614#GATCAG/2	71	71	1	smNRPS-1/2	5910	5290	5360	100	1.37e-27
FC61FL8AAXX:4:101:14278:11558#GATCAG/2	71	1	71	smNRPS-1/2	5910	3150	3220	100	1.37e-27
FC617DMAAXX:5:26:2799:16767#0/1	71	1	71	smNRPS-1/2	5910	5823	5893	100	1.37e-27
