FC615L9AAXX:5:113:12510:3577#0/2	57	1	57	smNRPS-1/2	5910	4204	4260	96.491	2.4e-16
FC615L9AAXX:5:24:6758:12521#0/1	71	1	71	smNRPS-1/2	5910	4874	4944	95.775	1.84e-22
FC615L9AAXX:5:31:14832:10928#0/2	72	72	1	smNRPS-1/2	5910	4666	4737	95.833	5.12e-23
FC615L9AAXX:5:93:4164:11719#0/1	71	1	71	smNRPS-1/2	5910	618	688	97.183	3.96e-24
FC615L9AAXX:5:34:12728:10720#0/2	72	72	1	smNRPS-1/2	5910	2306	2377	97.222	1.1e-24
FC615L9AAXX:5:71:6917:13259#0/2	72	72	1	smNRPS-1/2	5910	5290	5361	97.222	1.1e-24
FC615L9AAXX:5:108:3891:12813#0/2	72	72	1	smNRPS-1/2	5910	2673	2744	97.222	1.1e-24
FC615L9AAXX:5:113:12510:3577#0/1	71	71	1	smNRPS-1/2	5910	4446	4516	100	1.83e-27
FC615L9AAXX:5:59:18809:14756#0/2	72	72	1	smNRPS-1/2	5910	629	700	100	5.09e-28
FC6178FAAXX:5:15:9900:6312#GCCAAT/1	44	44	1	smNRPS-1/2	5910	3831	3874	100	1.89e-12
FC615L9AAXX:5:18:16023:4346#0/2	48	48	1	smNRPS-1/2	5910	5756	5803	100	1.13e-14
FC615L9AAXX:5:49:1828:20943#0/2	56	56	1	smNRPS-1/2	5910	1975	2030	96.429	8.73e-16
FC615L9AAXX:5:59:18809:14756#0/1	58	58	1	smNRPS-1/2	5910	5499	5556	98.276	1.45e-18
FC615ELAAXX:8:50:4034:8160#GCCAATAT/1	66	1	66	smNRPS-1/2	5910	5561	5626	95.455	1.12e-19
FC615L9AAXX:5:42:14611:14362#0/1	71	1	70	smNRPS-1/2	5910	2824	2892	95.714	2.41e-21
FC615L9AAXX:5:75:12741:11653#0/1	60	60	1	smNRPS-1/2	5910	4253	4312	100	2.41e-21
FC615ELAAXX:8:16:16621:9451#GCCAATAT/1	62	1	60	smNRPS-1/2	5910	2257	2316	100	2.41e-21
FC615L9AAXX:5:78:9106:10446#0/2	72	1	69	smNRPS-1/2	5910	4863	4931	97.101	5.18e-23
FC615L9AAXX:5:95:9897:4765#0/2	72	72	1	smNRPS-1/2	5910	3273	3344	95.833	5.18e-23
FC6178FAAXX:5:15:9900:6312#GCCAAT/2	72	1	72	smNRPS-1/2	5910	3544	3615	95.833	5.18e-23
FC615L9AAXX:5:18:16023:4346#0/1	71	1	71	smNRPS-1/2	5910	5489	5559	97.183	4.01e-24
FC615L9AAXX:5:34:12728:10720#0/1	71	71	6	smNRPS-1/2	5910	3817	3882	100	1.11e-24
FC615ELAAXX:8:16:16621:9451#GCCAATAT/2	72	72	1	smNRPS-1/2	5910	2493	2564	97.222	1.11e-24
FC615ELAAXX:8:50:4034:8160#GCCAATAT/2	67	67	1	smNRPS-1/2	5910	5810	5876	100	3.1e-25
FC615L9AAXX:5:42:7437:1716#0/2	71	71	1	smNRPS-1/2	5910	5523	5593	98.592	8.61e-26
FC615L9AAXX:5:91:10628:16508#0/1	71	71	1	smNRPS-1/2	5910	422	492	98.592	8.61e-26
FC615L9AAXX:5:95:9897:4765#0/1	71	1	71	smNRPS-1/2	5910	3033	3103	98.592	8.61e-26
FC615L9AAXX:5:31:14832:10928#0/1	71	71	1	smNRPS-1/2	5910	1371	1441	100	1.85e-27
FC615L9AAXX:5:49:1828:20943#0/1	71	1	71	smNRPS-1/2	5910	1702	1772	100	1.85e-27
FC615L9AAXX:5:55:14492:11366#0/1	71	1	71	smNRPS-1/2	5910	597	667	100	1.85e-27
FC615L9AAXX:5:71:6917:13259#0/1	71	71	1	smNRPS-1/2	5910	748	818	100	1.85e-27
FC615L9AAXX:5:78:9106:10446#0/1	71	71	1	smNRPS-1/2	5910	5037	5107	100	1.85e-27
FC615L9AAXX:5:64:12210:5143#0/2	72	1	72	smNRPS-1/2	5910	793	864	100	5.15e-28
FC615L9AAXX:5:75:12741:11653#0/2	72	1	72	smNRPS-1/2	5910	3999	4070	100	5.15e-28
FC615L9AAXX:5:91:10628:16508#0/2	72	1	72	smNRPS-1/2	5910	186	257	100	5.15e-28
FC6178FAAXX:5:27:18495:6227#GCCAAT/2	72	1	72	smNRPS-1/2	5910	5808	5879	100	5.15e-28
