I358_1_FC30VV9AAXX:8:90:141:268/1	39	1	39	smNRPS-1/2	5910	4295	4333	97.436	9.44e-9
I358_1_FC30VV9AAXX:8:43:836:270/1	40	40	1	smNRPS-1/2	5910	260	299	97.5	2.63e-9
I358_1_FC30VV9AAXX:8:4:1269:1752/1	40	40	1	smNRPS-1/2	5910	5343	5382	97.5	2.63e-9
I358_1_FC30VV9AAXX:8:7:555:204/2	50	50	1	smNRPS-1/2	5910	2879	2928	96	3.37e-13
I330_2_FC30VY5AAXX:5:78:1613:1839/1	42	42	1	smNRPS-1/2	5910	2490	2531	95.238	9.56e-9
I330_2_FC30VY5AAXX:5:78:1613:1839/2	43	1	43	smNRPS-1/2	5910	2416	2458	97.674	5.71e-11
I358_1_FC30VV9AAXX:8:12:897:992/1	41	1	41	smNRPS-1/2	5910	2025	2065	100	1.59e-11
I358_1_FC30VV9AAXX:8:79:741:642/2	49	1	49	smNRPS-1/2	5910	3674	3722	95.918	1.23e-12
I358_1_FC30VV9AAXX:8:79:741:642/1	50	50	1	smNRPS-1/2	5910	3959	4008	96	3.41e-13
I358_1_FC30VV9AAXX:8:12:897:992/2	46	46	1	smNRPS-1/2	5910	2326	2371	100	2.64e-14
I358_1_FC30VV9AAXX:8:8:77:1931/2	46	46	1	smNRPS-1/2	5910	1567	1612	100	2.64e-14
I358_1_FC30VV9AAXX:8:74:880:573/2	47	1	47	smNRPS-1/2	5910	1362	1408	100	7.34e-15
I358_1_FC30VV9AAXX:8:32:1018:1595/2	52	52	1	smNRPS-1/2	5910	4747	4798	98.077	5.67e-16
I358_1_FC30VV9AAXX:8:70:1315:202/1	62	62	1	smNRPS-1/2	5910	5317	5378	96.774	7.28e-20
I358_1_FC30VV9AAXX:8:86:1012:861/1	65	62	1	smNRPS-1/2	5910	3310	3371	96.774	7.28e-20
I358_1_FC30VV9AAXX:8:70:1315:202/2	57	1	57	smNRPS-1/2	5910	5025	5081	100	2.03e-20
I358_1_FC30VV9AAXX:8:74:880:573/1	61	61	1	smNRPS-1/2	5910	1638	1698	98.361	5.63e-21
I358_1_FC30VV9AAXX:8:82:1346:1475/2	58	1	58	smNRPS-1/2	5910	2975	3032	100	5.63e-21
I358_1_FC30VV9AAXX:8:82:1346:1475/1	63	63	1	smNRPS-1/2	5910	3252	3314	98.413	4.35e-22
I358_1_FC30VV9AAXX:8:51:156:69/1	70	70	1	smNRPS-1/2	5910	4999	5068	95.714	1.21e-22
I358_1_FC30VV9AAXX:8:86:1012:861/2	70	1	70	smNRPS-1/2	5910	3037	3106	98.571	5.59e-26
