FC617A9AAXX:2:58:11126:19233#0/1	71	1	46	smNRPS-1/2	5910	5830	5875	100	1.49e-13
FC617A9AAXX:2:23:4936:11205#0/2	41	41	1	smNRPS-1/2	5910	4606	4646	100	9.1e-11
FC617A9AAXX:2:7:6067:8479#0/1	44	44	1	smNRPS-1/2	5910	4211	4254	100	1.96e-12
FC617A9AAXX:2:23:4936:11205#0/1	49	1	49	smNRPS-1/2	5910	4305	4353	100	3.25e-15
FC617A9AAXX:2:44:1720:8493#0/1	62	1	62	smNRPS-1/2	5910	2075	2136	100	1.93e-22
FC617A9AAXX:2:61:10290:7673#0/2	66	1	66	smNRPS-1/2	5910	3251	3316	100	1.15e-24
FC617A9AAXX:2:61:10290:7673#0/1	68	68	1	smNRPS-1/2	5910	3492	3559	100	8.91e-26
FC617A9AAXX:2:10:4334:15764#0/1	71	1	71	smNRPS-1/2	5910	4091	4161	100	1.92e-27
FC617A9AAXX:2:10:4334:15764#0/2	72	72	1	smNRPS-1/2	5910	4341	4412	100	5.32e-28
FC617A9AAXX:2:44:1720:8493#0/2	72	72	1	smNRPS-1/2	5910	2300	2371	100	5.32e-28
