B200YWABXX:5:63:4177:45556#ACTTGAA/2	60	1	60	smNRPS-1/2	5910	654	713	95	3.56e-16
B200YWABXX:5:68:15959:180951#ACTTGAA/1	59	59	1	smNRPS-1/2	5910	3501	3559	100	1.27e-20
A200FVABXX:6:41:20160:81200#ACTTGA/1	63	1	63	smNRPS-1/2	5910	1700	1762	100	7.61e-23
B200YWABXX:5:2:12673:160715#ACTTGAA/1	67	67	1	smNRPS-1/2	5910	4354	4420	98.507	2.11e-23
A200FVABXX:6:67:13508:42189#ACTTGA/1	71	1	71	smNRPS-1/2	5910	623	693	97.183	5.88e-24
A200FVABXX:6:1:8922:134153#ACTTGA/2	85	85	1	smNRPS-1/2	5910	4434	4518	95.294	2.1e-28
B200YWABXX:5:22:10582:164908#ACTTGAA/2	85	1	85	smNRPS-1/2	5910	583	667	96.471	4.51e-30
A200FVABXX:6:67:11742:161086#ACTTGA/2	85	1	85	smNRPS-1/2	5910	4890	4974	97.647	9.7e-32
A200FVABXX:6:5:13729:21242#ACTTGA/1	84	84	1	smNRPS-1/2	5910	5574	5657	98.81	7.5e-33
A200FVABXX:6:67:6879:47536#ACTTGA/1	84	1	84	smNRPS-1/2	5910	3562	3645	98.81	7.5e-33
B200YWABXX:5:4:16665:89913#ACTTGAA/1	84	1	84	smNRPS-1/2	5910	2569	2652	98.81	7.5e-33
B200YWABXX:5:67:1285:102021#ACTTGAA/2	84	84	1	smNRPS-1/2	5910	2639	2722	98.81	7.5e-33
A200FVABXX:6:5:13729:21242#ACTTGA/2	85	1	85	smNRPS-1/2	5910	5323	5407	98.824	2.09e-33
A200FVABXX:6:6:11537:187504#ACTTGA/2	85	85	1	smNRPS-1/2	5910	2638	2722	98.824	2.09e-33
A200FVABXX:6:23:13416:152672#ACTTGA/2	85	1	85	smNRPS-1/2	5910	2312	2396	98.824	2.09e-33
A200FVABXX:6:67:6879:47536#ACTTGA/2	85	85	1	smNRPS-1/2	5910	3800	3884	98.824	2.09e-33
B200YWABXX:5:4:16665:89913#ACTTGAA/2	85	85	1	smNRPS-1/2	5910	2810	2894	98.824	2.09e-33
A200FVABXX:6:67:11742:161086#ACTTGA/1	84	84	1	smNRPS-1/2	5910	4948	5031	100	1.61e-34
A200FVABXX:6:41:20160:81200#ACTTGA/2	85	85	1	smNRPS-1/2	5910	1905	1989	100	4.48e-35
B200YWABXX:5:2:12673:160715#ACTTGAA/2	85	1	85	smNRPS-1/2	5910	4092	4176	100	4.48e-35
B200YWABXX:5:68:15959:180951#ACTTGAA/2	85	1	85	smNRPS-1/2	5910	3253	3337	100	4.48e-35
A200FVABXX:6:21:6871:73650#ACTTGA/1	48	48	1	smNRPS-1/2	5910	1268	1315	100	1.68e-14
A200FVABXX:6:7:5180:163496#ACTTGA/2	65	65	1	smNRPS-1/2	5910	2989	3053	95.385	5.99e-19
A200FVABXX:6:26:15288:192487#ACTTGA/1	70	1	70	smNRPS-1/2	5910	3363	3432	100	9.89e-27
B200YWABXX:5:27:4033:26515#ACTTGAA/1	83	1	82	smNRPS-1/2	5910	4041	4122	95.122	9.89e-27
A200FVABXX:6:46:3287:22579#ACTTGA/2	79	1	77	smNRPS-1/2	5910	5098	5174	98.701	5.91e-29
A200FVABXX:6:21:6871:73650#ACTTGA/2	80	1	80	smNRPS-1/2	5910	999	1078	98.75	1.27e-30
A200FVABXX:6:23:13416:152672#ACTTGA/1	84	1	84	smNRPS-1/2	5910	3326	3409	97.619	3.53e-31
A200FVABXX:6:45:5572:100803#ACTTGA/2	85	85	1	smNRPS-1/2	5910	4404	4488	98.824	2.11e-33
B200YWABXX:5:65:4443:108824#ACTTGAA/1	83	83	1	smNRPS-1/2	5910	5605	5687	100	5.87e-34
A200FVABXX:6:45:5572:100803#ACTTGA/1	84	1	84	smNRPS-1/2	5910	4175	4258	100	1.63e-34
A200FVABXX:6:46:3287:22579#ACTTGA/1	84	84	1	smNRPS-1/2	5910	5308	5391	100	1.63e-34
B200YWABXX:5:46:17074:25789#ACTTGAA/1	84	84	1	smNRPS-1/2	5910	282	365	100	1.63e-34
A200FVABXX:6:26:15288:192487#ACTTGA/2	85	85	1	smNRPS-1/2	5910	3602	3686	100	4.54e-35
B200YWABXX:5:46:17074:25789#ACTTGAA/2	85	1	85	smNRPS-1/2	5910	80	164	100	4.54e-35
B200YWABXX:5:65:4443:108824#ACTTGAA/2	85	1	85	smNRPS-1/2	5910	5347	5431	100	4.54e-35
