B200YWABXX:1:26:9145:177081#ACTTGAA/2	47	47	1	smNRPS-1/2	5910	4196	4242	100	4.88e-14
B200YWABXX:1:67:18373:16577#ACTTGAA/1	53	1	53	smNRPS-1/2	5910	3171	3223	98.113	1.05e-15
B200YWABXX:1:1:9564:178162#ACTTGAA/1	60	60	1	smNRPS-1/2	5910	1260	1319	100	2.9e-21
A200FVABXX:2:3:3690:16811#ACTTGA/2	67	67	1	smNRPS-1/2	5910	4715	4781	97.015	8.05e-22
B200YWABXX:1:1:9564:178162#ACTTGAA/2	72	1	72	smNRPS-1/2	5910	992	1063	100	6.18e-28
A200FVABXX:2:6:14527:176605#ACTTGA/1	87	1	87	smNRPS-1/2	5910	3834	3920	96.552	2.86e-31
A200FVABXX:2:6:14527:176605#ACTTGA/2	87	87	1	smNRPS-1/2	5910	3890	3976	97.701	6.14e-33
B200YWABXX:1:26:8117:15886#ACTTGAA/1	87	1	83	smNRPS-1/2	5910	5863	5945	100	4.75e-34
B200YWABXX:1:8:4027:51215#ACTTGAA/1	87	1	87	smNRPS-1/2	5910	3919	4005	98.851	1.32e-34
A200FVABXX:2:65:14679:95038#ACTTGA/1	87	87	1	smNRPS-1/2	5910	2880	2966	98.851	1.32e-34
A200FVABXX:2:3:3690:16811#ACTTGA/1	87	1	87	smNRPS-1/2	5910	4447	4533	100	2.84e-36
A200FVABXX:2:25:7739:127379#ACTTGA/1	87	1	87	smNRPS-1/2	5910	4818	4904	100	2.84e-36
A200FVABXX:2:25:7739:127379#ACTTGA/2	87	87	1	smNRPS-1/2	5910	5047	5133	100	2.84e-36
B200YWABXX:1:67:18373:16577#ACTTGAA/2	87	87	1	smNRPS-1/2	5910	3402	3488	100	2.84e-36
