B200YWABXX:1:25:17626:182891#CAGATCA/2	45	1	45	smNRPS-1/2	5910	1881	1925	97.778	3.68e-11
B200YWABXX:1:2:14660:180986#CAGATCA/2	86	86	1	smNRPS-1/2	5910	5264	5349	98.837	5.94e-34
B200YWABXX:1:2:14660:180986#CAGATCA/1	86	1	86	smNRPS-1/2	5910	5034	5119	100	1.28e-35
B200YWABXX:1:62:9773:90319#CAGATCA/1	86	1	59	smNRPS-1/2	5910	5887	5945	100	1.32e-20
B200YWABXX:1:25:17626:182891#CAGATCA/1	66	1	66	smNRPS-1/2	5910	3762	3827	100	1.69e-24
B200YWABXX:1:4:4838:107417#CAGATCA/2	74	74	1	smNRPS-1/2	5910	1973	2046	100	6.05e-29
A200FVABXX:2:23:4906:151901#CAGATC/2	75	75	1	smNRPS-1/2	5910	5757	5831	100	1.6800000000000001e-29
B200YWABXX:1:68:11309:38497#CAGATCA/2	86	1	83	smNRPS-1/2	5910	5604	5686	98.795	2.8e-32
B200YWABXX:1:26:14287:59775#CAGATCA/1	84	1	84	smNRPS-1/2	5910	2935	3018	98.81	7.77e-33
B200YWABXX:1:68:11309:38497#CAGATCA/1	85	85	1	smNRPS-1/2	5910	5854	5938	98.824	2.16e-33
A200FVABXX:2:23:4906:151901#CAGATC/1	86	1	86	smNRPS-1/2	5910	5498	5583	100	1.29e-35
B200YWABXX:1:4:4838:107417#CAGATCA/1	86	1	86	smNRPS-1/2	5910	1734	1819	100	1.29e-35
B200YWABXX:1:21:4430:82202#CAGATCA/1	86	1	86	smNRPS-1/2	5910	2149	2234	100	1.29e-35
B200YWABXX:1:21:4430:82202#CAGATCA/2	86	86	1	smNRPS-1/2	5910	2392	2477	100	1.29e-35
B200YWABXX:1:45:10163:46849#CAGATCA/1	86	1	86	smNRPS-1/2	5910	1515	1600	100	1.29e-35
B200YWABXX:1:45:10163:46849#CAGATCA/2	86	86	1	smNRPS-1/2	5910	1746	1831	100	1.29e-35
