B200YWABXX:2:43:7803:61532#GGCTACA/1	87	1	46	smNRPS-1/2	5910	5830	5875	100	2.35e-13
B200YWABXX:2:43:14096:188241#GGCTACA/1	51	1	51	smNRPS-1/2	5910	4680	4730	98.039	1.81e-14
B200YWABXX:2:44:8515:74507#GGCTACA/1	54	1	54	smNRPS-1/2	5910	4303	4356	96.296	1.81e-14
B200YWABXX:2:2:3891:10932#GGCTACA/1	55	1	55	smNRPS-1/2	5910	1200	1254	96.364	5.04e-15
B200YWABXX:2:41:18774:187339#GGCTACA/1	57	3	57	smNRPS-1/2	5910	1204	1258	96.364	5.04e-15
B200YWABXX:2:47:1194:107328#GGCTACA/2	57	57	1	smNRPS-1/2	5910	1215	1271	96.491	3.9e-16
A200FVABXX:3:42:9625:152448#GGCTAC/1	52	1	52	smNRPS-1/2	5910	5483	5534	100	1.08e-16
B200YWABXX:2:7:14387:95409#GGCTACA/2	55	55	1	smNRPS-1/2	5910	342	396	98.182	1.08e-16
B200YWABXX:2:44:18784:171327#GGCTACA/1	62	56	1	smNRPS-1/2	5910	1470	1525	98.214	3.01e-17
B200YWABXX:2:2:4834:4298#GGCTACA/2	57	1	57	smNRPS-1/2	5910	5772	5828	98.246	8.38e-18
B200YWABXX:2:2:8052:44575#GGCTACA/1	57	57	1	smNRPS-1/2	5910	4283	4339	98.246	8.38e-18
B200YWABXX:2:1:14435:168762#GGCTACA/1	62	1	58	smNRPS-1/2	5910	1474	1531	98.276	2.33e-18
B200YWABXX:2:41:5413:183414#GGCTACA/2	74	17	74	smNRPS-1/2	5910	1	58	98.276	2.33e-18
B200YWABXX:2:45:8376:156377#GGCTACA/1	56	1	56	smNRPS-1/2	5910	5441	5496	100	6.48e-19
A200FVABXX:3:4:19818:79313#GGCTAC/1	67	67	1	smNRPS-1/2	5910	1474	1540	95.522	5.01e-20
B200YWABXX:2:1:13111:144780#GGCTACA/1	62	1	62	smNRPS-1/2	5910	5307	5368	98.387	1.39e-20
B200YWABXX:2:26:12434:123396#GGCTACA/2	70	70	1	smNRPS-1/2	5910	2347	2416	95.714	1.08e-21
B200YWABXX:2:48:9689:28536#GGCTACA/1	62	1	62	smNRPS-1/2	5910	5717	5778	100	2.99e-22
B200YWABXX:2:7:14371:34547#GGCTACA/2	77	1	70	smNRPS-1/2	5910	686	754	97.143	8.32e-23
B200YWABXX:2:64:8882:67213#GGCTACA/1	67	1	67	smNRPS-1/2	5910	485	551	98.507	2.31e-23
B200YWABXX:2:6:8088:95990#GGCTACA/2	65	65	1	smNRPS-1/2	5910	1866	1930	100	6.43e-24
B200YWABXX:2:21:12333:97175#GGCTACA/1	68	68	1	smNRPS-1/2	5910	157	224	98.529	6.43e-24
A200FVABXX:3:43:17227:19138#GGCTAC/2	80	3	79	smNRPS-1/2	5910	1470	1546	96.104	1.38e-25
B200YWABXX:2:27:4168:8496#GGCTACA/2	70	1	70	smNRPS-1/2	5910	627	696	100	1.07e-26
A200FVABXX:3:46:16220:113097#GGCTAC/2	76	1	76	smNRPS-1/2	5910	139	214	98.684	2.3e-28
A200FVABXX:3:66:16011:34015#GGCTAC/2	82	1	82	smNRPS-1/2	5910	1275	1356	96.341	2.3e-28
B200YWABXX:2:44:18784:171327#GGCTACA/2	82	1	82	smNRPS-1/2	5910	1215	1296	96.341	2.3e-28
B200YWABXX:2:2:19053:104296#GGCTACA/1	77	1	77	smNRPS-1/2	5910	908	984	98.701	6.38e-29
A200FVABXX:3:66:13758:126702#GGCTAC/1	87	81	1	smNRPS-1/2	5910	5288	5368	97.531	1.78e-29
B200YWABXX:2:27:15918:198529#GGCTACA/1	81	81	1	smNRPS-1/2	5910	1266	1346	97.531	1.78e-29
B200YWABXX:2:8:6820:115279#GGCTACA/1	85	1	85	smNRPS-1/2	5910	398	482	96.471	4.94e-30
B200YWABXX:2:23:13619:53015#GGCTACA/1	82	1	82	smNRPS-1/2	5910	3809	3890	97.561	4.94e-30
B200YWABXX:2:43:14096:188241#GGCTACA/2	82	82	1	smNRPS-1/2	5910	4906	4987	97.561	4.94e-30
B200YWABXX:2:47:18864:89276#GGCTACA/2	87	3	87	smNRPS-1/2	5910	1536	1620	96.471	4.94e-30
B200YWABXX:2:62:4576:200709#GGCTACA/1	79	1	79	smNRPS-1/2	5910	5520	5598	98.734	4.94e-30
A200FVABXX:3:48:8206:106576#GGCTAC/1	77	1	77	smNRPS-1/2	5910	1954	2030	100	1.37e-30
B200YWABXX:2:47:10060:74886#GGCTACA/2	87	1	87	smNRPS-1/2	5910	724	809	96.552	1.37e-30
A200FVABXX:3:4:19818:79313#GGCTAC/2	78	1	78	smNRPS-1/2	5910	1235	1312	100	3.82e-31
A200FVABXX:3:4:14964:80763#GGCTAC/2	87	1	87	smNRPS-1/2	5910	395	481	96.552	3.82e-31
A200FVABXX:3:6:14021:84525#GGCTAC/2	87	1	87	smNRPS-1/2	5910	1201	1287	96.552	3.82e-31
A200FVABXX:3:23:12793:183364#GGCTAC/1	87	1	87	smNRPS-1/2	5910	1544	1630	96.552	3.82e-31
A200FVABXX:3:64:15588:14130#GGCTAC/2	87	84	1	smNRPS-1/2	5910	744	827	97.619	3.82e-31
A200FVABXX:3:67:1694:198193#GGCTAC/2	87	87	1	smNRPS-1/2	5910	1538	1624	96.552	3.82e-31
B200YWABXX:2:2:8215:88251#GGCTACA/2	87	1	87	smNRPS-1/2	5910	398	484	96.552	3.82e-31
B200YWABXX:2:22:2705:187554#GGCTACA/2	87	1	87	smNRPS-1/2	5910	1269	1355	96.552	3.82e-31
B200YWABXX:2:46:18835:159212#GGCTACA/1	87	1	87	smNRPS-1/2	5910	1536	1622	96.552	3.82e-31
B200YWABXX:2:62:11710:12838#GGCTACA/1	81	81	1	smNRPS-1/2	5910	2713	2793	98.765	3.82e-31
B200YWABXX:2:67:7024:125276#GGCTACA/2	87	1	87	smNRPS-1/2	5910	1272	1358	96.552	3.82e-31
A200FVABXX:3:7:4683:156915#GGCTAC/2	87	3	87	smNRPS-1/2	5910	431	515	97.647	1.06e-31
A200FVABXX:3:44:18409:62394#GGCTAC/1	87	3	87	smNRPS-1/2	5910	5288	5372	97.647	1.06e-31
B200YWABXX:2:7:18447:94288#GGCTACA/2	87	6	87	smNRPS-1/2	5910	1206	1287	98.78	1.06e-31
B200YWABXX:2:26:10454:189163#GGCTACA/2	82	82	1	smNRPS-1/2	5910	2300	2381	98.78	1.06e-31
B200YWABXX:2:6:14395:17998#GGCTACA/2	87	2	87	smNRPS-1/2	5910	1548	1633	97.674	2.95e-32
A200FVABXX:3:3:9335:113698#GGCTAC/1	87	1	87	smNRPS-1/2	5910	405	491	97.701	8.2e-33
A200FVABXX:3:21:11464:160595#GGCTAC/2	87	1	87	smNRPS-1/2	5910	4896	4982	97.701	8.2e-33
A200FVABXX:3:24:9667:149605#GGCTAC/2	87	87	1	smNRPS-1/2	5910	2395	2481	97.701	8.2e-33
A200FVABXX:3:27:1597:56530#GGCTAC/1	87	1	87	smNRPS-1/2	5910	3681	3767	97.701	8.2e-33
A200FVABXX:3:27:1597:56530#GGCTAC/2	87	87	1	smNRPS-1/2	5910	3902	3988	97.701	8.2e-33
A200FVABXX:3:46:14045:76234#GGCTAC/1	87	1	87	smNRPS-1/2	5910	3736	3822	97.701	8.2e-33
A200FVABXX:3:48:8206:106576#GGCTAC/2	87	87	1	smNRPS-1/2	5910	2180	2266	97.701	8.2e-33
A200FVABXX:3:64:9096:146575#GGCTAC/2	87	87	1	smNRPS-1/2	5910	425	511	97.701	8.2e-33
A200FVABXX:3:67:7808:103419#GGCTAC/1	87	87	1	smNRPS-1/2	5910	416	502	97.701	8.2e-33
A200FVABXX:3:68:2772:131615#GGCTAC/1	87	87	1	smNRPS-1/2	5910	1260	1346	97.701	8.2e-33
B200YWABXX:2:2:19053:104296#GGCTACA/2	87	87	1	smNRPS-1/2	5910	1129	1215	97.701	8.2e-33
B200YWABXX:2:2:10815:154319#GGCTACA/2	84	1	84	smNRPS-1/2	5910	5555	5638	98.81	8.2e-33
B200YWABXX:2:6:18042:172051#GGCTACA/2	87	87	1	smNRPS-1/2	5910	2737	2823	97.701	8.2e-33
B200YWABXX:2:7:14387:95409#GGCTACA/1	87	1	87	smNRPS-1/2	5910	82	168	97.701	8.2e-33
B200YWABXX:2:24:7176:8758#GGCTACA/1	87	87	1	smNRPS-1/2	5910	2731	2817	97.701	8.2e-33
B200YWABXX:2:24:7176:8758#GGCTACA/2	87	1	87	smNRPS-1/2	5910	2690	2776	97.701	8.2e-33
B200YWABXX:2:44:6875:60864#GGCTACA/1	87	87	1	smNRPS-1/2	5910	5235	5321	97.701	8.2e-33
B200YWABXX:2:48:16373:104133#GGCTACA/1	87	87	1	smNRPS-1/2	5910	5288	5374	97.701	8.2e-33
B200YWABXX:2:62:4576:200709#GGCTACA/2	87	87	1	smNRPS-1/2	5910	5733	5819	97.701	8.2e-33
B200YWABXX:2:67:3879:121815#GGCTACA/2	87	87	1	smNRPS-1/2	5910	4305	4392	97.727	8.2e-33
B200YWABXX:2:67:11126:140987#GGCTACA/2	87	1	87	smNRPS-1/2	5910	4392	4478	97.701	8.2e-33
A200FVABXX:3:8:4098:40038#GGCTAC/2	82	82	1	smNRPS-1/2	5910	636	717	100	2.28e-33
A200FVABXX:3:24:6269:64606#GGCTAC/2	87	87	3	smNRPS-1/2	5910	474	558	98.824	2.28e-33
A200FVABXX:3:43:17822:194423#GGCTAC/2	87	87	3	smNRPS-1/2	5910	474	558	98.824	2.28e-33
A200FVABXX:3:47:10834:100679#GGCTAC/2	87	3	87	smNRPS-1/2	5910	4900	4984	98.824	2.28e-33
B200YWABXX:2:23:13619:53015#GGCTACA/2	87	85	1	smNRPS-1/2	5910	4026	4110	98.824	2.28e-33
B200YWABXX:2:26:10454:189163#GGCTACA/1	82	1	82	smNRPS-1/2	5910	2066	2147	100	2.28e-33
B200YWABXX:2:26:9973:194984#GGCTACA/2	87	87	1	smNRPS-1/2	5910	620	708	97.753	2.28e-33
A200FVABXX:3:46:14045:76234#GGCTAC/2	86	86	1	smNRPS-1/2	5910	3956	4041	98.837	6.34e-34
B200YWABXX:2:22:9574:186655#GGCTACA/1	86	83	1	smNRPS-1/2	5910	5783	5865	100	6.34e-34
B200YWABXX:2:25:7275:66752#GGCTACA/2	86	86	1	smNRPS-1/2	5910	2660	2745	98.837	6.34e-34
A200FVABXX:3:4:13195:57060#GGCTAC/2	87	87	1	smNRPS-1/2	5910	1219	1305	98.851	1.76e-34
A200FVABXX:3:5:17730:29846#GGCTAC/1	87	1	87	smNRPS-1/2	5910	5776	5862	98.851	1.76e-34
A200FVABXX:3:25:13199:158452#GGCTAC/1	87	87	1	smNRPS-1/2	5910	1753	1839	98.851	1.76e-34
A200FVABXX:3:42:15833:19997#GGCTAC/1	87	1	87	smNRPS-1/2	5910	469	555	98.851	1.76e-34
A200FVABXX:3:44:10153:55400#GGCTAC/1	87	1	87	smNRPS-1/2	5910	1553	1639	98.851	1.76e-34
A200FVABXX:3:46:16220:113097#GGCTAC/1	87	87	1	smNRPS-1/2	5910	338	424	98.851	1.76e-34
A200FVABXX:3:47:18186:98403#GGCTAC/1	87	1	87	smNRPS-1/2	5910	2306	2392	98.851	1.76e-34
A200FVABXX:3:48:20260:15153#GGCTAC/1	87	1	87	smNRPS-1/2	5910	2763	2849	98.851	1.76e-34
A200FVABXX:3:48:20260:15153#GGCTAC/2	87	87	1	smNRPS-1/2	5910	2988	3074	98.851	1.76e-34
A200FVABXX:3:64:15588:14130#GGCTAC/1	87	1	87	smNRPS-1/2	5910	540	626	98.851	1.76e-34
A200FVABXX:3:68:15972:196621#GGCTAC/1	87	87	1	smNRPS-1/2	5910	431	517	98.851	1.76e-34
B200YWABXX:2:2:10815:154319#GGCTACA/1	87	87	1	smNRPS-1/2	5910	5778	5864	98.851	1.76e-34
B200YWABXX:2:3:8234:42174#GGCTACA/1	87	1	87	smNRPS-1/2	5910	5778	5864	98.851	1.76e-34
B200YWABXX:2:6:14395:17998#GGCTACA/1	87	87	1	smNRPS-1/2	5910	1556	1642	98.851	1.76e-34
B200YWABXX:2:6:3500:198183#GGCTACA/1	87	87	1	smNRPS-1/2	5910	1553	1639	98.851	1.76e-34
B200YWABXX:2:25:3932:26890#GGCTACA/1	87	1	87	smNRPS-1/2	5910	2317	2403	98.851	1.76e-34
B200YWABXX:2:26:9973:194984#GGCTACA/1	87	1	87	smNRPS-1/2	5910	399	485	98.851	1.76e-34
B200YWABXX:2:27:12458:192809#GGCTACA/2	87	87	1	smNRPS-1/2	5910	1556	1642	98.851	1.76e-34
B200YWABXX:2:41:11652:166123#GGCTACA/1	87	1	87	smNRPS-1/2	5910	882	968	98.851	1.76e-34
B200YWABXX:2:45:15097:83220#GGCTACA/1	87	1	84	smNRPS-1/2	5910	2426	2509	100	1.76e-34
B200YWABXX:2:45:15097:83220#GGCTACA/2	87	87	1	smNRPS-1/2	5910	2652	2738	98.851	1.76e-34
B200YWABXX:2:47:10060:74886#GGCTACA/1	87	87	1	smNRPS-1/2	5910	950	1036	98.851	1.76e-34
B200YWABXX:2:48:10787:102455#GGCTACA/1	87	1	87	smNRPS-1/2	5910	5736	5822	98.851	1.76e-34
B200YWABXX:2:65:10588:42721#GGCTACA/1	87	87	1	smNRPS-1/2	5910	5581	5667	98.851	1.76e-34
B200YWABXX:2:67:11126:140987#GGCTACA/1	87	87	1	smNRPS-1/2	5910	4604	4690	98.851	1.76e-34
B200YWABXX:2:68:3885:129175#GGCTACA/2	87	87	1	smNRPS-1/2	5910	432	518	98.851	1.76e-34
B200YWABXX:2:23:10572:70771#GGCTACA/1	87	1	87	smNRPS-1/2	5910	5499	5585	98.851	1.76e-34
A200FVABXX:3:6:11080:190476#GGCTAC/1	87	87	1	smNRPS-1/2	5910	455	541	100	3.79e-36
A200FVABXX:3:7:4683:156915#GGCTAC/1	87	87	1	smNRPS-1/2	5910	633	719	100	3.79e-36
A200FVABXX:3:21:11464:160595#GGCTAC/1	87	87	1	smNRPS-1/2	5910	4949	5035	100	3.79e-36
A200FVABXX:3:24:9667:149605#GGCTAC/1	87	1	87	smNRPS-1/2	5910	2184	2270	100	3.79e-36
A200FVABXX:3:47:10834:100679#GGCTAC/1	87	87	1	smNRPS-1/2	5910	5120	5206	100	3.79e-36
A200FVABXX:3:64:18945:51512#GGCTAC/2	87	1	87	smNRPS-1/2	5910	5786	5872	100	3.79e-36
B200YWABXX:2:6:18042:172051#GGCTACA/1	87	1	87	smNRPS-1/2	5910	2530	2616	100	3.79e-36
B200YWABXX:2:7:9565:137236#GGCTACA/1	87	87	1	smNRPS-1/2	5910	1759	1845	100	3.79e-36
B200YWABXX:2:8:14684:81184#GGCTACA/2	87	1	87	smNRPS-1/2	5910	457	543	100	3.79e-36
B200YWABXX:2:41:11652:166123#GGCTACA/2	87	87	1	smNRPS-1/2	5910	1100	1186	100	3.79e-36
B200YWABXX:2:41:5413:183414#GGCTACA/1	87	87	1	smNRPS-1/2	5910	30	116	100	3.79e-36
B200YWABXX:2:44:6875:60864#GGCTACA/2	87	1	87	smNRPS-1/2	5910	5022	5108	100	3.79e-36
B200YWABXX:2:45:8376:156377#GGCTACA/2	87	87	1	smNRPS-1/2	5910	5664	5750	100	3.79e-36
B200YWABXX:2:62:11710:12838#GGCTACA/2	87	1	87	smNRPS-1/2	5910	2465	2551	100	3.79e-36
B200YWABXX:2:65:10588:42721#GGCTACA/2	87	1	87	smNRPS-1/2	5910	5366	5452	100	3.79e-36
B200YWABXX:2:67:3879:121815#GGCTACA/1	87	1	87	smNRPS-1/2	5910	4092	4178	100	3.79e-36
B200YWABXX:2:46:19215:180165#GGCTACA/1	87	87	1	smNRPS-1/2	5910	4202	4288	100	3.79e-36
A200FVABXX:3:28:20118:92579#GGCTAC/2	41	1	39	smNRPS-1/2	5910	3561	3599	97.436	8.6e-8
B200YWABXX:2:27:20499:68670#GGCTACA/2	41	41	1	smNRPS-1/2	5910	3434	3474	97.561	6.65e-9
B200YWABXX:2:47:13086:190493#GGCTACA/1	41	1	41	smNRPS-1/2	5910	1036	1076	97.561	6.65e-9
B200YWABXX:2:26:20429:35181#GGCTACA/1	38	38	1	smNRPS-1/2	5910	4766	4803	100	6.65e-9
B200YWABXX:2:7:13181:126147#GGCTACA/1	41	41	1	smNRPS-1/2	5910	3005	3045	100	1.43e-10
B200YWABXX:2:41:19131:24803#GGCTACA/1	47	47	1	smNRPS-1/2	5910	1855	1901	95.745	1.43e-10
A200FVABXX:3:2:11573:197495#GGCTAC/1	50	3	50	smNRPS-1/2	5910	1296	1343	95.833	3.97e-11
B200YWABXX:2:2:7231:29774#GGCTACA/1	42	42	1	smNRPS-1/2	5910	851	892	100	3.97e-11
B200YWABXX:2:67:19588:193421#GGCTACA/1	42	1	42	smNRPS-1/2	5910	5359	5400	100	3.97e-11
A200FVABXX:3:45:13962:106358#GGCTAC/2	47	47	1	smNRPS-1/2	5910	4211	4257	97.872	3.07e-12
A200FVABXX:3:62:8128:98142#GGCTAC/2	45	45	1	smNRPS-1/2	5910	4754	4798	100	8.54e-13
A200FVABXX:3:62:20216:192134#GGCTAC/1	46	46	1	smNRPS-1/2	5910	2575	2620	100	2.37e-13
B200YWABXX:2:27:20499:68670#GGCTACA/1	47	1	47	smNRPS-1/2	5910	3183	3229	100	6.6e-14
B200YWABXX:2:45:3246:92856#GGCTACA/2	47	1	47	smNRPS-1/2	5910	5336	5382	100	6.6e-14
B200YWABXX:2:64:10763:190082#GGCTACA/1	47	47	1	smNRPS-1/2	5910	4930	4976	100	6.6e-14
B200YWABXX:2:66:19764:18580#GGCTACA/2	50	50	1	smNRPS-1/2	5910	3052	3101	98	6.6e-14
A200FVABXX:3:62:20216:192134#GGCTAC/2	51	1	51	smNRPS-1/2	5910	2315	2365	98.039	1.83e-14
B200YWABXX:2:23:19014:105410#GGCTACA/2	54	1	54	smNRPS-1/2	5910	5734	5787	96.296	1.83e-14
B200YWABXX:2:7:20584:82880#GGCTACA/2	49	1	49	smNRPS-1/2	5910	621	669	100	5.1e-15
A200FVABXX:3:66:18158:55462#GGCTAC/2	52	50	1	smNRPS-1/2	5910	4297	4346	100	1.42e-15
B200YWABXX:2:48:15802:149103#GGCTACA/2	57	1	53	smNRPS-1/2	5910	3701	3753	98.113	1.42e-15
B200YWABXX:2:25:6386:193768#GGCTACA/1	54	54	1	smNRPS-1/2	5910	1023	1076	98.148	3.94e-16
A200FVABXX:3:28:20118:92579#GGCTAC/1	52	52	1	smNRPS-1/2	5910	3824	3875	100	1.1e-16
B200YWABXX:2:65:15740:33854#GGCTACA/1	55	55	1	smNRPS-1/2	5910	4211	4265	98.182	1.1e-16
B200YWABXX:2:3:1254:123495#GGCTACA/1	53	1	53	smNRPS-1/2	5910	921	973	100	3.05e-17
B200YWABXX:2:7:10266:157112#GGCTACA/2	55	53	1	smNRPS-1/2	5910	3766	3818	100	3.05e-17
A200FVABXX:3:7:5649:91560#GGCTAC/2	87	34	87	smNRPS-1/2	5910	1	54	100	8.48e-18
B200YWABXX:2:4:3872:173526#GGCTACA/1	60	60	1	smNRPS-1/2	5910	3660	3719	96.667	8.48e-18
B200YWABXX:2:22:15768:25578#GGCTACA/1	57	1	57	smNRPS-1/2	5910	2340	2396	98.246	8.48e-18
B200YWABXX:2:45:9676:188342#GGCTACA/1	54	54	1	smNRPS-1/2	5910	4820	4873	100	8.48e-18
B200YWABXX:2:2:20538:187404#GGCTACA/2	57	55	1	smNRPS-1/2	5910	3766	3820	100	2.36e-18
B200YWABXX:2:6:3500:198183#GGCTACA/2	61	61	1	smNRPS-1/2	5910	4557	4617	96.721	2.36e-18
B200YWABXX:2:5:15449:111437#GGCTACA/1	56	1	56	smNRPS-1/2	5910	2547	2602	100	6.55e-19
B200YWABXX:2:7:20584:82880#GGCTACA/1	62	62	1	smNRPS-1/2	5910	860	921	96.774	6.55e-19
B200YWABXX:2:21:16988:111290#GGCTACA/1	56	56	1	smNRPS-1/2	5910	3475	3530	100	6.55e-19
B200YWABXX:2:25:16504:112524#GGCTACA/1	56	56	1	smNRPS-1/2	5910	1579	1634	100	6.55e-19
B200YWABXX:2:28:13983:196378#GGCTACA/1	56	56	1	smNRPS-1/2	5910	1232	1287	100	6.55e-19
B200YWABXX:2:45:2008:188593#GGCTACA/2	56	1	56	smNRPS-1/2	5910	603	658	100	6.55e-19
A200FVABXX:3:2:5749:49347#GGCTAC/1	57	1	57	smNRPS-1/2	5910	5321	5377	100	1.82e-19
A200FVABXX:3:62:8128:98142#GGCTAC/1	62	3	62	smNRPS-1/2	5910	4723	4782	98.333	1.82e-19
B200YWABXX:2:45:7463:67110#GGCTACA/2	65	63	1	smNRPS-1/2	5910	1277	1339	96.825	1.82e-19
B200YWABXX:2:64:12871:114448#GGCTACA/2	63	63	1	smNRPS-1/2	5910	3662	3724	96.825	1.82e-19
A200FVABXX:3:22:14420:39787#GGCTAC/2	58	1	58	smNRPS-1/2	5910	4815	4872	100	5.07e-20
B200YWABXX:2:41:2712:110914#GGCTACA/1	58	1	58	smNRPS-1/2	5910	2211	2268	100	5.07e-20
A200FVABXX:3:43:15631:70992#GGCTAC/2	65	65	1	smNRPS-1/2	5910	2956	3020	96.923	1.41e-20
B200YWABXX:2:46:14789:69924#GGCTACA/1	59	1	59	smNRPS-1/2	5910	873	931	100	1.41e-20
A200FVABXX:3:4:9526:113054#GGCTAC/1	60	60	1	smNRPS-1/2	5910	3788	3847	100	3.92e-21
B200YWABXX:2:47:3141:102328#GGCTACA/2	60	60	1	smNRPS-1/2	5910	5754	5813	100	3.92e-21
A200FVABXX:3:22:15741:175187#GGCTAC/2	62	1	61	smNRPS-1/2	5910	213	273	100	1.09e-21
A200FVABXX:3:63:19576:75610#GGCTAC/2	61	61	1	smNRPS-1/2	5910	4729	4789	100	1.09e-21
A200FVABXX:3:67:19064:125359#GGCTAC/2	67	67	1	smNRPS-1/2	5910	5641	5707	97.015	1.09e-21
B200YWABXX:2:25:16500:112543#GGCTACA/1	61	61	1	smNRPS-1/2	5910	1574	1634	100	1.09e-21
B200YWABXX:2:43:2958:105546#GGCTACA/2	64	64	1	smNRPS-1/2	5910	3558	3621	98.438	1.09e-21
A200FVABXX:3:24:15428:142529#GGCTAC/2	62	62	1	smNRPS-1/2	5910	1509	1570	100	3.03e-22
A200FVABXX:3:63:3589:2274#GGCTAC/2	69	69	5	smNRPS-1/2	5910	4946	5010	98.462	3.03e-22
B200YWABXX:2:23:17901:16378#GGCTACA/1	62	1	62	smNRPS-1/2	5910	5831	5892	100	3.03e-22
B200YWABXX:2:23:10375:102435#GGCTACA/2	65	1	65	smNRPS-1/2	5910	2583	2647	98.462	3.03e-22
B200YWABXX:2:26:12434:123396#GGCTACA/1	62	62	1	smNRPS-1/2	5910	3811	3872	100	3.03e-22
B200YWABXX:2:6:17806:112814#GGCTACA/2	63	63	1	smNRPS-1/2	5910	2973	3035	100	8.42e-23
B200YWABXX:2:22:15768:25578#GGCTACA/2	66	66	1	smNRPS-1/2	5910	2360	2425	98.485	8.42e-23
B200YWABXX:2:26:14334:109613#GGCTACA/2	69	1	69	smNRPS-1/2	5910	4158	4226	97.101	8.42e-23
B200YWABXX:2:66:10383:130561#GGCTACA/2	87	1	63	smNRPS-1/2	5910	5883	5945	100	8.42e-23
B200YWABXX:2:65:14024:106576#GGCTACA/1	67	67	1	smNRPS-1/2	5910	1081	1147	98.507	2.34e-23
B200YWABXX:2:27:17658:85327#GGCTACA/2	68	68	1	smNRPS-1/2	5910	916	983	98.529	6.51e-24
B200YWABXX:2:45:2092:156533#GGCTACA/1	68	1	68	smNRPS-1/2	5910	4454	4521	98.529	6.51e-24
B200YWABXX:2:1:14435:168762#GGCTACA/2	72	1	72	smNRPS-1/2	5910	4154	4225	97.222	1.81e-24
B200YWABXX:2:5:15615:100047#GGCTACA/2	66	1	66	smNRPS-1/2	5910	3189	3254	100	1.81e-24
B200YWABXX:2:7:3515:144937#GGCTACA/1	66	66	1	smNRPS-1/2	5910	5841	5906	100	1.81e-24
B200YWABXX:2:27:3839:18237#GGCTACA/1	69	69	1	smNRPS-1/2	5910	2291	2359	98.551	1.81e-24
B200YWABXX:2:41:2712:110914#GGCTACA/2	69	69	1	smNRPS-1/2	5910	2443	2511	98.551	1.81e-24
B200YWABXX:2:43:2958:105546#GGCTACA/1	72	1	72	smNRPS-1/2	5910	3316	3387	97.222	1.81e-24
B200YWABXX:2:63:16472:156397#GGCTACA/2	72	1	72	smNRPS-1/2	5910	55	126	97.222	1.81e-24
A200FVABXX:3:1:3933:113988#GGCTAC/2	70	70	1	smNRPS-1/2	5910	3048	3117	98.571	5.03e-25
A200FVABXX:3:47:7982:137750#GGCTAC/1	67	67	1	smNRPS-1/2	5910	1019	1085	100	5.03e-25
A200FVABXX:3:66:19674:16170#GGCTAC/2	76	76	1	smNRPS-1/2	5910	4948	5023	96.053	5.03e-25
B200YWABXX:2:6:13149:178981#GGCTACA/2	67	67	1	smNRPS-1/2	5910	2330	2396	100	5.03e-25
B200YWABXX:2:21:7578:66893#GGCTACA/1	76	76	1	smNRPS-1/2	5910	4942	5017	96.053	5.03e-25
B200YWABXX:2:41:14522:124131#GGCTACA/1	69	67	1	smNRPS-1/2	5910	5749	5815	100	5.03e-25
A200FVABXX:3:2:11573:197495#GGCTAC/2	71	71	1	smNRPS-1/2	5910	1529	1599	98.592	1.4e-25
B200YWABXX:2:27:15918:198529#GGCTACA/2	71	71	1	smNRPS-1/2	5910	4826	4896	98.592	1.4e-25
A200FVABXX:3:47:16455:22270#GGCTAC/2	71	69	1	smNRPS-1/2	5910	3766	3834	100	3.89e-26
B200YWABXX:2:2:6602:38591#GGCTACA/1	72	1	72	smNRPS-1/2	5910	1316	1387	98.611	3.89e-26
B200YWABXX:2:23:19014:105410#GGCTACA/1	75	75	1	smNRPS-1/2	5910	5788	5862	97.333	3.89e-26
B200YWABXX:2:67:17276:49189#GGCTACA/2	72	1	72	smNRPS-1/2	5910	4755	4826	98.611	3.89e-26
B200YWABXX:2:62:16503:85571#GGCTACA/2	72	1	72	smNRPS-1/2	5910	345	416	98.611	3.89e-26
A200FVABXX:3:4:5354:162186#GGCTAC/2	76	1	76	smNRPS-1/2	5910	2032	2107	97.368	1.08e-26
A200FVABXX:3:41:3493:38111#GGCTAC/2	70	1	70	smNRPS-1/2	5910	3925	3994	100	1.08e-26
A200FVABXX:3:62:19268:199974#GGCTAC/2	73	73	1	smNRPS-1/2	5910	2378	2450	98.63	1.08e-26
B200YWABXX:2:41:9451:117424#GGCTACA/1	70	1	70	smNRPS-1/2	5910	3169	3238	100	1.08e-26
B200YWABXX:2:43:15156:138860#GGCTACA/1	70	70	1	smNRPS-1/2	5910	1152	1221	100	1.08e-26
B200YWABXX:2:67:14649:103202#GGCTACA/1	76	1	76	smNRPS-1/2	5910	3317	3392	97.368	1.08e-26
B200YWABXX:2:2:7231:29774#GGCTACA/2	77	1	77	smNRPS-1/2	5910	576	652	97.403	3.01e-27
B200YWABXX:2:2:12902:147461#GGCTACA/2	74	1	74	smNRPS-1/2	5910	1324	1397	98.649	3.01e-27
B200YWABXX:2:27:7022:147472#GGCTACA/1	77	1	77	smNRPS-1/2	5910	3038	3114	97.403	3.01e-27
B200YWABXX:2:42:7942:103094#GGCTACA/2	87	3	87	smNRPS-1/2	5910	1740	1820	95.294	3.01e-27
B200YWABXX:2:46:15150:75683#GGCTACA/2	77	77	1	smNRPS-1/2	5910	2588	2664	97.403	3.01e-27
B200YWABXX:2:67:14649:103202#GGCTACA/2	77	77	1	smNRPS-1/2	5910	3548	3624	97.403	3.01e-27
B200YWABXX:2:68:15473:141869#GGCTACA/1	77	1	77	smNRPS-1/2	5910	2024	2100	97.403	3.01e-27
A200FVABXX:3:3:4483:184515#GGCTAC/2	87	82	1	smNRPS-1/2	5910	1752	1831	96.341	8.36e-28
A200FVABXX:3:24:6653:105230#GGCTAC/2	87	1	84	smNRPS-1/2	5910	1090	1173	95.238	8.36e-28
A200FVABXX:3:46:9073:200688#GGCTAC/1	75	72	1	smNRPS-1/2	5910	4052	4123	100	8.36e-28
A200FVABXX:3:67:17354:169325#GGCTAC/2	84	1	84	smNRPS-1/2	5910	1642	1725	95.238	8.36e-28
B200YWABXX:2:2:8052:44575#GGCTACA/2	87	87	2	smNRPS-1/2	5910	1742	1823	95.349	8.36e-28
B200YWABXX:2:46:9619:83524#GGCTACA/2	72	1	72	smNRPS-1/2	5910	5721	5792	100	8.36e-28
B200YWABXX:2:62:10064:191961#GGCTACA/1	75	75	1	smNRPS-1/2	5910	1312	1386	98.667	8.36e-28
B200YWABXX:2:65:12893:172026#GGCTACA/1	78	1	78	smNRPS-1/2	5910	4202	4279	97.436	8.36e-28
B200YWABXX:2:66:15817:40562#GGCTACA/1	78	78	1	smNRPS-1/2	5910	4211	4288	97.436	8.36e-28
B200YWABXX:2:67:17276:49189#GGCTACA/1	81	81	1	smNRPS-1/2	5910	4978	5058	96.296	8.36e-28
B200YWABXX:2:67:13185:54880#GGCTACA/2	87	2	87	smNRPS-1/2	5910	1740	1821	95.349	8.36e-28
A200FVABXX:3:1:18237:148024#GGCTAC/1	79	79	1	smNRPS-1/2	5910	1503	1581	97.468	2.32e-28
A200FVABXX:3:1:7490:165088#GGCTAC/2	76	1	76	smNRPS-1/2	5910	1169	1244	98.684	2.32e-28
A200FVABXX:3:22:7205:132158#GGCTAC/1	87	1	87	smNRPS-1/2	5910	1737	1819	95.402	2.32e-28
B200YWABXX:2:2:20538:187404#GGCTACA/1	76	1	76	smNRPS-1/2	5910	3527	3602	98.684	2.32e-28
B200YWABXX:2:7:18447:94288#GGCTACA/1	87	3	87	smNRPS-1/2	5910	4479	4563	95.294	2.32e-28
B200YWABXX:2:25:3932:26890#GGCTACA/2	76	1	76	smNRPS-1/2	5910	3353	3428	98.684	2.32e-28
B200YWABXX:2:26:8201:81345#GGCTACA/2	79	79	1	smNRPS-1/2	5910	665	743	97.468	2.32e-28
B200YWABXX:2:43:15156:138860#GGCTACA/2	73	1	73	smNRPS-1/2	5910	898	970	100	2.32e-28
B200YWABXX:2:45:2008:188593#GGCTACA/1	73	73	1	smNRPS-1/2	5910	828	900	100	2.32e-28
B200YWABXX:2:61:13665:165425#GGCTACA/1	76	76	1	smNRPS-1/2	5910	3007	3082	98.684	2.32e-28
A200FVABXX:3:3:16989:37936#GGCTAC/2	87	87	1	smNRPS-1/2	5910	1807	1891	95.402	6.46e-29
A200FVABXX:3:46:17539:149055#GGCTAC/2	77	1	77	smNRPS-1/2	5910	3354	3430	98.701	6.46e-29
A200FVABXX:3:46:16397:152154#GGCTAC/1	86	86	1	smNRPS-1/2	5910	3551	3636	95.349	6.46e-29
A200FVABXX:3:67:18383:82745#GGCTAC/1	86	86	1	smNRPS-1/2	5910	4709	4794	95.349	6.46e-29
A200FVABXX:3:68:2772:131615#GGCTAC/2	83	83	1	smNRPS-1/2	5910	4821	4903	96.386	6.46e-29
B200YWABXX:2:3:18328:61621#GGCTACA/1	80	1	80	smNRPS-1/2	5910	3150	3229	97.5	6.46e-29
B200YWABXX:2:4:15783:3056#GGCTACA/2	77	1	77	smNRPS-1/2	5910	4143	4219	98.701	6.46e-29
B200YWABXX:2:45:7463:67110#GGCTACA/1	83	1	80	smNRPS-1/2	5910	1055	1134	97.5	6.46e-29
B200YWABXX:2:46:6330:20975#GGCTACA/1	77	77	1	smNRPS-1/2	5910	4131	4207	98.701	6.46e-29
B200YWABXX:2:62:10064:191961#GGCTACA/2	87	2	87	smNRPS-1/2	5910	1093	1178	95.349	6.46e-29
B200YWABXX:2:63:16472:156397#GGCTACA/1	77	77	1	smNRPS-1/2	5910	283	359	98.701	6.46e-29
B200YWABXX:2:64:11250:141988#GGCTACA/1	77	1	77	smNRPS-1/2	5910	4145	4221	98.701	6.46e-29
B200YWABXX:2:66:11111:191840#GGCTACA/1	85	6	85	smNRPS-1/2	5910	4489	4568	97.5	6.46e-29
B200YWABXX:2:66:11111:191840#GGCTACA/2	86	86	1	smNRPS-1/2	5910	4703	4788	95.349	6.46e-29
A200FVABXX:3:7:6241:88870#GGCTAC/2	87	87	1	smNRPS-1/2	5910	1649	1735	95.402	1.8e-29
A200FVABXX:3:24:6269:64606#GGCTAC/1	87	87	1	smNRPS-1/2	5910	5603	5689	95.402	1.8e-29
A200FVABXX:3:45:15900:154474#GGCTAC/2	75	1	75	smNRPS-1/2	5910	921	995	100	1.8e-29
A200FVABXX:3:47:10058:97398#GGCTAC/2	87	87	1	smNRPS-1/2	5910	3681	3767	95.402	1.8e-29
A200FVABXX:3:63:3589:2274#GGCTAC/1	87	1	87	smNRPS-1/2	5910	4704	4790	95.402	1.8e-29
A200FVABXX:3:66:19674:16170#GGCTAC/1	87	1	87	smNRPS-1/2	5910	4702	4788	95.402	1.8e-29
A200FVABXX:3:67:18383:82745#GGCTAC/2	87	1	87	smNRPS-1/2	5910	4483	4569	95.402	1.8e-29
B200YWABXX:2:4:21001:3153#GGCTACA/2	87	1	87	smNRPS-1/2	5910	3875	3961	95.402	1.8e-29
B200YWABXX:2:5:16049:74439#GGCTACA/1	87	1	87	smNRPS-1/2	5910	5555	5641	95.402	1.8e-29
B200YWABXX:2:6:19409:70421#GGCTACA/1	75	75	1	smNRPS-1/2	5910	5072	5146	100	1.8e-29
B200YWABXX:2:7:14371:34547#GGCTACA/1	86	1	84	smNRPS-1/2	5910	4954	5037	96.429	1.8e-29
B200YWABXX:2:44:5241:5676#GGCTACA/2	82	1	81	smNRPS-1/2	5910	5850	5930	97.531	1.8e-29
B200YWABXX:2:46:14789:69924#GGCTACA/2	87	84	1	smNRPS-1/2	5910	1093	1176	96.429	1.8e-29
B200YWABXX:2:48:8180:151038#GGCTACA/2	87	87	1	smNRPS-1/2	5910	5629	5715	95.402	1.8e-29
A200FVABXX:3:4:13195:57060#GGCTAC/1	87	87	6	smNRPS-1/2	5910	4849	4930	97.561	4.99e-30
A200FVABXX:3:5:8600:83075#GGCTAC/2	79	1	79	smNRPS-1/2	5910	2388	2466	98.734	4.99e-30
A200FVABXX:3:22:14420:39787#GGCTAC/1	85	85	1	smNRPS-1/2	5910	4959	5043	96.471	4.99e-30
B200YWABXX:2:4:21001:3153#GGCTACA/1	79	79	1	smNRPS-1/2	5910	4107	4185	98.734	4.99e-30
B200YWABXX:2:6:3308:14980#GGCTACA/2	76	1	76	smNRPS-1/2	5910	5110	5185	100	4.99e-30
B200YWABXX:2:28:13983:196378#GGCTACA/2	78	1	76	smNRPS-1/2	5910	972	1047	100	4.99e-30
B200YWABXX:2:44:12138:105294#GGCTACA/2	79	1	79	smNRPS-1/2	5910	3049	3127	98.734	4.99e-30
B200YWABXX:2:45:2092:156533#GGCTACA/2	76	76	1	smNRPS-1/2	5910	4691	4766	100	4.99e-30
A200FVABXX:3:23:12793:183364#GGCTAC/2	77	1	77	smNRPS-1/2	5910	4088	4164	100	1.39e-30
A200FVABXX:3:24:11435:105063#GGCTAC/1	86	1	86	smNRPS-1/2	5910	4974	5059	96.512	1.39e-30
A200FVABXX:3:42:17134:31622#GGCTAC/2	86	86	1	smNRPS-1/2	5910	4999	5084	96.512	1.39e-30
A200FVABXX:3:65:7961:100167#GGCTAC/2	77	77	1	smNRPS-1/2	5910	5756	5832	100	1.39e-30
B200YWABXX:2:5:13443:199810#GGCTACA/1	82	1	80	smNRPS-1/2	5910	578	657	98.75	1.39e-30
B200YWABXX:2:22:4493:76994#GGCTACA/2	77	1	77	smNRPS-1/2	5910	4136	4212	100	1.39e-30
B200YWABXX:2:23:8362:17139#GGCTACA/2	77	77	1	smNRPS-1/2	5910	3797	3873	100	1.39e-30
B200YWABXX:2:27:12965:83409#GGCTACA/2	77	77	1	smNRPS-1/2	5910	1557	1633	100	1.39e-30
B200YWABXX:2:42:10706:53401#GGCTACA/2	77	1	77	smNRPS-1/2	5910	526	602	100	1.39e-30
B200YWABXX:2:47:16188:80941#GGCTACA/1	77	1	77	smNRPS-1/2	5910	873	949	100	1.39e-30
B200YWABXX:2:66:9154:27831#GGCTACA/1	87	87	1	smNRPS-1/2	5910	1817	1901	96.552	1.39e-30
B200YWABXX:2:46:9066:142572#GGCTACA/2	86	1	86	smNRPS-1/2	5910	1246	1331	96.512	1.39e-30
A200FVABXX:3:4:4290:68885#GGCTAC/1	87	1	87	smNRPS-1/2	5910	1134	1220	96.552	3.86e-31
A200FVABXX:3:5:5234:189183#GGCTAC/2	87	1	87	smNRPS-1/2	5910	1253	1339	96.552	3.86e-31
A200FVABXX:3:7:19672:162368#GGCTAC/1	87	1	87	smNRPS-1/2	5910	4216	4302	96.552	3.86e-31
A200FVABXX:3:21:5452:166542#GGCTAC/1	87	87	1	smNRPS-1/2	5910	4956	5042	96.552	3.86e-31
A200FVABXX:3:25:3792:91441#GGCTAC/1	81	81	1	smNRPS-1/2	5910	3558	3638	98.765	3.86e-31
A200FVABXX:3:26:2136:170457#GGCTAC/2	87	87	1	smNRPS-1/2	5910	4961	5047	96.552	3.86e-31
A200FVABXX:3:27:3088:105385#GGCTAC/2	87	1	87	smNRPS-1/2	5910	519	605	96.552	3.86e-31
A200FVABXX:3:43:17227:19138#GGCTAC/1	87	1	87	smNRPS-1/2	5910	4167	4253	96.552	3.86e-31
A200FVABXX:3:44:18409:62394#GGCTAC/2	78	1	78	smNRPS-1/2	5910	288	365	100	3.86e-31
A200FVABXX:3:62:19755:143956#GGCTAC/2	81	81	1	smNRPS-1/2	5910	3595	3675	98.765	3.86e-31
A200FVABXX:3:62:19268:199974#GGCTAC/1	84	1	84	smNRPS-1/2	5910	2156	2239	97.619	3.86e-31
A200FVABXX:3:66:13693:140951#GGCTAC/2	87	1	87	smNRPS-1/2	5910	3705	3791	96.552	3.86e-31
A200FVABXX:3:67:4844:69956#GGCTAC/1	87	87	1	smNRPS-1/2	5910	3287	3373	96.552	3.86e-31
A200FVABXX:3:67:7808:103419#GGCTAC/2	84	84	1	smNRPS-1/2	5910	5671	5754	97.619	3.86e-31
B200YWABXX:2:1:14086:83448#GGCTACA/2	87	1	87	smNRPS-1/2	5910	3852	3938	96.552	3.86e-31
B200YWABXX:2:6:13287:182188#GGCTACA/1	87	4	87	smNRPS-1/2	5910	4489	4572	97.619	3.86e-31
B200YWABXX:2:7:3515:144937#GGCTACA/2	84	1	84	smNRPS-1/2	5910	5614	5697	97.619	3.86e-31
B200YWABXX:2:8:5455:68819#GGCTACA/2	87	87	1	smNRPS-1/2	5910	961	1047	96.552	3.86e-31
B200YWABXX:2:22:8264:111810#GGCTACA/1	87	87	1	smNRPS-1/2	5910	5002	5088	96.552	3.86e-31
B200YWABXX:2:41:17319:84499#GGCTACA/1	87	1	87	smNRPS-1/2	5910	4914	5000	96.552	3.86e-31
B200YWABXX:2:42:7942:103094#GGCTACA/1	87	87	1	smNRPS-1/2	5910	1955	2041	96.552	3.86e-31
B200YWABXX:2:43:19530:137485#GGCTACA/1	87	87	1	smNRPS-1/2	5910	2072	2158	96.552	3.86e-31
B200YWABXX:2:43:19530:137485#GGCTACA/2	87	1	87	smNRPS-1/2	5910	1847	1933	96.552	3.86e-31
B200YWABXX:2:44:18701:66716#GGCTACA/2	87	87	1	smNRPS-1/2	5910	4963	5049	96.552	3.86e-31
B200YWABXX:2:44:12138:105294#GGCTACA/1	87	87	1	smNRPS-1/2	5910	3111	3197	96.552	3.86e-31
B200YWABXX:2:45:14286:166293#GGCTACA/1	87	84	1	smNRPS-1/2	5910	5006	5089	97.619	3.86e-31
B200YWABXX:2:45:9676:188342#GGCTACA/2	87	1	87	smNRPS-1/2	5910	4579	4665	96.552	3.86e-31
B200YWABXX:2:46:2296:194467#GGCTACA/1	78	78	1	smNRPS-1/2	5910	5829	5906	100	3.86e-31
B200YWABXX:2:47:16188:80941#GGCTACA/2	87	87	1	smNRPS-1/2	5910	1106	1192	96.552	3.86e-31
B200YWABXX:2:47:3141:102328#GGCTACA/1	87	1	87	smNRPS-1/2	5910	5508	5594	96.552	3.86e-31
B200YWABXX:2:64:12082:189823#GGCTACA/1	87	87	1	smNRPS-1/2	5910	4984	5070	96.552	3.86e-31
B200YWABXX:2:65:6042:99582#GGCTACA/1	87	87	1	smNRPS-1/2	5910	3305	3391	96.552	3.86e-31
B200YWABXX:2:65:2378:103669#GGCTACA/2	87	87	3	smNRPS-1/2	5910	1715	1798	97.647	3.86e-31
B200YWABXX:2:66:19764:18580#GGCTACA/1	81	1	81	smNRPS-1/2	5910	2789	2869	98.765	3.86e-31
B200YWABXX:2:68:4942:185030#GGCTACC/1	87	1	87	smNRPS-1/2	5910	4947	5033	96.552	3.86e-31
A200FVABXX:3:26:14479:157161#GGCTAC/1	87	85	1	smNRPS-1/2	5910	5148	5232	97.647	1.07e-31
A200FVABXX:3:61:6377:159635#GGCTAC/1	82	82	1	smNRPS-1/2	5910	263	344	98.78	1.07e-31
A200FVABXX:3:62:10423:17583#GGCTAC/1	79	1	79	smNRPS-1/2	5910	2548	2626	100	1.07e-31
B200YWABXX:2:1:13962:101954#GGCTACA/1	82	1	82	smNRPS-1/2	5910	1297	1378	98.78	1.07e-31
B200YWABXX:2:2:8000:163547#GGCTACA/2	85	1	85	smNRPS-1/2	5910	534	618	97.647	1.07e-31
B200YWABXX:2:7:5451:183261#GGCTACA/2	85	1	85	smNRPS-1/2	5910	2071	2155	97.647	1.07e-31
B200YWABXX:2:24:6580:95658#GGCTACA/1	87	85	1	smNRPS-1/2	5910	524	608	97.647	1.07e-31
B200YWABXX:2:24:9140:113430#GGCTACA/1	82	1	79	smNRPS-1/2	5910	4120	4198	100	1.07e-31
B200YWABXX:2:27:17658:85327#GGCTACA/1	85	1	85	smNRPS-1/2	5910	742	826	97.647	1.07e-31
B200YWABXX:2:41:14522:124131#GGCTACA/2	87	1	82	smNRPS-1/2	5910	5509	5590	98.78	1.07e-31
B200YWABXX:2:42:20250:95358#GGCTACA/1	82	82	1	smNRPS-1/2	5910	2879	2960	98.78	1.07e-31
B200YWABXX:2:46:21088:150265#GGCTACA/1	81	79	1	smNRPS-1/2	5910	2310	2388	100	1.07e-31
B200YWABXX:2:46:21088:150265#GGCTACA/2	79	1	79	smNRPS-1/2	5910	2092	2170	100	1.07e-31
B200YWABXX:2:66:12243:75189#GGCTACA/2	82	1	82	smNRPS-1/2	5910	2776	2857	98.78	1.07e-31
B200YWABXX:2:68:3885:129175#GGCTACA/1	86	85	1	smNRPS-1/2	5910	5646	5730	97.647	1.07e-31
A200FVABXX:3:22:11834:89139#GGCTAC/1	86	1	86	smNRPS-1/2	5910	1151	1236	97.674	2.98e-32
A200FVABXX:3:24:5419:158110#GGCTAC/1	86	86	1	smNRPS-1/2	5910	3108	3193	97.674	2.98e-32
A200FVABXX:3:26:8835:7878#GGCTAC/1	87	1	80	smNRPS-1/2	5910	1742	1821	100	2.98e-32
A200FVABXX:3:42:18586:125076#GGCTAC/2	87	1	86	smNRPS-1/2	5910	372	457	97.674	2.98e-32
A200FVABXX:3:48:7224:97912#GGCTAC/2	83	83	1	smNRPS-1/2	5910	1317	1399	98.795	2.98e-32
A200FVABXX:3:48:5857:136880#GGCTAC/1	86	86	1	smNRPS-1/2	5910	3079	3164	97.674	2.98e-32
A200FVABXX:3:67:4844:69956#GGCTAC/2	87	2	87	smNRPS-1/2	5910	3069	3154	97.674	2.98e-32
B200YWABXX:2:6:19409:70421#GGCTACA/2	87	2	87	smNRPS-1/2	5910	5006	5091	97.674	2.98e-32
B200YWABXX:2:25:6578:88550#GGCTACA/1	86	83	1	smNRPS-1/2	5910	1525	1607	98.795	2.98e-32
B200YWABXX:2:41:19131:24803#GGCTACA/2	80	1	80	smNRPS-1/2	5910	1597	1676	100	2.98e-32
B200YWABXX:2:43:4037:149320#GGCTACA/1	85	83	1	smNRPS-1/2	5910	452	534	98.795	2.98e-32
B200YWABXX:2:67:1456:176087#GGCTACA/1	87	2	87	smNRPS-1/2	5910	1692	1777	97.674	2.98e-32
A200FVABXX:3:1:7490:165088#GGCTAC/1	87	87	1	smNRPS-1/2	5910	1378	1464	97.701	8.3e-33
A200FVABXX:3:3:2251:180190#GGCTAC/2	84	84	1	smNRPS-1/2	5910	1707	1790	98.81	8.3e-33
A200FVABXX:3:4:4290:68885#GGCTAC/2	87	87	1	smNRPS-1/2	5910	1349	1435	97.701	8.3e-33
A200FVABXX:3:4:12589:81885#GGCTAC/2	81	1	81	smNRPS-1/2	5910	829	909	100	8.3e-33
A200FVABXX:3:6:14298:140386#GGCTAC/1	87	1	87	smNRPS-1/2	5910	3738	3824	97.701	8.3e-33
A200FVABXX:3:6:14298:140386#GGCTAC/2	87	87	1	smNRPS-1/2	5910	3957	4043	97.701	8.3e-33
A200FVABXX:3:7:6241:88870#GGCTAC/1	87	1	87	smNRPS-1/2	5910	1414	1500	97.701	8.3e-33
A200FVABXX:3:8:10348:53587#GGCTAC/2	87	87	1	smNRPS-1/2	5910	5473	5559	97.701	8.3e-33
A200FVABXX:3:22:13714:115248#GGCTAC/1	87	87	1	smNRPS-1/2	5910	3127	3213	97.701	8.3e-33
A200FVABXX:3:22:7205:132158#GGCTAC/2	87	87	1	smNRPS-1/2	5910	1976	2062	97.701	8.3e-33
A200FVABXX:3:24:11435:105063#GGCTAC/2	87	87	1	smNRPS-1/2	5910	5163	5249	97.701	8.3e-33
A200FVABXX:3:25:3792:91441#GGCTAC/2	81	1	81	smNRPS-1/2	5910	3333	3413	100	8.3e-33
A200FVABXX:3:26:8835:7878#GGCTAC/2	87	87	1	smNRPS-1/2	5910	1971	2057	97.701	8.3e-33
A200FVABXX:3:27:12473:176919#GGCTAC/1	87	87	1	smNRPS-1/2	5910	3662	3748	97.701	8.3e-33
A200FVABXX:3:28:9043:39555#GGCTAC/2	87	87	1	smNRPS-1/2	5910	2838	2924	97.701	8.3e-33
A200FVABXX:3:28:3724:175855#GGCTAC/2	87	87	1	smNRPS-1/2	5910	1510	1596	97.701	8.3e-33
A200FVABXX:3:42:15833:19997#GGCTAC/2	87	1	87	smNRPS-1/2	5910	5178	5264	97.701	8.3e-33
A200FVABXX:3:42:17842:102953#GGCTAC/2	87	1	87	smNRPS-1/2	5910	5124	5210	97.701	8.3e-33
A200FVABXX:3:45:17219:39405#GGCTAC/2	87	1	87	smNRPS-1/2	5910	5132	5218	97.701	8.3e-33
A200FVABXX:3:45:13962:106358#GGCTAC/1	87	1	87	smNRPS-1/2	5910	3949	4035	97.701	8.3e-33
A200FVABXX:3:46:17982:112033#GGCTAC/1	87	1	87	smNRPS-1/2	5910	533	619	97.701	8.3e-33
A200FVABXX:3:46:16397:152154#GGCTAC/2	87	1	87	smNRPS-1/2	5910	3312	3398	97.701	8.3e-33
A200FVABXX:3:47:10058:97398#GGCTAC/1	87	1	87	smNRPS-1/2	5910	3546	3632	97.701	8.3e-33
A200FVABXX:3:48:17764:188882#GGCTAC/1	87	87	1	smNRPS-1/2	5910	1317	1403	97.701	8.3e-33
A200FVABXX:3:48:17764:188882#GGCTAC/2	87	1	87	smNRPS-1/2	5910	1100	1186	97.701	8.3e-33
A200FVABXX:3:62:1346:10656#GGCTAC/2	87	87	1	smNRPS-1/2	5910	3135	3221	97.701	8.3e-33
A200FVABXX:3:64:9096:146575#GGCTAC/1	87	87	1	smNRPS-1/2	5910	5647	5733	97.701	8.3e-33
A200FVABXX:3:64:2593:155369#GGCTAC/1	87	1	87	smNRPS-1/2	5910	1998	2084	97.701	8.3e-33
A200FVABXX:3:64:7689:163679#GGCTAC/1	87	87	1	smNRPS-1/2	5910	5671	5757	97.701	8.3e-33
A200FVABXX:3:67:1694:198193#GGCTAC/1	87	87	1	smNRPS-1/2	5910	4536	4622	97.701	8.3e-33
A200FVABXX:3:68:3746:14907#GGCTAC/2	87	87	1	smNRPS-1/2	5910	525	611	97.701	8.3e-33
A200FVABXX:3:68:9746:49579#GGCTAC/1	87	1	87	smNRPS-1/2	5910	1941	2027	97.701	8.3e-33
A200FVABXX:3:68:15972:196621#GGCTAC/2	87	87	1	smNRPS-1/2	5910	5653	5739	97.701	8.3e-33
B200YWABXX:2:2:6602:38591#GGCTACA/2	87	87	1	smNRPS-1/2	5910	1411	1497	97.701	8.3e-33
B200YWABXX:2:6:17806:112814#GGCTACA/1	87	1	87	smNRPS-1/2	5910	2720	2806	97.701	8.3e-33
B200YWABXX:2:7:16162:4629#GGCTACA/1	87	87	1	smNRPS-1/2	5910	5496	5582	97.701	8.3e-33
B200YWABXX:2:8:12753:57440#GGCTACA/2	87	1	87	smNRPS-1/2	5910	49	135	97.701	8.3e-33
B200YWABXX:2:8:14684:81184#GGCTACA/1	87	1	87	smNRPS-1/2	5910	5186	5272	97.701	8.3e-33
B200YWABXX:2:22:4493:76994#GGCTACA/1	87	87	1	smNRPS-1/2	5910	4366	4452	97.701	8.3e-33
B200YWABXX:2:22:4070:118362#GGCTACA/1	87	87	1	smNRPS-1/2	5910	5660	5746	97.701	8.3e-33
B200YWABXX:2:24:9140:113430#GGCTACA/2	87	84	1	smNRPS-1/2	5910	4332	4415	98.81	8.3e-33
B200YWABXX:2:24:12459:193432#GGCTACA/2	87	87	1	smNRPS-1/2	5910	3114	3200	97.701	8.3e-33
B200YWABXX:2:26:5499:101135#GGCTACA/2	81	1	81	smNRPS-1/2	5910	5842	5922	100	8.3e-33
B200YWABXX:2:27:3839:18237#GGCTACA/2	87	1	87	smNRPS-1/2	5910	2053	2139	97.701	8.3e-33
B200YWABXX:2:27:5687:40173#GGCTACA/2	87	87	1	smNRPS-1/2	5910	3085	3171	97.701	8.3e-33
B200YWABXX:2:27:12965:83409#GGCTACA/1	84	1	84	smNRPS-1/2	5910	1339	1422	98.81	8.3e-33
B200YWABXX:2:27:7022:147472#GGCTACA/2	87	87	1	smNRPS-1/2	5910	3272	3358	97.701	8.3e-33
B200YWABXX:2:28:3390:14255#GGCTACA/1	87	1	84	smNRPS-1/2	5910	3248	3331	98.81	8.3e-33
B200YWABXX:2:28:19317:114030#GGCTACA/1	84	84	1	smNRPS-1/2	5910	46	129	98.81	8.3e-33
B200YWABXX:2:41:17268:46336#GGCTACA/1	87	1	87	smNRPS-1/2	5910	3534	3620	97.701	8.3e-33
B200YWABXX:2:41:17319:84499#GGCTACA/2	87	87	1	smNRPS-1/2	5910	5122	5208	97.701	8.3e-33
B200YWABXX:2:44:8515:74507#GGCTACA/2	87	1	87	smNRPS-1/2	5910	1411	1497	97.701	8.3e-33
B200YWABXX:2:44:17672:141435#GGCTACA/1	87	1	87	smNRPS-1/2	5910	2477	2563	97.701	8.3e-33
B200YWABXX:2:46:12095:72833#GGCTACA/2	87	87	1	smNRPS-1/2	5910	2492	2578	97.701	8.3e-33
B200YWABXX:2:46:15483:130120#GGCTACA/2	84	1	84	smNRPS-1/2	5910	89	172	98.81	8.3e-33
B200YWABXX:2:48:15802:149103#GGCTACA/1	87	87	1	smNRPS-1/2	5910	3921	4007	97.701	8.3e-33
B200YWABXX:2:48:8180:151038#GGCTACA/1	87	1	87	smNRPS-1/2	5910	5476	5562	97.701	8.3e-33
B200YWABXX:2:62:6651:51936#GGCTACA/2	87	87	1	smNRPS-1/2	5910	2719	2805	97.701	8.3e-33
B200YWABXX:2:62:2568:93341#GGCTACA/1	87	1	87	smNRPS-1/2	5910	1370	1456	97.701	8.3e-33
B200YWABXX:2:64:10764:42551#GGCTACA/2	87	87	1	smNRPS-1/2	5910	3445	3531	97.701	8.3e-33
B200YWABXX:2:64:8769:57261#GGCTACA/2	87	87	1	smNRPS-1/2	5910	1515	1601	97.701	8.3e-33
B200YWABXX:2:64:8882:67213#GGCTACA/2	87	1	87	smNRPS-1/2	5910	5156	5242	97.701	8.3e-33
B200YWABXX:2:64:7552:68839#GGCTACA/1	87	1	87	smNRPS-1/2	5910	3113	3199	97.701	8.3e-33
B200YWABXX:2:65:15740:33854#GGCTACA/2	87	1	84	smNRPS-1/2	5910	3976	4059	98.81	8.3e-33
B200YWABXX:2:65:6042:99582#GGCTACA/2	87	1	87	smNRPS-1/2	5910	3077	3163	97.701	8.3e-33
B200YWABXX:2:65:2378:103669#GGCTACA/1	87	1	87	smNRPS-1/2	5910	1510	1596	97.701	8.3e-33
B200YWABXX:2:65:7967:179141#GGCTACA/2	87	1	87	smNRPS-1/2	5910	4193	4279	97.701	8.3e-33
B200YWABXX:2:67:13185:54880#GGCTACA/1	87	87	1	smNRPS-1/2	5910	1972	2058	97.701	8.3e-33
B200YWABXX:2:67:5814:145599#GGCTACA/2	87	87	1	smNRPS-1/2	5910	649	735	97.701	8.3e-33
B200YWABXX:2:67:1456:176087#GGCTACA/2	87	87	1	smNRPS-1/2	5910	1924	2010	97.701	8.3e-33
B200YWABXX:2:68:4942:185030#GGCTACC/2	87	87	1	smNRPS-1/2	5910	5166	5252	97.701	8.3e-33
B200YWABXX:2:68:9483:78933#GGCTACA/2	87	1	87	smNRPS-1/2	5910	3930	4016	97.701	8.3e-33
B200YWABXX:2:3:2663:182525#GGCTACA/1	87	1	87	smNRPS-1/2	5910	3494	3580	97.701	8.3e-33
A200FVABXX:3:3:20905:135705#GGCTAC/2	87	1	85	smNRPS-1/2	5910	1938	2022	98.824	2.31e-33
A200FVABXX:3:27:15276:148356#GGCTAC/1	87	1	85	smNRPS-1/2	5910	5110	5194	98.824	2.31e-33
A200FVABXX:3:45:10425:109580#GGCTAC/2	85	1	85	smNRPS-1/2	5910	3196	3280	98.824	2.31e-33
A200FVABXX:3:47:21252:197492#GGCTAC/1	87	87	3	smNRPS-1/2	5910	2829	2913	98.824	2.31e-33
A200FVABXX:3:64:2593:155369#GGCTAC/2	87	85	1	smNRPS-1/2	5910	2090	2174	98.824	2.31e-33
B200YWABXX:2:1:13962:101954#GGCTACA/2	87	85	1	smNRPS-1/2	5910	1525	1609	98.824	2.31e-33
B200YWABXX:2:7:9056:59237#GGCTACA/2	87	3	87	smNRPS-1/2	5910	548	632	98.824	2.31e-33
B200YWABXX:2:23:8362:17139#GGCTACA/1	82	1	82	smNRPS-1/2	5910	3775	3856	100	2.31e-33
B200YWABXX:2:26:6140:166804#GGCTACA/1	85	1	85	smNRPS-1/2	5910	4161	4245	98.824	2.31e-33
B200YWABXX:2:46:20912:2768#GGCTACA/2	85	1	85	smNRPS-1/2	5910	2282	2366	98.824	2.31e-33
B200YWABXX:2:46:6330:20975#GGCTACA/2	85	1	85	smNRPS-1/2	5910	3905	3989	98.824	2.31e-33
B200YWABXX:2:64:8769:57261#GGCTACA/1	86	2	86	smNRPS-1/2	5910	1296	1380	98.824	2.31e-33
B200YWABXX:2:66:12243:75189#GGCTACA/1	87	85	1	smNRPS-1/2	5910	3004	3088	98.824	2.31e-33
A200FVABXX:3:3:13297:134338#GGCTAC/1	86	86	1	smNRPS-1/2	5910	4297	4382	98.837	6.42e-34
A200FVABXX:3:21:14497:141083#GGCTAC/1	86	1	86	smNRPS-1/2	5910	1935	2020	98.837	6.42e-34
A200FVABXX:3:25:13410:152926#GGCTAC/2	86	1	86	smNRPS-1/2	5910	181	266	98.837	6.42e-34
A200FVABXX:3:28:3724:175855#GGCTAC/1	87	2	87	smNRPS-1/2	5910	1296	1381	98.837	6.42e-34
A200FVABXX:3:46:13644:82092#GGCTAC/1	87	2	87	smNRPS-1/2	5910	3556	3641	98.837	6.42e-34
B200YWABXX:2:4:3872:173526#GGCTACA/2	87	1	86	smNRPS-1/2	5910	3432	3517	98.837	6.42e-34
B200YWABXX:2:6:3308:14980#GGCTACA/1	86	86	1	smNRPS-1/2	5910	5310	5395	98.837	6.42e-34
B200YWABXX:2:8:16069:65097#GGCTACA/2	86	86	1	smNRPS-1/2	5910	74	159	98.837	6.42e-34
B200YWABXX:2:21:12158:181940#GGCTACA/2	83	1	83	smNRPS-1/2	5910	2938	3020	100	6.42e-34
B200YWABXX:2:25:6578:88550#GGCTACA/2	86	1	86	smNRPS-1/2	5910	1299	1384	98.837	6.42e-34
B200YWABXX:2:26:9300:170405#GGCTACA/2	83	83	1	smNRPS-1/2	5910	4755	4837	100	6.42e-34
B200YWABXX:2:41:19488:93211#GGCTACA/2	83	83	1	smNRPS-1/2	5910	5784	5866	100	6.42e-34
B200YWABXX:2:42:14388:51991#GGCTACA/2	87	1	86	smNRPS-1/2	5910	2627	2712	98.837	6.42e-34
B200YWABXX:2:42:18065:121606#GGCTACA/1	86	86	1	smNRPS-1/2	5910	3983	4068	98.837	6.42e-34
B200YWABXX:2:61:13665:165425#GGCTACA/2	86	1	86	smNRPS-1/2	5910	2786	2871	98.837	6.42e-34
B200YWABXX:2:62:6651:51936#GGCTACA/1	86	1	86	smNRPS-1/2	5910	2604	2689	98.837	6.42e-34
B200YWABXX:2:66:15817:40562#GGCTACA/2	86	1	86	smNRPS-1/2	5910	3996	4081	98.837	6.42e-34
A200FVABXX:3:1:18934:2330#GGCTAC/2	87	87	1	smNRPS-1/2	5910	3408	3494	98.851	1.78e-34
A200FVABXX:3:1:18237:148024#GGCTAC/2	87	1	87	smNRPS-1/2	5910	1324	1410	98.851	1.78e-34
A200FVABXX:3:2:9895:173432#GGCTAC/2	87	87	1	smNRPS-1/2	5910	5291	5377	98.851	1.78e-34
A200FVABXX:3:3:18211:22274#GGCTAC/1	87	87	1	smNRPS-1/2	5910	2626	2712	98.851	1.78e-34
A200FVABXX:3:3:18211:22274#GGCTAC/2	87	1	87	smNRPS-1/2	5910	2386	2472	98.851	1.78e-34
A200FVABXX:3:3:13028:123466#GGCTAC/1	87	87	1	smNRPS-1/2	5910	2408	2494	98.851	1.78e-34
A200FVABXX:3:3:2251:180190#GGCTAC/1	87	1	87	smNRPS-1/2	5910	1477	1563	98.851	1.78e-34
A200FVABXX:3:4:12589:81885#GGCTAC/1	87	87	1	smNRPS-1/2	5910	1049	1135	98.851	1.78e-34
A200FVABXX:3:4:9526:113054#GGCTAC/2	87	1	87	smNRPS-1/2	5910	3559	3645	98.851	1.78e-34
A200FVABXX:3:4:5354:162186#GGCTAC/1	87	87	1	smNRPS-1/2	5910	2258	2344	98.851	1.78e-34
A200FVABXX:3:5:13863:58506#GGCTAC/1	87	87	1	smNRPS-1/2	5910	1529	1615	98.851	1.78e-34
A200FVABXX:3:5:13863:58506#GGCTAC/2	87	1	87	smNRPS-1/2	5910	1298	1384	98.851	1.78e-34
A200FVABXX:3:5:8600:83075#GGCTAC/1	87	87	1	smNRPS-1/2	5910	2626	2712	98.851	1.78e-34
A200FVABXX:3:5:5483:86112#GGCTAC/2	87	1	84	smNRPS-1/2	5910	5840	5923	100	1.78e-34
A200FVABXX:3:6:8265:128222#GGCTAC/1	87	87	1	smNRPS-1/2	5910	105	191	98.851	1.78e-34
A200FVABXX:3:7:4676:141918#GGCTAC/1	87	87	1	smNRPS-1/2	5910	102	188	98.851	1.78e-34
A200FVABXX:3:8:20958:41586#GGCTAC/1	87	87	1	smNRPS-1/2	5910	2649	2735	98.851	1.78e-34
A200FVABXX:3:8:20958:41586#GGCTAC/2	87	1	87	smNRPS-1/2	5910	2425	2511	98.851	1.78e-34
A200FVABXX:3:21:5452:166542#GGCTAC/2	87	1	87	smNRPS-1/2	5910	4736	4822	98.851	1.78e-34
A200FVABXX:3:22:8625:19675#GGCTAC/2	87	87	1	smNRPS-1/2	5910	3391	3477	98.851	1.78e-34
A200FVABXX:3:22:11834:89139#GGCTAC/2	87	87	1	smNRPS-1/2	5910	1377	1463	98.851	1.78e-34
A200FVABXX:3:22:13714:115248#GGCTAC/2	87	1	87	smNRPS-1/2	5910	2910	2996	98.851	1.78e-34
A200FVABXX:3:22:15741:175187#GGCTAC/1	87	87	1	smNRPS-1/2	5910	422	508	98.851	1.78e-34
A200FVABXX:3:24:5419:158110#GGCTAC/2	87	1	87	smNRPS-1/2	5910	2884	2970	98.851	1.78e-34
A200FVABXX:3:25:13410:152926#GGCTAC/1	87	87	1	smNRPS-1/2	5910	411	497	98.851	1.78e-34
A200FVABXX:3:26:11814:111901#GGCTAC/1	87	87	1	smNRPS-1/2	5910	629	715	98.851	1.78e-34
A200FVABXX:3:26:11814:111901#GGCTAC/2	87	1	87	smNRPS-1/2	5910	409	495	98.851	1.78e-34
A200FVABXX:3:26:2136:170457#GGCTAC/1	87	1	87	smNRPS-1/2	5910	4727	4813	98.851	1.78e-34
A200FVABXX:3:27:15276:148356#GGCTAC/2	87	87	1	smNRPS-1/2	5910	5320	5406	98.851	1.78e-34
A200FVABXX:3:27:12473:176919#GGCTAC/2	87	1	87	smNRPS-1/2	5910	3449	3535	98.851	1.78e-34
A200FVABXX:3:42:17842:102953#GGCTAC/1	87	87	1	smNRPS-1/2	5910	5330	5416	98.851	1.78e-34
A200FVABXX:3:42:18586:125076#GGCTAC/1	87	87	1	smNRPS-1/2	5910	412	498	98.851	1.78e-34
A200FVABXX:3:43:15631:70992#GGCTAC/1	87	1	87	smNRPS-1/2	5910	2714	2800	98.851	1.78e-34
A200FVABXX:3:44:12077:57344#GGCTAC/1	87	1	87	smNRPS-1/2	5910	4828	4914	98.851	1.78e-34
A200FVABXX:3:44:11403:94229#GGCTAC/2	87	1	87	smNRPS-1/2	5910	345	431	98.851	1.78e-34
A200FVABXX:3:45:17219:39405#GGCTAC/1	87	87	1	smNRPS-1/2	5910	5352	5438	98.851	1.78e-34
A200FVABXX:3:45:10425:109580#GGCTAC/1	87	87	1	smNRPS-1/2	5910	3411	3497	98.851	1.78e-34
A200FVABXX:3:45:15900:154474#GGCTAC/1	87	87	1	smNRPS-1/2	5910	1160	1246	98.851	1.78e-34
A200FVABXX:3:46:11020:15208#GGCTAC/2	87	1	87	smNRPS-1/2	5910	1352	1438	98.851	1.78e-34
A200FVABXX:3:47:16455:22270#GGCTAC/1	87	1	87	smNRPS-1/2	5910	3517	3603	98.851	1.78e-34
A200FVABXX:3:47:18186:98403#GGCTAC/2	87	1	87	smNRPS-1/2	5910	3561	3647	98.851	1.78e-34
A200FVABXX:3:47:21252:197492#GGCTAC/2	87	1	87	smNRPS-1/2	5910	2605	2691	98.851	1.78e-34
A200FVABXX:3:61:6377:159635#GGCTAC/2	87	1	87	smNRPS-1/2	5910	109	195	98.851	1.78e-34
A200FVABXX:3:62:1346:10656#GGCTAC/1	87	1	87	smNRPS-1/2	5910	2905	2991	98.851	1.78e-34
A200FVABXX:3:62:10423:17583#GGCTAC/2	87	87	1	smNRPS-1/2	5910	2768	2854	98.851	1.78e-34
A200FVABXX:3:62:10475:35645#GGCTAC/1	87	87	1	smNRPS-1/2	5910	1022	1108	98.851	1.78e-34
A200FVABXX:3:62:19755:143956#GGCTAC/1	87	1	87	smNRPS-1/2	5910	3390	3476	98.851	1.78e-34
A200FVABXX:3:65:15991:50467#GGCTAC/1	87	87	1	smNRPS-1/2	5910	3592	3678	98.851	1.78e-34
A200FVABXX:3:65:15991:50467#GGCTAC/2	87	1	87	smNRPS-1/2	5910	3481	3567	98.851	1.78e-34
A200FVABXX:3:65:20167:185059#GGCTAC/1	84	84	1	smNRPS-1/2	5910	2087	2170	100	1.78e-34
A200FVABXX:3:66:13693:140951#GGCTAC/1	87	87	1	smNRPS-1/2	5910	3932	4018	98.851	1.78e-34
A200FVABXX:3:66:12695:142197#GGCTAC/2	87	87	1	smNRPS-1/2	5910	4415	4501	98.851	1.78e-34
A200FVABXX:3:67:6910:85673#GGCTAC/1	87	1	87	smNRPS-1/2	5910	2605	2691	98.851	1.78e-34
A200FVABXX:3:67:17354:169325#GGCTAC/1	87	87	1	smNRPS-1/2	5910	1862	1948	98.851	1.78e-34
B200YWABXX:2:2:14955:18266#GGCTACA/2	87	1	87	smNRPS-1/2	5910	4029	4115	98.851	1.78e-34
B200YWABXX:2:2:20809:32286#GGCTACA/1	87	1	87	smNRPS-1/2	5910	3472	3558	98.851	1.78e-34
B200YWABXX:2:2:12902:147461#GGCTACA/1	87	87	1	smNRPS-1/2	5910	1547	1633	98.851	1.78e-34
B200YWABXX:2:3:18328:61621#GGCTACA/2	86	84	1	smNRPS-1/2	5910	3150	3233	100	1.78e-34
B200YWABXX:2:3:12266:67329#GGCTACA/1	87	87	1	smNRPS-1/2	5910	420	506	98.851	1.78e-34
B200YWABXX:2:3:12266:67329#GGCTACA/2	87	1	87	smNRPS-1/2	5910	196	282	98.851	1.78e-34
B200YWABXX:2:4:18591:146359#GGCTACA/1	87	1	87	smNRPS-1/2	5910	3395	3481	98.851	1.78e-34
B200YWABXX:2:4:18591:146359#GGCTACA/2	87	87	1	smNRPS-1/2	5910	3478	3564	98.851	1.78e-34
B200YWABXX:2:4:13233:173526#GGCTACA/2	87	1	87	smNRPS-1/2	5910	5750	5836	98.851	1.78e-34
B200YWABXX:2:5:15615:100047#GGCTACA/1	87	87	1	smNRPS-1/2	5910	3423	3509	98.851	1.78e-34
B200YWABXX:2:5:15449:111437#GGCTACA/2	87	87	1	smNRPS-1/2	5910	2778	2864	98.851	1.78e-34
B200YWABXX:2:6:12348:37429#GGCTACA/2	87	1	87	smNRPS-1/2	5910	1891	1977	98.851	1.78e-34
B200YWABXX:2:6:8386:51878#GGCTACA/1	87	87	1	smNRPS-1/2	5910	4969	5055	98.851	1.78e-34
B200YWABXX:2:7:10266:157112#GGCTACA/1	87	1	87	smNRPS-1/2	5910	3522	3608	98.851	1.78e-34
B200YWABXX:2:7:6661:176465#GGCTACA/1	87	1	87	smNRPS-1/2	5910	1548	1634	98.851	1.78e-34
B200YWABXX:2:7:5451:183261#GGCTACA/1	87	87	1	smNRPS-1/2	5910	2181	2267	98.851	1.78e-34
B200YWABXX:2:21:7578:66893#GGCTACA/2	87	1	87	smNRPS-1/2	5910	4724	4810	98.851	1.78e-34
B200YWABXX:2:22:9201:73544#GGCTACA/2	85	85	2	smNRPS-1/2	5910	55	138	100	1.78e-34
B200YWABXX:2:22:9574:186655#GGCTACA/2	87	87	1	smNRPS-1/2	5910	228	314	98.851	1.78e-34
B200YWABXX:2:23:10062:38771#GGCTACA/2	87	87	1	smNRPS-1/2	5910	110	196	98.851	1.78e-34
B200YWABXX:2:23:10375:102435#GGCTACA/1	87	87	1	smNRPS-1/2	5910	2810	2896	98.851	1.78e-34
B200YWABXX:2:24:6580:95658#GGCTACA/2	87	1	87	smNRPS-1/2	5910	302	388	98.851	1.78e-34
B200YWABXX:2:24:12459:193432#GGCTACA/1	87	1	87	smNRPS-1/2	5910	2889	2975	98.851	1.78e-34
B200YWABXX:2:25:7275:66752#GGCTACA/1	87	87	1	smNRPS-1/2	5910	3437	3523	98.851	1.78e-34
B200YWABXX:2:26:8201:81345#GGCTACA/1	87	1	87	smNRPS-1/2	5910	430	516	98.851	1.78e-34
B200YWABXX:2:27:5687:40173#GGCTACA/1	87	1	87	smNRPS-1/2	5910	2894	2980	98.851	1.78e-34
B200YWABXX:2:27:12458:192809#GGCTACA/1	87	87	1	smNRPS-1/2	5910	4507	4593	98.851	1.78e-34
B200YWABXX:2:28:3390:14255#GGCTACA/2	87	87	1	smNRPS-1/2	5910	3471	3557	98.851	1.78e-34
B200YWABXX:2:28:10340:134850#GGCTACA/2	87	1	87	smNRPS-1/2	5910	1352	1438	98.851	1.78e-34
B200YWABXX:2:41:17268:46336#GGCTACA/2	87	87	1	smNRPS-1/2	5910	3614	3700	98.851	1.78e-34
B200YWABXX:2:41:9451:117424#GGCTACA/2	87	87	1	smNRPS-1/2	5910	3365	3451	98.851	1.78e-34
B200YWABXX:2:42:14388:51991#GGCTACA/1	87	87	1	smNRPS-1/2	5910	2849	2935	98.851	1.78e-34
B200YWABXX:2:42:20250:95358#GGCTACA/2	87	1	87	smNRPS-1/2	5910	2648	2734	98.851	1.78e-34
B200YWABXX:2:42:18065:121606#GGCTACA/2	86	3	86	smNRPS-1/2	5910	3757	3840	100	1.78e-34
B200YWABXX:2:43:7708:45517#GGCTACA/1	87	1	87	smNRPS-1/2	5910	1934	2020	98.851	1.78e-34
B200YWABXX:2:43:17084:94438#GGCTACA/1	87	87	1	smNRPS-1/2	5910	4588	4674	98.851	1.78e-34
B200YWABXX:2:43:17084:94438#GGCTACA/2	87	1	87	smNRPS-1/2	5910	4367	4453	98.851	1.78e-34
B200YWABXX:2:43:4037:149320#GGCTACA/2	87	1	87	smNRPS-1/2	5910	215	301	98.851	1.78e-34
B200YWABXX:2:45:19057:53933#GGCTACA/2	87	1	87	smNRPS-1/2	5910	2326	2412	98.851	1.78e-34
B200YWABXX:2:45:19346:190761#GGCTACA/1	87	1	87	smNRPS-1/2	5910	2652	2738	98.851	1.78e-34
B200YWABXX:2:45:19346:190761#GGCTACA/2	87	87	1	smNRPS-1/2	5910	2877	2963	98.851	1.78e-34
B200YWABXX:2:46:14917:26728#GGCTACA/1	87	87	1	smNRPS-1/2	5910	2395	2481	98.851	1.78e-34
B200YWABXX:2:46:18143:27916#GGCTACA/1	87	1	87	smNRPS-1/2	5910	3389	3475	98.851	1.78e-34
B200YWABXX:2:46:18143:27916#GGCTACA/2	87	87	1	smNRPS-1/2	5910	3620	3706	98.851	1.78e-34
B200YWABXX:2:46:12095:72833#GGCTACA/1	87	1	87	smNRPS-1/2	5910	2276	2362	98.851	1.78e-34
B200YWABXX:2:46:15150:75683#GGCTACA/1	87	1	87	smNRPS-1/2	5910	2367	2453	98.851	1.78e-34
B200YWABXX:2:46:20085:106865#GGCTACA/1	87	1	87	smNRPS-1/2	5910	3481	3567	98.851	1.78e-34
B200YWABXX:2:46:15483:130120#GGCTACA/1	87	87	1	smNRPS-1/2	5910	306	392	98.851	1.78e-34
B200YWABXX:2:46:18835:159212#GGCTACA/2	87	1	87	smNRPS-1/2	5910	4103	4189	98.851	1.78e-34
B200YWABXX:2:48:16373:104133#GGCTACA/2	87	87	1	smNRPS-1/2	5910	720	806	98.851	1.78e-34
B200YWABXX:2:62:2568:93341#GGCTACA/2	87	87	1	smNRPS-1/2	5910	1587	1673	98.851	1.78e-34
B200YWABXX:2:63:8432:126496#GGCTACA/1	87	87	1	smNRPS-1/2	5910	1066	1152	98.851	1.78e-34
B200YWABXX:2:63:8432:126496#GGCTACA/2	84	1	84	smNRPS-1/2	5910	835	918	100	1.78e-34
B200YWABXX:2:64:10764:42551#GGCTACA/1	87	1	87	smNRPS-1/2	5910	3228	3314	98.851	1.78e-34
B200YWABXX:2:64:12871:114448#GGCTACA/1	87	1	87	smNRPS-1/2	5910	3478	3564	98.851	1.78e-34
B200YWABXX:2:64:10763:190082#GGCTACA/2	87	1	87	smNRPS-1/2	5910	4666	4752	98.851	1.78e-34
B200YWABXX:2:66:7936:41858#GGCTACA/1	87	1	87	smNRPS-1/2	5910	1370	1456	98.851	1.78e-34
B200YWABXX:2:67:5814:145599#GGCTACA/1	87	1	87	smNRPS-1/2	5910	434	520	98.851	1.78e-34
B200YWABXX:2:64:10859:12784#GGCTACA/1	87	1	87	smNRPS-1/2	5910	3926	4012	98.851	1.78e-34
A200FVABXX:3:8:4098:40038#GGCTAC/1	87	87	3	smNRPS-1/2	5910	5431	5515	100	4.96e-35
A200FVABXX:3:25:17107:163588#GGCTAC/2	87	1	85	smNRPS-1/2	5910	5323	5407	100	4.96e-35
A200FVABXX:3:48:7224:97912#GGCTAC/1	87	3	87	smNRPS-1/2	5910	1093	1177	100	4.96e-35
B200YWABXX:2:7:13181:126147#GGCTACA/2	85	1	85	smNRPS-1/2	5910	2740	2824	100	4.96e-35
B200YWABXX:2:23:12562:121656#GGCTACA/2	85	1	85	smNRPS-1/2	5910	3778	3862	100	4.96e-35
A200FVABXX:3:3:13028:123466#GGCTAC/2	86	1	86	smNRPS-1/2	5910	2186	2271	100	1.38e-35
A200FVABXX:3:62:10475:35645#GGCTAC/2	86	1	86	smNRPS-1/2	5910	802	887	100	1.38e-35
A200FVABXX:3:62:15255:95780#GGCTAC/2	86	86	1	smNRPS-1/2	5910	3198	3283	100	1.38e-35
A200FVABXX:3:64:13073:56029#GGCTAC/2	87	86	1	smNRPS-1/2	5910	1095	1180	100	1.38e-35
A200FVABXX:3:65:20167:185059#GGCTAC/2	87	1	86	smNRPS-1/2	5910	1864	1949	100	1.38e-35
A200FVABXX:3:66:18158:55462#GGCTAC/1	86	1	86	smNRPS-1/2	5910	4031	4116	100	1.38e-35
B200YWABXX:2:6:12348:37429#GGCTACA/1	86	86	1	smNRPS-1/2	5910	2097	2182	100	1.38e-35
B200YWABXX:2:6:17922:194957#GGCTACA/1	87	86	1	smNRPS-1/2	5910	2915	3000	100	1.38e-35
B200YWABXX:2:42:9629:143851#GGCTACA/2	87	2	87	smNRPS-1/2	5910	1362	1447	100	1.38e-35
A200FVABXX:3:1:18934:2330#GGCTAC/1	87	1	87	smNRPS-1/2	5910	3190	3276	100	3.83e-36
A200FVABXX:3:1:3933:113988#GGCTAC/1	87	1	87	smNRPS-1/2	5910	2935	3021	100	3.83e-36
A200FVABXX:3:2:9895:173432#GGCTAC/1	87	1	87	smNRPS-1/2	5910	5064	5150	100	3.83e-36
A200FVABXX:3:3:16989:37936#GGCTAC/1	87	1	87	smNRPS-1/2	5910	1568	1654	100	3.83e-36
A200FVABXX:3:3:9335:113698#GGCTAC/2	87	1	87	smNRPS-1/2	5910	5251	5337	100	3.83e-36
A200FVABXX:3:3:13297:134338#GGCTAC/2	87	1	87	smNRPS-1/2	5910	4072	4158	100	3.83e-36
A200FVABXX:3:3:20905:135705#GGCTAC/1	87	87	1	smNRPS-1/2	5910	2161	2247	100	3.83e-36
A200FVABXX:3:4:14964:80763#GGCTAC/1	87	1	87	smNRPS-1/2	5910	5268	5354	100	3.83e-36
A200FVABXX:3:7:5649:91560#GGCTAC/1	87	87	1	smNRPS-1/2	5910	186	272	100	3.83e-36
A200FVABXX:3:8:10348:53587#GGCTAC/1	87	1	87	smNRPS-1/2	5910	5263	5349	100	3.83e-36
A200FVABXX:3:21:14497:141083#GGCTAC/2	87	87	1	smNRPS-1/2	5910	2142	2228	100	3.83e-36
A200FVABXX:3:22:8625:19675#GGCTAC/1	87	1	87	smNRPS-1/2	5910	3179	3265	100	3.83e-36
A200FVABXX:3:23:9874:75221#GGCTAC/1	87	1	87	smNRPS-1/2	5910	5810	5896	100	3.83e-36
A200FVABXX:3:24:6653:105230#GGCTAC/1	87	87	1	smNRPS-1/2	5910	1329	1415	100	3.83e-36
A200FVABXX:3:24:15428:142529#GGCTAC/1	87	1	87	smNRPS-1/2	5910	1256	1342	100	3.83e-36
A200FVABXX:3:25:12128:183119#GGCTAC/1	87	87	1	smNRPS-1/2	5910	3198	3284	100	3.83e-36
A200FVABXX:3:25:12128:183119#GGCTAC/2	87	1	87	smNRPS-1/2	5910	2967	3053	100	3.83e-36
A200FVABXX:3:27:3088:105385#GGCTAC/1	87	87	1	smNRPS-1/2	5910	736	822	100	3.83e-36
A200FVABXX:3:28:2978:53488#GGCTAC/2	87	1	87	smNRPS-1/2	5910	5700	5786	100	3.83e-36
A200FVABXX:3:28:13394:127938#GGCTAC/2	87	1	87	smNRPS-1/2	5910	4036	4122	100	3.83e-36
A200FVABXX:3:28:7645:150650#GGCTAC/1	87	1	87	smNRPS-1/2	5910	668	754	100	3.83e-36
A200FVABXX:3:28:7645:150650#GGCTAC/2	87	87	1	smNRPS-1/2	5910	877	963	100	3.83e-36
A200FVABXX:3:41:14671:106059#GGCTAC/1	87	1	87	smNRPS-1/2	5910	678	764	100	3.83e-36
A200FVABXX:3:41:14671:106059#GGCTAC/2	87	87	1	smNRPS-1/2	5910	911	997	100	3.83e-36
A200FVABXX:3:41:17839:113208#GGCTAC/1	87	87	1	smNRPS-1/2	5910	2337	2423	100	3.83e-36
A200FVABXX:3:41:17839:113208#GGCTAC/2	87	1	87	smNRPS-1/2	5910	2133	2219	100	3.83e-36
A200FVABXX:3:42:17134:31622#GGCTAC/1	87	1	87	smNRPS-1/2	5910	4778	4864	100	3.83e-36
A200FVABXX:3:44:10153:55400#GGCTAC/2	87	1	87	smNRPS-1/2	5910	4069	4155	100	3.83e-36
A200FVABXX:3:44:12077:57344#GGCTAC/2	87	87	1	smNRPS-1/2	5910	5049	5135	100	3.83e-36
A200FVABXX:3:44:11403:94229#GGCTAC/1	87	87	1	smNRPS-1/2	5910	561	647	100	3.83e-36
A200FVABXX:3:45:5424:124961#GGCTAC/1	87	87	1	smNRPS-1/2	5910	5331	5417	100	3.83e-36
A200FVABXX:3:45:5424:124961#GGCTAC/2	87	1	87	smNRPS-1/2	5910	5113	5199	100	3.83e-36
A200FVABXX:3:46:11020:15208#GGCTAC/1	87	87	1	smNRPS-1/2	5910	1587	1673	100	3.83e-36
A200FVABXX:3:46:13644:82092#GGCTAC/2	87	87	1	smNRPS-1/2	5910	3766	3852	100	3.83e-36
A200FVABXX:3:46:17982:112033#GGCTAC/2	87	87	1	smNRPS-1/2	5910	761	847	100	3.83e-36
A200FVABXX:3:47:7982:137750#GGCTAC/2	87	1	87	smNRPS-1/2	5910	772	858	100	3.83e-36
A200FVABXX:3:48:5857:136880#GGCTAC/2	87	1	87	smNRPS-1/2	5910	2947	3033	100	3.83e-36
A200FVABXX:3:62:8452:74884#GGCTAC/2	87	1	87	smNRPS-1/2	5910	5833	5919	100	3.83e-36
A200FVABXX:3:62:15255:95780#GGCTAC/1	87	1	87	smNRPS-1/2	5910	2969	3055	100	3.83e-36
A200FVABXX:3:63:19576:75610#GGCTAC/1	87	1	87	smNRPS-1/2	5910	4508	4594	100	3.83e-36
A200FVABXX:3:64:6118:4925#GGCTAC/1	87	87	1	smNRPS-1/2	5910	2285	2371	100	3.83e-36
A200FVABXX:3:64:6118:4925#GGCTAC/2	87	1	87	smNRPS-1/2	5910	2067	2153	100	3.83e-36
A200FVABXX:3:64:13073:56029#GGCTAC/1	87	1	87	smNRPS-1/2	5910	917	1003	100	3.83e-36
A200FVABXX:3:64:10170:57160#GGCTAC/1	87	87	1	smNRPS-1/2	5910	2146	2232	100	3.83e-36
A200FVABXX:3:64:10170:57160#GGCTAC/2	87	1	87	smNRPS-1/2	5910	1914	2000	100	3.83e-36
A200FVABXX:3:65:7961:100167#GGCTAC/1	87	1	87	smNRPS-1/2	5910	5518	5604	100	3.83e-36
A200FVABXX:3:66:5325:38454#GGCTAC/1	87	1	87	smNRPS-1/2	5910	683	769	100	3.83e-36
A200FVABXX:3:66:5325:38454#GGCTAC/2	87	87	1	smNRPS-1/2	5910	891	977	100	3.83e-36
A200FVABXX:3:66:12695:142197#GGCTAC/1	87	1	87	smNRPS-1/2	5910	4217	4303	100	3.83e-36
A200FVABXX:3:67:19064:125359#GGCTAC/1	87	1	87	smNRPS-1/2	5910	5400	5486	100	3.83e-36
A200FVABXX:3:67:13010:157433#GGCTAC/2	87	87	1	smNRPS-1/2	5910	154	240	100	3.83e-36
A200FVABXX:3:68:3746:14907#GGCTAC/1	87	1	87	smNRPS-1/2	5910	291	377	100	3.83e-36
A200FVABXX:3:68:9746:49579#GGCTAC/2	87	87	1	smNRPS-1/2	5910	2102	2188	100	3.83e-36
A200FVABXX:3:68:7426:184195#GGCTAC/1	87	87	1	smNRPS-1/2	5910	3194	3280	100	3.83e-36
A200FVABXX:3:68:7426:184195#GGCTAC/2	87	1	87	smNRPS-1/2	5910	2976	3062	100	3.83e-36
B200YWABXX:2:1:14086:83448#GGCTACA/1	87	87	1	smNRPS-1/2	5910	4078	4164	100	3.83e-36
B200YWABXX:2:2:16203:25647#GGCTACA/1	87	87	1	smNRPS-1/2	5910	5794	5880	100	3.83e-36
B200YWABXX:2:2:8215:88251#GGCTACA/1	87	1	87	smNRPS-1/2	5910	5258	5344	100	3.83e-36
B200YWABXX:2:5:16049:74439#GGCTACA/2	87	87	1	smNRPS-1/2	5910	5778	5864	100	3.83e-36
B200YWABXX:2:5:13443:199810#GGCTACA/2	87	87	1	smNRPS-1/2	5910	802	888	100	3.83e-36
B200YWABXX:2:6:8386:51878#GGCTACA/2	87	1	87	smNRPS-1/2	5910	4771	4857	100	3.83e-36
B200YWABXX:2:6:13149:178981#GGCTACA/1	87	1	87	smNRPS-1/2	5910	2100	2186	100	3.83e-36
B200YWABXX:2:7:16162:4629#GGCTACA/2	87	1	87	smNRPS-1/2	5910	5285	5371	100	3.83e-36
B200YWABXX:2:7:9056:59237#GGCTACA/1	87	87	1	smNRPS-1/2	5910	751	837	100	3.83e-36
B200YWABXX:2:8:12753:57440#GGCTACA/1	87	87	1	smNRPS-1/2	5910	277	363	100	3.83e-36
B200YWABXX:2:8:5455:68819#GGCTACA/1	87	1	87	smNRPS-1/2	5910	739	825	100	3.83e-36
B200YWABXX:2:8:6820:115279#GGCTACA/2	87	1	87	smNRPS-1/2	5910	5257	5343	100	3.83e-36
B200YWABXX:2:21:12158:181940#GGCTACA/1	87	87	1	smNRPS-1/2	5910	3171	3257	100	3.83e-36
B200YWABXX:2:22:8264:111810#GGCTACA/2	87	1	87	smNRPS-1/2	5910	4781	4867	100	3.83e-36
B200YWABXX:2:25:6386:193768#GGCTACA/2	87	1	87	smNRPS-1/2	5910	769	855	100	3.83e-36
B200YWABXX:2:26:9300:170405#GGCTACA/1	87	1	87	smNRPS-1/2	5910	4545	4631	100	3.83e-36
B200YWABXX:2:27:4168:8496#GGCTACA/1	87	1	87	smNRPS-1/2	5910	5028	5114	100	3.83e-36
B200YWABXX:2:28:10340:134850#GGCTACA/1	87	87	1	smNRPS-1/2	5910	1576	1662	100	3.83e-36
B200YWABXX:2:42:10706:53401#GGCTACA/1	87	87	1	smNRPS-1/2	5910	754	840	100	3.83e-36
B200YWABXX:2:42:18449:72934#GGCTACA/2	87	1	87	smNRPS-1/2	5910	4038	4124	100	3.83e-36
B200YWABXX:2:42:20312:85125#GGCTACA/1	87	1	87	smNRPS-1/2	5910	3036	3122	100	3.83e-36
B200YWABXX:2:42:20312:85125#GGCTACA/2	87	87	1	smNRPS-1/2	5910	3235	3321	100	3.83e-36
B200YWABXX:2:42:9629:143851#GGCTACA/1	87	87	1	smNRPS-1/2	5910	1562	1648	100	3.83e-36
B200YWABXX:2:43:6730:9959#GGCTACA/1	87	87	1	smNRPS-1/2	5910	781	867	100	3.83e-36
B200YWABXX:2:43:6730:9959#GGCTACA/2	87	1	87	smNRPS-1/2	5910	553	639	100	3.83e-36
B200YWABXX:2:43:16909:22694#GGCTACA/1	87	1	87	smNRPS-1/2	5910	2955	3041	100	3.83e-36
B200YWABXX:2:43:16909:22694#GGCTACA/2	87	87	1	smNRPS-1/2	5910	3170	3256	100	3.83e-36
B200YWABXX:2:43:7708:45517#GGCTACA/2	87	87	1	smNRPS-1/2	5910	2165	2251	100	3.83e-36
B200YWABXX:2:43:8329:46745#GGCTACA/1	87	87	1	smNRPS-1/2	5910	2127	2213	100	3.83e-36
B200YWABXX:2:43:8329:46745#GGCTACA/2	87	1	87	smNRPS-1/2	5910	1908	1994	100	3.83e-36
B200YWABXX:2:44:18701:66716#GGCTACA/1	87	1	87	smNRPS-1/2	5910	4751	4837	100	3.83e-36
B200YWABXX:2:44:11699:76913#GGCTACA/1	87	1	87	smNRPS-1/2	5910	5216	5302	100	3.83e-36
B200YWABXX:2:44:11699:76913#GGCTACA/2	87	87	1	smNRPS-1/2	5910	5417	5503	100	3.83e-36
B200YWABXX:2:44:20107:167116#GGCTACA/1	87	1	87	smNRPS-1/2	5910	4040	4126	100	3.83e-36
B200YWABXX:2:45:19057:53933#GGCTACA/1	87	87	1	smNRPS-1/2	5910	2535	2621	100	3.83e-36
B200YWABXX:2:45:14286:166293#GGCTACA/2	87	1	87	smNRPS-1/2	5910	4786	4872	100	3.83e-36
B200YWABXX:2:45:20122:167021#GGCTACA/1	87	1	87	smNRPS-1/2	5910	5800	5886	100	3.83e-36
B200YWABXX:2:46:14917:26728#GGCTACA/2	87	1	87	smNRPS-1/2	5910	2181	2267	100	3.83e-36
B200YWABXX:2:62:6164:166117#GGCTACA/1	87	87	1	smNRPS-1/2	5910	3204	3290	100	3.83e-36
B200YWABXX:2:62:6164:166117#GGCTACA/2	87	1	87	smNRPS-1/2	5910	2980	3066	100	3.83e-36
B200YWABXX:2:64:5429:21528#GGCTACA/1	87	1	87	smNRPS-1/2	5910	2202	2288	100	3.83e-36
B200YWABXX:2:64:12082:189823#GGCTACA/2	87	1	87	smNRPS-1/2	5910	4783	4869	100	3.83e-36
B200YWABXX:2:65:14024:106576#GGCTACA/2	87	1	87	smNRPS-1/2	5910	831	917	100	3.83e-36
B200YWABXX:2:66:9154:27831#GGCTACA/2	87	1	87	smNRPS-1/2	5910	1633	1719	100	3.83e-36
B200YWABXX:2:66:7936:41858#GGCTACA/2	87	87	1	smNRPS-1/2	5910	1587	1673	100	3.83e-36
B200YWABXX:2:66:6558:90517#GGCTACA/1	87	87	1	smNRPS-1/2	5910	788	874	100	3.83e-36
B200YWABXX:2:66:6558:90517#GGCTACA/2	87	1	87	smNRPS-1/2	5910	583	669	100	3.83e-36
B200YWABXX:2:68:15473:141869#GGCTACA/2	87	87	1	smNRPS-1/2	5910	2239	2325	100	3.83e-36
A200FVABXX:3:27:11393:169708#GGCTAC/2	87	1	87	smNRPS-1/2	5910	3786	3872	100	3.83e-36
B200YWABXX:2:6:5737:78811#GGCTACA/1	87	1	87	smNRPS-1/2	5910	3468	3554	100	3.83e-36
B200YWABXX:2:45:21065:155232#GGCTACA/2	87	1	87	smNRPS-1/2	5910	3935	4021	100	3.83e-36
