FC615H2AAXX:6:50:11088:9456#CGATGT/1	44	44	1	smNRPS-1/2	5910	2712	2755	100	1.96e-12
FC615H2AAXX:6:45:12380:5761#CGATGT/2	72	72	1	smNRPS-1/2	5910	617	688	100	5.35e-28
FC615H2AAXX:6:22:9388:3529#CGATGT/1	39	39	1	smNRPS-1/2	5910	4161	4199	100	1.2e-9
FC615H2AAXX:6:44:4825:1670#CGATGT/2	46	46	1	smNRPS-1/2	5910	2699	2744	100	1.54e-13
FC615H2AAXX:6:58:7118:9256#CGATGT/2	49	1	49	smNRPS-1/2	5910	2700	2748	100	3.3e-15
FC615H2AAXX:6:18:17845:2676#CGATGT/2	57	3	57	smNRPS-1/2	5910	2452	2506	100	1.53e-18
FC615H2AAXX:6:52:6904:4385#CGATGT/1	56	56	1	smNRPS-1/2	5910	3005	3060	100	4.24e-19
FC615H2AAXX:6:45:12380:5761#CGATGT/1	66	66	1	smNRPS-1/2	5910	5497	5562	98.485	5.45e-23
FC615H2AAXX:6:58:7118:9256#CGATGT/1	65	65	1	smNRPS-1/2	5910	2968	3032	100	4.21e-24
FC615H2AAXX:6:18:18817:1252#CGATGT/1	66	66	1	smNRPS-1/2	5910	2296	2361	100	1.17e-24
FC615H2AAXX:6:104:12380:18545#CGATGT/1	69	1	69	smNRPS-1/2	5910	2822	2890	98.551	1.17e-24
FC615H2AAXX:6:22:9388:3529#CGATGT/2	71	1	71	smNRPS-1/2	5910	3900	3970	98.592	9.06e-26
FC615H2AAXX:6:111:5053:6567#CGATGT/2	68	68	1	smNRPS-1/2	5910	5538	5605	100	9.06e-26
FC615H2AAXX:6:18:17845:2676#CGATGT/1	69	69	1	smNRPS-1/2	5910	2698	2766	100	2.52e-26
FC615H2AAXX:6:32:14938:2179#CGATGT/2	72	1	72	smNRPS-1/2	5910	4735	4806	98.611	2.52e-26
FC615H2AAXX:6:44:4825:1670#CGATGT/1	69	1	69	smNRPS-1/2	5910	2444	2512	100	2.52e-26
FC615H2AAXX:6:45:17741:10536#CGATGT/1	69	69	1	smNRPS-1/2	5910	5536	5604	100	2.52e-26
FC615H2AAXX:6:60:7916:20950#CGATGT/1	69	1	69	smNRPS-1/2	5910	4655	4723	100	2.52e-26
FC615H2AAXX:6:70:14049:17769#CGATGT/1	69	69	1	smNRPS-1/2	5910	149	217	100	2.52e-26
FC615H2AAXX:6:78:13171:2836#CGATGT/1	69	69	1	smNRPS-1/2	5910	2739	2807	100	2.52e-26
FC615H2AAXX:6:87:10783:9693#CGATGT/1	69	69	1	smNRPS-1/2	5910	5337	5405	100	2.52e-26
FC615H2AAXX:6:88:13430:10655#CGATGT/1	69	1	69	smNRPS-1/2	5910	3358	3426	100	2.52e-26
FC615H2AAXX:6:88:13430:10655#CGATGT/2	72	72	1	smNRPS-1/2	5910	3603	3674	98.611	2.52e-26
FC615H2AAXX:6:105:11576:7506#CGATGT/1	69	69	1	smNRPS-1/2	5910	2394	2462	100	2.52e-26
FC615H2AAXX:6:111:5053:6567#CGATGT/1	69	1	69	smNRPS-1/2	5910	5304	5372	100	2.52e-26
FC615H2AAXX:6:9:10258:8662#CGATGT/2	72	72	1	smNRPS-1/2	5910	3169	3240	100	5.41e-28
FC615H2AAXX:6:45:17741:10536#CGATGT/2	72	1	72	smNRPS-1/2	5910	5303	5374	100	5.41e-28
FC615H2AAXX:6:50:11088:9456#CGATGT/2	72	72	1	smNRPS-1/2	5910	3459	3530	100	5.41e-28
FC615H2AAXX:6:52:6904:4385#CGATGT/2	72	1	72	smNRPS-1/2	5910	2754	2825	100	5.41e-28
FC615H2AAXX:6:78:13171:2836#CGATGT/2	72	1	72	smNRPS-1/2	5910	2491	2562	100	5.41e-28
FC615H2AAXX:6:87:10783:9693#CGATGT/2	72	1	72	smNRPS-1/2	5910	5123	5194	100	5.41e-28
FC615H2AAXX:6:104:12380:18545#CGATGT/2	72	72	1	smNRPS-1/2	5910	3008	3079	100	5.41e-28
FC615H2AAXX:6:105:11576:7506#CGATGT/2	72	1	72	smNRPS-1/2	5910	2136	2207	100	5.41e-28
FC615H2AAXX:6:58:4249:8236#CGATGT/2	72	72	1	smNRPS-1/2	5910	2454	2525	100	5.41e-28
