A2026YABXX:2:61:1709:148695#CGATGTA/1	55	1	55	smNRPS-1/2	5910	2665	2719	100	2.87e-18
A2026YABXX:2:25:15549:28197#CGATGTA/2	90	23	90	smNRPS-1/2	5910	6	73	95.588	1.72e-20
A2026YABXX:2:62:18846:17158#CGATGTA/2	80	80	1	smNRPS-1/2	5910	94	173	97.5	7.88e-29
A2026YABXX:2:6:9954:183388#CGATGTA/2	80	80	1	smNRPS-1/2	5910	3393	3472	100	3.64e-32
A2026YABXX:2:7:19031:23676#CGATGTC/2	84	84	1	smNRPS-1/2	5910	1292	1376	98.824	1.01e-32
B201LRABXX:6:68:2993:122122#CGATGTA/2	90	90	3	smNRPS-1/2	5910	5788	5875	100	1.3e-36
B201LRABXX:6:68:2993:122122#CGATGTA/1	90	1	90	smNRPS-1/2	5910	5539	5628	100	1e-37
A2026YABXX:2:7:19031:23676#CGATGTC/1	90	1	90	smNRPS-1/2	5910	1046	1135	100	1e-37
A2026YABXX:2:22:10289:157244#CGATGTA/1	78	78	1	smNRPS-1/2	5910	3556	3633	97.436	1.03e-27
A2026YABXX:2:8:9706:20663#CGATGTA/1	90	90	1	smNRPS-1/2	5910	3544	3633	97.778	2.2e-34
A2026YABXX:2:25:15549:28197#CGATGTA/1	90	1	90	smNRPS-1/2	5910	5627	5716	97.778	2.2e-34
A2026YABXX:2:8:9706:20663#CGATGTA/2	86	1	86	smNRPS-1/2	5910	3307	3392	100	1.7000000000000001e-35
A2026YABXX:2:23:10161:25223#CGATGTA/1	90	90	1	smNRPS-1/2	5910	1831	1920	98.889	4.73e-36
A2026YABXX:2:65:4221:191549#CGATGTA/1	90	90	1	smNRPS-1/2	5910	5290	5379	98.889	4.73e-36
B201LRABXX:6:26:10427:142627#CGATGTA/2	90	1	90	smNRPS-1/2	5910	5713	5802	100	1.02e-37
A2026YABXX:2:22:10289:157244#CGATGTA/2	90	1	90	smNRPS-1/2	5910	3307	3396	100	1.02e-37
A2026YABXX:2:23:10161:25223#CGATGTA/2	90	1	90	smNRPS-1/2	5910	1597	1686	100	1.02e-37
A2026YABXX:2:65:4221:191549#CGATGTA/2	90	1	90	smNRPS-1/2	5910	5052	5141	100	1.02e-37
