FC61FL8AAXX:4:29:3843:8281#CAGATC/2	71	1	39	smNRPS-1/2	5910	5837	5875	100	1.08e-9
FC617A9AAXX:8:11:15071:11854#0/1	71	1	40	smNRPS-1/2	5910	5836	5875	100	3e-10
FC617A9AAXX:8:84:9757:14219#0/1	71	1	45	smNRPS-1/2	5910	5831	5875	100	4.98e-13
FC617A9AAXX:8:119:3825:13147#0/1	48	48	1	smNRPS-1/2	5910	2714	2761	100	1.07e-14
FC617A9AAXX:8:4:1500:14971#0/1	48	48	1	smNRPS-1/2	5910	1872	1919	100	1.07e-14
FC61FL8AAXX:4:27:1859:18118#CAGATC/1	69	1	55	smNRPS-1/2	5910	5821	5875	100	1.37e-18
FC617A9AAXX:8:76:5844:14248#0/1	59	59	1	smNRPS-1/2	5910	1245	1303	100	8.21e-21
FC61FL8AAXX:4:22:19704:13701#CAGATC/1	69	1	69	smNRPS-1/2	5910	5779	5847	98.551	1.05e-24
FC61FL8AAXX:4:26:3418:3550#CAGATC/1	66	1	66	smNRPS-1/2	5910	1863	1928	100	1.05e-24
FC617A9AAXX:8:65:9481:12880#0/1	71	71	1	smNRPS-1/2	5910	1189	1259	98.592	8.15e-26
FC617A9AAXX:8:53:3103:14747#0/1	71	71	1	smNRPS-1/2	5910	432	502	98.592	8.15e-26
FC617A9AAXX:8:26:5764:15031#0/1	71	1	71	smNRPS-1/2	5910	442	512	98.592	8.15e-26
FC617A9AAXX:8:72:1262:5847#0/2	71	71	1	smNRPS-1/2	5910	437	507	98.592	8.15e-26
FC61FL8AAXX:4:14:3359:6430#CAGATC/1	69	1	69	smNRPS-1/2	5910	2686	2754	100	2.27e-26
FC617A9AAXX:8:90:18357:14404#0/1	71	1	71	smNRPS-1/2	5910	5045	5115	100	1.75e-27
FC617A9AAXX:8:43:13749:9416#0/1	66	32	66	smNRPS-1/2	5910	1	35	100	1.82e-7
FC617A9AAXX:8:10:5094:12308#0/1	43	1	43	smNRPS-1/2	5910	5822	5864	95.349	1.41e-8
FC617A9AAXX:8:4:13858:14512#0/2	39	1	39	smNRPS-1/2	5910	2163	2201	100	1.09e-9
FC617A9AAXX:8:53:14703:1053#0/1	40	40	1	smNRPS-1/2	5910	3453	3492	100	3.03e-10
FC617A9AAXX:8:117:7478:8473#0/2	40	40	1	smNRPS-1/2	5910	1153	1192	100	3.03e-10
FC617A9AAXX:8:69:4293:14178#0/2	40	40	1	smNRPS-1/2	5910	5090	5129	100	3.03e-10
FC617A9AAXX:8:85:9371:18491#0/1	40	40	1	smNRPS-1/2	5910	2140	2179	100	3.03e-10
FC617A9AAXX:8:49:13646:20627#0/2	41	1	41	smNRPS-1/2	5910	903	943	100	8.43e-11
FC617A9AAXX:8:105:14027:1801#0/2	41	41	1	smNRPS-1/2	5910	4513	4553	100	8.43e-11
FC617A9AAXX:8:118:4688:1599#0/1	41	1	41	smNRPS-1/2	5910	2995	3035	100	8.43e-11
FC617A9AAXX:8:70:15218:15393#0/1	41	41	1	smNRPS-1/2	5910	5512	5552	100	8.43e-11
FC617A9AAXX:8:28:7568:18363#0/2	42	1	42	smNRPS-1/2	5910	1237	1278	100	2.34e-11
FC617A9AAXX:8:61:8718:17701#0/1	42	1	42	smNRPS-1/2	5910	5161	5202	100	2.34e-11
FC617A9AAXX:8:119:3904:7387#0/2	42	42	1	smNRPS-1/2	5910	5404	5445	100	2.34e-11
FC617A9AAXX:8:66:1595:15642#0/2	43	1	43	smNRPS-1/2	5910	2540	2582	100	6.52e-12
FC617A9AAXX:8:73:14253:11043#0/1	44	1	44	smNRPS-1/2	5910	2539	2582	100	1.81e-12
FC617A9AAXX:8:109:13709:1259#0/1	44	1	44	smNRPS-1/2	5910	4736	4779	100	1.81e-12
FC617A9AAXX:8:13:6893:11076#0/1	48	1	48	smNRPS-1/2	5910	2596	2643	97.917	5.04e-13
FC617A9AAXX:8:49:15913:13836#0/2	71	27	71	smNRPS-1/2	5910	1	45	100	5.04e-13
FC617A9AAXX:8:77:8269:5469#0/1	45	45	1	smNRPS-1/2	5910	5833	5877	100	5.04e-13
FC617A9AAXX:8:98:15085:2706#0/2	45	45	1	smNRPS-1/2	5910	5637	5681	100	5.04e-13
FC617A9AAXX:8:12:9749:20933#0/2	45	1	45	smNRPS-1/2	5910	4336	4380	100	5.04e-13
FC617A9AAXX:8:77:4647:19071#0/2	45	1	45	smNRPS-1/2	5910	4072	4116	100	5.04e-13
FC617A9AAXX:8:2:15767:20674#0/2	52	52	1	smNRPS-1/2	5910	3989	4040	96.154	1.4e-13
FC617A9AAXX:8:28:3984:2061#0/1	46	46	1	smNRPS-1/2	5910	2615	2660	100	1.4e-13
FC617A9AAXX:8:49:15913:13836#0/1	46	46	1	smNRPS-1/2	5910	246	291	100	1.4e-13
FC617A9AAXX:8:53:14703:1053#0/2	46	1	46	smNRPS-1/2	5910	3174	3219	100	1.4e-13
FC617A9AAXX:8:60:13861:4320#0/2	46	1	46	smNRPS-1/2	5910	2535	2580	100	1.4e-13
FC617A9AAXX:8:63:2132:17953#0/1	46	1	46	smNRPS-1/2	5910	5113	5158	100	1.4e-13
FC617A9AAXX:8:72:10213:6166#0/1	46	46	1	smNRPS-1/2	5910	2360	2405	100	1.4e-13
FC617A9AAXX:8:93:16522:11779#0/2	46	46	1	smNRPS-1/2	5910	5657	5702	100	1.4e-13
FC617A9AAXX:8:95:19086:3328#0/1	46	1	46	smNRPS-1/2	5910	622	667	100	1.4e-13
FC617A9AAXX:8:105:14027:1801#0/1	46	1	46	smNRPS-1/2	5910	4234	4279	100	1.4e-13
FC617A9AAXX:8:110:1456:3192#0/2	46	46	1	smNRPS-1/2	5910	1998	2043	100	1.4e-13
FC617A9AAXX:8:111:8140:2382#0/2	46	46	1	smNRPS-1/2	5910	2681	2726	100	1.4e-13
FC617A9AAXX:8:117:7478:8473#0/1	46	1	46	smNRPS-1/2	5910	895	940	100	1.4e-13
FC617A9AAXX:8:100:1440:13458#0/2	46	1	46	smNRPS-1/2	5910	2400	2445	100	1.4e-13
FC617A9AAXX:8:1:16371:6758#0/2	46	1	46	smNRPS-1/2	5910	2537	2582	100	1.4e-13
FC617A9AAXX:8:39:4799:13111#0/1	46	1	46	smNRPS-1/2	5910	5012	5057	100	1.4e-13
FC617A9AAXX:8:12:18905:3554#0/1	47	1	47	smNRPS-1/2	5910	5075	5121	100	3.89e-14
FC617A9AAXX:8:89:5370:10767#0/2	48	48	1	smNRPS-1/2	5910	2616	2663	100	1.08e-14
FC617A9AAXX:8:3:12295:6296#0/1	48	48	1	smNRPS-1/2	5910	2662	2709	100	1.08e-14
FC617A9AAXX:8:16:2758:11271#0/1	51	3	51	smNRPS-1/2	5910	4023	4071	100	3.01e-15
FC617A9AAXX:8:23:9970:4885#0/1	49	49	1	smNRPS-1/2	5910	3682	3730	100	3.01e-15
FC617A9AAXX:8:43:13208:2805#0/1	49	49	1	smNRPS-1/2	5910	1998	2046	100	3.01e-15
FC617A9AAXX:8:45:5908:19529#0/2	49	1	49	smNRPS-1/2	5910	1607	1655	100	3.01e-15
FC617A9AAXX:8:45:8067:19078#0/1	49	1	49	smNRPS-1/2	5910	1312	1360	100	3.01e-15
FC617A9AAXX:8:15:12891:3160#0/2	50	1	50	smNRPS-1/2	5910	5197	5246	100	8.37e-16
FC617A9AAXX:8:28:14079:15037#0/1	50	50	1	smNRPS-1/2	5910	1503	1552	100	8.37e-16
FC617A9AAXX:8:54:14003:14605#0/2	50	50	1	smNRPS-1/2	5910	170	219	100	8.37e-16
FC617A9AAXX:8:74:14689:9144#0/1	50	50	1	smNRPS-1/2	5910	2697	2746	100	8.37e-16
FC617A9AAXX:8:82:2609:3558#0/2	50	50	1	smNRPS-1/2	5910	5044	5093	100	8.37e-16
FC617A9AAXX:8:105:12119:20291#0/1	50	1	50	smNRPS-1/2	5910	903	952	100	8.37e-16
FC617A9AAXX:8:107:10061:12241#0/2	50	50	1	smNRPS-1/2	5910	5738	5787	100	8.37e-16
FC617A9AAXX:8:118:4688:1599#0/2	50	50	1	smNRPS-1/2	5910	3258	3307	100	8.37e-16
FC61FL8AAXX:4:39:11590:17546#CAGATC/1	50	1	50	smNRPS-1/2	5910	1547	1596	100	8.37e-16
FC61FL8AAXX:4:49:15512:9379#CAGATC/2	64	15	64	smNRPS-1/2	5910	1	50	100	8.37e-16
FC61FL8AAXX:4:90:18181:16146#CAGATC/1	50	1	50	smNRPS-1/2	5910	1095	1144	100	8.37e-16
FC617A9AAXX:8:1:14323:3579#0/2	50	50	1	smNRPS-1/2	5910	568	617	100	8.37e-16
FC617A9AAXX:8:63:4934:5542#0/1	53	53	1	smNRPS-1/2	5910	5305	5357	98.113	8.37e-16
FC617A9AAXX:8:81:3361:13405#0/1	50	1	50	smNRPS-1/2	5910	1408	1457	100	8.37e-16
FC617A9AAXX:8:14:8088:1140#0/1	56	3	56	smNRPS-1/2	5910	1561	1614	98.148	2.33e-16
FC617A9AAXX:8:63:4776:18551#0/2	51	1	51	smNRPS-1/2	5910	1002	1052	100	2.33e-16
FC617A9AAXX:8:97:15936:18167#0/1	51	1	51	smNRPS-1/2	5910	1054	1104	100	2.33e-16
FC617A9AAXX:8:102:13350:13321#0/2	51	51	1	smNRPS-1/2	5910	1268	1318	100	2.33e-16
FC617A9AAXX:8:104:18528:20613#0/1	51	1	51	smNRPS-1/2	5910	607	657	100	2.33e-16
FC617A9AAXX:8:105:12119:20291#0/2	51	51	1	smNRPS-1/2	5910	1186	1236	100	2.33e-16
FC61FL8AAXX:4:21:14605:3659#CAGATC/1	51	1	51	smNRPS-1/2	5910	2528	2578	100	2.33e-16
FC617A9AAXX:8:65:12569:13947#0/1	51	1	51	smNRPS-1/2	5910	4704	4754	100	2.33e-16
FC617A9AAXX:8:59:6771:2068#0/2	51	51	1	smNRPS-1/2	5910	1857	1907	100	2.33e-16
FC617A9AAXX:8:61:5120:21017#0/2	51	1	51	smNRPS-1/2	5910	2307	2357	100	2.33e-16
FC617A9AAXX:8:120:4480:15437#0/2	51	1	51	smNRPS-1/2	5910	3878	3928	100	2.33e-16
FC617A9AAXX:8:31:6043:14686#0/2	52	1	52	smNRPS-1/2	5910	2960	3011	100	6.47e-17
FC617A9AAXX:8:50:2722:18393#0/2	52	52	1	smNRPS-1/2	5910	4948	4999	100	6.47e-17
FC617A9AAXX:8:106:14222:2106#0/1	52	52	1	smNRPS-1/2	5910	2529	2580	100	6.47e-17
FC617A9AAXX:8:28:11061:2742#0/1	55	1	55	smNRPS-1/2	5910	4530	4584	98.182	6.47e-17
FC617A9AAXX:8:6:8652:10876#0/2	56	1	56	smNRPS-1/2	5910	895	950	98.214	1.8e-17
FC617A9AAXX:8:23:12484:14825#0/1	56	56	1	smNRPS-1/2	5910	5310	5365	98.214	1.8e-17
FC617A9AAXX:8:70:19755:9070#0/2	56	56	1	smNRPS-1/2	5910	3049	3104	98.214	1.8e-17
FC617A9AAXX:8:83:15456:1582#0/2	53	53	1	smNRPS-1/2	5910	5315	5367	100	1.8e-17
FC617A9AAXX:8:104:1991:11615#0/1	53	1	53	smNRPS-1/2	5910	2387	2439	100	1.8e-17
FC61FL8AAXX:4:28:4211:17740#CAGATC/1	56	1	56	smNRPS-1/2	5910	2570	2625	98.214	1.8e-17
FC617A9AAXX:8:88:11807:13419#0/1	53	1	53	smNRPS-1/2	5910	5035	5087	100	1.8e-17
FC617A9AAXX:8:43:13749:9416#0/2	54	54	1	smNRPS-1/2	5910	248	301	100	5e-18
FC617A9AAXX:8:65:9481:12880#0/2	57	57	1	smNRPS-1/2	5910	4936	4992	98.246	5e-18
FC617A9AAXX:8:83:15456:1582#0/1	54	1	54	smNRPS-1/2	5910	5062	5115	100	5e-18
FC617A9AAXX:8:89:5370:10767#0/1	54	1	54	smNRPS-1/2	5910	2343	2396	100	5e-18
FC617A9AAXX:8:104:1991:11615#0/2	54	54	1	smNRPS-1/2	5910	2644	2697	100	5e-18
FC617A9AAXX:8:104:18528:20613#0/2	54	54	1	smNRPS-1/2	5910	864	917	100	5e-18
FC617A9AAXX:8:3:5764:20482#0/1	54	1	54	smNRPS-1/2	5910	2420	2473	100	5e-18
FC617A9AAXX:8:71:10616:12613#0/1	54	54	1	smNRPS-1/2	5910	1872	1925	100	5e-18
FC617A9AAXX:8:106:8181:7907#0/2	60	1	60	smNRPS-1/2	5910	4964	5023	96.667	5e-18
FC617A9AAXX:8:57:1294:20876#0/2	55	55	1	smNRPS-1/2	5910	5332	5386	100	1.39e-18
FC617A9AAXX:8:63:13362:12834#0/2	55	55	1	smNRPS-1/2	5910	402	456	100	1.39e-18
FC617A9AAXX:8:72:2270:3407#0/1	55	1	55	smNRPS-1/2	5910	5387	5441	100	1.39e-18
FC617A9AAXX:8:82:2609:3558#0/1	55	1	55	smNRPS-1/2	5910	4775	4829	100	1.39e-18
FC617A9AAXX:8:7:18393:3005#0/1	55	55	1	smNRPS-1/2	5910	261	315	100	1.39e-18
FC617A9AAXX:8:116:8747:11460#0/2	55	55	1	smNRPS-1/2	5910	4293	4347	100	1.39e-18
FC617A9AAXX:8:28:6889:20402#0/1	56	1	56	smNRPS-1/2	5910	5090	5145	100	3.87e-19
FC617A9AAXX:8:35:11012:1500#0/1	56	56	1	smNRPS-1/2	5910	2682	2737	100	3.87e-19
FC617A9AAXX:8:62:4952:18904#0/1	56	56	1	smNRPS-1/2	5910	3695	3750	100	3.87e-19
FC617A9AAXX:8:73:8931:6463#0/1	56	1	56	smNRPS-1/2	5910	5088	5143	100	3.87e-19
FC617A9AAXX:8:99:3689:2788#0/2	56	56	1	smNRPS-1/2	5910	2317	2372	100	3.87e-19
FC617A9AAXX:8:108:13582:13474#0/1	56	1	56	smNRPS-1/2	5910	601	656	100	3.87e-19
FC617A9AAXX:8:108:13582:13474#0/2	56	56	1	smNRPS-1/2	5910	862	917	100	3.87e-19
FC617A9AAXX:8:110:16900:15562#0/1	56	56	1	smNRPS-1/2	5910	1574	1629	100	3.87e-19
FC617A9AAXX:8:110:16900:15562#0/2	56	1	56	smNRPS-1/2	5910	1306	1361	100	3.87e-19
FC617A9AAXX:8:74:14689:9144#0/2	58	1	58	smNRPS-1/2	5910	2426	2483	100	2.99e-20
FC617A9AAXX:8:75:8210:20321#0/1	58	1	58	smNRPS-1/2	5910	5845	5902	100	2.99e-20
FC617A9AAXX:8:119:3904:7387#0/1	58	1	58	smNRPS-1/2	5910	5145	5202	100	2.99e-20
FC617A9AAXX:8:11:11036:18085#0/1	59	1	59	smNRPS-1/2	5910	5864	5922	100	8.31e-21
FC617A9AAXX:8:24:2251:19025#0/2	59	1	59	smNRPS-1/2	5910	210	268	100	8.31e-21
FC617A9AAXX:8:25:3753:5796#0/2	59	59	1	smNRPS-1/2	5910	5835	5893	100	8.31e-21
FC617A9AAXX:8:72:10213:6166#0/2	59	1	59	smNRPS-1/2	5910	2079	2137	100	8.31e-21
FC617A9AAXX:8:81:7171:10884#0/2	59	1	59	smNRPS-1/2	5910	413	471	100	8.31e-21
FC617A9AAXX:8:100:13817:17649#0/2	59	59	1	smNRPS-1/2	5910	669	727	100	8.31e-21
FC617A9AAXX:8:102:13350:13321#0/1	59	1	59	smNRPS-1/2	5910	991	1049	100	8.31e-21
FC617A9AAXX:8:108:8760:8883#0/1	59	1	59	smNRPS-1/2	5910	3186	3244	100	8.31e-21
FC617A9AAXX:8:109:11831:3348#0/1	59	1	59	smNRPS-1/2	5910	2460	2518	100	8.31e-21
FC617A9AAXX:8:2:15767:20674#0/1	60	1	60	smNRPS-1/2	5910	3726	3785	100	2.31e-21
FC617A9AAXX:8:25:14854:1244#0/1	66	63	1	smNRPS-1/2	5910	3150	3212	98.413	2.31e-21
FC617A9AAXX:8:36:6447:16633#0/2	60	60	1	smNRPS-1/2	5910	568	627	100	2.31e-21
FC617A9AAXX:8:41:5218:10878#0/1	60	60	1	smNRPS-1/2	5910	4691	4750	100	2.31e-21
FC617A9AAXX:8:44:4955:10467#0/1	60	60	1	smNRPS-1/2	5910	5008	5067	100	2.31e-21
FC617A9AAXX:8:45:11977:10865#0/2	60	1	60	smNRPS-1/2	5910	2473	2532	100	2.31e-21
FC617A9AAXX:8:106:14222:2106#0/2	60	1	60	smNRPS-1/2	5910	2259	2318	100	2.31e-21
FC617A9AAXX:8:112:9422:3248#0/1	60	1	60	smNRPS-1/2	5910	5097	5156	100	2.31e-21
FC61FL8AAXX:4:106:16436:17516#CAGATC/1	60	60	1	smNRPS-1/2	5910	3788	3847	100	2.31e-21
FC617A9AAXX:8:96:15977:7253#0/1	60	1	60	smNRPS-1/2	5910	2343	2402	100	2.31e-21
FC617A9AAXX:8:66:3715:11905#0/1	60	1	60	smNRPS-1/2	5910	834	893	100	2.31e-21
FC617A9AAXX:8:94:3342:16466#0/2	60	1	60	smNRPS-1/2	5910	486	545	100	2.31e-21
FC617A9AAXX:8:29:11415:12123#0/2	61	1	61	smNRPS-1/2	5910	5495	5555	100	6.42e-22
FC617A9AAXX:8:36:6447:16633#0/1	61	1	61	smNRPS-1/2	5910	316	376	100	6.42e-22
FC617A9AAXX:8:51:4865:7688#0/1	61	1	61	smNRPS-1/2	5910	3420	3480	100	6.42e-22
FC617A9AAXX:8:57:12992:10302#0/1	61	61	1	smNRPS-1/2	5910	5315	5375	100	6.42e-22
FC617A9AAXX:8:57:12992:10302#0/2	64	1	64	smNRPS-1/2	5910	5051	5114	98.438	6.42e-22
FC617A9AAXX:8:59:3669:19191#0/2	61	1	61	smNRPS-1/2	5910	5862	5922	100	6.42e-22
FC617A9AAXX:8:60:13861:4320#0/1	61	61	1	smNRPS-1/2	5910	2790	2850	100	6.42e-22
FC617A9AAXX:8:79:9290:11286#0/2	61	61	1	smNRPS-1/2	5910	3376	3436	100	6.42e-22
FC617A9AAXX:8:93:12070:12495#0/2	61	1	61	smNRPS-1/2	5910	2949	3009	100	6.42e-22
FC617A9AAXX:8:95:19086:3328#0/2	61	61	1	smNRPS-1/2	5910	885	945	100	6.42e-22
FC617A9AAXX:8:97:15936:18167#0/2	61	61	1	smNRPS-1/2	5910	1319	1379	100	6.42e-22
FC617A9AAXX:8:98:15085:2706#0/1	61	1	61	smNRPS-1/2	5910	5357	5417	100	6.42e-22
FC617A9AAXX:8:106:19560:6104#0/1	61	61	1	smNRPS-1/2	5910	307	367	100	6.42e-22
FC617A9AAXX:8:109:11831:3348#0/2	61	61	1	smNRPS-1/2	5910	2698	2758	100	6.42e-22
FC61FL8AAXX:4:119:19388:12658#CAGATC/2	61	1	61	smNRPS-1/2	5910	3603	3663	100	6.42e-22
FC617A9AAXX:8:82:9160:20378#0/1	61	61	1	smNRPS-1/2	5910	3256	3316	100	6.42e-22
FC617A9AAXX:8:6:14535:6796#0/1	62	1	62	smNRPS-1/2	5910	3171	3232	100	1.79e-22
FC617A9AAXX:8:74:16787:2831#0/2	71	1	71	smNRPS-1/2	5910	1130	1200	95.775	1.79e-22
FC617A9AAXX:8:97:2007:5344#0/2	62	1	62	smNRPS-1/2	5910	145	206	100	1.79e-22
FC61FL8AAXX:4:64:10908:1708#CAGATC/2	71	71	1	smNRPS-1/2	5910	5620	5690	95.775	1.79e-22
FC617A9AAXX:8:84:2139:3780#0/1	71	1	71	smNRPS-1/2	5910	4548	4618	95.775	1.79e-22
FC617A9AAXX:8:57:1294:20876#0/1	63	1	63	smNRPS-1/2	5910	5081	5143	100	4.97e-23
FC617A9AAXX:8:81:7171:10884#0/1	63	63	1	smNRPS-1/2	5910	670	732	100	4.97e-23
FC617A9AAXX:8:109:14087:12893#0/2	66	66	1	smNRPS-1/2	5910	4948	5013	98.485	4.97e-23
FC617A9AAXX:8:81:9122:17517#0/1	66	1	66	smNRPS-1/2	5910	1745	1810	98.485	4.97e-23
FC617A9AAXX:8:14:7600:17070#0/1	64	1	64	smNRPS-1/2	5910	1092	1155	100	1.38e-23
FC617A9AAXX:8:35:11012:1500#0/2	64	1	64	smNRPS-1/2	5910	2414	2477	100	1.38e-23
FC617A9AAXX:8:40:2557:20421#0/1	64	64	1	smNRPS-1/2	5910	3788	3851	100	1.38e-23
FC617A9AAXX:8:73:7702:1765#0/2	64	64	1	smNRPS-1/2	5910	3075	3138	100	1.38e-23
FC617A9AAXX:8:80:18826:5400#0/2	64	64	1	smNRPS-1/2	5910	3335	3398	100	1.38e-23
FC617A9AAXX:8:94:3041:19952#0/2	64	1	64	smNRPS-1/2	5910	5756	5819	100	1.38e-23
FC617A9AAXX:8:118:18278:2747#0/2	64	1	64	smNRPS-1/2	5910	4225	4288	100	1.38e-23
FC617A9AAXX:8:67:3073:14975#0/1	64	1	64	smNRPS-1/2	5910	1200	1263	100	1.38e-23
FC617A9AAXX:8:11:3694:20600#0/2	65	65	1	smNRPS-1/2	5910	356	420	100	3.84e-24
FC617A9AAXX:8:28:14079:15037#0/2	65	1	65	smNRPS-1/2	5910	1228	1292	100	3.84e-24
FC617A9AAXX:8:48:11824:10625#0/2	71	1	71	smNRPS-1/2	5910	5852	5922	97.183	3.84e-24
FC617A9AAXX:8:73:10468:12708#0/1	71	71	1	smNRPS-1/2	5910	5540	5610	97.183	3.84e-24
FC617A9AAXX:8:85:3902:10266#0/2	65	1	65	smNRPS-1/2	5910	1414	1478	100	3.84e-24
FC617A9AAXX:8:112:18859:13829#0/2	65	1	65	smNRPS-1/2	5910	3131	3195	100	3.84e-24
FC61FL8AAXX:4:64:6999:2725#CAGATC/1	65	65	1	smNRPS-1/2	5910	3960	4024	100	3.84e-24
FC61FL8AAXX:4:75:9753:3148#CAGATC/1	65	1	65	smNRPS-1/2	5910	5187	5251	100	3.84e-24
FC617A9AAXX:8:13:17463:1652#0/1	65	1	65	smNRPS-1/2	5910	2299	2363	100	3.84e-24
FC617A9AAXX:8:81:6017:5150#0/1	71	71	1	smNRPS-1/2	5910	1279	1349	97.183	3.84e-24
FC617A9AAXX:8:87:12376:17444#0/2	71	71	1	smNRPS-1/2	5910	1279	1349	97.183	3.84e-24
FC617A9AAXX:8:96:1958:7490#0/1	71	71	1	smNRPS-1/2	5910	2736	2806	97.183	3.84e-24
FC617A9AAXX:8:119:18092:14392#0/1	65	65	1	smNRPS-1/2	5910	1837	1901	100	3.84e-24
FC617A9AAXX:8:4:12676:4747#0/1	66	66	1	smNRPS-1/2	5910	1047	1112	100	1.07e-24
FC617A9AAXX:8:6:8652:10876#0/1	66	66	1	smNRPS-1/2	5910	1154	1219	100	1.07e-24
FC617A9AAXX:8:20:10342:1723#0/1	66	1	66	smNRPS-1/2	5910	1538	1603	100	1.07e-24
FC617A9AAXX:8:28:7568:18363#0/1	66	66	1	smNRPS-1/2	5910	1506	1571	100	1.07e-24
FC617A9AAXX:8:49:13646:20627#0/1	66	66	1	smNRPS-1/2	5910	1155	1220	100	1.07e-24
FC617A9AAXX:8:57:17109:7773#0/2	66	1	66	smNRPS-1/2	5910	538	603	100	1.07e-24
FC617A9AAXX:8:59:11195:9979#0/2	66	1	66	smNRPS-1/2	5910	701	766	100	1.07e-24
FC617A9AAXX:8:63:4776:18551#0/1	66	66	1	smNRPS-1/2	5910	1273	1338	100	1.07e-24
FC617A9AAXX:8:69:13057:7848#0/2	66	1	66	smNRPS-1/2	5910	499	564	100	1.07e-24
FC617A9AAXX:8:72:2270:3407#0/2	66	66	1	smNRPS-1/2	5910	5648	5713	100	1.07e-24
FC617A9AAXX:8:73:8015:3672#0/1	66	66	1	smNRPS-1/2	5910	252	317	100	1.07e-24
FC617A9AAXX:8:85:3902:10266#0/1	66	66	1	smNRPS-1/2	5910	1652	1717	100	1.07e-24
FC617A9AAXX:8:93:15899:6158#0/1	66	1	66	smNRPS-1/2	5910	1427	1492	100	1.07e-24
FC617A9AAXX:8:93:15899:6158#0/2	66	66	1	smNRPS-1/2	5910	1689	1754	100	1.07e-24
FC617A9AAXX:8:97:2007:5344#0/1	66	66	1	smNRPS-1/2	5910	397	462	100	1.07e-24
FC617A9AAXX:8:108:8760:8883#0/2	66	66	1	smNRPS-1/2	5910	3450	3515	100	1.07e-24
FC617A9AAXX:8:109:14087:12893#0/1	66	1	66	smNRPS-1/2	5910	4710	4775	100	1.07e-24
FC617A9AAXX:8:115:5712:11277#0/2	66	66	1	smNRPS-1/2	5910	387	452	100	1.07e-24
FC617A9AAXX:8:116:9093:13137#0/1	66	66	1	smNRPS-1/2	5910	5553	5618	100	1.07e-24
FC617A9AAXX:8:119:3825:13147#0/2	66	66	1	smNRPS-1/2	5910	3479	3544	100	1.07e-24
FC61FL8AAXX:4:38:19124:3733#CAGATC/1	69	69	1	smNRPS-1/2	5910	1641	1709	98.551	1.07e-24
FC61FL8AAXX:4:39:8030:11196#CAGATC/2	66	66	1	smNRPS-1/2	5910	5812	5877	100	1.07e-24
FC61FL8AAXX:4:39:11590:17546#CAGATC/2	66	66	1	smNRPS-1/2	5910	1805	1870	100	1.07e-24
FC61FL8AAXX:4:49:15512:9379#CAGATC/1	66	66	1	smNRPS-1/2	5910	233	298	100	1.07e-24
FC61FL8AAXX:4:64:10908:1708#CAGATC/1	69	1	69	smNRPS-1/2	5910	5377	5445	98.551	1.07e-24
FC61FL8AAXX:4:92:14517:16073#CAGATC/1	69	1	69	smNRPS-1/2	5910	1665	1733	98.551	1.07e-24
FC61FL8AAXX:4:96:10495:7386#CAGATC/1	69	69	1	smNRPS-1/2	5910	3715	3783	98.551	1.07e-24
FC617A9AAXX:8:88:4206:17561#0/2	66	1	66	smNRPS-1/2	5910	4219	4284	100	1.07e-24
FC617A9AAXX:8:1:12228:15055#0/2	66	1	66	smNRPS-1/2	5910	3857	3922	100	1.07e-24
FC617A9AAXX:8:37:14658:20225#0/1	66	1	66	smNRPS-1/2	5910	4927	4992	100	1.07e-24
FC617A9AAXX:8:105:6862:5475#0/2	66	66	1	smNRPS-1/2	5910	2833	2898	100	1.07e-24
FC617A9AAXX:8:104:15776:14942#0/1	70	70	1	smNRPS-1/2	5910	8	77	98.571	2.97e-25
FC61FL8AAXX:4:29:10670:18457#CAGATC/2	70	70	1	smNRPS-1/2	5910	3000	3069	98.571	2.97e-25
FC617A9AAXX:8:7:5641:5929#0/2	71	71	1	smNRPS-1/2	5910	5375	5445	98.592	8.25e-26
FC617A9AAXX:8:13:6893:11076#0/2	71	71	1	smNRPS-1/2	5910	2854	2924	98.592	8.25e-26
FC617A9AAXX:8:21:4063:15689#0/1	71	71	1	smNRPS-1/2	5910	477	547	98.592	8.25e-26
FC617A9AAXX:8:23:12484:14825#0/2	71	1	71	smNRPS-1/2	5910	5060	5130	98.592	8.25e-26
FC617A9AAXX:8:25:14854:1244#0/2	71	1	71	smNRPS-1/2	5910	2906	2976	98.592	8.25e-26
FC617A9AAXX:8:29:2030:8966#0/1	71	68	1	smNRPS-1/2	5910	2638	2705	100	8.25e-26
FC617A9AAXX:8:29:11415:12123#0/1	68	68	1	smNRPS-1/2	5910	5740	5807	100	8.25e-26
FC617A9AAXX:8:36:19243:4180#0/1	71	71	1	smNRPS-1/2	5910	3046	3116	98.592	8.25e-26
FC617A9AAXX:8:58:13546:7259#0/1	68	68	1	smNRPS-1/2	5910	671	738	100	8.25e-26
FC617A9AAXX:8:58:13546:7259#0/2	70	1	68	smNRPS-1/2	5910	423	490	100	8.25e-26
FC617A9AAXX:8:72:15665:15380#0/1	71	68	1	smNRPS-1/2	5910	1	68	100	8.25e-26
FC617A9AAXX:8:73:8015:3672#0/2	71	1	71	smNRPS-1/2	5910	2	72	98.592	8.25e-26
FC617A9AAXX:8:74:16787:2831#0/1	71	71	1	smNRPS-1/2	5910	1385	1455	98.592	8.25e-26
FC617A9AAXX:8:83:14489:17893#0/1	71	1	71	smNRPS-1/2	5910	1675	1745	98.592	8.25e-26
FC61FL8AAXX:4:38:19124:3733#CAGATC/2	71	1	71	smNRPS-1/2	5910	1384	1454	98.592	8.25e-26
FC61FL8AAXX:4:42:9121:2470#CAGATC/1	68	68	1	smNRPS-1/2	5910	246	313	100	8.25e-26
FC61FL8AAXX:4:42:9121:2470#CAGATC/2	71	4	71	smNRPS-1/2	5910	1	68	100	8.25e-26
FC61FL8AAXX:4:52:5556:2375#CAGATC/1	68	1	68	smNRPS-1/2	5910	1998	2065	100	8.25e-26
FC617A9AAXX:8:73:9985:6398#0/1	71	1	71	smNRPS-1/2	5910	1689	1759	98.592	8.25e-26
FC617A9AAXX:8:12:18905:3554#0/2	69	69	1	smNRPS-1/2	5910	5324	5392	100	2.29e-26
FC617A9AAXX:8:51:4865:7688#0/2	69	69	1	smNRPS-1/2	5910	3684	3752	100	2.29e-26
FC617A9AAXX:8:53:2251:9138#0/2	69	69	1	smNRPS-1/2	5910	2434	2502	100	2.29e-26
FC617A9AAXX:8:99:18052:11223#0/2	69	69	1	smNRPS-1/2	5910	5855	5923	100	2.29e-26
FC617A9AAXX:8:110:1456:3192#0/1	69	1	69	smNRPS-1/2	5910	1730	1798	100	2.29e-26
FC617A9AAXX:8:111:8140:2382#0/1	69	1	69	smNRPS-1/2	5910	2411	2479	100	2.29e-26
FC61FL8AAXX:4:2:11583:15613#CAGATC/1	69	1	69	smNRPS-1/2	5910	447	515	100	2.29e-26
FC61FL8AAXX:4:6:7698:14775#CAGATC/1	69	69	1	smNRPS-1/2	5910	2304	2372	100	2.29e-26
FC61FL8AAXX:4:6:18594:13647#CAGATC/1	69	69	1	smNRPS-1/2	5910	142	210	100	2.29e-26
FC61FL8AAXX:4:8:13656:5901#CAGATC/1	69	1	69	smNRPS-1/2	5910	2967	3035	100	2.29e-26
FC61FL8AAXX:4:12:8656:8918#CAGATC/1	69	69	1	smNRPS-1/2	5910	341	409	100	2.29e-26
FC61FL8AAXX:4:16:13388:9979#CAGATC/1	69	69	1	smNRPS-1/2	5910	5639	5707	100	2.29e-26
FC61FL8AAXX:4:22:19103:2919#CAGATC/1	69	1	69	smNRPS-1/2	5910	1464	1532	100	2.29e-26
FC61FL8AAXX:4:29:10670:18457#CAGATC/1	69	1	69	smNRPS-1/2	5910	2753	2821	100	2.29e-26
FC61FL8AAXX:4:32:4567:8458#CAGATC/2	69	69	1	smNRPS-1/2	5910	2008	2076	100	2.29e-26
FC61FL8AAXX:4:32:8661:3802#CAGATC/1	69	1	69	smNRPS-1/2	5910	1562	1630	100	2.29e-26
FC61FL8AAXX:4:37:5753:17712#CAGATC/1	69	1	69	smNRPS-1/2	5910	5704	5772	100	2.29e-26
FC61FL8AAXX:4:39:8030:11196#CAGATC/1	69	1	69	smNRPS-1/2	5910	5552	5620	100	2.29e-26
FC61FL8AAXX:4:41:4378:6873#CAGATC/1	69	1	69	smNRPS-1/2	5910	2044	2112	100	2.29e-26
FC61FL8AAXX:4:75:16824:12417#CAGATC/1	69	1	69	smNRPS-1/2	5910	5595	5663	100	2.29e-26
FC61FL8AAXX:4:78:12928:1772#CAGATC/1	69	1	69	smNRPS-1/2	5910	5573	5641	100	2.29e-26
FC61FL8AAXX:4:79:6412:11715#CAGATC/1	69	69	1	smNRPS-1/2	5910	1825	1893	100	2.29e-26
FC61FL8AAXX:4:81:8565:5174#CAGATC/1	69	1	69	smNRPS-1/2	5910	2899	2967	100	2.29e-26
FC61FL8AAXX:4:81:14974:12461#CAGATC/1	69	1	69	smNRPS-1/2	5910	2394	2462	100	2.29e-26
FC61FL8AAXX:4:102:8747:4918#CAGATC/1	69	69	1	smNRPS-1/2	5910	2170	2238	100	2.29e-26
FC61FL8AAXX:4:111:4751:2453#CAGATC/1	69	1	69	smNRPS-1/2	5910	2168	2236	100	2.29e-26
FC61FL8AAXX:4:112:16574:16017#CAGATC/1	69	69	1	smNRPS-1/2	5910	1234	1302	100	2.29e-26
FC61FL8AAXX:4:114:7550:13211#CAGATC/1	69	1	69	smNRPS-1/2	5910	1278	1346	100	2.29e-26
FC61FL8AAXX:4:119:19388:12658#CAGATC/1	69	69	1	smNRPS-1/2	5910	3847	3915	100	2.29e-26
FC617A9AAXX:8:19:3847:7487#0/2	70	1	70	smNRPS-1/2	5910	1573	1642	100	6.38e-27
FC617A9AAXX:8:29:2030:8966#0/2	70	1	70	smNRPS-1/2	5910	2385	2454	100	6.38e-27
FC617A9AAXX:8:43:13208:2805#0/2	70	1	70	smNRPS-1/2	5910	1733	1802	100	6.38e-27
FC617A9AAXX:8:45:3812:12485#0/1	70	70	1	smNRPS-1/2	5910	2613	2682	100	6.38e-27
FC617A9AAXX:8:62:17450:3844#0/2	70	1	70	smNRPS-1/2	5910	77	146	100	6.38e-27
FC617A9AAXX:8:80:2394:14433#0/1	70	1	70	smNRPS-1/2	5910	1158	1227	100	6.38e-27
FC617A9AAXX:8:106:19560:6104#0/2	70	1	70	smNRPS-1/2	5910	52	121	100	6.38e-27
FC61FL8AAXX:4:64:6999:2725#CAGATC/2	70	1	70	smNRPS-1/2	5910	3726	3795	100	6.38e-27
FC617A9AAXX:8:102:14773:16368#0/2	70	1	70	smNRPS-1/2	5910	5337	5406	100	6.38e-27
FC617A9AAXX:8:39:9266:11026#0/1	70	1	70	smNRPS-1/2	5910	4524	4593	100	6.38e-27
FC617A9AAXX:8:55:19334:15784#0/1	70	1	70	smNRPS-1/2	5910	834	903	100	6.38e-27
FC617A9AAXX:8:86:16352:18726#0/2	70	1	70	smNRPS-1/2	5910	711	780	100	6.38e-27
FC617A9AAXX:8:4:12676:4747#0/2	71	1	71	smNRPS-1/2	5910	811	881	100	1.77e-27
FC617A9AAXX:8:4:13858:14512#0/1	71	71	1	smNRPS-1/2	5910	2412	2482	100	1.77e-27
FC617A9AAXX:8:5:2871:15672#0/1	71	1	71	smNRPS-1/2	5910	2725	2795	100	1.77e-27
FC617A9AAXX:8:5:2871:15672#0/2	71	71	1	smNRPS-1/2	5910	2993	3063	100	1.77e-27
FC617A9AAXX:8:5:8088:9753#0/1	71	71	1	smNRPS-1/2	5910	1025	1095	100	1.77e-27
FC617A9AAXX:8:5:8088:9753#0/2	71	1	71	smNRPS-1/2	5910	796	866	100	1.77e-27
FC617A9AAXX:8:5:17581:13162#0/1	71	71	1	smNRPS-1/2	5910	3428	3498	100	1.77e-27
FC617A9AAXX:8:5:17581:13162#0/2	71	1	71	smNRPS-1/2	5910	3169	3239	100	1.77e-27
FC617A9AAXX:8:6:14535:6796#0/2	71	71	1	smNRPS-1/2	5910	3424	3494	100	1.77e-27
FC617A9AAXX:8:7:5641:5929#0/1	71	1	71	smNRPS-1/2	5910	5150	5220	100	1.77e-27
FC617A9AAXX:8:11:3694:20600#0/1	71	1	71	smNRPS-1/2	5910	110	180	100	1.77e-27
FC617A9AAXX:8:13:2918:15500#0/1	71	1	71	smNRPS-1/2	5910	573	643	100	1.77e-27
FC617A9AAXX:8:13:2918:15500#0/2	71	71	1	smNRPS-1/2	5910	794	864	100	1.77e-27
FC617A9AAXX:8:14:4790:17891#0/1	71	71	1	smNRPS-1/2	5910	3181	3251	100	1.77e-27
FC617A9AAXX:8:14:4790:17891#0/2	71	1	71	smNRPS-1/2	5910	2931	3001	100	1.77e-27
FC617A9AAXX:8:14:7600:17070#0/2	71	71	1	smNRPS-1/2	5910	1331	1401	100	1.77e-27
FC617A9AAXX:8:14:13477:16397#0/1	71	71	1	smNRPS-1/2	5910	1382	1452	100	1.77e-27
FC617A9AAXX:8:14:13477:16397#0/2	71	1	71	smNRPS-1/2	5910	1137	1207	100	1.77e-27
FC617A9AAXX:8:15:4688:18532#0/1	71	1	71	smNRPS-1/2	5910	5146	5216	100	1.77e-27
FC617A9AAXX:8:15:4688:18532#0/2	71	71	1	smNRPS-1/2	5910	5373	5443	100	1.77e-27
FC617A9AAXX:8:15:12702:8690#0/1	71	71	1	smNRPS-1/2	5910	5774	5844	100	1.77e-27
FC617A9AAXX:8:15:12702:8690#0/2	71	1	71	smNRPS-1/2	5910	5525	5595	100	1.77e-27
FC617A9AAXX:8:15:12891:3160#0/1	71	71	1	smNRPS-1/2	5910	5439	5509	100	1.77e-27
FC617A9AAXX:8:19:3847:7487#0/1	71	71	1	smNRPS-1/2	5910	1821	1891	100	1.77e-27
FC617A9AAXX:8:20:12534:12424#0/2	71	1	71	smNRPS-1/2	5910	5719	5789	100	1.77e-27
FC617A9AAXX:8:21:4063:15689#0/2	71	1	71	smNRPS-1/2	5910	217	287	100	1.77e-27
FC617A9AAXX:8:22:7293:15084#0/1	71	71	1	smNRPS-1/2	5910	1422	1492	100	1.77e-27
FC617A9AAXX:8:22:7293:15084#0/2	71	1	71	smNRPS-1/2	5910	1176	1246	100	1.77e-27
FC617A9AAXX:8:23:9970:4885#0/2	71	1	71	smNRPS-1/2	5910	3419	3489	100	1.77e-27
FC617A9AAXX:8:24:2251:19025#0/1	71	71	1	smNRPS-1/2	5910	453	523	100	1.77e-27
FC617A9AAXX:8:25:3753:5796#0/1	71	1	71	smNRPS-1/2	5910	5570	5640	100	1.77e-27
FC617A9AAXX:8:26:2447:8651#0/1	71	71	1	smNRPS-1/2	5910	26	96	100	1.77e-27
FC617A9AAXX:8:27:5959:6501#0/1	71	1	71	smNRPS-1/2	5910	1535	1605	100	1.77e-27
FC617A9AAXX:8:27:19079:3886#0/1	71	71	1	smNRPS-1/2	5910	821	891	100	1.77e-27
FC617A9AAXX:8:27:19079:3886#0/2	71	1	71	smNRPS-1/2	5910	564	634	100	1.77e-27
FC617A9AAXX:8:28:6889:20402#0/2	71	71	1	smNRPS-1/2	5910	5318	5388	100	1.77e-27
FC617A9AAXX:8:28:8654:5500#0/1	71	71	1	smNRPS-1/2	5910	335	405	100	1.77e-27
FC617A9AAXX:8:28:8654:5500#0/2	71	1	71	smNRPS-1/2	5910	89	159	100	1.77e-27
FC617A9AAXX:8:29:14955:10669#0/1	71	1	71	smNRPS-1/2	5910	230	300	100	1.77e-27
FC617A9AAXX:8:31:6043:14686#0/1	71	71	1	smNRPS-1/2	5910	3189	3259	100	1.77e-27
FC617A9AAXX:8:32:6461:17778#0/1	71	71	1	smNRPS-1/2	5910	4978	5048	100	1.77e-27
FC617A9AAXX:8:32:6461:17778#0/2	71	1	71	smNRPS-1/2	5910	4736	4806	100	1.77e-27
FC617A9AAXX:8:33:15855:5498#0/1	71	1	71	smNRPS-1/2	5910	3153	3223	100	1.77e-27
FC617A9AAXX:8:33:15855:5498#0/2	71	71	1	smNRPS-1/2	5910	3394	3464	100	1.77e-27
FC617A9AAXX:8:34:7668:14257#0/1	71	1	71	smNRPS-1/2	5910	5539	5609	100	1.77e-27
FC617A9AAXX:8:34:7668:14257#0/2	71	71	1	smNRPS-1/2	5910	5773	5843	100	1.77e-27
FC617A9AAXX:8:35:13029:19148#0/1	71	1	71	smNRPS-1/2	5910	52	122	100	1.77e-27
FC617A9AAXX:8:35:13029:19148#0/2	71	71	1	smNRPS-1/2	5910	308	378	100	1.77e-27
FC617A9AAXX:8:36:19243:4180#0/2	71	1	71	smNRPS-1/2	5910	2802	2872	100	1.77e-27
FC617A9AAXX:8:38:2273:7570#0/2	71	1	71	smNRPS-1/2	5910	3003	3073	100	1.77e-27
FC617A9AAXX:8:38:12074:3753#0/1	71	1	71	smNRPS-1/2	5910	5405	5475	100	1.77e-27
FC617A9AAXX:8:38:12074:3753#0/2	71	71	1	smNRPS-1/2	5910	5620	5690	100	1.77e-27
FC617A9AAXX:8:40:5702:2996#0/1	71	1	71	smNRPS-1/2	5910	1431	1501	100	1.77e-27
FC617A9AAXX:8:40:5702:2996#0/2	71	71	1	smNRPS-1/2	5910	1692	1762	100	1.77e-27
FC617A9AAXX:8:40:18323:7213#0/1	71	71	1	smNRPS-1/2	5910	280	350	100	1.77e-27
FC617A9AAXX:8:40:18323:7213#0/2	71	1	71	smNRPS-1/2	5910	43	113	100	1.77e-27
FC617A9AAXX:8:40:19431:17651#0/1	71	71	1	smNRPS-1/2	5910	1656	1726	100	1.77e-27
FC617A9AAXX:8:40:19431:17651#0/2	71	1	71	smNRPS-1/2	5910	1412	1482	100	1.77e-27
FC617A9AAXX:8:41:5218:10878#0/2	71	1	71	smNRPS-1/2	5910	4429	4499	100	1.77e-27
FC617A9AAXX:8:42:7991:5472#0/1	71	1	71	smNRPS-1/2	5910	5739	5809	100	1.77e-27
FC617A9AAXX:8:42:19483:5574#0/1	71	71	1	smNRPS-1/2	5910	4026	4096	100	1.77e-27
FC617A9AAXX:8:42:19483:5574#0/2	71	1	71	smNRPS-1/2	5910	3772	3842	100	1.77e-27
FC617A9AAXX:8:43:1374:16182#0/1	71	1	71	smNRPS-1/2	5910	3276	3346	100	1.77e-27
FC617A9AAXX:8:43:8371:8436#0/1	71	71	1	smNRPS-1/2	5910	3409	3479	100	1.77e-27
FC617A9AAXX:8:43:8371:8436#0/2	71	1	71	smNRPS-1/2	5910	3169	3239	100	1.77e-27
FC617A9AAXX:8:44:4955:10467#0/2	71	1	71	smNRPS-1/2	5910	4741	4811	100	1.77e-27
FC617A9AAXX:8:45:3812:12485#0/2	71	1	71	smNRPS-1/2	5910	2362	2432	100	1.77e-27
FC617A9AAXX:8:45:5908:19529#0/1	71	71	1	smNRPS-1/2	5910	1849	1919	100	1.77e-27
FC617A9AAXX:8:45:8067:19078#0/2	71	71	1	smNRPS-1/2	5910	1555	1625	100	1.77e-27
FC617A9AAXX:8:45:11977:10865#0/1	71	71	1	smNRPS-1/2	5910	2720	2790	100	1.77e-27
FC617A9AAXX:8:49:18673:4218#0/1	71	1	71	smNRPS-1/2	5910	5807	5877	100	1.77e-27
FC617A9AAXX:8:50:2722:18393#0/1	71	1	71	smNRPS-1/2	5910	4683	4753	100	1.77e-27
FC617A9AAXX:8:51:14512:5983#0/1	71	1	71	smNRPS-1/2	5910	5817	5887	100	1.77e-27
FC617A9AAXX:8:52:16838:18977#0/1	71	1	71	smNRPS-1/2	5910	572	642	100	1.77e-27
FC617A9AAXX:8:52:16838:18977#0/2	71	71	1	smNRPS-1/2	5910	813	883	100	1.77e-27
FC617A9AAXX:8:53:2251:9138#0/1	71	1	71	smNRPS-1/2	5910	2187	2257	100	1.77e-27
FC617A9AAXX:8:53:7700:18972#0/1	71	71	1	smNRPS-1/2	5910	344	414	100	1.77e-27
FC617A9AAXX:8:53:7700:18972#0/2	71	1	71	smNRPS-1/2	5910	95	165	100	1.77e-27
FC617A9AAXX:8:53:16190:7906#0/1	71	1	71	smNRPS-1/2	5910	483	553	100	1.77e-27
FC617A9AAXX:8:53:16190:7906#0/2	71	71	1	smNRPS-1/2	5910	738	808	100	1.77e-27
FC617A9AAXX:8:54:9695:9901#0/1	71	1	71	smNRPS-1/2	5910	1114	1184	100	1.77e-27
FC617A9AAXX:8:54:9695:9901#0/2	71	71	1	smNRPS-1/2	5910	1369	1439	100	1.77e-27
FC617A9AAXX:8:55:12426:19463#0/1	71	1	71	smNRPS-1/2	5910	1513	1583	100	1.77e-27
FC617A9AAXX:8:56:6492:4395#0/1	71	1	71	smNRPS-1/2	5910	2866	2936	100	1.77e-27
FC617A9AAXX:8:56:6492:4395#0/2	71	71	1	smNRPS-1/2	5910	3121	3191	100	1.77e-27
FC617A9AAXX:8:57:17109:7773#0/1	71	71	1	smNRPS-1/2	5910	774	844	100	1.77e-27
FC617A9AAXX:8:58:6860:6693#0/2	71	1	71	smNRPS-1/2	5910	5830	5900	100	1.77e-27
FC617A9AAXX:8:59:7086:4976#0/1	71	71	1	smNRPS-1/2	5910	3380	3450	100	1.77e-27
FC617A9AAXX:8:59:7086:4976#0/2	71	1	71	smNRPS-1/2	5910	3127	3197	100	1.77e-27
FC617A9AAXX:8:59:14011:7728#0/1	71	71	1	smNRPS-1/2	5910	5359	5429	100	1.77e-27
FC617A9AAXX:8:59:14011:7728#0/2	71	1	71	smNRPS-1/2	5910	5117	5187	100	1.77e-27
FC617A9AAXX:8:60:12191:15102#0/1	71	1	71	smNRPS-1/2	5910	670	740	100	1.77e-27
FC617A9AAXX:8:60:12191:15102#0/2	71	71	1	smNRPS-1/2	5910	917	987	100	1.77e-27
FC617A9AAXX:8:61:8718:17701#0/2	71	71	1	smNRPS-1/2	5910	5391	5461	100	1.77e-27
FC617A9AAXX:8:62:4952:18904#0/2	71	1	71	smNRPS-1/2	5910	3454	3524	100	1.77e-27
FC617A9AAXX:8:62:17450:3844#0/1	71	71	1	smNRPS-1/2	5910	320	390	100	1.77e-27
FC617A9AAXX:8:63:2132:17953#0/2	71	71	1	smNRPS-1/2	5910	5344	5414	100	1.77e-27
FC617A9AAXX:8:66:1595:15642#0/1	71	71	1	smNRPS-1/2	5910	2793	2863	100	1.77e-27
FC617A9AAXX:8:69:3721:2804#0/1	71	1	71	smNRPS-1/2	5910	5823	5893	100	1.77e-27
FC617A9AAXX:8:69:8280:16337#0/1	71	1	71	smNRPS-1/2	5910	4796	4866	100	1.77e-27
FC617A9AAXX:8:69:8280:16337#0/2	71	71	1	smNRPS-1/2	5910	5053	5123	100	1.77e-27
FC617A9AAXX:8:69:13057:7848#0/1	71	71	1	smNRPS-1/2	5910	738	808	100	1.77e-27
FC617A9AAXX:8:70:19755:9070#0/1	71	1	71	smNRPS-1/2	5910	2800	2870	100	1.77e-27
FC617A9AAXX:8:73:7702:1765#0/1	71	1	71	smNRPS-1/2	5910	2815	2885	100	1.77e-27
FC617A9AAXX:8:73:8931:6463#0/2	71	71	1	smNRPS-1/2	5910	5326	5396	100	1.77e-27
FC617A9AAXX:8:73:10468:12708#0/2	71	1	71	smNRPS-1/2	5910	5289	5359	100	1.77e-27
FC617A9AAXX:8:73:14253:11043#0/2	71	71	1	smNRPS-1/2	5910	2776	2846	100	1.77e-27
FC617A9AAXX:8:77:8269:5469#0/2	71	1	71	smNRPS-1/2	5910	5549	5619	100	1.77e-27
FC617A9AAXX:8:79:8750:8363#0/1	71	71	1	smNRPS-1/2	5910	5399	5469	100	1.77e-27
FC617A9AAXX:8:79:8750:8363#0/2	71	1	71	smNRPS-1/2	5910	5174	5244	100	1.77e-27
FC617A9AAXX:8:79:9290:11286#0/1	71	1	71	smNRPS-1/2	5910	3119	3189	100	1.77e-27
FC617A9AAXX:8:80:2394:14433#0/2	71	71	1	smNRPS-1/2	5910	1400	1470	100	1.77e-27
FC617A9AAXX:8:80:18826:5400#0/1	71	1	71	smNRPS-1/2	5910	3077	3147	100	1.77e-27
FC617A9AAXX:8:81:4348:17683#0/1	71	1	71	smNRPS-1/2	5910	573	643	100	1.77e-27
FC617A9AAXX:8:81:4348:17683#0/2	71	71	1	smNRPS-1/2	5910	818	888	100	1.77e-27
FC617A9AAXX:8:83:2066:17783#0/1	71	71	1	smNRPS-1/2	5910	1404	1474	100	1.77e-27
FC617A9AAXX:8:83:2066:17783#0/2	71	1	71	smNRPS-1/2	5910	1153	1223	100	1.77e-27
FC617A9AAXX:8:83:14489:17893#0/2	71	71	1	smNRPS-1/2	5910	1916	1986	100	1.77e-27
FC617A9AAXX:8:85:8157:12746#0/1	71	71	1	smNRPS-1/2	5910	1700	1770	100	1.77e-27
FC617A9AAXX:8:85:16476:8801#0/1	71	71	1	smNRPS-1/2	5910	2932	3002	100	1.77e-27
FC617A9AAXX:8:85:16476:8801#0/2	71	1	71	smNRPS-1/2	5910	2676	2746	100	1.77e-27
FC617A9AAXX:8:87:11693:15673#0/1	71	1	71	smNRPS-1/2	5910	1114	1184	100	1.77e-27
FC617A9AAXX:8:87:11693:15673#0/2	71	71	1	smNRPS-1/2	5910	1356	1426	100	1.77e-27
FC617A9AAXX:8:88:5321:11630#0/1	71	1	71	smNRPS-1/2	5910	4471	4541	100	1.77e-27
FC617A9AAXX:8:88:5321:11630#0/2	71	71	1	smNRPS-1/2	5910	4731	4801	100	1.77e-27
FC617A9AAXX:8:90:18357:14404#0/2	71	1	71	smNRPS-1/2	5910	526	596	100	1.77e-27
FC617A9AAXX:8:91:5615:14479#0/1	71	71	1	smNRPS-1/2	5910	1896	1966	100	1.77e-27
FC617A9AAXX:8:91:5615:14479#0/2	71	1	71	smNRPS-1/2	5910	1646	1716	100	1.77e-27
FC617A9AAXX:8:93:10628:8991#0/1	71	71	1	smNRPS-1/2	5910	20	90	100	1.77e-27
FC617A9AAXX:8:93:10679:8084#0/1	71	1	71	smNRPS-1/2	5910	4058	4128	100	1.77e-27
FC617A9AAXX:8:93:10679:8084#0/2	71	71	1	smNRPS-1/2	5910	4294	4364	100	1.77e-27
FC617A9AAXX:8:93:12070:12495#0/1	71	71	1	smNRPS-1/2	5910	3126	3196	100	1.77e-27
FC617A9AAXX:8:93:16522:11779#0/1	71	1	71	smNRPS-1/2	5910	5370	5440	100	1.77e-27
FC617A9AAXX:8:95:9176:15972#0/1	71	1	71	smNRPS-1/2	5910	573	643	100	1.77e-27
FC617A9AAXX:8:95:9176:15972#0/2	71	71	1	smNRPS-1/2	5910	811	881	100	1.77e-27
FC617A9AAXX:8:99:3689:2788#0/1	71	1	71	smNRPS-1/2	5910	2152	2222	100	1.77e-27
FC617A9AAXX:8:99:9648:3344#0/1	71	1	71	smNRPS-1/2	5910	5152	5222	100	1.77e-27
FC617A9AAXX:8:99:9648:3344#0/2	71	71	1	smNRPS-1/2	5910	5385	5455	100	1.77e-27
FC617A9AAXX:8:99:18052:11223#0/1	71	1	71	smNRPS-1/2	5910	5595	5665	100	1.77e-27
FC617A9AAXX:8:99:18845:14568#0/1	71	1	71	smNRPS-1/2	5910	3054	3124	100	1.77e-27
FC617A9AAXX:8:99:18845:14568#0/2	71	71	1	smNRPS-1/2	5910	3298	3368	100	1.77e-27
FC617A9AAXX:8:100:13817:17649#0/1	71	1	71	smNRPS-1/2	5910	409	479	100	1.77e-27
FC617A9AAXX:8:101:8677:7043#0/1	71	1	71	smNRPS-1/2	5910	5125	5195	100	1.77e-27
FC617A9AAXX:8:101:8677:7043#0/2	71	71	1	smNRPS-1/2	5910	5363	5433	100	1.77e-27
FC617A9AAXX:8:103:14298:15781#0/1	71	1	71	smNRPS-1/2	5910	1177	1247	100	1.77e-27
FC617A9AAXX:8:103:14298:15781#0/2	71	71	1	smNRPS-1/2	5910	1426	1496	100	1.77e-27
FC617A9AAXX:8:105:7771:8201#0/1	71	71	1	smNRPS-1/2	5910	4962	5032	100	1.77e-27
FC617A9AAXX:8:105:7771:8201#0/2	71	1	71	smNRPS-1/2	5910	4702	4772	100	1.77e-27
FC617A9AAXX:8:105:11126:12617#0/1	71	71	1	smNRPS-1/2	5910	3278	3348	100	1.77e-27
FC617A9AAXX:8:105:11126:12617#0/2	71	1	71	smNRPS-1/2	5910	3027	3097	100	1.77e-27
FC617A9AAXX:8:107:10061:12241#0/1	71	1	71	smNRPS-1/2	5910	5474	5544	100	1.77e-27
FC617A9AAXX:8:107:15424:20114#0/1	71	71	1	smNRPS-1/2	5910	467	537	100	1.77e-27
FC617A9AAXX:8:111:5067:8941#0/1	71	1	71	smNRPS-1/2	5910	1557	1627	100	1.77e-27
FC617A9AAXX:8:111:5067:8941#0/2	71	71	1	smNRPS-1/2	5910	1812	1882	100	1.77e-27
FC617A9AAXX:8:112:9422:3248#0/2	71	71	1	smNRPS-1/2	5910	5349	5419	100	1.77e-27
FC617A9AAXX:8:112:18859:13829#0/1	71	71	1	smNRPS-1/2	5910	3389	3459	100	1.77e-27
FC617A9AAXX:8:115:5712:11277#0/1	71	1	71	smNRPS-1/2	5910	138	208	100	1.77e-27
FC617A9AAXX:8:116:9093:13137#0/2	71	1	71	smNRPS-1/2	5910	5300	5370	100	1.77e-27
FC61FL8AAXX:4:2:11583:15613#CAGATC/2	71	71	1	smNRPS-1/2	5910	698	768	100	1.77e-27
FC61FL8AAXX:4:6:7698:14775#CAGATC/2	71	1	71	smNRPS-1/2	5910	2065	2135	100	1.77e-27
FC61FL8AAXX:4:7:14678:2492#CAGATC/2	71	71	1	smNRPS-1/2	5910	49	119	100	1.77e-27
FC61FL8AAXX:4:8:13656:5901#CAGATC/2	71	71	1	smNRPS-1/2	5910	3188	3258	100	1.77e-27
FC61FL8AAXX:4:9:10851:21332#CAGATC/2	71	1	71	smNRPS-1/2	5910	1525	1595	100	1.77e-27
FC61FL8AAXX:4:12:8656:8918#CAGATC/2	71	1	71	smNRPS-1/2	5910	91	161	100	1.77e-27
FC61FL8AAXX:4:14:3359:6430#CAGATC/2	71	1	71	smNRPS-1/2	5910	2960	3030	100	1.77e-27
FC61FL8AAXX:4:16:13388:9979#CAGATC/2	71	1	71	smNRPS-1/2	5910	5393	5463	100	1.77e-27
FC61FL8AAXX:4:21:14605:3659#CAGATC/2	71	71	1	smNRPS-1/2	5910	2780	2850	100	1.77e-27
FC61FL8AAXX:4:22:19103:2919#CAGATC/2	71	71	1	smNRPS-1/2	5910	1704	1774	100	1.77e-27
FC61FL8AAXX:4:26:3418:3550#CAGATC/2	71	1	71	smNRPS-1/2	5910	3783	3853	100	1.77e-27
FC61FL8AAXX:4:28:4211:17740#CAGATC/2	71	71	1	smNRPS-1/2	5910	2820	2890	100	1.77e-27
FC61FL8AAXX:4:32:8661:3802#CAGATC/2	71	71	1	smNRPS-1/2	5910	1809	1879	100	1.77e-27
FC61FL8AAXX:4:41:4378:6873#CAGATC/2	71	71	1	smNRPS-1/2	5910	2302	2372	100	1.77e-27
FC61FL8AAXX:4:52:5556:2375#CAGATC/2	71	71	1	smNRPS-1/2	5910	2234	2304	100	1.77e-27
FC61FL8AAXX:4:75:9753:3148#CAGATC/2	71	71	1	smNRPS-1/2	5910	5414	5484	100	1.77e-27
FC61FL8AAXX:4:75:16824:12417#CAGATC/2	71	71	1	smNRPS-1/2	5910	5863	5933	100	1.77e-27
FC61FL8AAXX:4:76:1475:8530#CAGATC/2	71	71	1	smNRPS-1/2	5910	3	73	100	1.77e-27
FC61FL8AAXX:4:79:6412:11715#CAGATC/2	71	1	71	smNRPS-1/2	5910	1563	1633	100	1.77e-27
FC61FL8AAXX:4:81:8565:5174#CAGATC/2	71	71	1	smNRPS-1/2	5910	3146	3216	100	1.77e-27
FC61FL8AAXX:4:81:14974:12461#CAGATC/2	71	71	1	smNRPS-1/2	5910	2636	2706	100	1.77e-27
FC61FL8AAXX:4:90:18181:16146#CAGATC/2	71	71	1	smNRPS-1/2	5910	1345	1415	100	1.77e-27
FC61FL8AAXX:4:92:14517:16073#CAGATC/2	71	71	1	smNRPS-1/2	5910	1922	1992	100	1.77e-27
FC61FL8AAXX:4:96:10495:7386#CAGATC/2	71	1	71	smNRPS-1/2	5910	3475	3545	100	1.77e-27
FC61FL8AAXX:4:102:8747:4918#CAGATC/2	71	1	71	smNRPS-1/2	5910	1914	1984	100	1.77e-27
FC61FL8AAXX:4:106:16436:17516#CAGATC/2	71	1	71	smNRPS-1/2	5910	3527	3597	100	1.77e-27
FC61FL8AAXX:4:111:4751:2453#CAGATC/2	71	71	1	smNRPS-1/2	5910	2422	2492	100	1.77e-27
FC61FL8AAXX:4:114:7550:13211#CAGATC/2	71	71	1	smNRPS-1/2	5910	1518	1588	100	1.77e-27
FC61FL8AAXX:4:117:2810:5596#CAGATC/2	71	71	1	smNRPS-1/2	5910	5170	5240	100	1.77e-27
FC617A9AAXX:8:54:12492:10588#0/2	71	1	71	smNRPS-1/2	5910	2157	2227	100	1.77e-27
FC617A9AAXX:8:98:7920:6702#0/2	71	71	1	smNRPS-1/2	5910	1704	1774	100	1.77e-27
FC617A9AAXX:8:108:3868:11004#0/2	71	1	71	smNRPS-1/2	5910	3972	4042	100	1.77e-27
FC61FL8AAXX:4:73:8591:9883#CAGATC/2	71	71	1	smNRPS-1/2	5910	3949	4019	100	1.77e-27
FC617A9AAXX:8:6:8065:9422#0/1	71	1	71	smNRPS-1/2	5910	5411	5481	100	1.77e-27
FC617A9AAXX:8:34:6458:4716#0/1	71	1	71	smNRPS-1/2	5910	3395	3465	100	1.77e-27
FC617A9AAXX:8:37:19517:19783#0/1	71	1	71	smNRPS-1/2	5910	3920	3990	100	1.77e-27
FC617A9AAXX:8:39:14675:3751#0/2	71	71	1	smNRPS-1/2	5910	4396	4466	100	1.77e-27
FC617A9AAXX:8:40:7622:12114#0/1	71	1	71	smNRPS-1/2	5910	4598	4668	100	1.77e-27
FC617A9AAXX:8:60:18863:11182#0/2	71	1	71	smNRPS-1/2	5910	5819	5889	100	1.77e-27
FC617A9AAXX:8:61:11393:12999#0/1	71	71	1	smNRPS-1/2	5910	2850	2920	100	1.77e-27
FC617A9AAXX:8:70:9422:10579#0/1	71	1	71	smNRPS-1/2	5910	783	853	100	1.77e-27
