FC615GUAAXX:2:25:17907:18069#0/2	40	40	1	smNRPS-1/2	5910	622	661	100	3.25e-10
FC617DLAAXX:2:112:5477:2721#GATCAG/1	45	1	45	smNRPS-1/2	5910	1004	1048	100	5.39e-13
FC615GUAAXX:2:75:4240:21362#0/1	51	1	51	smNRPS-1/2	5910	5068	5118	100	2.49e-16
FC615GUAAXX:2:110:1866:15459#0/1	61	61	1	smNRPS-1/2	5910	1023	1083	100	6.88e-22
FC615GUAAXX:2:31:8576:3697#0/1	72	72	1	smNRPS-1/2	5910	3718	3789	95.833	5.32e-23
FC615GUAAXX:2:60:2237:5436#0/2	69	1	69	smNRPS-1/2	5910	5672	5740	97.101	5.32e-23
FC615GUAAXX:2:31:8576:3697#0/2	71	1	68	smNRPS-1/2	5910	3478	3545	98.529	4.11e-24
FC615GUAAXX:2:6:10246:6142#0/2	69	1	69	smNRPS-1/2	5910	3350	3418	98.551	1.14e-24
FC615GUAAXX:2:104:16844:18269#0/1	66	66	1	smNRPS-1/2	5910	1849	1914	100	1.14e-24
FC615GUAAXX:2:104:16844:18269#0/2	71	1	71	smNRPS-1/2	5910	1580	1650	98.592	8.83e-26
FC615GUAAXX:2:6:10246:6142#0/1	72	72	1	smNRPS-1/2	5910	3629	3700	98.611	2.46e-26
FC615GUAAXX:2:25:17907:18069#0/1	72	1	72	smNRPS-1/2	5910	375	446	98.611	2.46e-26
FC615GUAAXX:2:114:9886:4247#0/1	72	1	72	smNRPS-1/2	5910	1579	1650	98.611	2.46e-26
FC615GUAAXX:2:16:12317:10727#0/2	71	71	1	smNRPS-1/2	5910	4	74	100	1.9e-27
FC615GUAAXX:2:19:7679:8243#0/1	71	1	71	smNRPS-1/2	5910	3723	3793	100	1.9e-27
FC615GUAAXX:2:19:7679:8243#0/2	71	71	1	smNRPS-1/2	5910	3962	4032	100	1.9e-27
FC615GUAAXX:2:21:12720:5777#0/2	71	1	71	smNRPS-1/2	5910	1826	1896	100	1.9e-27
FC615GUAAXX:2:24:12375:21199#0/2	71	1	71	smNRPS-1/2	5910	1396	1466	100	1.9e-27
FC615GUAAXX:2:75:4240:21362#0/2	71	71	1	smNRPS-1/2	5910	5295	5365	100	1.9e-27
FC615GUAAXX:2:104:14417:12962#0/2	71	1	71	smNRPS-1/2	5910	5819	5889	100	1.9e-27
FC615GUAAXX:2:107:7297:3763#0/2	71	71	1	smNRPS-1/2	5910	1386	1456	100	1.9e-27
FC615GUAAXX:2:110:1866:15459#0/2	71	1	71	smNRPS-1/2	5910	768	838	100	1.9e-27
FC615GUAAXX:2:114:9886:4247#0/2	71	71	1	smNRPS-1/2	5910	1850	1920	100	1.9e-27
FC615GUAAXX:2:21:12720:5777#0/1	72	72	1	smNRPS-1/2	5910	2084	2155	100	5.28e-28
FC615GUAAXX:2:24:12375:21199#0/1	72	72	1	smNRPS-1/2	5910	1639	1710	100	5.28e-28
FC615GUAAXX:2:107:7297:3763#0/1	72	1	72	smNRPS-1/2	5910	1149	1220	100	5.28e-28
