A2026YABXX:6:62:20421:14100#ATCACGA/2	81	3	81	smNRPS-1/2	5910	5282	5360	96.203	1.19e-26
A2026YABXX:6:62:7790:125443#ATCACGA/2	80	80	1	smNRPS-1/2	5910	5218	5297	97.5	7.13e-29
A2026YABXX:6:67:5789:159688#ATCACGA/1	74	1	74	smNRPS-1/2	5910	3929	4002	100	7.13e-29
B201LRABXX:2:5:17136:56502#ATCACGA/1	85	1	85	smNRPS-1/2	5910	4283	4368	96.512	5.51e-30
A2026YABXX:6:3:9324:158253#ATCACGA/1	85	85	1	smNRPS-1/2	5910	670	753	98.824	9.16e-33
B201LRABXX:2:27:8973:162277#ATCACGA/1	85	1	85	smNRPS-1/2	5910	2671	2755	98.824	2.55e-33
A2026YABXX:6:62:7790:125443#ATCACGA/1	85	1	85	smNRPS-1/2	5910	4991	5075	100	5.47e-35
B201LRABXX:2:5:17136:56502#ATCACGA/2	87	87	1	smNRPS-1/2	5910	4514	4600	100	4.23e-36
A2026YABXX:6:3:9324:158253#ATCACGA/2	87	1	87	smNRPS-1/2	5910	452	538	100	4.23e-36
A2026YABXX:6:25:15016:13712#ATCACGA/2	87	1	87	smNRPS-1/2	5910	393	479	100	4.23e-36
A2026YABXX:6:46:13434:108406#ATCACGA/2	87	87	1	smNRPS-1/2	5910	64	150	100	4.23e-36
A2026YABXX:6:67:5789:159688#ATCACGA/2	87	87	1	smNRPS-1/2	5910	4156	4242	100	4.23e-36
A2026YABXX:6:22:8170:152821#ATCACGA/1	40	37	1	smNRPS-1/2	5910	3004	3040	100	2.67e-8
B201LRABXX:2:27:8973:162277#ATCACGA/2	87	9	87	smNRPS-1/2	5910	2986	3064	98.734	5.58e-30
A2026YABXX:6:25:15016:13712#ATCACGA/1	85	1	85	smNRPS-1/2	5910	5253	5339	97.701	3.33e-32
A2026YABXX:6:22:8170:152821#ATCACGA/2	87	1	87	smNRPS-1/2	5910	2725	2811	97.701	9.27e-33
A2026YABXX:6:66:14726:10264#ATCACGA/2	87	1	87	smNRPS-1/2	5910	5651	5737	97.701	9.27e-33
B201LRABXX:2:1:19654:159529#ATCACGA/1	85	85	1	smNRPS-1/2	5910	5267	5351	100	5.54e-35
A2026YABXX:6:1:19465:115144#ATCACGA/1	85	85	1	smNRPS-1/2	5910	4571	4655	100	5.54e-35
B201LRABXX:2:1:19654:159529#ATCACGA/2	87	1	87	smNRPS-1/2	5910	5046	5132	100	4.28e-36
