I361_2_FC30W11AAXX:8:81:491:1154/2	63	1	59	smNRPS-1/2	5910	5817	5875	100	2.05e-21
I361_2_FC30W11AAXX:8:47:1678:1185/2	71	71	8	smNRPS-1/2	5910	5812	5875	100	3.41e-24
I361_2_FC30W11AAXX:8:76:557:820/1	42	42	1	smNRPS-1/2	5910	1356	1397	95.238	1.27e-8
I361_2_FC30W11AAXX:8:99:1104:1154/2	45	1	45	smNRPS-1/2	5910	4966	5010	97.778	5.86e-12
I361_2_FC30W11AAXX:8:99:1104:1154/1	48	48	1	smNRPS-1/2	5910	5061	5108	97.917	1.26e-13
I361_2_FC30W11AAXX:8:50:1739:1905/2	49	1	49	smNRPS-1/2	5910	2968	3016	100	7.53e-16
I361_2_FC30W11AAXX:8:61:191:1344/2	51	1	51	smNRPS-1/2	5910	443	493	100	5.82e-17
I361_2_FC30W11AAXX:8:19:589:368/1	53	1	53	smNRPS-1/2	5910	5369	5421	100	4.5e-18
I361_2_FC30W11AAXX:8:76:557:820/2	53	1	53	smNRPS-1/2	5910	1257	1309	100	4.5e-18
I361_2_FC30W11AAXX:8:58:627:142/2	54	1	54	smNRPS-1/2	5910	4779	4832	100	1.25e-18
I361_2_FC30W11AAXX:8:47:1678:1185/1	57	57	3	smNRPS-1/2	5910	84	138	100	3.48e-19
I361_2_FC30W11AAXX:8:50:1739:1905/1	59	59	1	smNRPS-1/2	5910	3042	3100	100	2.08e-21
I361_2_FC30W11AAXX:8:58:1655:418/1	61	1	61	smNRPS-1/2	5910	2089	2149	100	1.61e-22
I361_2_FC30W11AAXX:8:60:147:1091/2	67	1	67	smNRPS-1/2	5910	5593	5659	97.015	1.61e-22
I361_2_FC30W11AAXX:8:19:401:939/2	68	1	68	smNRPS-1/2	5910	5611	5678	97.059	4.47e-23
I361_2_FC30W11AAXX:8:19:401:939/1	70	70	1	smNRPS-1/2	5910	5693	5762	97.143	9.6e-25
I361_2_FC30W11AAXX:8:19:589:368/2	70	70	1	smNRPS-1/2	5910	5450	5519	98.571	7.42e-26
I361_2_FC30W11AAXX:8:58:1655:418/2	74	74	1	smNRPS-1/2	5910	2159	2232	97.297	5.74e-27
I361_2_FC30W11AAXX:8:60:147:1091/1	70	70	1	smNRPS-1/2	5910	5669	5738	100	1.6e-27
I361_2_FC30W11AAXX:8:61:191:1344/1	71	71	1	smNRPS-1/2	5910	525	595	100	4.43e-28
