FC615G6AAXX:6:75:19373:21256#GGCTAC/2	62	1	62	smNRPS-1/2	5910	1370	1431	96.774	4.11e-19
FC615G6AAXX:6:75:19373:21256#GGCTAC/1	64	64	1	smNRPS-1/2	5910	1638	1701	100	1.47e-23
FC615G6AAXX:6:10:9859:12165#GGCTAC/1	69	69	1	smNRPS-1/2	5910	4820	4888	98.551	1.13e-24
FC615G6AAXX:6:86:1150:5760#GGCTAC/1	70	70	1	smNRPS-1/2	5910	83	152	98.571	3.15e-25
FC615G6AAXX:6:91:16680:4608#GGCTAC/2	72	1	70	smNRPS-1/2	5910	3647	3716	98.571	3.15e-25
FC615G6AAXX:6:51:6827:20715#GGCTAC/1	69	1	69	smNRPS-1/2	5910	1605	1673	100	2.44e-26
FC615G6AAXX:6:31:18236:12302#GGCTAC/1	70	70	1	smNRPS-1/2	5910	1707	1776	100	6.77e-27
FC615G6AAXX:6:91:16680:4608#GGCTAC/1	70	70	1	smNRPS-1/2	5910	3911	3980	100	6.77e-27
FC615G6AAXX:6:10:9859:12165#GGCTAC/2	72	1	72	smNRPS-1/2	5910	4560	4631	100	5.24e-28
FC615G6AAXX:6:31:18236:12302#GGCTAC/2	72	1	72	smNRPS-1/2	5910	1462	1533	100	5.24e-28
FC615G6AAXX:6:51:6827:20715#GGCTAC/2	72	72	1	smNRPS-1/2	5910	1859	1930	100	5.24e-28
