FC615DRAAXX:2:67:7229:6654#0/2	57	29	57	smNRPS-1/2	5910	1	29	100	1.33e-4
FC615DRAAXX:2:82:3053:21114#0/2	42	1	39	smNRPS-1/2	5910	1178	1216	97.436	1.7e-8
FC615DRAAXX:2:117:11898:18621#0/2	39	1	39	smNRPS-1/2	5910	1067	1105	97.436	1.7e-8
FC615DRAAXX:2:8:17462:17156#0/1	40	1	40	smNRPS-1/2	5910	1227	1266	97.5	4.73e-9
FC615DRAAXX:2:55:13159:18008#0/2	40	40	1	smNRPS-1/2	5910	4573	4612	97.5	4.73e-9
FC615DRAAXX:2:102:6399:8570#0/1	39	1	39	smNRPS-1/2	5910	1259	1297	100	3.66e-10
FC615DRAAXX:2:34:5938:8226#0/2	41	1	41	smNRPS-1/2	5910	1870	1910	100	2.83e-11
FC615DRAAXX:2:51:6668:2565#0/2	41	41	1	smNRPS-1/2	5910	403	443	100	2.83e-11
FC615DRAAXX:2:55:8822:16666#0/2	41	1	41	smNRPS-1/2	5910	1724	1764	100	2.83e-11
FC615DRAAXX:2:62:7725:6873#0/1	41	41	1	smNRPS-1/2	5910	5565	5605	100	2.83e-11
FC615DRAAXX:2:91:4212:2373#0/2	41	41	1	smNRPS-1/2	5910	960	1000	100	2.83e-11
FC615DRAAXX:2:9:19179:12160#0/2	42	1	42	smNRPS-1/2	5910	3385	3426	100	7.87e-12
FC615DRAAXX:2:84:17946:14182#0/2	42	1	42	smNRPS-1/2	5910	3997	4038	100	7.87e-12
FC615DRAAXX:2:64:6737:19678#0/1	45	45	1	smNRPS-1/2	5910	5485	5529	97.778	7.87e-12
FC615DRAAXX:2:85:18968:18425#0/1	42	1	42	smNRPS-1/2	5910	2140	2181	100	7.87e-12
FC615DRAAXX:2:97:14919:10964#0/1	46	1	46	smNRPS-1/2	5910	3239	3284	97.826	2.19e-12
FC615DRAAXX:2:27:5352:17907#0/2	47	1	44	smNRPS-1/2	5910	1094	1137	100	6.08e-13
FC615DRAAXX:2:90:7268:2661#0/1	47	47	1	smNRPS-1/2	5910	2549	2595	97.872	6.08e-13
FC615DRAAXX:2:1:16063:20602#0/2	45	45	1	smNRPS-1/2	5910	5564	5608	100	1.69e-13
FC615DRAAXX:2:67:4535:13802#0/2	45	1	45	smNRPS-1/2	5910	2352	2396	100	1.69e-13
FC615DRAAXX:2:72:2799:10740#0/1	45	45	1	smNRPS-1/2	5910	1891	1935	100	1.69e-13
FC615DRAAXX:2:66:18479:19736#0/1	45	45	1	smNRPS-1/2	5910	1893	1937	100	1.69e-13
FC615DRAAXX:2:71:2822:8112#0/1	46	1	46	smNRPS-1/2	5910	2164	2209	100	4.7e-14
FC615DRAAXX:2:71:3130:6740#0/2	46	46	1	smNRPS-1/2	5910	2736	2781	100	4.7e-14
FC615DRAAXX:2:107:18661:3643#0/1	46	1	46	smNRPS-1/2	5910	3510	3555	100	4.7e-14
FC615DRAAXX:2:10:18379:18023#0/2	47	47	1	smNRPS-1/2	5910	3579	3625	100	1.31e-14
FC615DRAAXX:2:22:4123:1755#0/2	47	47	1	smNRPS-1/2	5910	398	444	100	1.31e-14
FC615DRAAXX:2:98:17822:3209#0/1	47	1	47	smNRPS-1/2	5910	4677	4723	100	1.31e-14
FC615DRAAXX:2:119:6950:8802#0/1	47	47	1	smNRPS-1/2	5910	2417	2463	100	1.31e-14
FC615DRAAXX:2:5:1340:11847#0/2	51	1	51	smNRPS-1/2	5910	4757	4807	98.039	3.63e-15
FC615DRAAXX:2:17:16607:4900#0/2	52	1	49	smNRPS-1/2	5910	2146	2194	100	1.01e-15
FC615DRAAXX:2:5:19760:19094#0/2	53	1	53	smNRPS-1/2	5910	3552	3604	98.113	2.81e-16
FC615DRAAXX:2:8:17462:17156#0/2	50	50	1	smNRPS-1/2	5910	1746	1795	100	2.81e-16
FC615DRAAXX:2:36:18517:16191#0/1	53	1	50	smNRPS-1/2	5910	986	1035	100	2.81e-16
FC615DRAAXX:2:116:5585:9354#0/2	50	50	1	smNRPS-1/2	5910	816	865	100	2.81e-16
FC615DRAAXX:2:19:8337:5536#0/1	50	1	50	smNRPS-1/2	5910	564	613	100	2.81e-16
FC615DRAAXX:2:25:8079:5317#0/2	51	51	1	smNRPS-1/2	5910	4680	4730	100	7.81e-17
FC615DRAAXX:2:51:10810:21100#0/2	51	1	51	smNRPS-1/2	5910	5793	5843	100	7.81e-17
FC615DRAAXX:2:62:9610:11917#0/1	72	1	51	smNRPS-1/2	5910	5825	5875	100	7.81e-17
FC615DRAAXX:2:66:1669:2123#0/2	51	1	51	smNRPS-1/2	5910	1029	1079	100	7.81e-17
FC615DRAAXX:2:82:3053:21114#0/1	51	51	1	smNRPS-1/2	5910	1711	1761	100	7.81e-17
FC615DRAAXX:2:119:17783:2922#0/2	51	1	51	smNRPS-1/2	5910	5465	5515	100	7.81e-17
FC615DRAAXX:2:14:5373:4695#0/1	51	1	51	smNRPS-1/2	5910	110	160	100	7.81e-17
FC615DRAAXX:2:45:19194:20252#0/1	52	52	1	smNRPS-1/2	5910	4851	4902	100	2.17e-17
FC615DRAAXX:2:69:2458:2990#0/2	52	1	52	smNRPS-1/2	5910	2717	2768	100	2.17e-17
FC615DRAAXX:2:102:8887:18521#0/1	52	1	52	smNRPS-1/2	5910	1872	1923	100	2.17e-17
FC615DRAAXX:2:111:17045:13009#0/2	52	52	1	smNRPS-1/2	5910	3382	3433	100	2.17e-17
FC615DRAAXX:2:7:15848:1408#0/2	53	1	53	smNRPS-1/2	5910	3851	3903	100	6.04e-18
FC615DRAAXX:2:30:7147:12424#0/2	53	53	1	smNRPS-1/2	5910	4563	4615	100	6.04e-18
FC615DRAAXX:2:45:19194:20252#0/2	53	1	53	smNRPS-1/2	5910	4557	4609	100	6.04e-18
FC615DRAAXX:2:45:19315:16835#0/2	59	59	1	smNRPS-1/2	5910	2271	2329	96.61	6.04e-18
FC615DRAAXX:2:36:15194:921#0/2	53	1	53	smNRPS-1/2	5910	1609	1661	100	6.04e-18
FC615DRAAXX:2:51:3083:14560#0/1	54	54	1	smNRPS-1/2	5910	2267	2320	100	1.68e-18
FC615DRAAXX:2:117:11898:18621#0/1	54	54	1	smNRPS-1/2	5910	1612	1665	100	1.68e-18
FC615DRAAXX:2:9:9209:8303#0/1	54	54	1	smNRPS-1/2	5910	2166	2219	100	1.68e-18
FC615DRAAXX:2:10:18942:12396#0/2	58	1	58	smNRPS-1/2	5910	2091	2148	98.276	4.67e-19
FC615DRAAXX:2:15:7096:12170#0/2	55	1	55	smNRPS-1/2	5910	5143	5197	100	4.67e-19
FC615DRAAXX:2:59:14755:5898#0/2	55	55	1	smNRPS-1/2	5910	5396	5450	100	4.67e-19
FC615DRAAXX:2:61:1313:17456#0/1	55	1	55	smNRPS-1/2	5910	642	696	100	4.67e-19
FC615DRAAXX:2:100:17652:17054#0/2	65	8	65	smNRPS-1/2	5910	1	58	98.276	4.67e-19
FC615DRAAXX:2:106:5414:4965#0/2	55	1	55	smNRPS-1/2	5910	1969	2023	100	4.67e-19
FC615DRAAXX:2:6:16574:16879#0/1	72	17	72	smNRPS-1/2	5910	1	56	100	1.3e-19
FC615DRAAXX:2:15:2771:3055#0/1	72	1	56	smNRPS-1/2	5910	5820	5875	100	1.3e-19
FC615DRAAXX:2:67:4535:13802#0/1	56	56	1	smNRPS-1/2	5910	2622	2677	100	1.3e-19
FC615DRAAXX:2:75:8532:18127#0/2	72	1	56	smNRPS-1/2	5910	5820	5875	100	1.3e-19
FC615DRAAXX:2:76:2168:9087#0/1	72	1	56	smNRPS-1/2	5910	5820	5875	100	1.3e-19
FC615DRAAXX:2:94:18396:12529#0/2	56	56	1	smNRPS-1/2	5910	5432	5487	100	1.3e-19
FC615DRAAXX:2:17:8985:20491#0/2	60	1	60	smNRPS-1/2	5910	3556	3615	98.333	3.61e-20
FC615DRAAXX:2:54:16886:2590#0/2	60	1	60	smNRPS-1/2	5910	4552	4611	98.333	3.61e-20
FC615DRAAXX:2:67:3608:7039#0/2	57	57	1	smNRPS-1/2	5910	1053	1109	100	3.61e-20
FC615DRAAXX:2:84:18489:4162#0/2	57	57	1	smNRPS-1/2	5910	3580	3636	100	3.61e-20
FC615DRAAXX:2:90:7268:2661#0/2	60	1	60	smNRPS-1/2	5910	2261	2320	98.333	3.61e-20
FC615DRAAXX:2:40:3319:20848#0/2	57	57	1	smNRPS-1/2	5910	4609	4665	100	3.61e-20
FC615DRAAXX:2:4:2207:8327#0/2	61	1	61	smNRPS-1/2	5910	126	186	98.361	1e-20
FC615DRAAXX:2:54:4067:16061#0/1	58	1	58	smNRPS-1/2	5910	3945	4002	100	1e-20
FC615DRAAXX:2:64:4397:8900#0/2	58	58	1	smNRPS-1/2	5910	4898	4955	100	1e-20
FC615DRAAXX:2:64:4921:17911#0/2	58	1	58	smNRPS-1/2	5910	5558	5615	100	1e-20
FC615DRAAXX:2:42:19644:12503#0/1	58	58	1	smNRPS-1/2	5910	4058	4115	100	1e-20
FC615DRAAXX:2:46:7306:14082#0/1	58	58	1	smNRPS-1/2	5910	2302	2359	100	1e-20
FC615DRAAXX:2:9:1404:19016#0/1	59	59	1	smNRPS-1/2	5910	3578	3636	100	2.79e-21
FC615DRAAXX:2:14:7361:13238#0/2	59	59	1	smNRPS-1/2	5910	4851	4909	100	2.79e-21
FC615DRAAXX:2:87:8545:16011#0/1	62	1	62	smNRPS-1/2	5910	2959	3020	98.387	2.79e-21
FC615DRAAXX:2:94:18046:5866#0/2	59	59	1	smNRPS-1/2	5910	151	209	100	2.79e-21
FC615DRAAXX:2:118:3275:2827#0/1	59	1	59	smNRPS-1/2	5910	5143	5201	100	2.79e-21
FC615DRAAXX:2:41:15666:11582#0/2	66	1	66	smNRPS-1/2	5910	3595	3660	96.97	7.76e-22
FC615DRAAXX:2:108:18350:10408#0/2	60	1	60	smNRPS-1/2	5910	4662	4721	100	7.76e-22
FC615DRAAXX:2:110:4441:21034#0/1	62	1	60	smNRPS-1/2	5910	499	558	100	7.76e-22
FC615DRAAXX:2:63:4927:10883#0/2	61	61	1	smNRPS-1/2	5910	2054	2114	100	2.16e-22
FC615DRAAXX:2:73:2354:1985#0/2	61	61	1	smNRPS-1/2	5910	3769	3829	100	2.16e-22
FC615DRAAXX:2:98:17822:3209#0/2	61	61	1	smNRPS-1/2	5910	4948	5008	100	2.16e-22
FC615DRAAXX:2:9:8890:9782#0/2	62	62	1	smNRPS-1/2	5910	2298	2359	100	6e-23
FC615DRAAXX:2:21:4978:14413#0/2	62	1	62	smNRPS-1/2	5910	4178	4239	100	6e-23
FC615DRAAXX:2:54:4407:10177#0/2	65	65	1	smNRPS-1/2	5910	995	1059	98.462	6e-23
FC615DRAAXX:2:55:13159:18008#0/1	64	1	64	smNRPS-1/2	5910	4276	4339	98.438	6e-23
FC615DRAAXX:2:62:5105:15535#0/1	62	62	1	smNRPS-1/2	5910	804	865	100	6e-23
FC615DRAAXX:2:79:13299:3342#0/2	72	65	1	smNRPS-1/2	5910	1564	1628	98.462	6e-23
FC615DRAAXX:2:104:3386:16424#0/2	62	1	62	smNRPS-1/2	5910	5442	5503	100	6e-23
FC615DRAAXX:2:78:2492:5608#0/1	62	62	1	smNRPS-1/2	5910	2629	2690	100	6e-23
FC615DRAAXX:2:7:1266:1413#0/1	72	72	1	smNRPS-1/2	5910	3412	3483	95.833	1.67e-23
FC615DRAAXX:2:12:13485:11941#0/1	63	1	63	smNRPS-1/2	5910	3595	3657	100	1.67e-23
FC615DRAAXX:2:34:5938:8226#0/1	66	66	1	smNRPS-1/2	5910	2118	2183	98.485	1.67e-23
FC615DRAAXX:2:70:7782:6012#0/2	72	1	63	smNRPS-1/2	5910	5813	5875	100	1.67e-23
FC615DRAAXX:2:82:1489:2272#0/2	63	63	1	smNRPS-1/2	5910	780	842	100	1.67e-23
FC615DRAAXX:2:85:15546:11231#0/2	63	63	1	smNRPS-1/2	5910	2297	2359	100	1.67e-23
FC615DRAAXX:2:12:10308:18433#0/2	67	1	67	smNRPS-1/2	5910	183	249	98.507	4.63e-24
FC615DRAAXX:2:18:17248:13070#0/1	64	1	64	smNRPS-1/2	5910	3553	3616	100	4.63e-24
FC615DRAAXX:2:24:17547:10106#0/2	64	1	64	smNRPS-1/2	5910	4465	4528	100	4.63e-24
FC615DRAAXX:2:50:10878:19932#0/2	67	1	67	smNRPS-1/2	5910	2907	2973	98.507	4.63e-24
FC615DRAAXX:2:63:4927:10883#0/1	64	1	64	smNRPS-1/2	5910	1788	1851	100	4.63e-24
FC615DRAAXX:2:69:2138:5413#0/1	64	64	1	smNRPS-1/2	5910	731	794	100	4.63e-24
FC615DRAAXX:2:76:11502:4886#0/2	64	64	1	smNRPS-1/2	5910	4851	4914	100	4.63e-24
FC615DRAAXX:2:81:5260:9319#0/2	64	1	64	smNRPS-1/2	5910	2252	2315	100	4.63e-24
FC615DRAAXX:2:81:16974:9324#0/2	64	1	64	smNRPS-1/2	5910	3395	3458	100	4.63e-24
FC615DRAAXX:2:16:14537:2384#0/2	65	65	1	smNRPS-1/2	5910	1177	1241	100	1.29e-24
FC615DRAAXX:2:32:5734:19921#0/1	67	1	67	smNRPS-1/2	5910	1014	1080	98.507	1.29e-24
FC615DRAAXX:2:51:3083:14560#0/2	65	1	65	smNRPS-1/2	5910	1977	2041	100	1.29e-24
FC615DRAAXX:2:71:2822:8112#0/2	65	65	1	smNRPS-1/2	5910	2454	2518	100	1.29e-24
FC615DRAAXX:2:106:5414:4965#0/1	65	65	1	smNRPS-1/2	5910	2255	2319	100	1.29e-24
FC615DRAAXX:2:2:16514:19239#0/2	72	1	72	smNRPS-1/2	5910	5516	5587	97.222	3.58e-25
FC615DRAAXX:2:3:5664:9962#0/1	66	1	66	smNRPS-1/2	5910	1854	1919	100	3.58e-25
FC615DRAAXX:2:14:10637:5114#0/1	72	1	72	smNRPS-1/2	5910	5793	5864	97.222	3.58e-25
FC615DRAAXX:2:24:9357:7398#0/2	66	1	66	smNRPS-1/2	5910	2188	2253	100	3.58e-25
FC615DRAAXX:2:24:17547:10106#0/1	66	66	1	smNRPS-1/2	5910	4726	4791	100	3.58e-25
FC615DRAAXX:2:41:14220:2547#0/2	66	66	1	smNRPS-1/2	5910	1774	1839	100	3.58e-25
FC615DRAAXX:2:41:15666:11582#0/1	72	72	1	smNRPS-1/2	5910	3846	3917	97.222	3.58e-25
FC615DRAAXX:2:43:2114:5141#0/1	71	3	71	smNRPS-1/2	5910	1564	1632	98.551	3.58e-25
FC615DRAAXX:2:54:5179:19463#0/1	66	66	1	smNRPS-1/2	5910	960	1025	100	3.58e-25
FC615DRAAXX:2:61:15177:8635#0/2	69	1	69	smNRPS-1/2	5910	510	578	98.551	3.58e-25
FC615DRAAXX:2:67:4568:1783#0/1	69	1	66	smNRPS-1/2	5910	5421	5486	100	3.58e-25
FC615DRAAXX:2:68:5119:20163#0/1	66	66	1	smNRPS-1/2	5910	1175	1240	100	3.58e-25
FC615DRAAXX:2:77:11487:5885#0/1	66	66	1	smNRPS-1/2	5910	2927	2992	100	3.58e-25
FC615DRAAXX:2:78:15707:10088#0/2	72	1	72	smNRPS-1/2	5910	4598	4669	97.222	3.58e-25
FC615DRAAXX:2:82:1489:2272#0/1	66	1	66	smNRPS-1/2	5910	510	575	100	3.58e-25
FC615DRAAXX:2:92:16940:12555#0/2	72	72	1	smNRPS-1/2	5910	4547	4618	97.222	3.58e-25
FC615DRAAXX:2:97:4064:10418#0/1	66	1	66	smNRPS-1/2	5910	5603	5668	100	3.58e-25
FC615DRAAXX:2:1:2371:16437#0/1	67	67	1	smNRPS-1/2	5910	4886	4952	100	9.96e-26
FC615DRAAXX:2:5:12548:16385#0/2	72	72	6	smNRPS-1/2	5910	5809	5875	100	9.96e-26
FC615DRAAXX:2:21:17028:3767#0/2	67	1	67	smNRPS-1/2	5910	804	870	100	9.96e-26
FC615DRAAXX:2:28:3732:7354#0/2	67	1	67	smNRPS-1/2	5910	3358	3424	100	9.96e-26
FC615DRAAXX:2:32:3396:14144#0/1	69	1	69	smNRPS-1/2	5910	1029	1097	98.551	9.96e-26
FC615DRAAXX:2:56:11592:13388#0/1	67	67	1	smNRPS-1/2	5910	1795	1861	100	9.96e-26
FC615DRAAXX:2:62:7725:6873#0/2	67	1	67	smNRPS-1/2	5910	5243	5309	100	9.96e-26
FC615DRAAXX:2:76:2904:14616#0/2	67	1	67	smNRPS-1/2	5910	5501	5567	100	9.96e-26
FC615DRAAXX:2:81:5260:9319#0/1	67	67	1	smNRPS-1/2	5910	2515	2581	100	9.96e-26
FC615DRAAXX:2:88:6549:6850#0/2	67	67	1	smNRPS-1/2	5910	498	564	100	9.96e-26
FC615DRAAXX:2:90:11727:18537#0/2	67	67	1	smNRPS-1/2	5910	4895	4961	100	9.96e-26
FC615DRAAXX:2:113:2996:4463#0/1	67	1	67	smNRPS-1/2	5910	1651	1717	100	9.96e-26
FC615DRAAXX:2:113:2996:4463#0/2	67	67	1	smNRPS-1/2	5910	1929	1995	100	9.96e-26
FC615DRAAXX:2:66:4125:4163#0/1	67	67	1	smNRPS-1/2	5910	4977	5043	100	9.96e-26
FC615DRAAXX:2:90:2668:19153#0/1	67	67	1	smNRPS-1/2	5910	4969	5035	100	9.96e-26
FC615DRAAXX:2:59:14755:5898#0/1	71	1	71	smNRPS-1/2	5910	5143	5213	98.592	2.77e-26
FC615DRAAXX:2:71:3130:6740#0/1	68	1	68	smNRPS-1/2	5910	2455	2522	100	2.77e-26
FC615DRAAXX:2:94:12788:12439#0/1	68	1	68	smNRPS-1/2	5910	2140	2207	100	2.77e-26
FC615DRAAXX:2:108:9808:10845#0/2	71	71	1	smNRPS-1/2	5910	3255	3325	98.592	2.77e-26
FC615DRAAXX:2:1:16063:20602#0/1	72	1	72	smNRPS-1/2	5910	5279	5350	98.611	7.7e-27
FC615DRAAXX:2:2:18806:5826#0/1	69	69	1	smNRPS-1/2	5910	3140	3208	100	7.7e-27
FC615DRAAXX:2:4:11123:8664#0/2	72	1	69	smNRPS-1/2	5910	3358	3426	100	7.7e-27
FC615DRAAXX:2:9:1404:19016#0/2	72	1	72	smNRPS-1/2	5910	3311	3382	98.611	7.7e-27
FC615DRAAXX:2:10:4706:5998#0/2	72	1	72	smNRPS-1/2	5910	3528	3599	98.611	7.7e-27
FC615DRAAXX:2:13:9340:9273#0/2	72	72	1	smNRPS-1/2	5910	573	644	98.611	7.7e-27
FC615DRAAXX:2:14:14475:9931#0/1	69	1	69	smNRPS-1/2	5910	5583	5651	100	7.7e-27
FC615DRAAXX:2:21:14838:8982#0/1	72	1	72	smNRPS-1/2	5910	3949	4020	98.611	7.7e-27
FC615DRAAXX:2:25:8079:5317#0/1	72	1	72	smNRPS-1/2	5910	4413	4484	98.611	7.7e-27
FC615DRAAXX:2:35:4334:13971#0/1	72	1	72	smNRPS-1/2	5910	1575	1646	98.611	7.7e-27
FC615DRAAXX:2:38:19639:2668#0/2	72	1	72	smNRPS-1/2	5910	5745	5816	98.611	7.7e-27
FC615DRAAXX:2:44:7058:5633#0/1	72	1	72	smNRPS-1/2	5910	3649	3720	98.611	7.7e-27
FC615DRAAXX:2:44:18344:4912#0/1	72	1	72	smNRPS-1/2	5910	2830	2901	98.611	7.7e-27
FC615DRAAXX:2:47:4980:7744#0/2	72	69	1	smNRPS-1/2	5910	4967	5035	100	7.7e-27
FC615DRAAXX:2:47:8142:20415#0/2	72	1	72	smNRPS-1/2	5910	4265	4336	98.611	7.7e-27
FC615DRAAXX:2:47:8925:10641#0/2	72	72	1	smNRPS-1/2	5910	3250	3321	98.611	7.7e-27
FC615DRAAXX:2:54:14226:4594#0/2	72	1	72	smNRPS-1/2	5910	5118	5189	98.611	7.7e-27
FC615DRAAXX:2:56:11355:20735#0/2	72	1	72	smNRPS-1/2	5910	3188	3259	98.611	7.7e-27
FC615DRAAXX:2:64:16294:9755#0/2	69	1	69	smNRPS-1/2	5910	1847	1915	100	7.7e-27
FC615DRAAXX:2:67:3608:7039#0/1	72	1	72	smNRPS-1/2	5910	753	824	98.611	7.7e-27
FC615DRAAXX:2:67:4568:1783#0/2	69	69	1	smNRPS-1/2	5910	5681	5749	100	7.7e-27
FC615DRAAXX:2:72:12141:1863#0/1	72	1	72	smNRPS-1/2	5910	221	292	98.611	7.7e-27
FC615DRAAXX:2:72:12141:1863#0/2	72	72	1	smNRPS-1/2	5910	482	553	98.611	7.7e-27
FC615DRAAXX:2:74:4877:21038#0/2	72	72	1	smNRPS-1/2	5910	5757	5828	98.611	7.7e-27
FC615DRAAXX:2:74:5889:5442#0/2	72	72	1	smNRPS-1/2	5910	1132	1203	98.611	7.7e-27
FC615DRAAXX:2:74:11933:11699#0/2	72	1	72	smNRPS-1/2	5910	578	649	98.611	7.7e-27
FC615DRAAXX:2:75:8867:10569#0/2	72	1	72	smNRPS-1/2	5910	461	532	98.611	7.7e-27
FC615DRAAXX:2:84:18489:4162#0/1	72	1	72	smNRPS-1/2	5910	3311	3382	98.611	7.7e-27
FC615DRAAXX:2:87:8545:16011#0/2	72	72	1	smNRPS-1/2	5910	3210	3281	98.611	7.7e-27
FC615DRAAXX:2:92:16940:12555#0/1	72	1	72	smNRPS-1/2	5910	4283	4354	98.611	7.7e-27
FC615DRAAXX:2:98:9752:18629#0/1	72	72	1	smNRPS-1/2	5910	4415	4486	98.611	7.7e-27
FC615DRAAXX:2:107:13326:16489#0/1	72	72	1	smNRPS-1/2	5910	3905	3976	98.611	7.7e-27
FC615DRAAXX:2:108:15156:12352#0/2	72	1	72	smNRPS-1/2	5910	4043	4114	98.611	7.7e-27
FC615DRAAXX:2:109:4281:4657#0/2	72	1	72	smNRPS-1/2	5910	498	569	98.611	7.7e-27
FC615DRAAXX:2:109:18773:5735#0/2	72	1	72	smNRPS-1/2	5910	5663	5734	98.611	7.7e-27
FC615DRAAXX:2:112:15379:3254#0/1	72	72	1	smNRPS-1/2	5910	3889	3960	98.611	7.7e-27
FC615DRAAXX:2:114:13428:8230#0/2	72	72	1	smNRPS-1/2	5910	851	922	98.611	7.7e-27
FC615DRAAXX:2:120:15464:10488#0/2	72	1	72	smNRPS-1/2	5910	3700	3771	98.611	7.7e-27
FC615DRAAXX:2:61:1810:12236#0/2	72	72	1	smNRPS-1/2	5910	4869	4940	98.611	7.7e-27
FC615DRAAXX:2:4:2207:8327#0/1	70	70	1	smNRPS-1/2	5910	388	457	100	2.14e-27
FC615DRAAXX:2:21:10087:14560#0/2	70	70	1	smNRPS-1/2	5910	2324	2393	100	2.14e-27
FC615DRAAXX:2:28:5876:15385#0/2	70	70	1	smNRPS-1/2	5910	4742	4811	100	2.14e-27
FC615DRAAXX:2:32:2854:2702#0/1	72	1	72	smNRPS-1/2	5910	950	1021	98.611	2.14e-27
FC615DRAAXX:2:33:4286:17542#0/2	70	1	70	smNRPS-1/2	5910	176	245	100	2.14e-27
FC615DRAAXX:2:37:15003:19026#0/1	70	1	70	smNRPS-1/2	5910	3928	3997	100	2.14e-27
FC615DRAAXX:2:52:17227:10028#0/1	72	72	1	smNRPS-1/2	5910	2320	2391	98.611	2.14e-27
FC615DRAAXX:2:55:2320:17042#0/1	72	1	72	smNRPS-1/2	5910	3349	3420	98.611	2.14e-27
FC615DRAAXX:2:55:8822:16666#0/1	72	72	1	smNRPS-1/2	5910	1992	2063	98.611	2.14e-27
FC615DRAAXX:2:97:8104:14354#0/1	70	70	1	smNRPS-1/2	5910	4704	4773	100	2.14e-27
FC615DRAAXX:2:102:8887:18521#0/2	70	70	1	smNRPS-1/2	5910	2146	2215	100	2.14e-27
FC615DRAAXX:2:55:1087:16177#0/1	72	1	72	smNRPS-1/2	5910	3400	3471	98.611	2.14e-27
FC615DRAAXX:2:2:18806:5826#0/2	71	1	71	smNRPS-1/2	5910	2872	2942	100	5.95e-28
FC615DRAAXX:2:3:5664:9962#0/2	71	71	1	smNRPS-1/2	5910	2135	2205	100	5.95e-28
FC615DRAAXX:2:4:10417:1137#0/1	71	1	71	smNRPS-1/2	5910	586	656	100	5.95e-28
FC615DRAAXX:2:7:8907:16421#0/2	71	1	71	smNRPS-1/2	5910	3582	3652	100	5.95e-28
FC615DRAAXX:2:14:16823:18931#0/2	71	1	71	smNRPS-1/2	5910	1836	1906	100	5.95e-28
FC615DRAAXX:2:16:15265:11706#0/2	71	71	1	smNRPS-1/2	5910	950	1020	100	5.95e-28
FC615DRAAXX:2:18:17248:13070#0/2	71	71	1	smNRPS-1/2	5910	3800	3870	100	5.95e-28
FC615DRAAXX:2:21:14838:8982#0/2	71	71	1	smNRPS-1/2	5910	4191	4261	100	5.95e-28
FC615DRAAXX:2:35:4334:13971#0/2	71	71	1	smNRPS-1/2	5910	1844	1914	100	5.95e-28
FC615DRAAXX:2:35:17836:7436#0/2	71	1	71	smNRPS-1/2	5910	5527	5597	100	5.95e-28
FC615DRAAXX:2:36:18517:16191#0/2	71	71	1	smNRPS-1/2	5910	1243	1313	100	5.95e-28
FC615DRAAXX:2:37:11288:4632#0/2	71	1	71	smNRPS-1/2	5910	773	843	100	5.95e-28
FC615DRAAXX:2:37:15003:19026#0/2	71	71	1	smNRPS-1/2	5910	4180	4250	100	5.95e-28
FC615DRAAXX:2:40:7027:20141#0/2	71	1	71	smNRPS-1/2	5910	3925	3995	100	5.95e-28
FC615DRAAXX:2:56:11355:20735#0/1	71	71	1	smNRPS-1/2	5910	3448	3518	100	5.95e-28
FC615DRAAXX:2:69:2458:2990#0/1	71	71	1	smNRPS-1/2	5910	2982	3052	100	5.95e-28
FC615DRAAXX:2:69:18365:5074#0/2	71	71	1	smNRPS-1/2	5910	1149	1219	100	5.95e-28
FC615DRAAXX:2:73:2354:1985#0/1	71	1	71	smNRPS-1/2	5910	3508	3578	100	5.95e-28
FC615DRAAXX:2:75:15546:15667#0/1	71	1	71	smNRPS-1/2	5910	2186	2256	100	5.95e-28
FC615DRAAXX:2:79:1583:8590#0/2	71	71	1	smNRPS-1/2	5910	5629	5699	100	5.95e-28
FC615DRAAXX:2:83:5392:15026#0/1	71	71	1	smNRPS-1/2	5910	3922	3992	100	5.95e-28
FC615DRAAXX:2:85:12756:12130#0/1	71	71	1	smNRPS-1/2	5910	2749	2819	100	5.95e-28
FC615DRAAXX:2:94:12788:12439#0/2	71	71	1	smNRPS-1/2	5910	2409	2479	100	5.95e-28
FC615DRAAXX:2:95:10435:20816#0/2	71	1	71	smNRPS-1/2	5910	5613	5683	100	5.95e-28
FC615DRAAXX:2:95:13514:13994#0/2	71	1	71	smNRPS-1/2	5910	10	80	100	5.95e-28
FC615DRAAXX:2:101:8943:1559#0/2	71	1	71	smNRPS-1/2	5910	37	107	100	5.95e-28
FC615DRAAXX:2:101:11088:15213#0/2	71	71	1	smNRPS-1/2	5910	4286	4356	100	5.95e-28
FC615DRAAXX:2:101:14091:12019#0/1	71	1	71	smNRPS-1/2	5910	5532	5602	100	5.95e-28
FC615DRAAXX:2:103:11262:18623#0/2	71	71	1	smNRPS-1/2	5910	2720	2790	100	5.95e-28
FC615DRAAXX:2:103:15240:3783#0/2	71	71	1	smNRPS-1/2	5910	102	172	100	5.95e-28
FC615DRAAXX:2:110:8970:21012#0/2	71	71	1	smNRPS-1/2	5910	66	136	100	5.95e-28
FC615DRAAXX:2:112:10833:12039#0/2	71	1	71	smNRPS-1/2	5910	828	898	100	5.95e-28
FC615DRAAXX:2:112:15379:3254#0/2	71	1	71	smNRPS-1/2	5910	3627	3697	100	5.95e-28
FC615DRAAXX:2:72:2960:9498#0/2	71	71	1	smNRPS-1/2	5910	1737	1807	100	5.95e-28
FC615DRAAXX:2:1:2371:16437#0/2	72	1	72	smNRPS-1/2	5910	4623	4694	100	1.66e-28
FC615DRAAXX:2:2:3608:6337#0/1	72	72	1	smNRPS-1/2	5910	2499	2570	100	1.66e-28
FC615DRAAXX:2:2:3608:6337#0/2	72	1	72	smNRPS-1/2	5910	2253	2324	100	1.66e-28
FC615DRAAXX:2:2:16514:19239#0/1	72	72	1	smNRPS-1/2	5910	5769	5840	100	1.66e-28
FC615DRAAXX:2:4:10417:1137#0/2	72	72	1	smNRPS-1/2	5910	853	924	100	1.66e-28
FC615DRAAXX:2:4:11123:8664#0/1	72	72	1	smNRPS-1/2	5910	3615	3686	100	1.66e-28
FC615DRAAXX:2:5:1340:11847#0/1	72	72	1	smNRPS-1/2	5910	5014	5085	100	1.66e-28
FC615DRAAXX:2:5:11147:11197#0/1	72	72	1	smNRPS-1/2	5910	4181	4252	100	1.66e-28
FC615DRAAXX:2:5:11147:11197#0/2	72	1	72	smNRPS-1/2	5910	3918	3989	100	1.66e-28
FC615DRAAXX:2:5:12548:16385#0/1	72	1	72	smNRPS-1/2	5910	5535	5606	100	1.66e-28
FC615DRAAXX:2:5:19760:19094#0/1	72	72	1	smNRPS-1/2	5910	3830	3901	100	1.66e-28
FC615DRAAXX:2:6:16574:16879#0/2	72	72	1	smNRPS-1/2	5910	228	299	100	1.66e-28
FC615DRAAXX:2:7:2366:7670#0/1	72	72	1	smNRPS-1/2	5910	5308	5379	100	1.66e-28
FC615DRAAXX:2:7:2366:7670#0/2	72	1	72	smNRPS-1/2	5910	5048	5119	100	1.66e-28
FC615DRAAXX:2:7:8907:16421#0/1	72	72	1	smNRPS-1/2	5910	3832	3903	100	1.66e-28
FC615DRAAXX:2:8:7368:4049#0/1	72	1	72	smNRPS-1/2	5910	4090	4161	100	1.66e-28
FC615DRAAXX:2:8:7368:4049#0/2	72	72	1	smNRPS-1/2	5910	4362	4433	100	1.66e-28
FC615DRAAXX:2:9:8890:9782#0/1	72	1	72	smNRPS-1/2	5910	2028	2099	100	1.66e-28
FC615DRAAXX:2:9:15939:2428#0/1	72	1	72	smNRPS-1/2	5910	288	359	100	1.66e-28
FC615DRAAXX:2:9:19179:12160#0/1	72	72	1	smNRPS-1/2	5910	3658	3729	100	1.66e-28
FC615DRAAXX:2:10:4706:5998#0/1	72	72	1	smNRPS-1/2	5910	3787	3858	100	1.66e-28
FC615DRAAXX:2:10:10409:7245#0/1	72	1	72	smNRPS-1/2	5910	2895	2966	100	1.66e-28
FC615DRAAXX:2:10:10409:7245#0/2	72	72	1	smNRPS-1/2	5910	3144	3215	100	1.66e-28
FC615DRAAXX:2:10:18379:18023#0/1	72	1	72	smNRPS-1/2	5910	3279	3350	100	1.66e-28
FC615DRAAXX:2:10:18942:12396#0/1	72	72	1	smNRPS-1/2	5910	2352	2423	100	1.66e-28
FC615DRAAXX:2:11:18036:9239#0/1	72	72	1	smNRPS-1/2	5910	405	476	100	1.66e-28
FC615DRAAXX:2:11:18036:9239#0/2	72	1	72	smNRPS-1/2	5910	137	208	100	1.66e-28
FC615DRAAXX:2:12:10308:18433#0/1	72	72	1	smNRPS-1/2	5910	925	996	100	1.66e-28
FC615DRAAXX:2:12:13485:11941#0/2	72	72	1	smNRPS-1/2	5910	3835	3906	100	1.66e-28
FC615DRAAXX:2:13:9340:9273#0/1	72	1	72	smNRPS-1/2	5910	322	393	100	1.66e-28
FC615DRAAXX:2:13:11628:6504#0/1	72	1	72	smNRPS-1/2	5910	715	786	100	1.66e-28
FC615DRAAXX:2:13:11628:6504#0/2	72	72	1	smNRPS-1/2	5910	964	1035	100	1.66e-28
FC615DRAAXX:2:14:7361:13238#0/1	72	1	72	smNRPS-1/2	5910	4591	4662	100	1.66e-28
FC615DRAAXX:2:14:16823:18931#0/1	72	72	1	smNRPS-1/2	5910	2083	2154	100	1.66e-28
FC615DRAAXX:2:15:1920:10445#0/1	72	72	1	smNRPS-1/2	5910	535	606	100	1.66e-28
FC615DRAAXX:2:15:1920:10445#0/2	72	1	72	smNRPS-1/2	5910	286	357	100	1.66e-28
FC615DRAAXX:2:15:7096:12170#0/1	72	72	1	smNRPS-1/2	5910	5419	5490	100	1.66e-28
FC615DRAAXX:2:15:8225:10734#0/1	72	72	1	smNRPS-1/2	5910	1857	1928	100	1.66e-28
FC615DRAAXX:2:15:8225:10734#0/2	72	1	72	smNRPS-1/2	5910	1606	1677	100	1.66e-28
FC615DRAAXX:2:16:2707:6801#0/1	72	1	72	smNRPS-1/2	5910	3183	3254	100	1.66e-28
FC615DRAAXX:2:16:2707:6801#0/2	72	72	1	smNRPS-1/2	5910	3438	3509	100	1.66e-28
FC615DRAAXX:2:16:6144:8857#0/1	72	72	1	smNRPS-1/2	5910	3791	3862	100	1.66e-28
FC615DRAAXX:2:16:6144:8857#0/2	72	1	72	smNRPS-1/2	5910	3528	3599	100	1.66e-28
FC615DRAAXX:2:16:14242:10985#0/1	72	1	72	smNRPS-1/2	5910	4402	4473	100	1.66e-28
FC615DRAAXX:2:16:14242:10985#0/2	72	72	1	smNRPS-1/2	5910	4657	4728	100	1.66e-28
FC615DRAAXX:2:16:14537:2384#0/1	72	1	72	smNRPS-1/2	5910	902	973	100	1.66e-28
FC615DRAAXX:2:16:15265:11706#0/1	72	1	72	smNRPS-1/2	5910	696	767	100	1.66e-28
FC615DRAAXX:2:17:5852:5350#0/1	72	72	1	smNRPS-1/2	5910	314	385	100	1.66e-28
FC615DRAAXX:2:17:5852:5350#0/2	72	1	72	smNRPS-1/2	5910	46	117	100	1.66e-28
FC615DRAAXX:2:17:8985:20491#0/1	72	72	1	smNRPS-1/2	5910	3827	3898	100	1.66e-28
FC615DRAAXX:2:17:16607:4900#0/1	72	72	1	smNRPS-1/2	5910	2406	2477	100	1.66e-28
FC615DRAAXX:2:18:11575:8192#0/1	72	72	1	smNRPS-1/2	5910	762	833	100	1.66e-28
FC615DRAAXX:2:18:11575:8192#0/2	72	1	72	smNRPS-1/2	5910	498	569	100	1.66e-28
FC615DRAAXX:2:20:9222:15401#0/1	72	1	72	smNRPS-1/2	5910	5155	5226	100	1.66e-28
FC615DRAAXX:2:20:9222:15401#0/2	72	72	1	smNRPS-1/2	5910	5406	5477	100	1.66e-28
FC615DRAAXX:2:20:14440:7313#0/1	72	1	72	smNRPS-1/2	5910	3694	3765	100	1.66e-28
FC615DRAAXX:2:20:14440:7313#0/2	72	72	1	smNRPS-1/2	5910	3950	4021	100	1.66e-28
FC615DRAAXX:2:21:4978:14413#0/1	72	72	1	smNRPS-1/2	5910	4434	4505	100	1.66e-28
FC615DRAAXX:2:21:10087:14560#0/1	72	1	72	smNRPS-1/2	5910	2064	2135	100	1.66e-28
FC615DRAAXX:2:21:15447:15003#0/1	72	72	1	smNRPS-1/2	5910	4891	4962	100	1.66e-28
FC615DRAAXX:2:21:15447:15003#0/2	72	1	72	smNRPS-1/2	5910	4633	4704	100	1.66e-28
FC615DRAAXX:2:21:17028:3767#0/1	72	72	1	smNRPS-1/2	5910	1073	1144	100	1.66e-28
FC615DRAAXX:2:22:4123:1755#0/1	72	1	72	smNRPS-1/2	5910	104	175	100	1.66e-28
FC615DRAAXX:2:24:3799:13556#0/1	72	1	72	smNRPS-1/2	5910	5752	5823	100	1.66e-28
FC615DRAAXX:2:24:9357:7398#0/1	72	72	1	smNRPS-1/2	5910	2462	2533	100	1.66e-28
FC615DRAAXX:2:25:7989:14910#0/1	72	72	1	smNRPS-1/2	5910	5038	5109	100	1.66e-28
FC615DRAAXX:2:25:7989:14910#0/2	72	1	72	smNRPS-1/2	5910	4778	4849	100	1.66e-28
FC615DRAAXX:2:25:17629:4959#0/1	72	72	1	smNRPS-1/2	5910	5398	5469	100	1.66e-28
FC615DRAAXX:2:25:17629:4959#0/2	72	1	72	smNRPS-1/2	5910	5154	5225	100	1.66e-28
FC615DRAAXX:2:26:1526:8890#0/2	72	1	72	smNRPS-1/2	5910	5730	5801	100	1.66e-28
FC615DRAAXX:2:26:3765:3459#0/1	72	72	1	smNRPS-1/2	5910	5078	5149	100	1.66e-28
FC615DRAAXX:2:26:3765:3459#0/2	72	1	72	smNRPS-1/2	5910	4820	4891	100	1.66e-28
FC615DRAAXX:2:27:5352:17907#0/1	72	72	1	smNRPS-1/2	5910	1610	1681	100	1.66e-28
FC615DRAAXX:2:28:3732:7354#0/1	72	72	1	smNRPS-1/2	5910	3616	3687	100	1.66e-28
FC615DRAAXX:2:28:5876:15385#0/1	72	1	72	smNRPS-1/2	5910	4485	4556	100	1.66e-28
FC615DRAAXX:2:30:7147:12424#0/1	72	1	72	smNRPS-1/2	5910	4281	4352	100	1.66e-28
FC615DRAAXX:2:30:15226:1463#0/1	72	1	72	smNRPS-1/2	5910	5656	5727	100	1.66e-28
FC615DRAAXX:2:32:2854:2702#0/2	72	72	1	smNRPS-1/2	5910	1222	1293	100	1.66e-28
FC615DRAAXX:2:33:4286:17542#0/1	72	72	1	smNRPS-1/2	5910	442	513	100	1.66e-28
FC615DRAAXX:2:33:9206:11049#0/1	72	1	72	smNRPS-1/2	5910	2560	2631	100	1.66e-28
FC615DRAAXX:2:33:9206:11049#0/2	72	72	1	smNRPS-1/2	5910	2825	2896	100	1.66e-28
FC615DRAAXX:2:34:19102:3480#0/1	72	72	1	smNRPS-1/2	5910	237	308	100	1.66e-28
FC615DRAAXX:2:35:3594:9940#0/1	72	1	72	smNRPS-1/2	5910	4964	5035	100	1.66e-28
FC615DRAAXX:2:35:3594:9940#0/2	72	72	1	smNRPS-1/2	5910	5227	5298	100	1.66e-28
FC615DRAAXX:2:35:5429:9745#0/1	72	72	1	smNRPS-1/2	5910	577	648	100	1.66e-28
FC615DRAAXX:2:35:5429:9745#0/2	72	1	72	smNRPS-1/2	5910	319	390	100	1.66e-28
FC615DRAAXX:2:35:6246:8640#0/2	72	72	1	smNRPS-1/2	5910	119	190	100	1.66e-28
FC615DRAAXX:2:35:14910:7943#0/1	72	72	1	smNRPS-1/2	5910	723	794	100	1.66e-28
FC615DRAAXX:2:35:14910:7943#0/2	72	1	72	smNRPS-1/2	5910	463	534	100	1.66e-28
FC615DRAAXX:2:35:17836:7436#0/1	72	72	1	smNRPS-1/2	5910	5791	5862	100	1.66e-28
FC615DRAAXX:2:36:15682:14590#0/2	72	1	72	smNRPS-1/2	5910	5718	5789	100	1.66e-28
FC615DRAAXX:2:37:11288:4632#0/1	72	72	1	smNRPS-1/2	5910	1035	1106	100	1.66e-28
FC615DRAAXX:2:38:19662:13708#0/1	72	1	72	smNRPS-1/2	5910	5762	5833	100	1.66e-28
FC615DRAAXX:2:39:6128:18172#0/1	72	72	1	smNRPS-1/2	5910	585	656	100	1.66e-28
FC615DRAAXX:2:39:6128:18172#0/2	72	1	72	smNRPS-1/2	5910	309	380	100	1.66e-28
FC615DRAAXX:2:40:7027:20141#0/1	72	72	1	smNRPS-1/2	5910	4174	4245	100	1.66e-28
FC615DRAAXX:2:40:9451:16281#0/1	72	1	72	smNRPS-1/2	5910	3988	4059	100	1.66e-28
FC615DRAAXX:2:40:9451:16281#0/2	72	72	1	smNRPS-1/2	5910	4250	4321	100	1.66e-28
FC615DRAAXX:2:41:12040:15165#0/1	72	1	72	smNRPS-1/2	5910	720	791	100	1.66e-28
FC615DRAAXX:2:41:12040:15165#0/2	72	72	1	smNRPS-1/2	5910	965	1036	100	1.66e-28
FC615DRAAXX:2:43:2114:5141#0/2	72	72	1	smNRPS-1/2	5910	1827	1898	100	1.66e-28
FC615DRAAXX:2:44:1486:14321#0/1	72	1	72	smNRPS-1/2	5910	191	262	100	1.66e-28
FC615DRAAXX:2:44:1486:14321#0/2	72	72	1	smNRPS-1/2	5910	437	508	100	1.66e-28
FC615DRAAXX:2:44:7058:5633#0/2	72	72	1	smNRPS-1/2	5910	3917	3988	100	1.66e-28
FC615DRAAXX:2:44:17796:17288#0/1	72	1	72	smNRPS-1/2	5910	428	499	100	1.66e-28
FC615DRAAXX:2:44:17796:17288#0/2	72	72	1	smNRPS-1/2	5910	674	745	100	1.66e-28
FC615DRAAXX:2:44:18217:11927#0/1	72	72	1	smNRPS-1/2	5910	4381	4452	100	1.66e-28
FC615DRAAXX:2:44:18217:11927#0/2	72	1	72	smNRPS-1/2	5910	4118	4189	100	1.66e-28
FC615DRAAXX:2:44:18344:4912#0/2	72	72	1	smNRPS-1/2	5910	3090	3161	100	1.66e-28
FC615DRAAXX:2:45:19315:16835#0/1	72	1	72	smNRPS-1/2	5910	1993	2064	100	1.66e-28
FC615DRAAXX:2:46:15840:4858#0/1	72	1	72	smNRPS-1/2	5910	1617	1688	100	1.66e-28
FC615DRAAXX:2:46:15840:4858#0/2	72	72	1	smNRPS-1/2	5910	1866	1937	100	1.66e-28
FC615DRAAXX:2:47:4980:7744#0/1	72	1	72	smNRPS-1/2	5910	4732	4803	100	1.66e-28
FC615DRAAXX:2:47:8142:20415#0/1	72	72	1	smNRPS-1/2	5910	4539	4610	100	1.66e-28
FC615DRAAXX:2:47:8925:10641#0/1	72	1	72	smNRPS-1/2	5910	2992	3063	100	1.66e-28
FC615DRAAXX:2:49:3071:19615#0/1	72	1	72	smNRPS-1/2	5910	4172	4243	100	1.66e-28
FC615DRAAXX:2:49:3071:19615#0/2	72	72	1	smNRPS-1/2	5910	4430	4501	100	1.66e-28
FC615DRAAXX:2:50:7105:18168#0/1	72	72	1	smNRPS-1/2	5910	535	606	100	1.66e-28
FC615DRAAXX:2:50:7105:18168#0/2	72	1	72	smNRPS-1/2	5910	263	334	100	1.66e-28
FC615DRAAXX:2:50:10878:19932#0/1	72	72	1	smNRPS-1/2	5910	3180	3251	100	1.66e-28
FC615DRAAXX:2:51:6668:2565#0/1	72	1	72	smNRPS-1/2	5910	109	180	100	1.66e-28
FC615DRAAXX:2:51:8700:14476#0/1	72	1	72	smNRPS-1/2	5910	3166	3237	100	1.66e-28
FC615DRAAXX:2:51:8700:14476#0/2	72	72	1	smNRPS-1/2	5910	3440	3511	100	1.66e-28
FC615DRAAXX:2:51:9791:10236#0/1	72	72	1	smNRPS-1/2	5910	2	73	100	1.66e-28
FC615DRAAXX:2:51:10219:8971#0/1	72	72	1	smNRPS-1/2	5910	88	159	100	1.66e-28
FC615DRAAXX:2:52:17227:10028#0/2	72	1	72	smNRPS-1/2	5910	2073	2144	100	1.66e-28
FC615DRAAXX:2:53:11360:10556#0/1	72	72	1	smNRPS-1/2	5910	2813	2884	100	1.66e-28
FC615DRAAXX:2:53:11360:10556#0/2	72	1	72	smNRPS-1/2	5910	2561	2632	100	1.66e-28
FC615DRAAXX:2:53:15788:5281#0/1	72	72	1	smNRPS-1/2	5910	755	826	100	1.66e-28
FC615DRAAXX:2:53:15788:5281#0/2	72	1	72	smNRPS-1/2	5910	498	569	100	1.66e-28
FC615DRAAXX:2:54:4067:16061#0/2	72	72	1	smNRPS-1/2	5910	4213	4284	100	1.66e-28
FC615DRAAXX:2:54:4407:10177#0/1	72	1	72	smNRPS-1/2	5910	739	810	100	1.66e-28
FC615DRAAXX:2:54:5179:19463#0/2	72	1	72	smNRPS-1/2	5910	704	775	100	1.66e-28
FC615DRAAXX:2:54:14226:4594#0/1	72	72	1	smNRPS-1/2	5910	5394	5465	100	1.66e-28
FC615DRAAXX:2:54:16886:2590#0/1	72	72	1	smNRPS-1/2	5910	4806	4877	100	1.66e-28
FC615DRAAXX:2:55:2320:17042#0/2	72	72	1	smNRPS-1/2	5910	3621	3692	100	1.66e-28
FC615DRAAXX:2:56:2517:4753#0/1	72	1	72	smNRPS-1/2	5910	5611	5682	100	1.66e-28
FC615DRAAXX:2:58:3418:5190#0/1	72	1	72	smNRPS-1/2	5910	216	287	100	1.66e-28
FC615DRAAXX:2:58:3418:5190#0/2	72	72	1	smNRPS-1/2	5910	452	523	100	1.66e-28
FC615DRAAXX:2:59:2937:3341#0/1	72	1	72	smNRPS-1/2	5910	4022	4093	100	1.66e-28
FC615DRAAXX:2:59:2937:3341#0/2	72	72	1	smNRPS-1/2	5910	4285	4356	100	1.66e-28
FC615DRAAXX:2:59:15383:18029#0/1	72	1	72	smNRPS-1/2	5910	4049	4120	100	1.66e-28
FC615DRAAXX:2:59:15383:18029#0/2	72	72	1	smNRPS-1/2	5910	4285	4356	100	1.66e-28
FC615DRAAXX:2:60:16443:4299#0/1	72	72	1	smNRPS-1/2	5910	5761	5832	100	1.66e-28
FC615DRAAXX:2:60:16443:4299#0/2	72	1	72	smNRPS-1/2	5910	5485	5556	100	1.66e-28
FC615DRAAXX:2:60:18634:9344#0/1	72	1	72	smNRPS-1/2	5910	1641	1712	100	1.66e-28
FC615DRAAXX:2:60:18634:9344#0/2	72	72	1	smNRPS-1/2	5910	1906	1977	100	1.66e-28
FC615DRAAXX:2:61:1313:17456#0/2	72	72	1	smNRPS-1/2	5910	902	973	100	1.66e-28
FC615DRAAXX:2:61:15177:8635#0/1	72	72	1	smNRPS-1/2	5910	764	835	100	1.66e-28
FC615DRAAXX:2:62:5105:15535#0/2	72	1	72	smNRPS-1/2	5910	531	602	100	1.66e-28
FC615DRAAXX:2:62:15299:17198#0/1	72	72	1	smNRPS-1/2	5910	75	146	100	1.66e-28
FC615DRAAXX:2:62:16361:19544#0/2	72	72	1	smNRPS-1/2	5910	1769	1840	100	1.66e-28
FC615DRAAXX:2:64:4397:8900#0/1	72	1	72	smNRPS-1/2	5910	4623	4694	100	1.66e-28
FC615DRAAXX:2:64:16294:9755#0/1	72	72	1	smNRPS-1/2	5910	2117	2188	100	1.66e-28
FC615DRAAXX:2:65:18008:10510#0/1	72	1	72	smNRPS-1/2	5910	4787	4858	100	1.66e-28
FC615DRAAXX:2:65:18008:10510#0/2	72	72	1	smNRPS-1/2	5910	5011	5082	100	1.66e-28
FC615DRAAXX:2:66:11946:14425#0/1	72	72	1	smNRPS-1/2	5910	159	230	100	1.66e-28
FC615DRAAXX:2:67:7229:6654#0/1	72	72	1	smNRPS-1/2	5910	222	293	100	1.66e-28
FC615DRAAXX:2:67:9793:7328#0/1	72	1	72	smNRPS-1/2	5910	4838	4909	100	1.66e-28
FC615DRAAXX:2:67:9793:7328#0/2	72	72	1	smNRPS-1/2	5910	5099	5170	100	1.66e-28
FC615DRAAXX:2:67:12485:8051#0/2	72	72	1	smNRPS-1/2	5910	144	215	100	1.66e-28
FC615DRAAXX:2:68:5119:20163#0/2	72	1	72	smNRPS-1/2	5910	907	978	100	1.66e-28
FC615DRAAXX:2:69:2138:5413#0/2	72	1	72	smNRPS-1/2	5910	463	534	100	1.66e-28
FC615DRAAXX:2:69:18365:5074#0/1	72	1	72	smNRPS-1/2	5910	891	962	100	1.66e-28
FC615DRAAXX:2:70:2612:19263#0/1	72	1	72	smNRPS-1/2	5910	2780	2851	100	1.66e-28
FC615DRAAXX:2:70:2612:19263#0/2	72	72	1	smNRPS-1/2	5910	3057	3128	100	1.66e-28
FC615DRAAXX:2:72:2799:10740#0/2	72	1	72	smNRPS-1/2	5910	1588	1659	100	1.66e-28
FC615DRAAXX:2:74:4877:21038#0/1	72	1	72	smNRPS-1/2	5910	5511	5582	100	1.66e-28
FC615DRAAXX:2:74:5889:5442#0/1	72	1	72	smNRPS-1/2	5910	870	941	100	1.66e-28
FC615DRAAXX:2:74:11933:11699#0/1	72	72	1	smNRPS-1/2	5910	829	900	100	1.66e-28
FC615DRAAXX:2:75:7659:17290#0/1	72	1	72	smNRPS-1/2	5910	2870	2941	100	1.66e-28
FC615DRAAXX:2:75:7659:17290#0/2	72	72	1	smNRPS-1/2	5910	3137	3208	100	1.66e-28
FC615DRAAXX:2:75:7898:14363#0/1	72	72	1	smNRPS-1/2	5910	3661	3732	100	1.66e-28
FC615DRAAXX:2:75:7898:14363#0/2	72	1	72	smNRPS-1/2	5910	3404	3475	100	1.66e-28
FC615DRAAXX:2:75:8867:10569#0/1	72	72	1	smNRPS-1/2	5910	721	792	100	1.66e-28
FC615DRAAXX:2:75:15546:15667#0/2	72	72	1	smNRPS-1/2	5910	2450	2521	100	1.66e-28
FC615DRAAXX:2:76:2904:14616#0/1	72	72	1	smNRPS-1/2	5910	5766	5837	100	1.66e-28
FC615DRAAXX:2:76:11502:4886#0/1	72	1	72	smNRPS-1/2	5910	4580	4651	100	1.66e-28
FC615DRAAXX:2:76:11826:9133#0/1	72	72	1	smNRPS-1/2	5910	3615	3686	100	1.66e-28
FC615DRAAXX:2:76:11826:9133#0/2	72	1	72	smNRPS-1/2	5910	3358	3429	100	1.66e-28
FC615DRAAXX:2:77:4472:11642#0/1	72	1	72	smNRPS-1/2	5910	432	503	100	1.66e-28
FC615DRAAXX:2:77:4472:11642#0/2	72	72	1	smNRPS-1/2	5910	678	749	100	1.66e-28
FC615DRAAXX:2:77:5197:15618#0/1	72	72	1	smNRPS-1/2	5910	2688	2759	100	1.66e-28
FC615DRAAXX:2:77:5197:15618#0/2	72	1	72	smNRPS-1/2	5910	2428	2499	100	1.66e-28
FC615DRAAXX:2:77:11487:5885#0/2	72	1	72	smNRPS-1/2	5910	2674	2745	100	1.66e-28
FC615DRAAXX:2:77:16944:16373#0/1	72	1	72	smNRPS-1/2	5910	800	871	100	1.66e-28
FC615DRAAXX:2:77:16944:16373#0/2	72	72	1	smNRPS-1/2	5910	1077	1148	100	1.66e-28
FC615DRAAXX:2:78:3845:17270#0/1	72	72	1	smNRPS-1/2	5910	5310	5381	100	1.66e-28
FC615DRAAXX:2:78:3845:17270#0/2	72	1	72	smNRPS-1/2	5910	5058	5129	100	1.66e-28
FC615DRAAXX:2:78:10117:18533#0/1	72	1	72	smNRPS-1/2	5910	3466	3537	100	1.66e-28
FC615DRAAXX:2:78:10117:18533#0/2	72	72	1	smNRPS-1/2	5910	3706	3777	100	1.66e-28
FC615DRAAXX:2:78:15707:10088#0/1	72	72	1	smNRPS-1/2	5910	4868	4939	100	1.66e-28
FC615DRAAXX:2:79:1583:8590#0/1	72	1	72	smNRPS-1/2	5910	5376	5447	100	1.66e-28
FC615DRAAXX:2:79:13299:3342#0/1	72	1	72	smNRPS-1/2	5910	1042	1113	100	1.66e-28
FC615DRAAXX:2:80:16151:3189#0/1	72	72	1	smNRPS-1/2	5910	2828	2899	100	1.66e-28
FC615DRAAXX:2:80:16151:3189#0/2	72	1	72	smNRPS-1/2	5910	2573	2644	100	1.66e-28
FC615DRAAXX:2:81:3293:19557#0/1	72	72	1	smNRPS-1/2	5910	3136	3207	100	1.66e-28
FC615DRAAXX:2:81:3293:19557#0/2	72	1	72	smNRPS-1/2	5910	2869	2940	100	1.66e-28
FC615DRAAXX:2:81:16974:9324#0/1	72	72	1	smNRPS-1/2	5910	3660	3731	100	1.66e-28
FC615DRAAXX:2:81:17945:19268#0/1	72	72	1	smNRPS-1/2	5910	3137	3208	100	1.66e-28
FC615DRAAXX:2:81:17945:19268#0/2	72	1	72	smNRPS-1/2	5910	2875	2946	100	1.66e-28
FC615DRAAXX:2:83:5392:15026#0/2	72	1	72	smNRPS-1/2	5910	3666	3737	100	1.66e-28
FC615DRAAXX:2:84:17946:14182#0/1	72	72	1	smNRPS-1/2	5910	4249	4320	100	1.66e-28
FC615DRAAXX:2:85:12756:12130#0/2	72	1	72	smNRPS-1/2	5910	2495	2566	100	1.66e-28
FC615DRAAXX:2:85:15546:11231#0/1	72	1	72	smNRPS-1/2	5910	2020	2091	100	1.66e-28
FC615DRAAXX:2:87:14339:6627#0/1	72	72	1	smNRPS-1/2	5910	333	404	100	1.66e-28
FC615DRAAXX:2:87:14339:6627#0/2	72	1	72	smNRPS-1/2	5910	77	148	100	1.66e-28
FC615DRAAXX:2:88:6549:6850#0/1	72	1	72	smNRPS-1/2	5910	231	302	100	1.66e-28
FC615DRAAXX:2:88:13215:12249#0/1	72	72	1	smNRPS-1/2	5910	54	125	100	1.66e-28
FC615DRAAXX:2:89:15424:15526#0/1	72	1	72	smNRPS-1/2	5910	2817	2888	100	1.66e-28
FC615DRAAXX:2:89:15424:15526#0/2	72	72	1	smNRPS-1/2	5910	3064	3135	100	1.66e-28
FC615DRAAXX:2:90:9190:4471#0/1	72	1	72	smNRPS-1/2	5910	485	556	100	1.66e-28
FC615DRAAXX:2:90:9190:4471#0/2	72	72	1	smNRPS-1/2	5910	724	795	100	1.66e-28
FC615DRAAXX:2:90:11727:18537#0/1	72	1	72	smNRPS-1/2	5910	4633	4704	100	1.66e-28
FC615DRAAXX:2:93:4610:4879#0/2	72	72	1	smNRPS-1/2	5910	193	264	100	1.66e-28
FC615DRAAXX:2:93:14798:18489#0/1	72	1	72	smNRPS-1/2	5910	4214	4285	100	1.66e-28
FC615DRAAXX:2:93:14798:18489#0/2	72	72	1	smNRPS-1/2	5910	4470	4541	100	1.66e-28
FC615DRAAXX:2:94:17448:18697#0/1	72	72	1	smNRPS-1/2	5910	8	79	100	1.66e-28
FC615DRAAXX:2:94:18396:12529#0/1	72	1	72	smNRPS-1/2	5910	5146	5217	100	1.66e-28
FC615DRAAXX:2:94:18438:6633#0/1	72	72	1	smNRPS-1/2	5910	4405	4476	100	1.66e-28
FC615DRAAXX:2:94:18438:6633#0/2	72	1	72	smNRPS-1/2	5910	4154	4225	100	1.66e-28
FC615DRAAXX:2:95:4798:4635#0/1	72	1	72	smNRPS-1/2	5910	2830	2901	100	1.66e-28
FC615DRAAXX:2:95:4798:4635#0/2	72	72	1	smNRPS-1/2	5910	3101	3172	100	1.66e-28
FC615DRAAXX:2:95:13514:13994#0/1	72	72	1	smNRPS-1/2	5910	271	342	100	1.66e-28
FC615DRAAXX:2:95:16730:6446#0/1	72	72	1	smNRPS-1/2	5910	5615	5686	100	1.66e-28
FC615DRAAXX:2:95:16730:6446#0/2	72	1	72	smNRPS-1/2	5910	5352	5423	100	1.66e-28
FC615DRAAXX:2:96:18611:10324#0/1	72	1	72	smNRPS-1/2	5910	417	488	100	1.66e-28
FC615DRAAXX:2:96:18611:10324#0/2	72	72	1	smNRPS-1/2	5910	651	722	100	1.66e-28
FC615DRAAXX:2:97:8104:14354#0/2	72	1	72	smNRPS-1/2	5910	4449	4520	100	1.66e-28
FC615DRAAXX:2:97:14919:10964#0/2	72	72	1	smNRPS-1/2	5910	3440	3511	100	1.66e-28
FC615DRAAXX:2:98:9752:18629#0/2	72	1	72	smNRPS-1/2	5910	4160	4231	100	1.66e-28
FC615DRAAXX:2:99:11717:8128#0/1	72	1	72	smNRPS-1/2	5910	4815	4886	100	1.66e-28
FC615DRAAXX:2:99:11717:8128#0/2	72	72	1	smNRPS-1/2	5910	5080	5151	100	1.66e-28
FC615DRAAXX:2:100:17652:17054#0/1	72	72	1	smNRPS-1/2	5910	261	332	100	1.66e-28
FC615DRAAXX:2:101:8943:1559#0/1	72	72	1	smNRPS-1/2	5910	284	355	100	1.66e-28
FC615DRAAXX:2:101:11088:15213#0/1	72	1	72	smNRPS-1/2	5910	4024	4095	100	1.66e-28
FC615DRAAXX:2:101:14091:12019#0/2	72	72	1	smNRPS-1/2	5910	5802	5873	100	1.66e-28
FC615DRAAXX:2:103:11262:18623#0/1	72	1	72	smNRPS-1/2	5910	2448	2519	100	1.66e-28
FC615DRAAXX:2:104:3386:16424#0/1	72	72	1	smNRPS-1/2	5910	5715	5786	100	1.66e-28
FC615DRAAXX:2:104:7736:8171#0/1	72	1	72	smNRPS-1/2	5910	1991	2062	100	1.66e-28
FC615DRAAXX:2:104:11028:8724#0/1	72	1	72	smNRPS-1/2	5910	1010	1081	100	1.66e-28
FC615DRAAXX:2:106:12934:18589#0/1	72	72	1	smNRPS-1/2	5910	620	691	100	1.66e-28
FC615DRAAXX:2:106:12934:18589#0/2	72	1	72	smNRPS-1/2	5910	374	445	100	1.66e-28
FC615DRAAXX:2:107:10948:12121#0/1	72	72	1	smNRPS-1/2	5910	5328	5399	100	1.66e-28
FC615DRAAXX:2:107:10948:12121#0/2	72	1	72	smNRPS-1/2	5910	5049	5120	100	1.66e-28
FC615DRAAXX:2:107:13326:16489#0/2	72	1	72	smNRPS-1/2	5910	3651	3722	100	1.66e-28
FC615DRAAXX:2:108:9704:17504#0/1	72	72	1	smNRPS-1/2	5910	2495	2566	100	1.66e-28
FC615DRAAXX:2:108:9704:17504#0/2	72	1	72	smNRPS-1/2	5910	2222	2293	100	1.66e-28
FC615DRAAXX:2:108:9808:10845#0/1	72	1	72	smNRPS-1/2	5910	2992	3063	100	1.66e-28
FC615DRAAXX:2:108:15156:12352#0/1	72	72	1	smNRPS-1/2	5910	4282	4353	100	1.66e-28
FC615DRAAXX:2:108:18350:10408#0/1	72	72	1	smNRPS-1/2	5910	4911	4982	100	1.66e-28
FC615DRAAXX:2:108:18559:11881#0/1	72	1	72	smNRPS-1/2	5910	4740	4811	100	1.66e-28
FC615DRAAXX:2:108:18559:11881#0/2	72	72	1	smNRPS-1/2	5910	5011	5082	100	1.66e-28
FC615DRAAXX:2:109:4281:4657#0/1	72	72	1	smNRPS-1/2	5910	738	809	100	1.66e-28
FC615DRAAXX:2:110:4441:21034#0/2	72	72	1	smNRPS-1/2	5910	751	822	100	1.66e-28
FC615DRAAXX:2:110:12827:8138#0/1	72	1	72	smNRPS-1/2	5910	2131	2202	100	1.66e-28
FC615DRAAXX:2:110:12827:8138#0/2	72	72	1	smNRPS-1/2	5910	2387	2458	100	1.66e-28
FC615DRAAXX:2:110:15930:4970#0/1	72	1	72	smNRPS-1/2	5910	5380	5451	100	1.66e-28
FC615DRAAXX:2:110:15930:4970#0/2	72	72	1	smNRPS-1/2	5910	5652	5723	100	1.66e-28
FC615DRAAXX:2:111:7707:9464#0/1	72	1	72	smNRPS-1/2	5910	5174	5245	100	1.66e-28
FC615DRAAXX:2:111:7707:9464#0/2	72	72	1	smNRPS-1/2	5910	5445	5516	100	1.66e-28
FC615DRAAXX:2:111:17045:13009#0/1	72	1	72	smNRPS-1/2	5910	3107	3178	100	1.66e-28
FC615DRAAXX:2:112:4138:15718#0/1	72	1	72	smNRPS-1/2	5910	2582	2653	100	1.66e-28
FC615DRAAXX:2:112:4138:15718#0/2	72	72	1	smNRPS-1/2	5910	2848	2919	100	1.66e-28
FC615DRAAXX:2:112:4468:8660#0/1	72	1	72	smNRPS-1/2	5910	895	966	100	1.66e-28
FC615DRAAXX:2:112:4468:8660#0/2	72	72	1	smNRPS-1/2	5910	1147	1218	100	1.66e-28
FC615DRAAXX:2:112:10833:12039#0/1	72	72	1	smNRPS-1/2	5910	1099	1170	100	1.66e-28
FC615DRAAXX:2:112:12928:11750#0/1	72	1	72	smNRPS-1/2	5910	4635	4706	100	1.66e-28
FC615DRAAXX:2:112:12928:11750#0/2	72	72	1	smNRPS-1/2	5910	4884	4955	100	1.66e-28
FC615DRAAXX:2:112:14165:4930#0/1	72	72	1	smNRPS-1/2	5910	835	906	100	1.66e-28
FC615DRAAXX:2:112:14165:4930#0/2	72	1	72	smNRPS-1/2	5910	583	654	100	1.66e-28
FC615DRAAXX:2:114:7811:19804#0/1	72	1	72	smNRPS-1/2	5910	153	224	100	1.66e-28
FC615DRAAXX:2:114:7811:19804#0/2	72	72	1	smNRPS-1/2	5910	418	489	100	1.66e-28
FC615DRAAXX:2:114:8418:9593#0/1	72	72	1	smNRPS-1/2	5910	2960	3031	100	1.66e-28
FC615DRAAXX:2:114:8418:9593#0/2	72	1	72	smNRPS-1/2	5910	2718	2789	100	1.66e-28
FC615DRAAXX:2:114:13428:8230#0/1	72	1	72	smNRPS-1/2	5910	581	652	100	1.66e-28
FC615DRAAXX:2:114:15435:9505#0/2	72	72	1	smNRPS-1/2	5910	118	189	100	1.66e-28
FC615DRAAXX:2:116:5585:9354#0/1	72	1	72	smNRPS-1/2	5910	538	609	100	1.66e-28
FC615DRAAXX:2:118:1394:17933#0/1	72	72	1	smNRPS-1/2	5910	2895	2966	100	1.66e-28
FC615DRAAXX:2:118:1394:17933#0/2	72	1	72	smNRPS-1/2	5910	2641	2712	100	1.66e-28
FC615DRAAXX:2:118:14281:5287#0/1	72	72	1	smNRPS-1/2	5910	753	824	100	1.66e-28
FC615DRAAXX:2:118:14281:5287#0/2	72	1	72	smNRPS-1/2	5910	520	591	100	1.66e-28
FC615DRAAXX:2:119:17783:2922#0/1	72	72	1	smNRPS-1/2	5910	5740	5811	100	1.66e-28
FC615DRAAXX:2:120:6507:15453#0/2	72	72	1	smNRPS-1/2	5910	173	244	100	1.66e-28
FC615DRAAXX:2:120:15464:10488#0/1	72	72	1	smNRPS-1/2	5910	3964	4035	100	1.66e-28
FC615DRAAXX:2:4:1712:1157#0/1	72	72	1	smNRPS-1/2	5910	4615	4686	100	1.66e-28
FC615DRAAXX:2:35:10350:6011#0/1	72	72	1	smNRPS-1/2	5910	922	993	100	1.66e-28
FC615DRAAXX:2:47:19463:1889#0/1	72	1	72	smNRPS-1/2	5910	706	777	100	1.66e-28
FC615DRAAXX:2:79:18961:14447#0/1	72	72	1	smNRPS-1/2	5910	3512	3583	100	1.66e-28
FC615DRAAXX:2:100:9258:17445#0/1	72	72	1	smNRPS-1/2	5910	2432	2503	100	1.66e-28
FC615DRAAXX:2:81:6074:946#0/2	72	72	1	smNRPS-1/2	5910	2417	2488	100	1.66e-28
FC615DRAAXX:2:6:5674:7252#0/1	72	72	1	smNRPS-1/2	5910	237	308	100	1.66e-28
FC615DRAAXX:2:16:4939:11742#0/1	72	1	72	smNRPS-1/2	5910	4892	4963	100	1.66e-28
FC615DRAAXX:2:16:17678:8101#0/1	72	1	72	smNRPS-1/2	5910	5277	5348	100	1.66e-28
FC615DRAAXX:2:20:6099:12326#0/1	72	72	1	smNRPS-1/2	5910	5147	5218	100	1.66e-28
FC615DRAAXX:2:25:14192:17506#0/2	72	72	1	smNRPS-1/2	5910	2034	2105	100	1.66e-28
FC615DRAAXX:2:27:19695:7303#0/1	72	72	1	smNRPS-1/2	5910	4151	4222	100	1.66e-28
FC615DRAAXX:2:36:12970:13628#0/1	72	72	1	smNRPS-1/2	5910	2476	2547	100	1.66e-28
FC615DRAAXX:2:47:3682:13146#0/1	72	72	1	smNRPS-1/2	5910	5147	5218	100	1.66e-28
FC615DRAAXX:2:73:3059:14503#0/1	72	72	1	smNRPS-1/2	5910	3694	3765	100	1.66e-28
FC615DRAAXX:2:77:6660:19043#0/1	72	72	1	smNRPS-1/2	5910	940	1011	100	1.66e-28
FC615DRAAXX:2:106:18313:8824#0/1	72	72	1	smNRPS-1/2	5910	3299	3370	100	1.66e-28
FC615DRAAXX:2:107:12872:9756#0/1	72	1	72	smNRPS-1/2	5910	4280	4351	100	1.66e-28
FC615DRAAXX:2:108:13364:12722#0/1	72	1	72	smNRPS-1/2	5910	1603	1674	100	1.66e-28
FC615DRAAXX:2:64:4921:17911#0/1	72	28	72	smNRPS-1/2	5910	1	45	100	1.71e-13
FC615DRAAXX:2:1:4414:18430#0/1	72	72	1	smNRPS-1/2	5910	5407	5478	100	1.67e-28
FC615DRAAXX:2:1:4414:18430#0/2	72	1	72	smNRPS-1/2	5910	5149	5220	100	1.67e-28
FC615DRAAXX:2:24:6466:9435#0/1	72	1	72	smNRPS-1/2	5910	2273	2344	100	1.67e-28
FC615DRAAXX:2:24:6466:9435#0/2	72	72	1	smNRPS-1/2	5910	2537	2608	100	1.67e-28
FC615DRAAXX:2:37:7466:19241#0/2	72	1	72	smNRPS-1/2	5910	5865	5936	100	1.67e-28
