B200YWABXX:6:4:1596:151153#GGCTACA/2	42	42	1	smNRPS-1/2	5910	2325	2366	100	4.05e-11
B200YWABXX:6:48:7083:102686#GGCTACA/1	42	42	1	smNRPS-1/2	5910	117	158	100	4.05e-11
B200YWABXX:6:3:8572:109030#GGCTACA/1	46	1	46	smNRPS-1/2	5910	2239	2284	100	2.42e-13
B200YWABXX:6:63:19957:193789#GGCTACA/2	50	1	50	smNRPS-1/2	5910	1782	1831	98	6.73e-14
B200YWABXX:6:63:8658:20658#GGCTACA/1	50	1	50	smNRPS-1/2	5910	2757	2806	100	1.45e-15
B201K8ABXX:6:63:19842:185154#GGCTAC/2	51	1	51	smNRPS-1/2	5910	5173	5223	100	4.02e-16
B201K8ABXX:6:62:19708:71361#GGCTAC/1	55	55	1	smNRPS-1/2	5910	3355	3409	98.182	1.12e-16
B201K8ABXX:6:62:19708:71361#GGCTAC/2	52	1	52	smNRPS-1/2	5910	3062	3113	100	1.12e-16
B200YWABXX:6:63:19957:193789#GGCTACA/1	52	52	1	smNRPS-1/2	5910	2064	2115	100	1.12e-16
B200YWABXX:6:1:4191:110860#GGCTACA/2	53	53	1	smNRPS-1/2	5910	2803	2855	100	3.11e-17
B200YWABXX:6:3:2984:30452#GGCTACA/2	54	54	1	smNRPS-1/2	5910	2596	2649	100	8.64e-18
B200YWABXX:6:65:15687:13630#GGCTACA/1	54	54	1	smNRPS-1/2	5910	580	633	100	8.64e-18
B201K8ABXX:6:21:6292:24663#GGCTAC/2	55	55	1	smNRPS-1/2	5910	4858	4912	100	2.4e-18
B201K8ABXX:6:26:19537:151265#GGCTAC/1	56	56	1	smNRPS-1/2	5910	5568	5623	100	6.68e-19
B200YWABXX:6:65:19284:131494#GGCTACA/1	56	56	1	smNRPS-1/2	5910	4895	4950	100	6.68e-19
B201K8ABXX:6:7:12973:117106#GGCTAC/2	57	1	57	smNRPS-1/2	5910	3946	4002	100	1.86e-19
B200YWABXX:6:4:1596:151153#GGCTACA/1	57	1	57	smNRPS-1/2	5910	2030	2086	100	1.86e-19
B200YWABXX:6:3:11489:73250#GGCTACA/1	58	58	1	smNRPS-1/2	5910	2565	2622	100	5.16e-20
B200YWABXX:6:4:3558:12991#GGCTACA/1	62	1	62	smNRPS-1/2	5910	1231	1292	98.387	1.44e-20
B201K8ABXX:6:7:5128:40731#GGCTAC/2	62	62	1	smNRPS-1/2	5910	4851	4912	100	3.09e-22
B200YWABXX:6:45:12347:131831#GGCTACA/2	65	1	65	smNRPS-1/2	5910	2186	2250	98.462	3.09e-22
B200YWABXX:6:25:19469:116696#GGCTACA/1	62	1	62	smNRPS-1/2	5910	5300	5361	100	3.09e-22
B200YWABXX:6:64:18090:195068#GGCTACA/2	66	1	64	smNRPS-1/2	5910	5069	5132	100	2.39e-23
B201K8ABXX:6:27:5995:6328#GGCTAC/1	64	64	1	smNRPS-1/2	5910	3464	3527	100	2.39e-23
B200YWABXX:6:21:10629:162325#GGCTACA/2	65	65	1	smNRPS-1/2	5910	4891	4955	100	6.63e-24
B200YWABXX:6:65:19284:131494#GGCTACA/2	69	1	69	smNRPS-1/2	5910	4621	4689	98.551	1.84e-24
B200YWABXX:6:64:10255:146410#GGCTACA/1	66	1	66	smNRPS-1/2	5910	1850	1915	100	1.84e-24
B200YWABXX:6:3:16526:13204#GGCTACA/1	67	67	1	smNRPS-1/2	5910	3331	3397	100	5.13e-25
B200YWABXX:6:3:2984:30452#GGCTACA/1	67	1	67	smNRPS-1/2	5910	2333	2399	100	5.13e-25
B200YWABXX:6:64:18090:195068#GGCTACA/1	70	70	1	smNRPS-1/2	5910	5325	5394	100	1.1e-26
B200YWABXX:6:3:16596:13161#GGCTACA/2	76	1	74	smNRPS-1/2	5910	1181	1254	98.649	3.06e-27
B200YWABXX:6:41:20139:69315#GGCTACA/2	77	1	77	smNRPS-1/2	5910	5438	5514	97.403	3.06e-27
B200YWABXX:6:63:9680:92981#GGCTACA/1	71	1	71	smNRPS-1/2	5910	495	565	100	3.06e-27
B201K8ABXX:6:28:13652:56888#GGCTAC/2	72	1	72	smNRPS-1/2	5910	3924	3995	100	8.52e-28
B201K8ABXX:6:44:19263:31893#GGCTAC/2	72	1	72	smNRPS-1/2	5910	3857	3928	100	8.52e-28
B200YWABXX:6:7:8101:43119#GGCTACA/2	72	1	72	smNRPS-1/2	5910	3714	3785	100	8.52e-28
B200YWABXX:6:26:16982:189139#GGCTACA/2	73	73	1	smNRPS-1/2	5910	3752	3824	100	2.37e-28
B200YWABXX:6:66:15888:147237#GGCTACA/2	76	1	76	smNRPS-1/2	5910	5025	5100	98.684	2.37e-28
B200YWABXX:6:42:11878:56731#GGCTACA/2	74	1	74	smNRPS-1/2	5910	501	574	100	6.59e-29
B200YWABXX:6:48:7073:102701#GGCTACA/1	74	74	1	smNRPS-1/2	5910	85	158	100	6.59e-29
B200YWABXX:6:1:8693:181920#GGCTACA/1	87	87	1	smNRPS-1/2	5910	2388	2474	95.402	1.83e-29
B200YWABXX:6:28:15715:192150#GGCTACA/2	78	1	78	smNRPS-1/2	5910	4029	4106	98.718	1.83e-29
B201K8ABXX:6:26:19537:151265#GGCTAC/2	79	1	79	smNRPS-1/2	5910	5313	5391	98.734	5.09e-30
B200YWABXX:6:3:11489:73250#GGCTACA/2	86	1	86	smNRPS-1/2	5910	2275	2360	96.512	1.42e-30
B200YWABXX:6:26:16982:189139#GGCTACA/1	77	1	77	smNRPS-1/2	5910	3504	3580	100	1.42e-30
B200YWABXX:6:4:5105:153604#GGCTACC/1	78	1	78	smNRPS-1/2	5910	5744	5821	100	3.94e-31
B201K8ABXX:6:62:20938:172226#GGCTAC/1	87	87	1	smNRPS-1/2	5910	5450	5536	96.552	3.94e-31
B201K8ABXX:6:8:11888:97598#GGCTAC/2	79	79	1	smNRPS-1/2	5910	5140	5218	100	1.09e-31
B200YWABXX:6:65:20536:197541#GGCTACA/1	82	1	82	smNRPS-1/2	5910	3458	3539	98.78	1.09e-31
B200YWABXX:6:3:16596:13161#GGCTACA/1	80	80	1	smNRPS-1/2	5910	1690	1769	100	3.04e-32
B200YWABXX:6:4:5105:153604#GGCTACC/2	87	87	8	smNRPS-1/2	5910	5748	5827	100	3.04e-32
B200YWABXX:6:65:15687:13630#GGCTACA/2	83	1	83	smNRPS-1/2	5910	306	388	98.795	3.04e-32
B201K8ABXX:6:7:5128:40731#GGCTAC/1	87	1	87	smNRPS-1/2	5910	4580	4666	97.701	8.46e-33
B201K8ABXX:6:8:15611:138300#GGCTAC/2	87	1	87	smNRPS-1/2	5910	2952	3038	97.701	8.46e-33
B200YWABXX:6:6:9381:44399#GGCTACA/2	87	1	87	smNRPS-1/2	5910	5157	5243	97.701	8.46e-33
B200YWABXX:6:46:3063:65033#GGCTACA/1	81	81	1	smNRPS-1/2	5910	164	244	100	8.46e-33
B200YWABXX:6:61:9189:30071#GGCTACA/2	81	1	81	smNRPS-1/2	5910	382	462	100	8.46e-33
B200YWABXX:6:4:3558:12991#GGCTACA/2	82	82	1	smNRPS-1/2	5910	1723	1804	100	2.35e-33
B200YWABXX:6:8:10728:77751#GGCTACA/2	82	1	82	smNRPS-1/2	5910	2751	2832	100	2.35e-33
B200YWABXX:6:43:15440:121525#GGCTACA/2	82	82	1	smNRPS-1/2	5910	1920	2001	100	2.35e-33
B200YWABXX:6:47:5417:77362#GGCTACA/2	82	1	82	smNRPS-1/2	5910	2988	3069	100	2.35e-33
B201K8ABXX:6:65:13988:125828#GGCTAC/1	86	1	86	smNRPS-1/2	5910	3859	3944	98.837	6.54e-34
B200YWABXX:6:66:8581:116052#GGCTACA/1	83	83	1	smNRPS-1/2	5910	1858	1940	100	6.54e-34
B201K8ABXX:6:21:6292:24663#GGCTAC/1	87	1	87	smNRPS-1/2	5910	4580	4666	98.851	1.82e-34
B201K8ABXX:6:25:5826:188501#GGCTAC/2	87	1	87	smNRPS-1/2	5910	4143	4229	98.851	1.82e-34
B200YWABXX:6:4:4487:4560#GGCTACA/1	84	1	84	smNRPS-1/2	5910	612	695	100	1.82e-34
B200YWABXX:6:6:19420:184779#GGCTACA/1	87	1	87	smNRPS-1/2	5910	3680	3766	98.851	1.82e-34
B200YWABXX:6:7:19806:181930#GGCTACA/2	84	84	1	smNRPS-1/2	5910	19	102	100	1.82e-34
B200YWABXX:6:21:2159:76580#GGCTACA/1	87	87	1	smNRPS-1/2	5910	1854	1940	98.851	1.82e-34
B200YWABXX:6:24:11692:54514#GGCTACA/2	84	84	1	smNRPS-1/2	5910	287	370	100	1.82e-34
B200YWABXX:6:42:11878:56731#GGCTACA/1	84	84	1	smNRPS-1/2	5910	744	827	100	1.82e-34
B200YWABXX:6:45:12337:131816#GGCTACA/2	87	1	87	smNRPS-1/2	5910	2186	2272	98.851	1.82e-34
B200YWABXX:6:45:12347:131831#GGCTACA/1	87	87	1	smNRPS-1/2	5910	2445	2531	98.851	1.82e-34
B200YWABXX:6:66:8581:116052#GGCTACA/2	87	1	87	smNRPS-1/2	5910	1605	1691	98.851	1.82e-34
B200YWABXX:6:66:7422:125638#GGCTACA/2	87	1	87	smNRPS-1/2	5910	5674	5760	98.851	1.82e-34
B200YWABXX:6:8:17428:86194#GGCTACA/1	85	1	85	smNRPS-1/2	5910	612	696	100	5.06e-35
B200YWABXX:6:1:4191:110860#GGCTACA/1	86	1	86	smNRPS-1/2	5910	2525	2610	100	1.41e-35
B200YWABXX:6:24:11692:54514#GGCTACA/1	86	1	86	smNRPS-1/2	5910	36	121	100	1.41e-35
B200YWABXX:6:41:20139:69315#GGCTACA/1	86	86	1	smNRPS-1/2	5910	5705	5790	100	1.41e-35
B200YWABXX:6:61:9189:30071#GGCTACA/1	86	86	1	smNRPS-1/2	5910	625	710	100	1.41e-35
B201K8ABXX:6:2:8164:62730#GGCTAC/1	87	87	1	smNRPS-1/2	5910	5032	5118	100	3.91e-36
B201K8ABXX:6:2:8164:62730#GGCTAC/2	87	1	87	smNRPS-1/2	5910	4792	4878	100	3.91e-36
B201K8ABXX:6:6:7822:93551#GGCTAC/1	87	87	1	smNRPS-1/2	5910	5255	5341	100	3.91e-36
B201K8ABXX:6:6:7822:93551#GGCTAC/2	87	1	87	smNRPS-1/2	5910	5005	5091	100	3.91e-36
B201K8ABXX:6:7:12973:117106#GGCTAC/1	87	87	1	smNRPS-1/2	5910	4186	4272	100	3.91e-36
B201K8ABXX:6:7:20183:145948#GGCTAC/2	87	87	1	smNRPS-1/2	5910	183	269	100	3.91e-36
B201K8ABXX:6:8:11888:97598#GGCTAC/1	87	1	87	smNRPS-1/2	5910	4894	4980	100	3.91e-36
B201K8ABXX:6:8:1712:98285#GGCTAC/1	87	1	87	smNRPS-1/2	5910	3665	3751	100	3.91e-36
B201K8ABXX:6:8:15611:138300#GGCTAC/1	87	87	1	smNRPS-1/2	5910	3194	3280	100	3.91e-36
B201K8ABXX:6:21:11112:119275#GGCTAC/1	87	87	1	smNRPS-1/2	5910	2707	2793	100	3.91e-36
B201K8ABXX:6:21:11112:119275#GGCTAC/2	87	1	87	smNRPS-1/2	5910	2475	2561	100	3.91e-36
B201K8ABXX:6:24:12204:155872#GGCTAC/1	87	87	1	smNRPS-1/2	5910	3571	3657	100	3.91e-36
B201K8ABXX:6:24:12204:155872#GGCTAC/2	87	1	87	smNRPS-1/2	5910	3322	3408	100	3.91e-36
B201K8ABXX:6:25:5826:188501#GGCTAC/1	87	87	1	smNRPS-1/2	5910	4401	4487	100	3.91e-36
B201K8ABXX:6:28:13652:56888#GGCTAC/1	87	87	1	smNRPS-1/2	5910	4180	4266	100	3.91e-36
B201K8ABXX:6:42:11761:32327#GGCTAC/2	87	87	1	smNRPS-1/2	5910	78	164	100	3.91e-36
B201K8ABXX:6:42:19221:95035#GGCTAC/1	87	1	87	smNRPS-1/2	5910	5463	5549	100	3.91e-36
B201K8ABXX:6:42:19221:95035#GGCTAC/2	87	87	1	smNRPS-1/2	5910	5713	5799	100	3.91e-36
B201K8ABXX:6:44:19263:31893#GGCTAC/1	87	87	1	smNRPS-1/2	5910	4116	4202	100	3.91e-36
B201K8ABXX:6:45:19689:46883#GGCTAC/1	87	1	87	smNRPS-1/2	5910	5720	5806	100	3.91e-36
B201K8ABXX:6:61:8488:43315#GGCTAC/1	87	1	87	smNRPS-1/2	5910	4100	4186	100	3.91e-36
B201K8ABXX:6:61:8488:43315#GGCTAC/2	87	87	1	smNRPS-1/2	5910	4340	4426	100	3.91e-36
B201K8ABXX:6:63:19842:185154#GGCTAC/1	87	87	1	smNRPS-1/2	5910	5428	5514	100	3.91e-36
B201K8ABXX:6:64:9420:20107#GGCTAC/1	87	87	1	smNRPS-1/2	5910	4663	4749	100	3.91e-36
B201K8ABXX:6:64:9420:20107#GGCTAC/2	87	1	87	smNRPS-1/2	5910	4404	4490	100	3.91e-36
B201K8ABXX:6:65:13988:125828#GGCTAC/2	87	87	1	smNRPS-1/2	5910	4098	4184	100	3.91e-36
B201K8ABXX:6:67:10388:114611#GGCTAC/1	87	87	1	smNRPS-1/2	5910	34	120	100	3.91e-36
B200YWABXX:6:3:16526:13204#GGCTACA/2	87	1	87	smNRPS-1/2	5910	3072	3158	100	3.91e-36
B200YWABXX:6:3:8572:109030#GGCTACA/2	87	87	1	smNRPS-1/2	5910	2473	2559	100	3.91e-36
B200YWABXX:6:6:9381:44399#GGCTACA/1	87	87	1	smNRPS-1/2	5910	5397	5483	100	3.91e-36
B200YWABXX:6:6:15020:173787#GGCTACA/1	87	87	1	smNRPS-1/2	5910	640	726	100	3.91e-36
B200YWABXX:6:6:15020:173787#GGCTACA/2	87	1	87	smNRPS-1/2	5910	393	479	100	3.91e-36
B200YWABXX:6:6:19420:184779#GGCTACA/2	87	87	1	smNRPS-1/2	5910	3828	3914	100	3.91e-36
B200YWABXX:6:7:8101:43119#GGCTACA/1	87	87	1	smNRPS-1/2	5910	3973	4059	100	3.91e-36
B200YWABXX:6:7:9234:198018#GGCTACA/1	87	87	1	smNRPS-1/2	5910	3544	3630	100	3.91e-36
B200YWABXX:6:7:9234:198018#GGCTACA/2	87	1	87	smNRPS-1/2	5910	3327	3413	100	3.91e-36
B200YWABXX:6:8:10728:77751#GGCTACA/1	87	87	1	smNRPS-1/2	5910	2999	3085	100	3.91e-36
B200YWABXX:6:8:6093:97145#GGCTACA/1	87	87	1	smNRPS-1/2	5910	76	162	100	3.91e-36
B200YWABXX:6:8:17108:135905#GGCTACA/1	87	87	1	smNRPS-1/2	5910	2626	2712	100	3.91e-36
B200YWABXX:6:8:17108:135905#GGCTACA/2	87	1	87	smNRPS-1/2	5910	2380	2466	100	3.91e-36
B200YWABXX:6:21:2159:76580#GGCTACA/2	87	1	87	smNRPS-1/2	5910	1605	1691	100	3.91e-36
B200YWABXX:6:21:3009:155614#GGCTACA/2	87	87	1	smNRPS-1/2	5910	70	156	100	3.91e-36
B200YWABXX:6:21:10629:162325#GGCTACA/1	87	1	87	smNRPS-1/2	5910	4629	4715	100	3.91e-36
B200YWABXX:6:23:6192:144568#GGCTACA/1	87	1	87	smNRPS-1/2	5910	4782	4868	100	3.91e-36
B200YWABXX:6:23:6192:144568#GGCTACA/2	87	87	1	smNRPS-1/2	5910	5028	5114	100	3.91e-36
B200YWABXX:6:27:15915:16981#GGCTACA/1	87	87	1	smNRPS-1/2	5910	3038	3124	100	3.91e-36
B200YWABXX:6:27:15915:16981#GGCTACA/2	87	1	87	smNRPS-1/2	5910	2775	2861	100	3.91e-36
B200YWABXX:6:28:13489:95542#GGCTACA/1	87	87	1	smNRPS-1/2	5910	1053	1139	100	3.91e-36
B200YWABXX:6:28:13489:95542#GGCTACA/2	87	1	87	smNRPS-1/2	5910	804	890	100	3.91e-36
B200YWABXX:6:28:15715:192150#GGCTACA/1	87	87	1	smNRPS-1/2	5910	4283	4369	100	3.91e-36
B200YWABXX:6:41:20463:11632#GGCTACA/1	87	87	1	smNRPS-1/2	5910	3035	3121	100	3.91e-36
B200YWABXX:6:41:20463:11632#GGCTACA/2	87	1	87	smNRPS-1/2	5910	2792	2878	100	3.91e-36
B200YWABXX:6:43:15440:121525#GGCTACA/1	87	1	87	smNRPS-1/2	5910	1672	1758	100	3.91e-36
B200YWABXX:6:44:15028:187728#GGCTACA/1	87	87	1	smNRPS-1/2	5910	3929	4015	100	3.91e-36
B200YWABXX:6:44:15028:187728#GGCTACA/2	87	1	87	smNRPS-1/2	5910	3686	3772	100	3.91e-36
B200YWABXX:6:45:12337:131816#GGCTACA/1	87	87	1	smNRPS-1/2	5910	2445	2531	100	3.91e-36
B200YWABXX:6:47:5417:77362#GGCTACA/1	87	87	1	smNRPS-1/2	5910	3245	3331	100	3.91e-36
B200YWABXX:6:48:15256:134786#GGCTACA/1	87	87	1	smNRPS-1/2	5910	411	497	100	3.91e-36
B200YWABXX:6:48:15256:134786#GGCTACA/2	87	1	87	smNRPS-1/2	5910	152	238	100	3.91e-36
B200YWABXX:6:63:9680:92981#GGCTACA/2	87	87	1	smNRPS-1/2	5910	744	830	100	3.91e-36
B200YWABXX:6:66:15888:147237#GGCTACA/1	87	87	1	smNRPS-1/2	5910	5258	5344	100	3.91e-36
B200YWABXX:6:68:13295:34917#GGCTACA/1	87	87	1	smNRPS-1/2	5910	790	876	100	3.91e-36
B200YWABXX:6:68:13295:34917#GGCTACA/2	87	1	87	smNRPS-1/2	5910	542	628	100	3.91e-36
B201K8ABXX:6:41:19440:47842#GGCTAC/1	87	1	87	smNRPS-1/2	5910	3082	3168	100	3.91e-36
B201K8ABXX:6:22:19222:147235#GGCTAC/2	46	46	1	smNRPS-1/2	5910	2845	2890	97.826	1.14e-11
B200YWABXX:6:25:18080:27137#GGCTACA/1	46	46	1	smNRPS-1/2	5910	1573	1618	100	2.45e-13
B200YWABXX:6:7:2288:97476#GGCTACA/1	47	47	1	smNRPS-1/2	5910	5750	5796	100	6.81e-14
B200YWABXX:6:45:5140:28619#GGCTACA/1	56	1	56	smNRPS-1/2	5910	5301	5356	100	6.76e-19
B200YWABXX:6:45:5140:28619#GGCTACA/2	62	62	1	smNRPS-1/2	5910	5566	5627	100	3.12e-22
B201K8ABXX:6:5:18476:59681#GGCTAC/2	63	63	1	smNRPS-1/2	5910	4277	4339	100	8.68e-23
B200YWABXX:6:7:2288:97476#GGCTACA/2	66	1	66	smNRPS-1/2	5910	5458	5523	98.485	8.68e-23
B200YWABXX:6:4:4487:4560#GGCTACA/2	76	1	76	smNRPS-1/2	5910	4999	5074	96.053	5.19e-25
B201K8ABXX:6:22:19222:147235#GGCTAC/1	70	1	70	smNRPS-1/2	5910	2574	2643	100	1.12e-26
B201K8ABXX:6:26:8580:100172#GGCTAC/2	75	75	1	smNRPS-1/2	5910	4590	4664	100	1.85e-29
B200YWABXX:6:67:18772:41052#GGCTACA/1	75	1	75	smNRPS-1/2	5910	5804	5878	100	1.85e-29
B200YWABXX:6:25:18233:163640#GGCTACA/2	79	79	1	smNRPS-1/2	5910	109	187	98.734	5.15e-30
B200YWABXX:6:47:12272:60751#GGCTACA/2	77	1	77	smNRPS-1/2	5910	5063	5139	100	1.43e-30
B201K8ABXX:6:3:8288:20153#GGCTAC/1	78	78	1	smNRPS-1/2	5910	2983	3060	100	3.98e-31
B201K8ABXX:6:48:20860:52696#GGCTAC/2	81	1	81	smNRPS-1/2	5910	3622	3702	98.765	3.98e-31
B201K8ABXX:6:27:7751:162279#GGCTAC/1	87	1	87	smNRPS-1/2	5910	3643	3729	97.701	8.56e-33
B201K8ABXX:6:27:7751:162279#GGCTAC/2	87	87	1	smNRPS-1/2	5910	3890	3976	97.701	8.56e-33
B201K8ABXX:6:48:20860:52696#GGCTAC/1	87	87	1	smNRPS-1/2	5910	3872	3958	97.701	8.56e-33
B201K8ABXX:6:68:20695:159736#GGCTAC/2	87	87	1	smNRPS-1/2	5910	284	370	98.851	1.84e-34
B200YWABXX:6:8:17428:86194#GGCTACA/2	87	1	87	smNRPS-1/2	5910	5004	5090	98.851	1.84e-34
B200YWABXX:6:61:5794:124190#GGCTACA/2	87	1	87	smNRPS-1/2	5910	2792	2878	98.851	1.84e-34
B201K8ABXX:6:48:14956:69942#GGCTAC/2	86	86	1	smNRPS-1/2	5910	625	710	100	1.42e-35
B200YWABXX:6:6:10411:118314#GGCTACA/2	86	86	1	smNRPS-1/2	5910	98	183	100	1.42e-35
B200YWABXX:6:6:20227:196656#GGCTACA/2	86	86	1	smNRPS-1/2	5910	5542	5627	100	1.42e-35
B200YWABXX:6:47:12272:60751#GGCTACA/1	86	86	1	smNRPS-1/2	5910	5305	5390	100	1.42e-35
B201K8ABXX:6:3:8288:20153#GGCTAC/2	87	1	87	smNRPS-1/2	5910	2735	2821	100	3.96e-36
B201K8ABXX:6:5:18476:59681#GGCTAC/1	87	1	87	smNRPS-1/2	5910	4008	4094	100	3.96e-36
B201K8ABXX:6:26:8580:100172#GGCTAC/1	87	1	87	smNRPS-1/2	5910	4337	4423	100	3.96e-36
B201K8ABXX:6:48:8780:11607#GGCTAC/1	87	87	1	smNRPS-1/2	5910	5377	5463	100	3.96e-36
B201K8ABXX:6:48:8780:11607#GGCTAC/2	87	1	87	smNRPS-1/2	5910	5151	5237	100	3.96e-36
B201K8ABXX:6:48:14956:69942#GGCTAC/1	87	1	87	smNRPS-1/2	5910	386	472	100	3.96e-36
B201K8ABXX:6:65:5992:136944#GGCTAC/2	87	1	87	smNRPS-1/2	5910	5779	5865	100	3.96e-36
B201K8ABXX:6:68:20695:159736#GGCTAC/1	87	1	87	smNRPS-1/2	5910	39	125	100	3.96e-36
B200YWABXX:6:2:17936:64352#GGCTACA/1	87	87	1	smNRPS-1/2	5910	4355	4441	100	3.96e-36
B200YWABXX:6:2:17936:64352#GGCTACA/2	87	1	87	smNRPS-1/2	5910	4120	4206	100	3.96e-36
B200YWABXX:6:6:20227:196656#GGCTACA/1	87	1	87	smNRPS-1/2	5910	5301	5387	100	3.96e-36
B200YWABXX:6:44:10235:101955#GGCTACA/1	87	1	87	smNRPS-1/2	5910	5050	5136	100	3.96e-36
B200YWABXX:6:44:10235:101955#GGCTACA/2	87	87	1	smNRPS-1/2	5910	5281	5367	100	3.96e-36
B200YWABXX:6:61:5794:124190#GGCTACA/1	87	87	1	smNRPS-1/2	5910	3036	3122	100	3.96e-36
