A2026YABXX:5:25:21011:64199#TGACCAA/1	38	1	38	smNRPS-1/2	5910	4756	4793	100	7.27e-9
B201LRABXX:3:67:20028:182151#TGACCAA/1	39	39	1	smNRPS-1/2	5910	446	484	100	2.02e-9
A2026YABXX:5:65:20425:7270#TGACCAA/2	43	1	43	smNRPS-1/2	5910	2165	2207	97.674	5.62e-10
A2026YABXX:5:43:1824:86368#TGACCAA/1	41	1	41	smNRPS-1/2	5910	80	120	100	1.56e-10
A2026YABXX:5:62:15674:105078#TGACCAA/2	44	44	1	smNRPS-1/2	5910	2365	2408	97.727	1.56e-10
A2026YABXX:5:27:19857:34578#TGACCAA/1	43	1	43	smNRPS-1/2	5910	4505	4547	100	1.21e-11
B201LRABXX:3:7:14188:37923#TGACCAA/1	47	1	47	smNRPS-1/2	5910	4678	4724	97.872	3.36e-12
A2026YABXX:5:63:1900:186497#TGACCAA/1	50	1	50	smNRPS-1/2	5910	1870	1919	96	3.36e-12
A2026YABXX:5:61:18816:90377#TGACCAA/1	45	1	45	smNRPS-1/2	5910	1870	1914	100	9.34e-13
A2026YABXX:5:4:18086:59010#TGACCAA/1	46	46	1	smNRPS-1/2	5910	2219	2264	100	2.6e-13
A2026YABXX:5:67:2415:117801#TGACCAA/1	46	1	46	smNRPS-1/2	5910	679	724	100	2.6e-13
A2026YABXX:5:2:18277:77623#TGACCAA/2	47	1	47	smNRPS-1/2	5910	5093	5139	100	7.22e-14
A2026YABXX:5:21:19984:129915#TGACCAA/2	50	50	1	smNRPS-1/2	5910	3296	3345	98	7.22e-14
A2026YABXX:5:22:3697:30083#TGACCAA/2	47	47	1	smNRPS-1/2	5910	2223	2269	100	7.22e-14
A2026YABXX:5:27:2163:131796#TGACCAA/1	51	51	1	smNRPS-1/2	5910	4925	4975	98.039	2.01e-14
A2026YABXX:5:44:6475:167199#TGACCAA/1	51	1	51	smNRPS-1/2	5910	1166	1216	98.039	2.01e-14
A2026YABXX:5:8:11068:85445#TGACCAA/1	49	1	49	smNRPS-1/2	5910	1730	1778	100	5.58e-15
B201LRABXX:3:61:19267:45927#TGACCAA/2	53	53	1	smNRPS-1/2	5910	2869	2921	98.113	1.55e-15
B201LRABXX:3:3:8747:124815#TGACCAA/1	51	51	1	smNRPS-1/2	5910	4570	4620	100	4.32e-16
A2026YABXX:5:28:1709:170727#TGACCAA/2	51	51	1	smNRPS-1/2	5910	2464	2514	100	4.32e-16
A2026YABXX:5:43:5263:124488#TGACCAA/2	57	1	57	smNRPS-1/2	5910	4313	4370	96.552	4.32e-16
A2026YABXX:5:68:14252:154929#TGACCAA/1	51	1	51	smNRPS-1/2	5910	4845	4895	100	4.32e-16
A2026YABXX:5:68:13966:71122#TGACCAA/2	62	1	62	smNRPS-1/2	5910	690	750	95.161	1.2e-16
A2026YABXX:5:2:8375:56515#TGACCAA/1	58	1	56	smNRPS-1/2	5910	859	914	98.214	3.34e-17
A2026YABXX:5:4:18005:175285#TGACCAA/1	60	60	5	smNRPS-1/2	5910	582	637	98.214	3.34e-17
A2026YABXX:5:27:19258:27881#TGACCAA/2	53	1	53	smNRPS-1/2	5910	472	524	100	3.34e-17
A2026YABXX:5:66:18573:43280#TGACCAA/1	56	1	56	smNRPS-1/2	5910	4664	4719	98.214	3.34e-17
A2026YABXX:5:67:6997:9197#TGACCAA/2	56	1	56	smNRPS-1/2	5910	2157	2212	98.214	3.34e-17
A2026YABXX:5:43:8818:26065#TGACCAA/1	53	1	53	smNRPS-1/2	5910	301	353	100	3.34e-17
A2026YABXX:5:62:11138:40889#TGACCAA/2	56	1	54	smNRPS-1/2	5910	643	696	100	9.28e-18
A2026YABXX:5:25:1939:140255#TGACCAA/1	56	56	2	smNRPS-1/2	5910	2701	2755	100	2.58e-18
A2026YABXX:5:43:9992:78421#TGACCAA/1	58	1	55	smNRPS-1/2	5910	4670	4724	100	2.58e-18
A2026YABXX:5:62:15674:105078#TGACCAA/1	58	1	58	smNRPS-1/2	5910	2079	2136	98.276	2.58e-18
B201LRABXX:3:5:15628:152706#TGACCAA/2	56	1	56	smNRPS-1/2	5910	1855	1910	100	7.17e-19
B201LRABXX:3:7:11239:115626#TGACCAA/2	56	1	56	smNRPS-1/2	5910	641	696	100	7.17e-19
A2026YABXX:5:21:5658:88934#TGACCAA/1	56	1	56	smNRPS-1/2	5910	799	854	100	7.17e-19
A2026YABXX:5:27:16832:140430#TGACCAA/2	59	1	59	smNRPS-1/2	5910	143	201	98.305	7.17e-19
A2026YABXX:5:28:18018:152495#TGACCAA/1	56	56	1	smNRPS-1/2	5910	1822	1877	100	7.17e-19
A2026YABXX:5:8:20966:29086#TGACCAA/1	66	1	66	smNRPS-1/2	5910	4298	4364	95.522	1.99e-19
A2026YABXX:5:41:14750:97896#TGACCAA/2	61	61	1	smNRPS-1/2	5910	2302	2362	98.361	5.54e-20
A2026YABXX:5:45:18330:6774#TGACCAA/2	61	1	61	smNRPS-1/2	5910	4670	4730	98.361	5.54e-20
B201LRABXX:3:22:19896:171211#TGACCAA/2	62	62	1	smNRPS-1/2	5910	2711	2772	98.387	1.54e-20
B201LRABXX:3:25:20188:51344#TGACCAA/2	62	1	62	smNRPS-1/2	5910	2275	2336	98.387	1.54e-20
B201LRABXX:3:25:7792:89686#TGACCAA/1	65	1	65	smNRPS-1/2	5910	2143	2207	96.923	1.54e-20
A2026YABXX:5:65:18813:148206#TGACCAA/1	59	1	59	smNRPS-1/2	5910	2048	2106	100	1.54e-20
B201LRABXX:3:22:2492:29867#TGACCAA/1	66	1	66	smNRPS-1/2	5910	4307	4373	97.015	4.29e-21
A2026YABXX:5:2:18277:77623#TGACCAA/1	60	60	1	smNRPS-1/2	5910	5364	5423	100	4.29e-21
A2026YABXX:5:22:5547:185187#TGACCAA/1	60	1	60	smNRPS-1/2	5910	3943	4002	100	4.29e-21
A2026YABXX:5:24:12850:175652#TGACCAA/1	66	1	66	smNRPS-1/2	5910	2899	2964	96.97	4.29e-21
A2026YABXX:5:2:4191:109446#TGACCAA/2	61	1	61	smNRPS-1/2	5910	4662	4722	100	1.19e-21
A2026YABXX:5:2:14440:144545#TGACCAA/2	62	61	1	smNRPS-1/2	5910	3570	3630	100	1.19e-21
A2026YABXX:5:25:1939:140255#TGACCAA/2	64	1	64	smNRPS-1/2	5910	2417	2480	98.438	1.19e-21
A2026YABXX:5:26:18593:162265#TGACCAA/2	61	1	61	smNRPS-1/2	5910	1565	1625	100	1.19e-21
A2026YABXX:5:27:2163:131796#TGACCAA/2	67	1	64	smNRPS-1/2	5910	4630	4693	98.438	1.19e-21
A2026YABXX:5:41:16766:14669#TGACCAA/2	64	1	64	smNRPS-1/2	5910	2916	2979	98.438	1.19e-21
A2026YABXX:5:67:17920:169582#TGACCAA/2	64	1	64	smNRPS-1/2	5910	5424	5487	98.438	1.19e-21
B201LRABXX:3:63:8409:123638#TGACCAA/1	65	1	65	smNRPS-1/2	5910	2133	2197	98.462	3.31e-22
A2026YABXX:5:2:16292:77370#TGACCAA/2	66	1	66	smNRPS-1/2	5910	690	754	98.485	3.31e-22
A2026YABXX:5:3:8345:103749#TGACCAA/2	65	1	65	smNRPS-1/2	5910	920	984	98.462	3.31e-22
A2026YABXX:5:8:20966:29086#TGACCAA/2	62	62	1	smNRPS-1/2	5910	4564	4625	100	3.31e-22
A2026YABXX:5:28:8835:132814#TGACCAA/1	71	1	71	smNRPS-1/2	5910	3894	3964	95.775	3.31e-22
A2026YABXX:5:41:20143:3742#TGACCAA/2	68	68	1	smNRPS-1/2	5910	5595	5662	97.059	3.31e-22
A2026YABXX:5:41:18207:57025#TGACCAA/1	65	65	1	smNRPS-1/2	5910	4840	4904	98.462	3.31e-22
A2026YABXX:5:47:11761:108628#TGACCAA/2	62	62	1	smNRPS-1/2	5910	3382	3443	100	3.31e-22
A2026YABXX:5:65:13387:75979#TGACCAA/2	62	62	1	smNRPS-1/2	5910	5073	5134	100	3.31e-22
A2026YABXX:5:65:15132:157407#TGACCAA/2	62	1	62	smNRPS-1/2	5910	2092	2153	100	3.31e-22
B201LRABXX:3:7:14188:37923#TGACCAA/2	66	66	1	smNRPS-1/2	5910	4933	4998	98.485	9.21e-23
B201LRABXX:3:7:11218:115619#TGACCAA/2	63	1	63	smNRPS-1/2	5910	641	703	100	9.21e-23
B201LRABXX:3:26:8809:50935#TGACCAA/1	69	1	69	smNRPS-1/2	5910	4304	4373	97.143	9.21e-23
A2026YABXX:5:47:14504:190262#TGACCAA/2	66	66	1	smNRPS-1/2	5910	5564	5629	98.485	9.21e-23
A2026YABXX:5:65:18813:148206#TGACCAA/2	69	69	1	smNRPS-1/2	5910	2302	2370	97.101	9.21e-23
A2026YABXX:5:2:21149:198076#TGACCAA/2	67	1	67	smNRPS-1/2	5910	2119	2185	98.507	2.56e-23
B201LRABXX:3:27:7892:43360#TGACCAA/1	65	1	65	smNRPS-1/2	5910	1855	1919	100	7.12e-24
A2026YABXX:5:3:13839:4334#TGACCAA/2	67	1	65	smNRPS-1/2	5910	3938	4002	100	7.12e-24
A2026YABXX:5:21:3197:116853#TGACCAA/1	71	1	71	smNRPS-1/2	5910	3848	3918	97.183	7.12e-24
A2026YABXX:5:41:20143:3742#TGACCAA/1	68	1	68	smNRPS-1/2	5910	5345	5412	98.529	7.12e-24
A2026YABXX:5:48:9494:67711#TGACCAA/2	71	71	1	smNRPS-1/2	5910	4663	4733	97.183	7.12e-24
A2026YABXX:5:64:9585:12230#TGACCAA/2	69	1	69	smNRPS-1/2	5910	3986	4054	98.551	1.98e-24
B201LRABXX:3:3:8747:124815#TGACCAA/2	67	1	67	smNRPS-1/2	5910	4305	4371	100	5.51e-25
A2026YABXX:5:3:3595:175388#TGACCAA/2	70	70	1	smNRPS-1/2	5910	3805	3874	98.571	5.51e-25
A2026YABXX:5:4:18086:59010#TGACCAA/2	73	1	73	smNRPS-1/2	5910	1933	2005	97.26	5.51e-25
A2026YABXX:5:7:5714:123376#TGACCAA/2	70	70	1	smNRPS-1/2	5910	538	607	98.571	5.51e-25
A2026YABXX:5:22:9043:199892#TGACCAA/2	73	73	1	smNRPS-1/2	5910	5399	5471	97.26	5.51e-25
A2026YABXX:5:62:16842:104399#TGACCAA/1	70	1	70	smNRPS-1/2	5910	3987	4056	98.571	5.51e-25
B201LRABXX:3:68:16566:75753#TGACCAA/2	77	1	77	smNRPS-1/2	5910	2353	2429	96.104	1.53e-25
A2026YABXX:5:42:1875:80495#TGACCAA/1	74	1	74	smNRPS-1/2	5910	2753	2826	97.297	1.53e-25
A2026YABXX:5:42:21041:9018#TGACCAA/2	71	1	71	smNRPS-1/2	5910	1187	1257	98.592	1.53e-25
B201LRABXX:3:4:19215:121293#TGACCAA/2	75	1	75	smNRPS-1/2	5910	2363	2437	97.333	4.26e-26
B201LRABXX:3:43:3763:13594#TGACCAA/1	71	3	71	smNRPS-1/2	5910	161	229	100	4.26e-26
A2026YABXX:5:48:18046:115245#TGACCAA/2	72	1	72	smNRPS-1/2	5910	2138	2209	98.611	4.26e-26
A2026YABXX:5:64:14203:87273#TGACCAA/1	72	1	72	smNRPS-1/2	5910	1569	1640	98.611	4.26e-26
A2026YABXX:5:63:3377:91240#TGACCAA/2	75	1	75	smNRPS-1/2	5910	1223	1297	97.333	4.26e-26
A2026YABXX:5:3:5344:40424#TGACCAA/1	73	73	1	smNRPS-1/2	5910	5194	5266	98.63	1.18e-26
B201LRABXX:3:6:20143:17238#TGACCAA/2	71	1	71	smNRPS-1/2	5910	1735	1805	100	3.29e-27
B201LRABXX:3:41:6834:122472#TGACCAA/2	71	71	1	smNRPS-1/2	5910	2255	2325	100	3.29e-27
B201LRABXX:3:43:10899:101074#TGACCAA/1	71	1	71	smNRPS-1/2	5910	2202	2272	100	3.29e-27
A2026YABXX:5:46:3304:176019#TGACCAA/2	71	1	71	smNRPS-1/2	5910	3171	3241	100	3.29e-27
A2026YABXX:5:47:10797:158986#TGACCAA/1	80	1	80	smNRPS-1/2	5910	1932	2011	96.25	3.29e-27
B201LRABXX:3:3:21223:48634#TGACCAA/2	72	1	72	smNRPS-1/2	5910	2179	2250	100	9.15e-28
A2026YABXX:5:42:1875:80495#TGACCAA/2	75	75	1	smNRPS-1/2	5910	2994	3068	98.667	9.15e-28
A2026YABXX:5:43:5263:124488#TGACCAA/1	75	75	1	smNRPS-1/2	5910	4571	4645	98.667	9.15e-28
A2026YABXX:5:66:5073:34395#TGACCAA/1	75	75	1	smNRPS-1/2	5910	5566	5640	98.667	9.15e-28
A2026YABXX:5:46:3304:176019#TGACCAA/1	76	76	1	smNRPS-1/2	5910	3434	3509	98.684	2.54e-28
A2026YABXX:5:66:2034:103232#TGACCAA/2	76	1	76	smNRPS-1/2	5910	904	979	98.684	2.54e-28
B201LRABXX:3:26:17724:101449#TGACCAA/2	80	80	1	smNRPS-1/2	5910	5529	5608	97.5	7.07e-29
B201LRABXX:3:45:8476:65233#TGACCAA/1	86	86	1	smNRPS-1/2	5910	1908	1993	95.349	7.07e-29
A2026YABXX:5:61:13770:196533#TGACCAA/1	86	1	86	smNRPS-1/2	5910	4220	4305	95.349	7.07e-29
A2026YABXX:5:64:9768:170828#TGACCAA/2	77	1	77	smNRPS-1/2	5910	2334	2410	98.701	7.07e-29
A2026YABXX:5:65:13387:75979#TGACCAA/1	86	1	86	smNRPS-1/2	5910	4806	4891	95.349	7.07e-29
A2026YABXX:5:65:13401:75990#TGACCAA/1	80	1	80	smNRPS-1/2	5910	4806	4885	97.5	7.07e-29
A2026YABXX:5:68:3795:69221#TGACCAA/2	77	1	74	smNRPS-1/2	5910	3831	3904	100	7.07e-29
A2026YABXX:5:64:18496:49193#TGACCAA/2	81	1	81	smNRPS-1/2	5910	3687	3767	97.531	1.97e-29
A2026YABXX:5:21:15741:108555#TGACCAA/2	79	1	79	smNRPS-1/2	5910	216	294	98.734	5.47e-30
A2026YABXX:5:22:5900:22616#TGACCAA/1	76	1	76	smNRPS-1/2	5910	1017	1092	100	5.47e-30
A2026YABXX:5:27:19258:27881#TGACCAA/1	86	86	1	smNRPS-1/2	5910	703	787	96.512	5.47e-30
B201LRABXX:3:2:6246:100488#TGACCAA/2	80	1	80	smNRPS-1/2	5910	5755	5834	98.75	1.52e-30
B201LRABXX:3:3:11551:30988#TGACCAA/1	86	1	86	smNRPS-1/2	5910	2890	2975	96.512	1.52e-30
B201LRABXX:3:24:16864:53433#TGACCAA/2	87	1	87	smNRPS-1/2	5910	712	797	96.552	1.52e-30
B201LRABXX:3:48:5482:100009#TGACCAA/1	80	1	80	smNRPS-1/2	5910	3040	3119	98.75	1.52e-30
A2026YABXX:5:23:10741:130325#TGACCAA/1	86	86	1	smNRPS-1/2	5910	4298	4384	96.552	1.52e-30
A2026YABXX:5:27:17545:111876#TGACCAA/2	80	1	80	smNRPS-1/2	5910	2508	2587	98.75	1.52e-30
B201LRABXX:3:41:3522:143165#TGACCAA/2	78	78	1	smNRPS-1/2	5910	2025	2102	100	4.23e-31
B201LRABXX:3:44:19949:47732#TGACCAA/2	87	1	87	smNRPS-1/2	5910	3628	3714	96.552	4.23e-31
B201LRABXX:3:62:10102:117490#TGACCAA/2	84	84	1	smNRPS-1/2	5910	2895	2978	97.619	4.23e-31
A2026YABXX:5:2:10250:15384#TGACCAA/2	87	87	1	smNRPS-1/2	5910	4675	4761	96.552	4.23e-31
A2026YABXX:5:2:4191:109446#TGACCAA/1	81	81	1	smNRPS-1/2	5910	4919	4999	98.765	4.23e-31
A2026YABXX:5:7:19265:5199#TGACCAA/1	86	1	86	smNRPS-1/2	5910	580	667	96.591	4.23e-31
A2026YABXX:5:7:18241:101146#TGACCAA/1	81	81	1	smNRPS-1/2	5910	4906	4986	98.765	4.23e-31
A2026YABXX:5:7:12607:101588#TGACCAA/1	81	81	1	smNRPS-1/2	5910	4960	5040	98.765	4.23e-31
A2026YABXX:5:46:10236:160997#TGACCAA/1	86	86	1	smNRPS-1/2	5910	570	657	96.591	4.23e-31
A2026YABXX:5:66:14451:122760#TGACCAA/2	78	78	1	smNRPS-1/2	5910	2184	2261	100	4.23e-31
A2026YABXX:5:68:11240:112660#TGACCAA/2	81	1	81	smNRPS-1/2	5910	110	190	98.765	4.23e-31
A2026YABXX:5:22:17171:181968#TGACCAA/2	81	81	1	smNRPS-1/2	5910	1990	2070	98.765	4.23e-31
B201LRABXX:3:26:8809:50935#TGACCAA/2	79	79	1	smNRPS-1/2	5910	4549	4627	100	1.17e-31
B201LRABXX:3:48:5482:100009#TGACCAA/2	79	79	1	smNRPS-1/2	5910	3280	3358	100	1.17e-31
B201LRABXX:3:64:17382:11317#TGACCAA/2	87	87	1	smNRPS-1/2	5910	585	673	96.629	1.17e-31
B201LRABXX:3:65:4514:60629#TGACCAA/1	85	1	85	smNRPS-1/2	5910	2870	2954	97.647	1.17e-31
A2026YABXX:5:1:2310:174578#TGACCAA/1	85	85	1	smNRPS-1/2	5910	2742	2826	97.647	1.17e-31
A2026YABXX:5:2:2115:124274#TGACCAA/1	85	85	1	smNRPS-1/2	5910	2743	2827	97.647	1.17e-31
A2026YABXX:5:4:5049:180962#TGACCAA/2	79	1	79	smNRPS-1/2	5910	4643	4721	100	1.17e-31
A2026YABXX:5:8:11068:85445#TGACCAA/2	79	79	1	smNRPS-1/2	5910	1980	2058	100	1.17e-31
A2026YABXX:5:21:6575:169145#TGACCAA/2	82	1	82	smNRPS-1/2	5910	5752	5833	98.78	1.17e-31
A2026YABXX:5:22:9043:199892#TGACCAA/1	85	1	85	smNRPS-1/2	5910	5136	5220	97.647	1.17e-31
A2026YABXX:5:41:2075:97992#TGACCAA/1	84	1	82	smNRPS-1/2	5910	4241	4322	98.78	1.17e-31
A2026YABXX:5:63:9501:66579#TGACCAA/1	79	79	1	smNRPS-1/2	5910	2201	2279	100	1.17e-31
A2026YABXX:5:63:12418:110173#TGACCAA/1	82	1	82	smNRPS-1/2	5910	3230	3311	98.78	1.17e-31
B201LRABXX:3:3:19182:41179#TGACCAA/1	86	86	1	smNRPS-1/2	5910	4776	4861	97.674	3.27e-32
B201LRABXX:3:4:19215:121293#TGACCAA/1	86	83	1	smNRPS-1/2	5910	2618	2700	98.795	3.27e-32
B201LRABXX:3:6:16729:87809#TGACCAA/1	86	1	86	smNRPS-1/2	5910	3707	3792	97.674	3.27e-32
B201LRABXX:3:7:14190:37941#TGACCAA/1	86	1	86	smNRPS-1/2	5910	4678	4763	97.674	3.27e-32
B201LRABXX:3:21:8876:150386#TGACCAA/1	86	86	1	smNRPS-1/2	5910	2883	2968	97.674	3.27e-32
B201LRABXX:3:24:19360:107374#TGACCAA/2	83	83	1	smNRPS-1/2	5910	2857	2939	98.795	3.27e-32
B201LRABXX:3:25:16089:15337#TGACCAA/2	80	1	80	smNRPS-1/2	5910	2216	2295	100	3.27e-32
B201LRABXX:3:26:17724:101449#TGACCAA/1	86	1	86	smNRPS-1/2	5910	5271	5356	97.674	3.27e-32
B201LRABXX:3:26:11470:123842#TGACCAA/1	86	86	1	smNRPS-1/2	5910	4202	4287	97.674	3.27e-32
B201LRABXX:3:41:3522:143165#TGACCAA/1	86	1	86	smNRPS-1/2	5910	1765	1850	97.674	3.27e-32
B201LRABXX:3:44:19949:47732#TGACCAA/1	86	86	1	smNRPS-1/2	5910	3856	3941	97.674	3.27e-32
B201LRABXX:3:45:15535:137182#TGACCAA/1	86	1	86	smNRPS-1/2	5910	3616	3701	97.674	3.27e-32
B201LRABXX:3:47:15590:157338#TGACCAA/1	86	1	86	smNRPS-1/2	5910	2880	2965	97.674	3.27e-32
B201LRABXX:3:48:17032:128779#TGACCAA/1	86	1	86	smNRPS-1/2	5910	4242	4327	97.674	3.27e-32
B201LRABXX:3:64:17382:11317#TGACCAA/1	86	1	86	smNRPS-1/2	5910	355	440	97.674	3.27e-32
B201LRABXX:3:67:9862:59984#TGACCAA/1	86	1	86	smNRPS-1/2	5910	4874	4959	97.674	3.27e-32
A2026YABXX:5:1:15132:69386#TGACCAA/1	86	83	1	smNRPS-1/2	5910	2757	2839	98.795	3.27e-32
A2026YABXX:5:2:18154:49209#TGACCAA/1	86	1	86	smNRPS-1/2	5910	2865	2950	97.674	3.27e-32
A2026YABXX:5:2:21149:198076#TGACCAA/1	86	86	1	smNRPS-1/2	5910	2358	2443	97.674	3.27e-32
A2026YABXX:5:4:8523:136714#TGACCAA/1	86	86	1	smNRPS-1/2	5910	4251	4336	97.674	3.27e-32
A2026YABXX:5:5:15661:197608#TGACCAA/1	86	86	1	smNRPS-1/2	5910	326	411	97.674	3.27e-32
A2026YABXX:5:7:18241:101146#TGACCAA/2	83	1	83	smNRPS-1/2	5910	4664	4746	98.795	3.27e-32
A2026YABXX:5:7:5714:123376#TGACCAA/1	80	1	80	smNRPS-1/2	5910	273	352	100	3.27e-32
A2026YABXX:5:8:12985:35581#TGACCAA/1	86	1	86	smNRPS-1/2	5910	4791	4876	97.674	3.27e-32
A2026YABXX:5:21:19984:129915#TGACCAA/1	86	1	86	smNRPS-1/2	5910	3008	3093	97.674	3.27e-32
A2026YABXX:5:23:3445:11426#TGACCAA/1	86	86	1	smNRPS-1/2	5910	4183	4268	97.674	3.27e-32
A2026YABXX:5:24:15280:98520#TGACCAA/1	86	86	1	smNRPS-1/2	5910	4253	4338	97.674	3.27e-32
A2026YABXX:5:27:17545:111876#TGACCAA/1	86	83	1	smNRPS-1/2	5910	2757	2839	98.795	3.27e-32
A2026YABXX:5:45:8354:162495#TGACCAA/1	86	86	1	smNRPS-1/2	5910	4251	4336	97.674	3.27e-32
A2026YABXX:5:45:6924:174035#TGACCAA/1	86	1	86	smNRPS-1/2	5910	3615	3700	97.674	3.27e-32
A2026YABXX:5:48:18046:115245#TGACCAA/1	86	86	1	smNRPS-1/2	5910	2378	2463	97.674	3.27e-32
A2026YABXX:5:62:14915:130837#TGACCAA/1	86	1	86	smNRPS-1/2	5910	3627	3712	97.674	3.27e-32
A2026YABXX:5:64:6896:6179#TGACCAA/2	80	1	80	smNRPS-1/2	5910	2216	2295	100	3.27e-32
A2026YABXX:5:64:14092:31976#TGACCAA/1	86	86	1	smNRPS-1/2	5910	4339	4425	97.701	3.27e-32
A2026YABXX:5:65:20425:7270#TGACCAA/1	86	86	1	smNRPS-1/2	5910	2400	2485	97.674	3.27e-32
A2026YABXX:5:65:5062:97163#TGACCAA/1	86	86	1	smNRPS-1/2	5910	4698	4783	97.674	3.27e-32
A2026YABXX:5:65:15132:157407#TGACCAA/1	86	86	1	smNRPS-1/2	5910	2341	2426	97.674	3.27e-32
A2026YABXX:5:65:7042:169275#TGACCAA/1	86	86	1	smNRPS-1/2	5910	3859	3944	97.674	3.27e-32
A2026YABXX:5:66:11899:16602#TGACCAA/1	86	86	1	smNRPS-1/2	5910	5277	5362	97.674	3.27e-32
A2026YABXX:5:42:20867:70910#TGACCAA/2	86	86	1	smNRPS-1/2	5910	4240	4325	97.674	3.27e-32
B201LRABXX:3:3:2978:66073#TGACCAA/2	87	1	87	smNRPS-1/2	5910	4703	4789	97.701	9.08e-33
B201LRABXX:3:21:17439:138846#TGACCAA/2	81	1	81	smNRPS-1/2	5910	4503	4583	100	9.08e-33
B201LRABXX:3:25:3381:147824#TGACCAA/2	87	87	1	smNRPS-1/2	5910	2613	2699	97.701	9.08e-33
B201LRABXX:3:43:20366:166500#TGACCAA/1	86	86	1	smNRPS-1/2	5910	613	700	97.727	9.08e-33
B201LRABXX:3:44:9342:17127#TGACCAA/2	87	87	1	smNRPS-1/2	5910	3639	3725	97.701	9.08e-33
B201LRABXX:3:44:6073:174570#TGACCAA/2	81	1	81	smNRPS-1/2	5910	819	899	100	9.08e-33
B201LRABXX:3:45:15535:137182#TGACCAA/2	87	87	1	smNRPS-1/2	5910	3839	3925	97.701	9.08e-33
B201LRABXX:3:63:8409:123638#TGACCAA/2	87	87	1	smNRPS-1/2	5910	2370	2456	97.701	9.08e-33
B201LRABXX:3:64:2403:14275#TGACCAA/1	86	84	1	smNRPS-1/2	5910	2814	2897	98.81	9.08e-33
B201LRABXX:3:66:18113:151842#TGACCAA/1	86	1	84	smNRPS-1/2	5910	2672	2755	98.81	9.08e-33
A2026YABXX:5:1:15770:96621#TGACCAA/1	86	86	1	smNRPS-1/2	5910	622	709	97.727	9.08e-33
A2026YABXX:5:6:17130:33678#TGACCAA/2	87	87	1	smNRPS-1/2	5910	4346	4433	97.727	9.08e-33
A2026YABXX:5:6:4262:117770#TGACCAA/2	87	87	1	smNRPS-1/2	5910	4243	4329	97.701	9.08e-33
A2026YABXX:5:7:19974:42370#TGACCAA/2	87	87	1	smNRPS-1/2	5910	3902	3988	97.701	9.08e-33
A2026YABXX:5:7:19541:165253#TGACCAA/2	87	87	1	smNRPS-1/2	5910	3621	3707	97.701	9.08e-33
A2026YABXX:5:21:3920:90242#TGACCAA/2	87	87	1	smNRPS-1/2	5910	3645	3731	97.701	9.08e-33
A2026YABXX:5:21:9007:108225#TGACCAA/2	87	1	87	smNRPS-1/2	5910	3742	3828	97.701	9.08e-33
A2026YABXX:5:23:3717:125730#TGACCAA/2	87	1	87	smNRPS-1/2	5910	5269	5355	97.701	9.08e-33
A2026YABXX:5:24:5361:55002#TGACCAA/2	87	1	87	smNRPS-1/2	5910	2410	2496	97.701	9.08e-33
A2026YABXX:5:41:17469:194612#TGACCAA/2	87	87	1	smNRPS-1/2	5910	4672	4758	97.701	9.08e-33
A2026YABXX:5:43:1824:86368#TGACCAA/2	87	87	1	smNRPS-1/2	5910	309	395	97.701	9.08e-33
A2026YABXX:5:61:8080:46986#TGACCAA/2	87	87	1	smNRPS-1/2	5910	753	839	97.701	9.08e-33
A2026YABXX:5:61:11721:157523#TGACCAA/1	86	84	1	smNRPS-1/2	5910	4350	4433	98.81	9.08e-33
A2026YABXX:5:62:14915:130837#TGACCAA/2	87	87	1	smNRPS-1/2	5910	3863	3949	97.701	9.08e-33
A2026YABXX:5:62:10671:171723#TGACCAA/2	87	87	1	smNRPS-1/2	5910	4344	4431	97.727	9.08e-33
A2026YABXX:5:63:16367:44876#TGACCAA/1	81	81	1	smNRPS-1/2	5910	501	581	100	9.08e-33
A2026YABXX:5:63:15437:71273#TGACCAA/2	87	1	87	smNRPS-1/2	5910	2550	2636	97.701	9.08e-33
A2026YABXX:5:64:9833:171719#TGACCAA/2	87	87	1	smNRPS-1/2	5910	154	240	97.701	9.08e-33
A2026YABXX:5:65:7042:169275#TGACCAA/2	87	1	87	smNRPS-1/2	5910	3620	3706	97.701	9.08e-33
A2026YABXX:5:66:7948:110288#TGACCAA/2	87	87	1	smNRPS-1/2	5910	4305	4392	97.727	9.08e-33
A2026YABXX:5:46:6227:142769#TGACCAA/2	87	87	1	smNRPS-1/2	5910	2117	2203	97.701	9.08e-33
B201LRABXX:3:3:2978:66073#TGACCAA/1	85	85	1	smNRPS-1/2	5910	4926	5010	98.824	2.53e-33
B201LRABXX:3:5:6244:4278#TGACCAA/2	87	1	82	smNRPS-1/2	5910	1568	1649	100	2.53e-33
B201LRABXX:3:28:11395:191970#TGACCAA/2	87	87	3	smNRPS-1/2	5910	553	637	98.824	2.53e-33
B201LRABXX:3:46:2511:129518#TGACCAA/1	86	85	1	smNRPS-1/2	5910	2060	2144	98.824	2.53e-33
B201LRABXX:3:62:10102:117490#TGACCAA/1	86	1	85	smNRPS-1/2	5910	2671	2755	98.824	2.53e-33
A2026YABXX:5:7:12607:101588#TGACCAA/2	87	3	87	smNRPS-1/2	5910	4726	4810	98.824	2.53e-33
A2026YABXX:5:21:3920:90242#TGACCAA/1	85	1	85	smNRPS-1/2	5910	3426	3510	98.824	2.53e-33
A2026YABXX:5:24:5361:55002#TGACCAA/1	85	85	1	smNRPS-1/2	5910	2661	2745	98.824	2.53e-33
A2026YABXX:5:24:15280:98520#TGACCAA/2	83	2	83	smNRPS-1/2	5910	4026	4107	100	2.53e-33
A2026YABXX:5:25:13147:11995#TGACCAA/2	85	1	85	smNRPS-1/2	5910	4837	4921	98.824	2.53e-33
A2026YABXX:5:45:6274:155759#TGACCAA/1	86	85	1	smNRPS-1/2	5910	633	718	98.837	2.53e-33
A2026YABXX:5:46:19410:56141#TGACCAA/1	86	86	1	smNRPS-1/2	5910	673	757	98.837	2.53e-33
A2026YABXX:5:61:2519:161018#TGACCAA/2	82	1	82	smNRPS-1/2	5910	4159	4240	100	2.53e-33
A2026YABXX:5:65:5282:94532#TGACCAA/1	86	2	86	smNRPS-1/2	5910	3693	3777	98.824	2.53e-33
A2026YABXX:5:66:14451:122760#TGACCAA/1	82	1	82	smNRPS-1/2	5910	1932	2013	100	2.53e-33
A2026YABXX:5:68:14252:154929#TGACCAA/2	82	82	1	smNRPS-1/2	5910	5087	5168	100	2.53e-33
B201LRABXX:3:2:18220:5610#TGACCAA/1	86	1	86	smNRPS-1/2	5910	3996	4081	98.837	7.02e-34
B201LRABXX:3:3:21223:48634#TGACCAA/1	86	86	1	smNRPS-1/2	5910	2411	2496	98.837	7.02e-34
B201LRABXX:3:3:15166:186055#TGACCAA/1	86	86	1	smNRPS-1/2	5910	3006	3091	98.837	7.02e-34
B201LRABXX:3:5:2917:20608#TGACCAA/2	83	1	83	smNRPS-1/2	5910	5625	5707	100	7.02e-34
B201LRABXX:3:5:18595:132297#TGACCAA/1	86	1	86	smNRPS-1/2	5910	2768	2853	98.837	7.02e-34
B201LRABXX:3:5:15628:152706#TGACCAA/1	86	86	1	smNRPS-1/2	5910	2113	2198	98.837	7.02e-34
B201LRABXX:3:6:19449:186993#TGACCAA/1	86	86	1	smNRPS-1/2	5910	177	262	98.837	7.02e-34
B201LRABXX:3:7:4857:11310#TGACCAA/1	86	1	86	smNRPS-1/2	5910	2700	2785	98.837	7.02e-34
B201LRABXX:3:8:15848:18488#TGACCAA/1	86	86	1	smNRPS-1/2	5910	4396	4481	98.837	7.02e-34
B201LRABXX:3:8:11394:29021#TGACCAA/1	86	1	86	smNRPS-1/2	5910	5466	5551	98.837	7.02e-34
B201LRABXX:3:8:3163:69217#TGACCAA/1	86	86	1	smNRPS-1/2	5910	5293	5378	98.837	7.02e-34
B201LRABXX:3:8:18796:124280#TGACCAA/1	86	86	1	smNRPS-1/2	5910	2797	2882	98.837	7.02e-34
B201LRABXX:3:21:17439:138846#TGACCAA/1	86	86	1	smNRPS-1/2	5910	4727	4812	98.837	7.02e-34
B201LRABXX:3:23:4861:142724#TGACCAA/1	86	86	1	smNRPS-1/2	5910	2796	2881	98.837	7.02e-34
B201LRABXX:3:24:16864:53433#TGACCAA/1	86	86	1	smNRPS-1/2	5910	963	1048	98.837	7.02e-34
B201LRABXX:3:24:19360:107374#TGACCAA/1	86	1	86	smNRPS-1/2	5910	2619	2704	98.837	7.02e-34
B201LRABXX:3:25:7792:89686#TGACCAA/2	87	86	1	smNRPS-1/2	5910	2407	2492	98.837	7.02e-34
B201LRABXX:3:25:15545:183648#TGACCAA/1	86	86	1	smNRPS-1/2	5910	2281	2366	98.837	7.02e-34
B201LRABXX:3:26:13624:138056#TGACCAA/1	86	86	1	smNRPS-1/2	5910	318	403	98.837	7.02e-34
B201LRABXX:3:27:7504:31592#TGACCAA/1	86	86	1	smNRPS-1/2	5910	5341	5426	98.837	7.02e-34
B201LRABXX:3:27:4060:95440#TGACCAA/1	86	1	86	smNRPS-1/2	5910	4915	5000	98.837	7.02e-34
B201LRABXX:3:28:4627:92577#TGACCAA/1	86	1	86	smNRPS-1/2	5910	5769	5854	98.837	7.02e-34
B201LRABXX:3:28:11395:191970#TGACCAA/1	86	1	86	smNRPS-1/2	5910	328	413	98.837	7.02e-34
B201LRABXX:3:41:11477:176706#TGACCAA/1	86	86	1	smNRPS-1/2	5910	184	269	98.837	7.02e-34
B201LRABXX:3:42:7991:104262#TGACCAA/1	86	86	1	smNRPS-1/2	5910	3190	3275	98.837	7.02e-34
B201LRABXX:3:44:9342:17127#TGACCAA/1	86	1	86	smNRPS-1/2	5910	3408	3493	98.837	7.02e-34
B201LRABXX:3:46:6703:29979#TGACCAA/1	86	86	1	smNRPS-1/2	5910	2628	2713	98.837	7.02e-34
B201LRABXX:3:46:15976:100806#TGACCAA/1	86	1	86	smNRPS-1/2	5910	4837	4922	98.837	7.02e-34
B201LRABXX:3:47:12821:113394#TGACCAA/1	86	86	1	smNRPS-1/2	5910	511	596	98.837	7.02e-34
B201LRABXX:3:48:13688:16154#TGACCAA/1	86	1	86	smNRPS-1/2	5910	134	219	98.837	7.02e-34
B201LRABXX:3:48:16960:189597#TGACCAA/1	86	86	1	smNRPS-1/2	5910	3807	3892	98.837	7.02e-34
B201LRABXX:3:61:19267:45927#TGACCAA/1	86	1	86	smNRPS-1/2	5910	2600	2685	98.837	7.02e-34
B201LRABXX:3:63:17217:66401#TGACCAA/1	86	86	1	smNRPS-1/2	5910	549	634	98.837	7.02e-34
B201LRABXX:3:63:3629:119954#TGACCAA/1	86	1	86	smNRPS-1/2	5910	3545	3630	98.837	7.02e-34
B201LRABXX:3:64:10707:185651#TGACCAA/1	86	1	86	smNRPS-1/2	5910	907	992	98.837	7.02e-34
B201LRABXX:3:65:6073:26493#TGACCAA/1	86	1	86	smNRPS-1/2	5910	2841	2926	98.837	7.02e-34
B201LRABXX:3:68:16566:75753#TGACCAA/1	86	86	1	smNRPS-1/2	5910	2589	2674	98.837	7.02e-34
B201LRABXX:3:68:13837:108903#TGACCAA/1	86	86	1	smNRPS-1/2	5910	3824	3909	98.837	7.02e-34
A2026YABXX:5:1:11445:128110#TGACCAA/1	86	1	86	smNRPS-1/2	5910	2768	2853	98.837	7.02e-34
A2026YABXX:5:2:16292:77370#TGACCAA/1	86	86	1	smNRPS-1/2	5910	903	988	98.837	7.02e-34
A2026YABXX:5:3:13985:85390#TGACCAA/1	86	86	1	smNRPS-1/2	5910	3581	3666	98.837	7.02e-34
A2026YABXX:5:3:8345:103749#TGACCAA/1	86	86	1	smNRPS-1/2	5910	1152	1237	98.837	7.02e-34
A2026YABXX:5:3:15055:168028#TGACCAA/1	86	86	1	smNRPS-1/2	5910	3022	3107	98.837	7.02e-34
A2026YABXX:5:4:15394:30859#TGACCAA/1	86	86	1	smNRPS-1/2	5910	2989	3074	98.837	7.02e-34
A2026YABXX:5:6:8274:48351#TGACCAA/1	86	1	86	smNRPS-1/2	5910	2996	3081	98.837	7.02e-34
A2026YABXX:5:6:18264:61353#TGACCAA/1	86	1	86	smNRPS-1/2	5910	375	460	98.837	7.02e-34
A2026YABXX:5:6:4262:117770#TGACCAA/1	86	1	86	smNRPS-1/2	5910	4009	4094	98.837	7.02e-34
A2026YABXX:5:21:9007:108225#TGACCAA/1	86	86	1	smNRPS-1/2	5910	3976	4061	98.837	7.02e-34
A2026YABXX:5:22:12690:21885#TGACCAA/1	86	86	1	smNRPS-1/2	5910	2717	2802	98.837	7.02e-34
A2026YABXX:5:22:15198:172970#TGACCAA/1	86	86	1	smNRPS-1/2	5910	3487	3572	98.837	7.02e-34
A2026YABXX:5:23:12584:142207#TGACCAA/1	86	86	1	smNRPS-1/2	5910	4648	4733	98.837	7.02e-34
A2026YABXX:5:25:1636:44720#TGACCAA/1	86	1	86	smNRPS-1/2	5910	3808	3893	98.837	7.02e-34
A2026YABXX:5:27:16832:140430#TGACCAA/1	86	86	1	smNRPS-1/2	5910	371	456	98.837	7.02e-34
A2026YABXX:5:28:9864:88483#TGACCAA/1	86	1	86	smNRPS-1/2	5910	4622	4707	98.837	7.02e-34
A2026YABXX:5:28:1709:170727#TGACCAA/1	86	1	86	smNRPS-1/2	5910	2195	2280	98.837	7.02e-34
A2026YABXX:5:41:8291:87826#TGACCAA/1	86	86	1	smNRPS-1/2	5910	175	260	98.837	7.02e-34
A2026YABXX:5:42:19762:169038#TGACCAA/1	86	86	1	smNRPS-1/2	5910	5191	5276	98.837	7.02e-34
A2026YABXX:5:45:18330:6774#TGACCAA/1	86	86	1	smNRPS-1/2	5910	4906	4991	98.837	7.02e-34
A2026YABXX:5:45:15394:10928#TGACCAA/1	86	1	86	smNRPS-1/2	5910	5343	5428	98.837	7.02e-34
A2026YABXX:5:45:20794:45046#TGACCAA/1	86	86	1	smNRPS-1/2	5910	2805	2890	98.837	7.02e-34
A2026YABXX:5:46:6769:53458#TGACCAA/1	86	1	86	smNRPS-1/2	5910	3015	3100	98.837	7.02e-34
A2026YABXX:5:47:17605:185668#TGACCAA/1	86	86	1	smNRPS-1/2	5910	5309	5394	98.837	7.02e-34
A2026YABXX:5:47:14504:190262#TGACCAA/1	86	1	86	smNRPS-1/2	5910	5301	5386	98.837	7.02e-34
A2026YABXX:5:48:9494:67711#TGACCAA/1	86	1	86	smNRPS-1/2	5910	4411	4496	98.837	7.02e-34
A2026YABXX:5:48:7240:154287#TGACCAA/1	86	1	86	smNRPS-1/2	5910	2586	2671	98.837	7.02e-34
A2026YABXX:5:61:18890:55190#TGACCAA/2	83	83	1	smNRPS-1/2	5910	847	929	100	7.02e-34
A2026YABXX:5:61:2519:161018#TGACCAA/1	86	86	1	smNRPS-1/2	5910	4410	4495	98.837	7.02e-34
A2026YABXX:5:62:4896:93424#TGACCAA/1	86	86	1	smNRPS-1/2	5910	3428	3513	98.837	7.02e-34
A2026YABXX:5:63:15437:71273#TGACCAA/1	86	86	1	smNRPS-1/2	5910	2785	2870	98.837	7.02e-34
A2026YABXX:5:63:7641:124680#TGACCAA/1	86	86	1	smNRPS-1/2	5910	225	310	98.837	7.02e-34
A2026YABXX:5:64:9585:12230#TGACCAA/1	86	86	1	smNRPS-1/2	5910	4219	4304	98.837	7.02e-34
A2026YABXX:5:64:9768:170828#TGACCAA/1	86	86	1	smNRPS-1/2	5910	2565	2650	98.837	7.02e-34
A2026YABXX:5:66:2034:103232#TGACCAA/1	86	86	1	smNRPS-1/2	5910	1150	1235	98.837	7.02e-34
A2026YABXX:5:66:15331:128993#TGACCAA/1	86	86	1	smNRPS-1/2	5910	427	512	98.837	7.02e-34
A2026YABXX:5:67:17920:169582#TGACCAA/1	86	86	1	smNRPS-1/2	5910	5678	5763	98.837	7.02e-34
A2026YABXX:5:68:16518:62208#TGACCAA/1	86	86	1	smNRPS-1/2	5910	129	214	98.837	7.02e-34
A2026YABXX:5:68:11240:112660#TGACCAA/1	86	86	1	smNRPS-1/2	5910	342	427	98.837	7.02e-34
B201LRABXX:3:64:5960:5039#TGACCAA/1	86	86	1	smNRPS-1/2	5910	1995	2080	98.837	7.02e-34
B201LRABXX:3:3:19182:41179#TGACCAA/2	84	1	84	smNRPS-1/2	5910	4536	4619	100	1.95e-34
B201LRABXX:3:4:15909:153275#TGACCAA/2	87	87	1	smNRPS-1/2	5910	187	273	98.851	1.95e-34
B201LRABXX:3:4:7822:183407#TGACCAA/2	87	87	1	smNRPS-1/2	5910	1851	1937	98.851	1.95e-34
B201LRABXX:3:5:6244:4278#TGACCAA/1	84	84	1	smNRPS-1/2	5910	1823	1906	100	1.95e-34
B201LRABXX:3:6:6562:12928#TGACCAA/2	87	1	84	smNRPS-1/2	5910	4218	4301	100	1.95e-34
B201LRABXX:3:6:16729:87809#TGACCAA/2	87	87	1	smNRPS-1/2	5910	3947	4033	98.851	1.95e-34
B201LRABXX:3:7:4857:11310#TGACCAA/2	87	87	1	smNRPS-1/2	5910	2941	3027	98.851	1.95e-34
B201LRABXX:3:7:14190:37941#TGACCAA/2	87	87	1	smNRPS-1/2	5910	4912	4998	98.851	1.95e-34
B201LRABXX:3:7:17842:41931#TGACCAA/2	87	1	87	smNRPS-1/2	5910	4848	4934	98.851	1.95e-34
B201LRABXX:3:8:18796:124280#TGACCAA/2	87	1	87	smNRPS-1/2	5910	2576	2662	98.851	1.95e-34
B201LRABXX:3:21:4835:141770#TGACCAA/1	86	84	1	smNRPS-1/2	5910	3819	3902	100	1.95e-34
B201LRABXX:3:21:4835:141770#TGACCAA/2	87	1	87	smNRPS-1/2	5910	3600	3686	98.851	1.95e-34
B201LRABXX:3:21:8876:150386#TGACCAA/2	87	1	87	smNRPS-1/2	5910	2640	2726	98.851	1.95e-34
B201LRABXX:3:22:14193:21544#TGACCAA/2	87	1	87	smNRPS-1/2	5910	5151	5237	98.851	1.95e-34
B201LRABXX:3:23:4861:142724#TGACCAA/2	87	1	87	smNRPS-1/2	5910	2595	2681	98.851	1.95e-34
B201LRABXX:3:26:13624:138056#TGACCAA/2	87	1	84	smNRPS-1/2	5910	76	159	100	1.95e-34
B201LRABXX:3:26:16897:176237#TGACCAA/2	87	1	87	smNRPS-1/2	5910	2573	2659	98.851	1.95e-34
B201LRABXX:3:27:7892:43360#TGACCAA/2	87	87	1	smNRPS-1/2	5910	2091	2177	98.851	1.95e-34
B201LRABXX:3:43:3763:13594#TGACCAA/2	87	87	1	smNRPS-1/2	5910	393	479	98.851	1.95e-34
B201LRABXX:3:43:10315:82767#TGACCAA/2	87	1	87	smNRPS-1/2	5910	3975	4061	98.851	1.95e-34
B201LRABXX:3:43:20366:166500#TGACCAA/2	87	1	87	smNRPS-1/2	5910	385	471	98.851	1.95e-34
B201LRABXX:3:44:14521:20359#TGACCAA/2	87	87	1	smNRPS-1/2	5910	3211	3297	98.851	1.95e-34
B201LRABXX:3:44:12043:80801#TGACCAA/1	86	86	3	smNRPS-1/2	5910	3392	3475	100	1.95e-34
B201LRABXX:3:45:14274:85083#TGACCAA/2	87	87	1	smNRPS-1/2	5910	2151	2237	98.851	1.95e-34
B201LRABXX:3:46:1791:193738#TGACCAA/2	87	87	1	smNRPS-1/2	5910	5189	5275	98.851	1.95e-34
B201LRABXX:3:47:16380:12581#TGACCAA/2	87	1	87	smNRPS-1/2	5910	3809	3895	98.851	1.95e-34
B201LRABXX:3:47:12821:113394#TGACCAA/2	87	1	87	smNRPS-1/2	5910	300	386	98.851	1.95e-34
B201LRABXX:3:48:13688:16154#TGACCAA/2	87	87	1	smNRPS-1/2	5910	368	454	98.851	1.95e-34
B201LRABXX:3:48:16960:189597#TGACCAA/2	87	1	87	smNRPS-1/2	5910	3566	3652	98.851	1.95e-34
B201LRABXX:3:61:1443:132822#TGACCAA/2	87	87	1	smNRPS-1/2	5910	3214	3300	98.851	1.95e-34
B201LRABXX:3:63:17217:66401#TGACCAA/2	87	1	87	smNRPS-1/2	5910	323	409	98.851	1.95e-34
B201LRABXX:3:63:3629:119954#TGACCAA/2	87	87	1	smNRPS-1/2	5910	3788	3874	98.851	1.95e-34
B201LRABXX:3:64:2403:14275#TGACCAA/2	87	1	87	smNRPS-1/2	5910	2576	2662	98.851	1.95e-34
B201LRABXX:3:64:10707:185651#TGACCAA/2	87	87	1	smNRPS-1/2	5910	1133	1219	98.851	1.95e-34
B201LRABXX:3:66:18113:151842#TGACCAA/2	87	87	1	smNRPS-1/2	5910	2922	3008	98.851	1.95e-34
B201LRABXX:3:66:5748:168153#TGACCAA/2	87	87	1	smNRPS-1/2	5910	3503	3589	98.851	1.95e-34
B201LRABXX:3:68:13837:108903#TGACCAA/2	87	1	87	smNRPS-1/2	5910	3603	3689	98.851	1.95e-34
A2026YABXX:5:1:11445:128110#TGACCAA/2	87	87	1	smNRPS-1/2	5910	3000	3086	98.851	1.95e-34
A2026YABXX:5:2:8375:56515#TGACCAA/2	87	87	1	smNRPS-1/2	5910	1093	1179	98.851	1.95e-34
A2026YABXX:5:2:2115:124274#TGACCAA/2	87	1	87	smNRPS-1/2	5910	2500	2586	98.851	1.95e-34
A2026YABXX:5:3:15055:168028#TGACCAA/2	87	1	87	smNRPS-1/2	5910	2785	2871	98.851	1.95e-34
A2026YABXX:5:4:15394:30859#TGACCAA/2	87	1	87	smNRPS-1/2	5910	2769	2855	98.851	1.95e-34
A2026YABXX:5:4:8523:136714#TGACCAA/2	87	1	87	smNRPS-1/2	5910	4015	4101	98.851	1.95e-34
A2026YABXX:5:4:18005:175285#TGACCAA/2	87	1	87	smNRPS-1/2	5910	329	415	98.851	1.95e-34
A2026YABXX:5:5:16124:129966#TGACCAA/2	87	87	1	smNRPS-1/2	5910	168	254	98.851	1.95e-34
A2026YABXX:5:5:15661:197608#TGACCAA/2	87	1	87	smNRPS-1/2	5910	104	190	98.851	1.95e-34
A2026YABXX:5:6:8274:48351#TGACCAA/2	87	87	1	smNRPS-1/2	5910	3230	3316	98.851	1.95e-34
A2026YABXX:5:6:6635:76871#TGACCAA/2	87	87	1	smNRPS-1/2	5910	168	254	98.851	1.95e-34
A2026YABXX:5:22:5547:185187#TGACCAA/2	87	87	1	smNRPS-1/2	5910	4174	4260	98.851	1.95e-34
A2026YABXX:5:23:5186:91090#TGACCAA/2	87	1	87	smNRPS-1/2	5910	4394	4480	98.851	1.95e-34
A2026YABXX:5:23:12584:142207#TGACCAA/2	87	1	87	smNRPS-1/2	5910	4415	4501	98.851	1.95e-34
A2026YABXX:5:24:4767:25401#TGACCAA/2	87	1	87	smNRPS-1/2	5910	4904	4990	98.851	1.95e-34
A2026YABXX:5:25:1636:44720#TGACCAA/2	87	87	1	smNRPS-1/2	5910	4042	4128	98.851	1.95e-34
A2026YABXX:5:28:14763:91869#TGACCAA/2	87	87	1	smNRPS-1/2	5910	124	210	98.851	1.95e-34
A2026YABXX:5:41:18207:57025#TGACCAA/2	87	1	87	smNRPS-1/2	5910	4580	4666	98.851	1.95e-34
A2026YABXX:5:42:9211:101499#TGACCAA/2	87	87	1	smNRPS-1/2	5910	301	387	98.851	1.95e-34
A2026YABXX:5:43:9992:78421#TGACCAA/2	87	87	1	smNRPS-1/2	5910	4909	4995	98.851	1.95e-34
A2026YABXX:5:44:18552:68110#TGACCAA/2	87	87	1	smNRPS-1/2	5910	3587	3673	98.851	1.95e-34
A2026YABXX:5:45:15394:10928#TGACCAA/2	87	87	1	smNRPS-1/2	5910	5582	5668	98.851	1.95e-34
A2026YABXX:5:45:20794:45046#TGACCAA/2	87	1	87	smNRPS-1/2	5910	2574	2660	98.851	1.95e-34
A2026YABXX:5:46:10236:160997#TGACCAA/2	87	1	87	smNRPS-1/2	5910	349	435	98.851	1.95e-34
A2026YABXX:5:48:3960:152550#TGACCAA/2	84	1	84	smNRPS-1/2	5910	5427	5510	100	1.95e-34
A2026YABXX:5:48:7240:154287#TGACCAA/2	87	87	1	smNRPS-1/2	5910	2830	2916	98.851	1.95e-34
A2026YABXX:5:62:4896:93424#TGACCAA/2	87	1	87	smNRPS-1/2	5910	3203	3289	98.851	1.95e-34
A2026YABXX:5:63:12418:110173#TGACCAA/2	87	87	1	smNRPS-1/2	5910	3468	3554	98.851	1.95e-34
A2026YABXX:5:63:10430:131460#TGACCAA/2	87	1	87	smNRPS-1/2	5910	3799	3885	98.851	1.95e-34
A2026YABXX:5:66:5073:34395#TGACCAA/2	87	1	87	smNRPS-1/2	5910	5319	5405	98.851	1.95e-34
A2026YABXX:5:66:15331:128993#TGACCAA/2	87	1	87	smNRPS-1/2	5910	187	273	98.851	1.95e-34
A2026YABXX:5:67:2415:117801#TGACCAA/2	87	87	1	smNRPS-1/2	5910	919	1005	98.851	1.95e-34
A2026YABXX:5:68:10797:129042#TGACCAA/2	87	87	1	smNRPS-1/2	5910	3599	3685	98.851	1.95e-34
A2026YABXX:5:62:14795:181571#TGACCAA/2	87	87	1	smNRPS-1/2	5910	4608	4694	98.851	1.95e-34
B201LRABXX:3:1:12760:171008#TGACCAA/2	86	1	85	smNRPS-1/2	5910	890	974	100	5.43e-35
A2026YABXX:5:7:19541:165253#TGACCAA/1	85	1	85	smNRPS-1/2	5910	3387	3471	100	5.43e-35
A2026YABXX:5:22:3697:30083#TGACCAA/1	85	1	85	smNRPS-1/2	5910	1951	2035	100	5.43e-35
A2026YABXX:5:45:2837:195720#TGACCAA/1	85	85	1	smNRPS-1/2	5910	1843	1927	100	5.43e-35
A2026YABXX:5:46:6769:53458#TGACCAA/2	87	85	1	smNRPS-1/2	5910	3247	3331	100	5.43e-35
A2026YABXX:5:65:5282:94532#TGACCAA/2	85	85	1	smNRPS-1/2	5910	3922	4006	100	5.43e-35
B201LRABXX:3:1:12760:171008#TGACCAA/1	86	86	1	smNRPS-1/2	5910	1105	1190	100	1.51e-35
B201LRABXX:3:2:17455:17349#TGACCAA/1	86	86	1	smNRPS-1/2	5910	3294	3379	100	1.51e-35
B201LRABXX:3:5:8509:128211#TGACCAA/1	86	1	86	smNRPS-1/2	5910	1768	1853	100	1.51e-35
B201LRABXX:3:6:6562:12928#TGACCAA/1	86	86	1	smNRPS-1/2	5910	4442	4527	100	1.51e-35
B201LRABXX:3:6:20143:17238#TGACCAA/1	86	86	1	smNRPS-1/2	5910	1978	2063	100	1.51e-35
B201LRABXX:3:7:17842:41931#TGACCAA/1	86	86	1	smNRPS-1/2	5910	5098	5183	100	1.51e-35
B201LRABXX:3:8:3387:78694#TGACCAA/1	86	1	86	smNRPS-1/2	5910	1776	1861	100	1.51e-35
B201LRABXX:3:22:14193:21544#TGACCAA/1	86	86	1	smNRPS-1/2	5910	5398	5483	100	1.51e-35
B201LRABXX:3:22:19896:171211#TGACCAA/1	86	1	86	smNRPS-1/2	5910	2440	2525	100	1.51e-35
B201LRABXX:3:25:16089:15337#TGACCAA/1	86	86	1	smNRPS-1/2	5910	2456	2541	100	1.51e-35
B201LRABXX:3:25:20188:51344#TGACCAA/1	86	86	1	smNRPS-1/2	5910	2494	2579	100	1.51e-35
B201LRABXX:3:26:5331:54047#TGACCAA/1	86	1	86	smNRPS-1/2	5910	5445	5530	100	1.51e-35
B201LRABXX:3:26:14561:147696#TGACCAA/1	86	1	86	smNRPS-1/2	5910	236	321	100	1.51e-35
B201LRABXX:3:26:16897:176237#TGACCAA/1	86	86	1	smNRPS-1/2	5910	2823	2908	100	1.51e-35
B201LRABXX:3:27:10132:47358#TGACCAA/1	86	86	1	smNRPS-1/2	5910	2022	2107	100	1.51e-35
B201LRABXX:3:27:2297:143828#TGACCAA/1	86	1	86	smNRPS-1/2	5910	2244	2329	100	1.51e-35
B201LRABXX:3:28:9763:120263#TGACCAA/1	86	1	86	smNRPS-1/2	5910	5141	5226	100	1.51e-35
B201LRABXX:3:41:6834:122472#TGACCAA/1	86	1	86	smNRPS-1/2	5910	2004	2089	100	1.51e-35
B201LRABXX:3:43:10315:82767#TGACCAA/1	86	86	1	smNRPS-1/2	5910	4210	4295	100	1.51e-35
B201LRABXX:3:44:9965:62755#TGACCAA/1	86	86	1	smNRPS-1/2	5910	4439	4524	100	1.51e-35
B201LRABXX:3:44:6073:174570#TGACCAA/1	86	86	1	smNRPS-1/2	5910	1047	1132	100	1.51e-35
B201LRABXX:3:45:14274:85083#TGACCAA/1	86	1	86	smNRPS-1/2	5910	1914	1999	100	1.51e-35
B201LRABXX:3:45:19483:101785#TGACCAA/1	86	86	1	smNRPS-1/2	5910	50	135	100	1.51e-35
B201LRABXX:3:46:2511:129518#TGACCAA/2	87	1	86	smNRPS-1/2	5910	2063	2148	100	1.51e-35
B201LRABXX:3:46:1791:193738#TGACCAA/1	86	1	86	smNRPS-1/2	5910	4961	5046	100	1.51e-35
B201LRABXX:3:47:16380:12581#TGACCAA/1	86	86	1	smNRPS-1/2	5910	4039	4124	100	1.51e-35
B201LRABXX:3:48:17760:139556#TGACCAA/1	86	1	86	smNRPS-1/2	5910	1224	1309	100	1.51e-35
B201LRABXX:3:61:1443:132822#TGACCAA/1	86	1	86	smNRPS-1/2	5910	2970	3055	100	1.51e-35
B201LRABXX:3:62:15969:38260#TGACCAA/1	86	86	1	smNRPS-1/2	5910	651	736	100	1.51e-35
B201LRABXX:3:62:2528:94427#TGACCAA/1	86	1	86	smNRPS-1/2	5910	1828	1913	100	1.51e-35
B201LRABXX:3:65:17192:45924#TGACCAA/1	86	86	1	smNRPS-1/2	5910	1715	1800	100	1.51e-35
B201LRABXX:3:66:5182:35866#TGACCAA/1	86	86	1	smNRPS-1/2	5910	507	592	100	1.51e-35
B201LRABXX:3:66:5748:168153#TGACCAA/1	86	1	86	smNRPS-1/2	5910	3277	3362	100	1.51e-35
A2026YABXX:5:2:10250:15384#TGACCAA/1	86	1	86	smNRPS-1/2	5910	4429	4514	100	1.51e-35
A2026YABXX:5:2:14440:144545#TGACCAA/1	86	1	86	smNRPS-1/2	5910	3339	3424	100	1.51e-35
A2026YABXX:5:3:13839:4334#TGACCAA/1	86	86	1	smNRPS-1/2	5910	4179	4264	100	1.51e-35
A2026YABXX:5:3:17268:127340#TGACCAA/1	86	86	1	smNRPS-1/2	5910	5656	5741	100	1.51e-35
A2026YABXX:5:3:17268:127340#TGACCAA/2	86	1	86	smNRPS-1/2	5910	5416	5501	100	1.51e-35
A2026YABXX:5:3:19306:181717#TGACCAA/1	86	1	86	smNRPS-1/2	5910	1022	1107	100	1.51e-35
A2026YABXX:5:4:5228:123271#TGACCAA/1	86	86	1	smNRPS-1/2	5910	1796	1881	100	1.51e-35
A2026YABXX:5:5:5160:170686#TGACCAA/1	86	1	86	smNRPS-1/2	5910	4068	4153	100	1.51e-35
A2026YABXX:5:6:17130:33678#TGACCAA/1	86	1	86	smNRPS-1/2	5910	4110	4195	100	1.51e-35
A2026YABXX:5:6:6331:39375#TGACCAA/1	86	86	1	smNRPS-1/2	5910	39	124	100	1.51e-35
A2026YABXX:5:7:17723:114092#TGACCAA/1	86	1	86	smNRPS-1/2	5910	3263	3348	100	1.51e-35
A2026YABXX:5:21:15741:108555#TGACCAA/1	86	86	1	smNRPS-1/2	5910	462	547	100	1.51e-35
A2026YABXX:5:24:15516:22437#TGACCAA/1	86	86	1	smNRPS-1/2	5910	1746	1831	100	1.51e-35
A2026YABXX:5:24:4767:25401#TGACCAA/1	86	86	1	smNRPS-1/2	5910	5126	5211	100	1.51e-35
A2026YABXX:5:25:13147:11995#TGACCAA/1	86	86	1	smNRPS-1/2	5910	5069	5154	100	1.51e-35
A2026YABXX:5:25:7967:185787#TGACCAA/1	86	1	86	smNRPS-1/2	5910	1764	1849	100	1.51e-35
A2026YABXX:5:26:4280:12946#TGACCAA/1	86	86	1	smNRPS-1/2	5910	259	344	100	1.51e-35
A2026YABXX:5:26:4280:12946#TGACCAA/2	86	1	86	smNRPS-1/2	5910	12	97	100	1.51e-35
A2026YABXX:5:26:18593:162265#TGACCAA/1	86	86	1	smNRPS-1/2	5910	1803	1888	100	1.51e-35
A2026YABXX:5:27:14162:102608#TGACCAA/1	86	86	1	smNRPS-1/2	5910	519	604	100	1.51e-35
A2026YABXX:5:41:16766:14669#TGACCAA/1	86	86	1	smNRPS-1/2	5910	3146	3231	100	1.51e-35
A2026YABXX:5:41:2075:97992#TGACCAA/2	86	86	1	smNRPS-1/2	5910	4469	4554	100	1.51e-35
A2026YABXX:5:41:17469:194612#TGACCAA/1	86	1	86	smNRPS-1/2	5910	4428	4513	100	1.51e-35
A2026YABXX:5:42:9211:101499#TGACCAA/1	86	1	86	smNRPS-1/2	5910	73	158	100	1.51e-35
A2026YABXX:5:43:18879:161433#TGACCAA/1	86	86	1	smNRPS-1/2	5910	4452	4537	100	1.51e-35
A2026YABXX:5:44:18552:68110#TGACCAA/1	86	1	86	smNRPS-1/2	5910	3354	3439	100	1.51e-35
A2026YABXX:5:45:5195:111088#TGACCAA/1	86	86	1	smNRPS-1/2	5910	661	746	100	1.51e-35
A2026YABXX:5:47:11761:108628#TGACCAA/1	86	1	86	smNRPS-1/2	5910	3121	3206	100	1.51e-35
A2026YABXX:5:47:17605:185668#TGACCAA/2	86	1	86	smNRPS-1/2	5910	5089	5174	100	1.51e-35
A2026YABXX:5:48:3960:152550#TGACCAA/1	86	86	1	smNRPS-1/2	5910	5656	5741	100	1.51e-35
A2026YABXX:5:61:10120:7911#TGACCAA/1	86	1	86	smNRPS-1/2	5910	5390	5475	100	1.51e-35
A2026YABXX:5:61:8080:46986#TGACCAA/1	86	1	86	smNRPS-1/2	5910	521	606	100	1.51e-35
A2026YABXX:5:62:11138:40889#TGACCAA/1	86	86	1	smNRPS-1/2	5910	882	967	100	1.51e-35
A2026YABXX:5:62:10671:171723#TGACCAA/1	86	1	86	smNRPS-1/2	5910	4105	4190	100	1.51e-35
A2026YABXX:5:63:16367:44876#TGACCAA/2	87	2	87	smNRPS-1/2	5910	236	321	100	1.51e-35
A2026YABXX:5:63:10430:131460#TGACCAA/1	86	86	1	smNRPS-1/2	5910	4060	4145	100	1.51e-35
A2026YABXX:5:64:6896:6179#TGACCAA/1	86	86	1	smNRPS-1/2	5910	2462	2547	100	1.51e-35
A2026YABXX:5:64:18496:49193#TGACCAA/1	86	86	1	smNRPS-1/2	5910	3922	4007	100	1.51e-35
A2026YABXX:5:64:4135:135556#TGACCAA/1	86	86	1	smNRPS-1/2	5910	3063	3148	100	1.51e-35
A2026YABXX:5:66:7948:110288#TGACCAA/1	86	1	86	smNRPS-1/2	5910	4059	4144	100	1.51e-35
A2026YABXX:5:67:18653:105289#TGACCAA/1	86	86	1	smNRPS-1/2	5910	138	223	100	1.51e-35
A2026YABXX:5:68:3795:69221#TGACCAA/1	86	86	1	smNRPS-1/2	5910	4062	4147	100	1.51e-35
A2026YABXX:5:68:13966:71122#TGACCAA/1	86	86	1	smNRPS-1/2	5910	854	939	100	1.51e-35
A2026YABXX:5:68:10797:129042#TGACCAA/1	86	1	86	smNRPS-1/2	5910	3378	3463	100	1.51e-35
B201LRABXX:3:2:17455:17349#TGACCAA/2	87	1	87	smNRPS-1/2	5910	3033	3119	100	4.2e-36
B201LRABXX:3:3:11551:30988#TGACCAA/2	87	87	1	smNRPS-1/2	5910	3120	3206	100	4.2e-36
B201LRABXX:3:5:8509:128211#TGACCAA/2	87	87	1	smNRPS-1/2	5910	1991	2077	100	4.2e-36
B201LRABXX:3:8:15848:18488#TGACCAA/2	87	1	87	smNRPS-1/2	5910	4154	4240	100	4.2e-36
B201LRABXX:3:8:11394:29021#TGACCAA/2	87	87	1	smNRPS-1/2	5910	5716	5802	100	4.2e-36
B201LRABXX:3:8:3163:69217#TGACCAA/2	87	1	87	smNRPS-1/2	5910	5059	5145	100	4.2e-36
B201LRABXX:3:8:3387:78694#TGACCAA/2	87	87	1	smNRPS-1/2	5910	2027	2113	100	4.2e-36
B201LRABXX:3:22:2492:29867#TGACCAA/2	87	87	1	smNRPS-1/2	5910	4549	4635	100	4.2e-36
B201LRABXX:3:25:17523:167053#TGACCAA/2	87	1	87	smNRPS-1/2	5910	5609	5695	100	4.2e-36
B201LRABXX:3:25:15545:183648#TGACCAA/2	87	1	87	smNRPS-1/2	5910	2041	2127	100	4.2e-36
B201LRABXX:3:26:7889:23487#TGACCAA/2	87	87	1	smNRPS-1/2	5910	1780	1866	100	4.2e-36
B201LRABXX:3:26:5331:54047#TGACCAA/2	87	87	1	smNRPS-1/2	5910	5683	5769	100	4.2e-36
B201LRABXX:3:26:14561:147696#TGACCAA/2	87	87	1	smNRPS-1/2	5910	430	516	100	4.2e-36
B201LRABXX:3:27:7504:31592#TGACCAA/2	87	1	87	smNRPS-1/2	5910	5103	5189	100	4.2e-36
B201LRABXX:3:27:10132:47358#TGACCAA/2	87	1	87	smNRPS-1/2	5910	1791	1877	100	4.2e-36
B201LRABXX:3:27:4060:95440#TGACCAA/2	87	87	1	smNRPS-1/2	5910	5149	5235	100	4.2e-36
B201LRABXX:3:27:2297:143828#TGACCAA/2	87	87	1	smNRPS-1/2	5910	2480	2566	100	4.2e-36
B201LRABXX:3:28:9763:120263#TGACCAA/2	87	87	1	smNRPS-1/2	5910	5377	5463	100	4.2e-36
B201LRABXX:3:42:7991:104262#TGACCAA/2	87	1	87	smNRPS-1/2	5910	2960	3046	100	4.2e-36
B201LRABXX:3:44:9965:62755#TGACCAA/2	87	1	87	smNRPS-1/2	5910	4193	4279	100	4.2e-36
B201LRABXX:3:44:12043:80801#TGACCAA/2	87	1	87	smNRPS-1/2	5910	3151	3237	100	4.2e-36
B201LRABXX:3:46:15976:100806#TGACCAA/2	87	87	1	smNRPS-1/2	5910	5095	5181	100	4.2e-36
B201LRABXX:3:47:15590:157338#TGACCAA/2	87	87	1	smNRPS-1/2	5910	3119	3205	100	4.2e-36
B201LRABXX:3:48:17032:128779#TGACCAA/2	87	87	1	smNRPS-1/2	5910	4483	4569	100	4.2e-36
B201LRABXX:3:48:17760:139556#TGACCAA/2	87	87	1	smNRPS-1/2	5910	1705	1791	100	4.2e-36
B201LRABXX:3:62:15969:38260#TGACCAA/2	87	1	87	smNRPS-1/2	5910	435	521	100	4.2e-36
B201LRABXX:3:62:2528:94427#TGACCAA/2	87	87	1	smNRPS-1/2	5910	2065	2151	100	4.2e-36
B201LRABXX:3:64:6178:113772#TGACCAA/2	87	1	87	smNRPS-1/2	5910	5647	5733	100	4.2e-36
B201LRABXX:3:65:6073:26493#TGACCAA/2	87	87	1	smNRPS-1/2	5910	3083	3169	100	4.2e-36
B201LRABXX:3:65:17192:45924#TGACCAA/2	87	1	87	smNRPS-1/2	5910	1219	1305	100	4.2e-36
B201LRABXX:3:65:4514:60629#TGACCAA/2	87	87	1	smNRPS-1/2	5910	3105	3191	100	4.2e-36
B201LRABXX:3:66:5182:35866#TGACCAA/2	87	1	87	smNRPS-1/2	5910	279	365	100	4.2e-36
B201LRABXX:3:67:9862:59984#TGACCAA/2	87	87	1	smNRPS-1/2	5910	5110	5196	100	4.2e-36
A2026YABXX:5:1:15132:69386#TGACCAA/2	87	1	87	smNRPS-1/2	5910	2525	2611	100	4.2e-36
A2026YABXX:5:1:15770:96621#TGACCAA/2	87	1	87	smNRPS-1/2	5910	396	482	100	4.2e-36
A2026YABXX:5:1:2310:174578#TGACCAA/2	87	1	87	smNRPS-1/2	5910	2513	2599	100	4.2e-36
A2026YABXX:5:2:18154:49209#TGACCAA/2	87	87	1	smNRPS-1/2	5910	3105	3191	100	4.2e-36
A2026YABXX:5:3:5344:40424#TGACCAA/2	87	1	87	smNRPS-1/2	5910	4962	5048	100	4.2e-36
A2026YABXX:5:3:13985:85390#TGACCAA/2	87	1	87	smNRPS-1/2	5910	3358	3444	100	4.2e-36
A2026YABXX:5:7:19265:5199#TGACCAA/2	87	87	1	smNRPS-1/2	5910	813	899	100	4.2e-36
A2026YABXX:5:8:12985:35581#TGACCAA/2	87	87	1	smNRPS-1/2	5910	5033	5119	100	4.2e-36
A2026YABXX:5:21:5658:88934#TGACCAA/2	87	87	1	smNRPS-1/2	5910	1028	1114	100	4.2e-36
A2026YABXX:5:21:3197:116853#TGACCAA/2	87	87	1	smNRPS-1/2	5910	4084	4170	100	4.2e-36
A2026YABXX:5:22:12690:21885#TGACCAA/2	87	1	87	smNRPS-1/2	5910	2483	2569	100	4.2e-36
A2026YABXX:5:22:15198:172970#TGACCAA/2	87	1	87	smNRPS-1/2	5910	3266	3352	100	4.2e-36
A2026YABXX:5:23:12779:136638#TGACCAA/2	87	87	1	smNRPS-1/2	5910	22	108	100	4.2e-36
A2026YABXX:5:25:15356:90213#TGACCAA/2	87	87	1	smNRPS-1/2	5910	3147	3233	100	4.2e-36
A2026YABXX:5:25:7967:185787#TGACCAA/2	87	87	1	smNRPS-1/2	5910	1994	2080	100	4.2e-36
A2026YABXX:5:26:5860:109592#TGACCAA/2	87	1	87	smNRPS-1/2	5910	3572	3658	100	4.2e-36
A2026YABXX:5:27:14162:102608#TGACCAA/2	87	1	87	smNRPS-1/2	5910	282	368	100	4.2e-36
A2026YABXX:5:28:8835:132814#TGACCAA/2	87	87	1	smNRPS-1/2	5910	4128	4214	100	4.2e-36
A2026YABXX:5:42:19762:169038#TGACCAA/2	87	1	87	smNRPS-1/2	5910	4949	5035	100	4.2e-36
A2026YABXX:5:43:18879:161433#TGACCAA/2	87	1	87	smNRPS-1/2	5910	4214	4300	100	4.2e-36
A2026YABXX:5:44:12238:193594#TGACCAA/2	87	87	1	smNRPS-1/2	5910	31	117	100	4.2e-36
A2026YABXX:5:45:5195:111088#TGACCAA/2	87	1	87	smNRPS-1/2	5910	455	541	100	4.2e-36
A2026YABXX:5:45:6274:155759#TGACCAA/2	87	1	87	smNRPS-1/2	5910	388	474	100	4.2e-36
A2026YABXX:5:45:8354:162495#TGACCAA/2	87	1	87	smNRPS-1/2	5910	4030	4116	100	4.2e-36
A2026YABXX:5:46:19410:56141#TGACCAA/2	87	1	87	smNRPS-1/2	5910	462	548	100	4.2e-36
A2026YABXX:5:46:8974:123850#TGACCAA/2	87	1	87	smNRPS-1/2	5910	5689	5775	100	4.2e-36
A2026YABXX:5:61:10120:7911#TGACCAA/2	87	87	1	smNRPS-1/2	5910	5626	5712	100	4.2e-36
A2026YABXX:5:61:11721:157523#TGACCAA/2	87	1	87	smNRPS-1/2	5910	4122	4208	100	4.2e-36
A2026YABXX:5:61:13770:196533#TGACCAA/2	87	87	1	smNRPS-1/2	5910	4445	4531	100	4.2e-36
A2026YABXX:5:62:16842:104399#TGACCAA/2	87	87	1	smNRPS-1/2	5910	4197	4283	100	4.2e-36
A2026YABXX:5:63:9501:66579#TGACCAA/2	87	1	87	smNRPS-1/2	5910	1942	2028	100	4.2e-36
A2026YABXX:5:64:14092:31976#TGACCAA/2	87	1	87	smNRPS-1/2	5910	4117	4203	100	4.2e-36
A2026YABXX:5:64:4135:135556#TGACCAA/2	87	1	87	smNRPS-1/2	5910	2820	2906	100	4.2e-36
A2026YABXX:5:65:13401:75990#TGACCAA/2	87	87	1	smNRPS-1/2	5910	5048	5134	100	4.2e-36
A2026YABXX:5:65:5062:97163#TGACCAA/2	87	1	87	smNRPS-1/2	5910	4457	4543	100	4.2e-36
A2026YABXX:5:66:11899:16602#TGACCAA/2	87	1	87	smNRPS-1/2	5910	5038	5124	100	4.2e-36
A2026YABXX:5:21:4416:72015#TGACCAA/2	87	87	1	smNRPS-1/2	5910	4176	4262	100	4.2e-36
B201LRABXX:3:67:2280:95482#TGACCAA/1	46	46	1	smNRPS-1/2	5910	3002	3047	100	2.63e-13
A2026YABXX:5:21:14781:172156#TGACCAA/1	46	46	1	smNRPS-1/2	5910	4959	5004	100	2.63e-13
A2026YABXX:5:46:2332:51802#TGACCAA/2	49	49	1	smNRPS-1/2	5910	3057	3105	97.959	2.63e-13
A2026YABXX:5:24:4185:193452#TGACCAA/2	47	47	1	smNRPS-1/2	5910	3766	3812	100	7.31e-14
A2026YABXX:5:46:2332:51802#TGACCAA/1	47	1	47	smNRPS-1/2	5910	2770	2816	100	7.31e-14
A2026YABXX:5:22:17260:134942#TGACCAA/2	56	1	56	smNRPS-1/2	5910	993	1048	98.214	3.38e-17
A2026YABXX:5:63:20149:21110#TGACCAA/2	56	1	56	smNRPS-1/2	5910	1508	1563	98.214	3.38e-17
A2026YABXX:5:22:17260:134942#TGACCAA/1	55	55	1	smNRPS-1/2	5910	1265	1319	100	2.61e-18
A2026YABXX:5:63:20140:184245#TGACCAA/1	55	55	1	smNRPS-1/2	5910	2072	2126	100	2.61e-18
A2026YABXX:5:66:18573:43280#TGACCAA/2	56	1	56	smNRPS-1/2	5910	862	917	100	7.26e-19
A2026YABXX:5:66:6353:45286#TGACCAA/2	62	1	62	smNRPS-1/2	5910	291	352	96.774	7.26e-19
A2026YABXX:5:47:21173:5913#TGACCAA/1	86	26	86	smNRPS-1/2	5910	1	61	100	1.21e-21
A2026YABXX:5:24:8344:169898#TGACCAA/2	64	64	1	smNRPS-1/2	5910	3795	3858	100	2.59e-23
A2026YABXX:5:21:14781:172156#TGACCAA/2	69	1	69	smNRPS-1/2	5910	4689	4757	100	4.31e-26
B201LRABXX:3:7:11218:115619#TGACCAA/1	83	1	83	smNRPS-1/2	5910	4970	5052	95.181	3.33e-27
B201LRABXX:3:26:11470:123842#TGACCAA/2	77	77	1	smNRPS-1/2	5910	1854	1930	97.403	3.33e-27
A2026YABXX:5:63:20149:21110#TGACCAA/1	86	86	4	smNRPS-1/2	5910	1734	1814	96.386	2.57e-28
A2026YABXX:5:66:6353:45286#TGACCAA/1	79	79	1	smNRPS-1/2	5910	562	640	97.468	2.57e-28
B201LRABXX:3:7:11239:115626#TGACCAA/1	86	1	86	smNRPS-1/2	5910	4970	5055	95.349	7.16e-29
A2026YABXX:5:45:5657:187268#TGACCAA/2	87	1	87	smNRPS-1/2	5910	1816	1900	95.402	7.16e-29
A2026YABXX:5:68:7178:18789#TGACCAA/1	86	86	2	smNRPS-1/2	5910	1068	1152	96.471	5.53e-30
A2026YABXX:5:24:8344:169898#TGACCAA/1	86	1	86	smNRPS-1/2	5910	3532	3617	96.512	1.54e-30
B201LRABXX:3:6:3966:70864#TGACCAA/2	87	1	87	smNRPS-1/2	5910	5615	5701	96.552	4.28e-31
B201LRABXX:3:66:13795:40545#TGACCAA/1	79	1	79	smNRPS-1/2	5910	2575	2653	100	1.19e-31
B201LRABXX:3:65:16038:8562#TGACCAA/1	83	83	1	smNRPS-1/2	5910	969	1051	98.795	3.31e-32
A2026YABXX:5:2:4838:134667#TGACCAA/1	86	1	86	smNRPS-1/2	5910	1484	1569	97.674	3.31e-32
A2026YABXX:5:8:6970:121155#TGACCAA/1	80	80	1	smNRPS-1/2	5910	790	869	100	3.31e-32
A2026YABXX:5:22:6896:7049#TGACCAA/1	86	1	86	smNRPS-1/2	5910	41	126	97.674	3.31e-32
A2026YABXX:5:22:4339:76476#TGACCAA/1	86	86	1	smNRPS-1/2	5910	3106	3191	97.674	3.31e-32
A2026YABXX:5:47:11668:81166#TGACCAA/1	86	1	86	smNRPS-1/2	5910	5077	5162	97.674	3.31e-32
A2026YABXX:5:21:11777:23615#TGACCAA/2	87	1	87	smNRPS-1/2	5910	2899	2985	97.701	9.19e-33
A2026YABXX:5:23:3445:11426#TGACCAA/2	84	84	1	smNRPS-1/2	5910	1865	1948	98.81	9.19e-33
A2026YABXX:5:45:11409:92361#TGACCAA/2	87	87	1	smNRPS-1/2	5910	94	180	97.701	9.19e-33
A2026YABXX:5:47:21173:5913#TGACCAA/2	87	87	1	smNRPS-1/2	5910	212	298	97.701	9.19e-33
A2026YABXX:5:64:14203:87273#TGACCAA/2	87	1	87	smNRPS-1/2	5910	4063	4149	97.701	9.19e-33
A2026YABXX:5:65:4342:28012#TGACCAA/2	87	1	87	smNRPS-1/2	5910	542	628	97.701	9.19e-33
A2026YABXX:5:6:18264:61353#TGACCAA/2	87	1	87	smNRPS-1/2	5910	5253	5341	97.753	2.56e-33
A2026YABXX:5:43:14418:7225#TGACCAA/2	87	1	85	smNRPS-1/2	5910	36	120	98.824	2.56e-33
B201LRABXX:3:4:6639:20176#TGACCAA/1	86	86	1	smNRPS-1/2	5910	161	246	98.837	7.11e-34
A2026YABXX:5:23:14190:180548#TGACCAA/2	86	1	86	smNRPS-1/2	5910	5295	5380	98.837	7.11e-34
A2026YABXX:5:44:13556:177485#TGACCAA/1	86	1	86	smNRPS-1/2	5910	1461	1546	98.837	7.11e-34
A2026YABXX:5:62:12368:140107#TGACCAA/1	86	86	1	smNRPS-1/2	5910	5296	5381	98.837	7.11e-34
B201LRABXX:3:65:14150:123387#TGACCAA/2	87	87	1	smNRPS-1/2	5910	3321	3407	98.851	1.98e-34
B201LRABXX:3:66:13795:40545#TGACCAA/2	87	87	1	smNRPS-1/2	5910	2822	2908	98.851	1.98e-34
B201LRABXX:3:67:2280:95482#TGACCAA/2	87	1	87	smNRPS-1/2	5910	2741	2827	98.851	1.98e-34
A2026YABXX:5:2:4838:134667#TGACCAA/2	87	87	1	smNRPS-1/2	5910	1712	1798	98.851	1.98e-34
A2026YABXX:5:41:17566:186302#TGACCAA/2	87	1	87	smNRPS-1/2	5910	4177	4263	98.851	1.98e-34
B201LRABXX:3:6:3966:70864#TGACCAA/1	86	86	1	smNRPS-1/2	5910	5833	5918	100	1.53e-35
A2026YABXX:5:2:13854:129876#TGACCAA/1	86	86	1	smNRPS-1/2	5910	653	738	100	1.53e-35
A2026YABXX:5:4:18368:134248#TGACCAA/2	86	86	1	smNRPS-1/2	5910	38	123	100	1.53e-35
A2026YABXX:5:4:14507:173291#TGACCAA/1	86	1	86	smNRPS-1/2	5910	5742	5827	100	1.53e-35
A2026YABXX:5:7:12729:25264#TGACCAA/1	86	1	86	smNRPS-1/2	5910	2212	2297	100	1.53e-35
A2026YABXX:5:22:6896:7049#TGACCAA/2	87	86	1	smNRPS-1/2	5910	275	360	100	1.53e-35
A2026YABXX:5:22:4339:76476#TGACCAA/2	86	1	86	smNRPS-1/2	5910	2869	2954	100	1.53e-35
A2026YABXX:5:23:14190:180548#TGACCAA/1	86	86	1	smNRPS-1/2	5910	5523	5608	100	1.53e-35
A2026YABXX:5:24:4185:193452#TGACCAA/1	86	1	86	smNRPS-1/2	5910	3473	3558	100	1.53e-35
A2026YABXX:5:43:14418:7225#TGACCAA/1	86	86	1	smNRPS-1/2	5910	285	370	100	1.53e-35
A2026YABXX:5:47:11668:81166#TGACCAA/2	86	86	1	smNRPS-1/2	5910	5305	5390	100	1.53e-35
A2026YABXX:5:65:4342:28012#TGACCAA/1	86	86	1	smNRPS-1/2	5910	784	869	100	1.53e-35
B201LRABXX:3:65:16038:8562#TGACCAA/2	87	1	87	smNRPS-1/2	5910	741	827	100	4.2500000000000003e-36
A2026YABXX:5:2:13854:129876#TGACCAA/2	87	1	87	smNRPS-1/2	5910	438	524	100	4.2500000000000003e-36
A2026YABXX:5:7:12729:25264#TGACCAA/2	87	87	1	smNRPS-1/2	5910	2447	2533	100	4.2500000000000003e-36
A2026YABXX:5:44:13556:177485#TGACCAA/2	87	87	1	smNRPS-1/2	5910	1707	1793	100	4.2500000000000003e-36
A2026YABXX:5:62:12368:140107#TGACCAA/2	87	1	87	smNRPS-1/2	5910	5052	5138	100	4.2500000000000003e-36
A2026YABXX:5:68:7178:18789#TGACCAA/2	87	1	87	smNRPS-1/2	5910	831	917	100	4.2500000000000003e-36
