FC617ACAAXX:6:47:5247:3169#0/1	72	1	72	smNRPS-1/2	5910	1510	1581	95.833	5.38e-23
FC617ACAAXX:6:69:16282:8833#0/1	72	72	1	smNRPS-1/2	5910	5017	5088	95.833	5.38e-23
FC617ACAAXX:6:25:14847:8382#0/1	44	44	1	smNRPS-1/2	5910	4210	4253	97.727	9.24e-11
FC617ACAAXX:6:19:9958:10100#0/1	62	1	62	smNRPS-1/2	5910	4167	4228	98.387	9.11e-21
FC617ACAAXX:6:15:9361:3690#0/1	72	1	72	smNRPS-1/2	5910	3606	3677	95.833	5.45e-23
FC617ACAAXX:6:15:9361:3690#0/2	72	72	1	smNRPS-1/2	5910	3855	3926	95.833	5.45e-23
FC617ACAAXX:6:99:6944:11892#0/2	72	1	72	smNRPS-1/2	5910	1114	1185	95.833	5.45e-23
FC617ACAAXX:6:25:14847:8382#0/2	72	1	72	smNRPS-1/2	5910	3932	4003	97.222	1.17e-24
FC617ACAAXX:6:99:6944:11892#0/1	72	72	1	smNRPS-1/2	5910	1370	1441	98.611	2.52e-26
FC617ACAAXX:6:47:5247:3169#0/2	72	1	72	smNRPS-1/2	5910	4098	4169	100	5.41e-28
FC617ACAAXX:6:114:6731:3412#0/2	72	1	72	smNRPS-1/2	5910	5772	5843	100	5.41e-28
