A200FVABXX:5:26:11407:169514#TGACCA/1	85	84	1	smNRPS-1/2	5910	446	529	97.619	3.94e-31
B200YWABXX:4:6:14652:192311#TGACCAA/1	49	49	1	smNRPS-1/2	5910	624	672	100	5.26e-15
B200YWABXX:4:5:6859:30072#TGACCAA/1	75	75	1	smNRPS-1/2	5910	862	936	97.333	4.01e-26
A200FVABXX:5:26:11407:169514#TGACCA/2	85	85	1	smNRPS-1/2	5910	5652	5736	96.471	5.15e-30
B200YWABXX:4:2:17406:136642#TGACCAA/1	85	83	5	smNRPS-1/2	5910	3069	3147	98.734	5.15e-30
A200FVABXX:5:3:7480:61990#TGACCA/2	78	78	1	smNRPS-1/2	5910	2317	2394	100	3.98e-31
A200FVABXX:5:3:7480:61990#TGACCA/1	85	1	85	smNRPS-1/2	5910	2071	2155	97.647	1.11e-31
A200FVABXX:5:68:9188:35178#TGACCA/1	85	1	85	smNRPS-1/2	5910	1057	1141	97.647	1.11e-31
B200YWABXX:4:2:17401:136660#TGACCAA/1	85	83	5	smNRPS-1/2	5910	3069	3147	100	1.11e-31
B200YWABXX:4:5:6859:30072#TGACCAA/2	85	1	85	smNRPS-1/2	5910	611	695	97.647	1.11e-31
A200FVABXX:5:23:15625:188401#TGACCA/1	80	1	80	smNRPS-1/2	5910	3990	4069	100	3.08e-32
B200YWABXX:4:2:17406:136642#TGACCAA/2	83	1	83	smNRPS-1/2	5910	2831	2913	98.795	3.08e-32
B200YWABXX:4:2:17401:136660#TGACCAA/2	85	1	83	smNRPS-1/2	5910	2831	2913	98.795	3.08e-32
A200FVABXX:5:68:9188:35178#TGACCA/2	85	85	1	smNRPS-1/2	5910	1277	1361	98.824	2.38e-33
B200YWABXX:4:6:14652:192311#TGACCAA/2	85	1	85	smNRPS-1/2	5910	383	467	98.824	2.38e-33
A200FVABXX:5:1:16434:93808#TGACCA/2	85	1	85	smNRPS-1/2	5910	5840	5924	100	5.12e-35
A200FVABXX:5:23:15625:188401#TGACCA/2	85	85	1	smNRPS-1/2	5910	4213	4297	100	5.12e-35
