A2026YABXX:8:26:19894:26253#ACTTGAA/2	55	55	1	smNRPS-1/2	5910	2752	2806	100	3.99e-18
A2026YABXX:8:3:18227:81327#ACTTGAA/2	66	1	64	smNRPS-1/2	5910	3613	3676	96.875	8.57e-20
A201L5ABXX:3:28:19801:106565#ACTTGAA/2	60	1	60	smNRPS-1/2	5910	5567	5626	100	6.62e-21
A2026YABXX:8:26:19894:26253#ACTTGAA/1	63	1	63	smNRPS-1/2	5910	2473	2535	100	1.42e-22
A2026YABXX:8:65:4581:178214#ACTTGAA/2	65	1	65	smNRPS-1/2	5910	632	696	98.462	1.42e-22
B200FTABXX:3:22:8809:180235#ACTTGA/2	80	1	80	smNRPS-1/2	5910	3784	3863	98.75	2.35e-30
A201L5ABXX:3:2:11938:132077#ACTTGAA/1	90	1	89	smNRPS-1/2	5910	1284	1372	95.506	2.35e-30
A2026YABXX:8:46:13335:13077#ACTTGAA/1	80	80	1	smNRPS-1/2	5910	2292	2371	100	5.05e-32
A2026YABXX:8:4:16120:63805#ACTTGAA/2	90	1	90	smNRPS-1/2	5910	3582	3671	96.667	1.4e-32
A2026YABXX:8:44:15193:29111#ACTTGAA/2	90	1	90	smNRPS-1/2	5910	2316	2405	96.667	1.4e-32
A2026YABXX:8:46:5015:64914#ACTTGAA/2	90	90	1	smNRPS-1/2	5910	4328	4417	96.667	1.4e-32
B200FTABXX:3:48:10263:152956#ACTTGA/1	90	1	90	smNRPS-1/2	5910	583	672	97.778	3.02e-34
A2026YABXX:8:61:13395:141048#ACTTGAA/2	90	1	90	smNRPS-1/2	5910	5023	5112	98.889	1.8e-36
A2026YABXX:8:46:13335:13077#ACTTGAA/2	89	1	89	smNRPS-1/2	5910	2024	2112	100	5.01e-37
A2026YABXX:8:61:13395:141048#ACTTGAA/1	90	90	2	smNRPS-1/2	5910	5267	5355	100	5.01e-37
B200FTABXX:3:22:8809:180235#ACTTGA/1	90	90	1	smNRPS-1/2	5910	4029	4118	100	1.39e-37
A2026YABXX:8:8:11531:67824#ACTTGAA/1	90	1	90	smNRPS-1/2	5910	2659	2748	100	1.39e-37
A2026YABXX:8:8:11531:67824#ACTTGAA/2	90	90	1	smNRPS-1/2	5910	2893	2982	100	1.39e-37
A2026YABXX:8:41:19407:73510#ACTTGAA/1	90	1	90	smNRPS-1/2	5910	888	977	100	1.39e-37
A2026YABXX:8:41:19407:73510#ACTTGAA/2	90	90	1	smNRPS-1/2	5910	1134	1223	100	1.39e-37
A2026YABXX:8:42:8498:65962#ACTTGAA/1	90	90	1	smNRPS-1/2	5910	2874	2963	100	1.39e-37
A2026YABXX:8:42:8498:65962#ACTTGAA/2	90	1	90	smNRPS-1/2	5910	2628	2717	100	1.39e-37
A201L5ABXX:3:5:12730:100690#ACTTGAA/1	90	90	1	smNRPS-1/2	5910	2731	2820	100	1.39e-37
A201L5ABXX:3:5:12730:100690#ACTTGAA/2	90	1	90	smNRPS-1/2	5910	2468	2557	100	1.39e-37
A201L5ABXX:3:7:14488:66826#ACTTGAA/1	90	1	90	smNRPS-1/2	5910	866	955	100	1.39e-37
A201L5ABXX:3:7:14488:66826#ACTTGAA/2	90	90	1	smNRPS-1/2	5910	887	976	100	1.39e-37
A201L5ABXX:3:25:16105:34822#ACTTGAA/1	90	1	90	smNRPS-1/2	5910	1823	1912	100	1.39e-37
A201L5ABXX:3:25:16105:34822#ACTTGAA/2	90	90	1	smNRPS-1/2	5910	2078	2167	100	1.39e-37
B200FTABXX:3:8:14217:193306#ACTTGA/2	90	1	47	smNRPS-1/2	5910	5899	5945	95.745	2.45e-10
A201L5ABXX:3:25:18432:42065#ACTTGAA/1	60	60	1	smNRPS-1/2	5910	1265	1324	96.667	1.45e-17
A201L5ABXX:3:62:2969:14936#ACTTGAA/2	62	62	1	smNRPS-1/2	5910	3536	3597	96.774	1.12e-18
A201L5ABXX:3:28:19801:106565#ACTTGAA/1	90	32	90	smNRPS-1/2	5910	1	59	100	2.41e-20
A201L5ABXX:3:25:18432:42065#ACTTGAA/2	63	1	63	smNRPS-1/2	5910	986	1048	98.413	6.7e-21
A201L5ABXX:3:23:16388:41628#ACTTGAA/1	65	65	1	smNRPS-1/2	5910	5119	5183	98.462	5.18e-22
A2026YABXX:8:68:20839:91480#ACTTGAA/1	68	68	1	smNRPS-1/2	5910	1664	1731	98.529	1.11e-23
A201L5ABXX:3:67:19877:17480#ACTTGAA/2	70	70	1	smNRPS-1/2	5910	4118	4187	98.571	8.61e-25
A201L5ABXX:3:42:20585:22108#ACTTGAA/2	78	78	1	smNRPS-1/2	5910	4518	4595	97.436	1.43e-27
A2026YABXX:8:21:17542:23628#ACTTGAA/2	81	1	79	smNRPS-1/2	5910	4853	4931	97.468	3.98e-28
A201L5ABXX:3:23:16388:41628#ACTTGAA/2	79	1	79	smNRPS-1/2	5910	4842	4920	98.734	8.55e-30
A2026YABXX:8:44:15193:29111#ACTTGAA/1	85	1	85	smNRPS-1/2	5910	3311	3395	97.647	1.84e-31
A2026YABXX:8:46:10716:118703#ACTTGAA/1	90	1	88	smNRPS-1/2	5910	5550	5637	96.591	1.84e-31
A2026YABXX:8:2:15526:139557#ACTTGAA/1	90	1	90	smNRPS-1/2	5910	5539	5628	96.667	1.42e-32
A2026YABXX:8:65:4581:178214#ACTTGAA/1	90	1	90	smNRPS-1/2	5910	4988	5077	96.667	1.42e-32
A201L5ABXX:3:46:10999:99316#ACTTGAA/1	90	1	90	smNRPS-1/2	5910	5142	5231	96.667	1.42e-32
A201L5ABXX:3:46:20420:102645#ACTTGAA/2	90	1	90	smNRPS-1/2	5910	1281	1370	96.667	1.42e-32
A201L5ABXX:3:62:2969:14936#ACTTGAA/1	90	1	90	smNRPS-1/2	5910	3285	3374	96.667	1.42e-32
A201L5ABXX:3:63:1815:148010#ACTTGAA/2	84	84	1	smNRPS-1/2	5910	2631	2714	98.81	1.42e-32
A201L5ABXX:3:67:19877:17480#ACTTGAA/1	90	1	90	smNRPS-1/2	5910	3844	3933	96.667	1.42e-32
A2026YABXX:8:27:16409:182369#ACTTGAA/2	90	3	90	smNRPS-1/2	5910	548	635	97.727	3.95e-33
A2026YABXX:8:63:5674:65830#ACTTGAA/1	82	1	82	smNRPS-1/2	5910	862	943	100	3.95e-33
A2026YABXX:8:63:5674:65830#ACTTGAA/2	90	90	1	smNRPS-1/2	5910	1102	1191	96.667	3.95e-33
A2026YABXX:8:1:11768:91900#ACTTGAA/1	89	89	1	smNRPS-1/2	5910	3960	4048	97.753	1.1e-33
A2026YABXX:8:26:5232:163157#ACTTGAA/1	90	90	1	smNRPS-1/2	5910	2552	2641	97.778	3.05e-34
A2026YABXX:8:27:16409:182369#ACTTGAA/1	84	84	1	smNRPS-1/2	5910	796	879	100	3.05e-34
A2026YABXX:8:48:13846:70304#ACTTGAA/1	90	1	90	smNRPS-1/2	5910	1425	1514	97.778	3.05e-34
A201L5ABXX:3:26:6627:158176#ACTTGAA/2	90	1	90	smNRPS-1/2	5910	4516	4605	97.778	3.05e-34
A201L5ABXX:3:46:15566:184962#ACTTGAA/1	90	90	1	smNRPS-1/2	5910	1960	2049	97.778	3.05e-34
A201L5ABXX:3:65:4370:77912#ACTTGAA/1	90	90	1	smNRPS-1/2	5910	58	147	97.778	3.05e-34
A2026YABXX:8:7:18652:78326#ACTTGAA/2	88	88	1	smNRPS-1/2	5910	1047	1134	98.864	8.49e-35
A201L5ABXX:3:46:15566:184962#ACTTGAA/2	90	1	89	smNRPS-1/2	5910	1711	1798	98.876	8.49e-35
A201L5ABXX:3:46:20420:102645#ACTTGAA/1	89	89	1	smNRPS-1/2	5910	1515	1603	98.876	2.36e-35
A2026YABXX:8:2:15526:139557#ACTTGAA/2	90	90	1	smNRPS-1/2	5910	5777	5866	98.889	6.56e-36
A2026YABXX:8:6:12830:134707#ACTTGAA/2	90	90	1	smNRPS-1/2	5910	2084	2173	98.889	6.56e-36
A2026YABXX:8:21:17542:23628#ACTTGAA/1	90	90	1	smNRPS-1/2	5910	5081	5170	98.889	6.56e-36
A2026YABXX:8:27:4529:59572#ACTTGAA/1	90	90	1	smNRPS-1/2	5910	410	499	98.889	6.56e-36
A2026YABXX:8:27:5473:138653#ACTTGAA/1	90	90	1	smNRPS-1/2	5910	1020	1109	98.889	6.56e-36
A2026YABXX:8:48:13846:70304#ACTTGAA/2	90	90	1	smNRPS-1/2	5910	1668	1757	98.889	6.56e-36
A2026YABXX:8:62:17005:79671#ACTTGAA/2	89	89	1	smNRPS-1/2	5910	848	936	98.876	6.56e-36
A2026YABXX:8:62:7760:100360#ACTTGAT/1	90	1	90	smNRPS-1/2	5910	4842	4931	98.889	6.56e-36
A201L5ABXX:3:6:5314:36199#ACTTGAA/2	90	90	1	smNRPS-1/2	5910	2431	2520	98.889	6.56e-36
A201L5ABXX:3:21:3378:43553#ACTTGAA/2	90	1	90	smNRPS-1/2	5910	5326	5415	98.889	6.56e-36
A201L5ABXX:3:22:6611:13881#ACTTGAA/1	90	1	90	smNRPS-1/2	5910	1451	1540	98.889	6.56e-36
A201L5ABXX:3:22:6611:13881#ACTTGAA/2	90	90	1	smNRPS-1/2	5910	1679	1768	98.889	6.56e-36
A201L5ABXX:3:26:6627:158176#ACTTGAA/1	90	90	1	smNRPS-1/2	5910	4750	4839	98.889	6.56e-36
A201L5ABXX:3:46:10999:99316#ACTTGAA/2	90	90	1	smNRPS-1/2	5910	5370	5459	98.889	6.56e-36
A201L5ABXX:3:63:1815:148010#ACTTGAA/1	90	1	90	smNRPS-1/2	5910	2392	2481	98.889	6.56e-36
A2026YABXX:8:62:7760:100360#ACTTGAT/2	90	90	1	smNRPS-1/2	5910	5082	5171	98.889	1.82e-36
A2026YABXX:8:6:12830:134707#ACTTGAA/1	90	1	90	smNRPS-1/2	5910	1830	1919	100	1.41e-37
A2026YABXX:8:7:18652:78326#ACTTGAA/1	90	1	90	smNRPS-1/2	5910	797	886	100	1.41e-37
A2026YABXX:8:26:5232:163157#ACTTGAA/2	90	1	90	smNRPS-1/2	5910	2325	2414	100	1.41e-37
A2026YABXX:8:27:4529:59572#ACTTGAA/2	90	1	90	smNRPS-1/2	5910	163	252	100	1.41e-37
A2026YABXX:8:27:5473:138653#ACTTGAA/2	90	1	90	smNRPS-1/2	5910	786	875	100	1.41e-37
A2026YABXX:8:44:11998:95526#ACTTGAA/1	90	1	90	smNRPS-1/2	5910	5830	5919	100	1.41e-37
A2026YABXX:8:46:10716:118703#ACTTGAA/2	90	90	1	smNRPS-1/2	5910	5778	5867	100	1.41e-37
A2026YABXX:8:62:17005:79671#ACTTGAA/1	90	1	90	smNRPS-1/2	5910	627	716	100	1.41e-37
A201L5ABXX:3:6:5314:36199#ACTTGAA/1	90	1	90	smNRPS-1/2	5910	2183	2272	100	1.41e-37
A201L5ABXX:3:21:5675:161963#ACTTGAA/1	90	1	90	smNRPS-1/2	5910	4295	4384	100	1.41e-37
A201L5ABXX:3:21:5675:161963#ACTTGAA/2	90	90	1	smNRPS-1/2	5910	4536	4625	100	1.41e-37
B200FTABXX:3:62:18319:182624#ACTTGA/1	90	1	90	smNRPS-1/2	5910	2941	3030	100	1.41e-37
