FC615HNAAXX:8:51:11685:3031#TGACCAAT/2	38	1	38	smNRPS-1/2	5910	1241	1278	100	4.19e-9
FC615HNAAXX:8:87:1701:18982#TGACCAAT/1	68	1	68	smNRPS-1/2	5910	488	555	98.529	4.1e-24
FC615HNAAXX:8:112:10999:10380#TGACCAAT/1	68	68	1	smNRPS-1/2	5910	2688	2755	100	8.82e-26
FC615HNAAXX:8:81:13231:19089#TGACCAAT/1	41	41	1	smNRPS-1/2	5910	1239	1279	100	9.12e-11
FC615HNAAXX:8:51:11685:3031#TGACCAAT/1	46	1	46	smNRPS-1/2	5910	4382	4427	100	1.51e-13
FC615HNAAXX:8:6:16619:14811#TGACCAAT/2	72	1	55	smNRPS-1/2	5910	5891	5945	96.364	3.26e-15
FC615HNAAXX:8:74:11959:10346#TGACCAAT/1	56	56	1	smNRPS-1/2	5910	2243	2298	100	4.18e-19
FC615HNAAXX:8:64:13378:7740#TGACCAAT/2	67	67	1	smNRPS-1/2	5910	4163	4229	95.522	3.23e-20
FC615HNAAXX:8:79:7530:1427#TGACCAAT/1	68	1	68	smNRPS-1/2	5910	2053	2120	97.059	1.93e-22
FC615HNAAXX:8:15:2891:11009#TGACCAAT/1	68	1	68	smNRPS-1/2	5910	107	174	98.529	4.15e-24
FC615HNAAXX:8:46:9719:10776#TGACCAAT/1	65	1	65	smNRPS-1/2	5910	1576	1640	100	4.15e-24
FC615HNAAXX:8:54:10547:14191#TGACCAAT/1	68	1	68	smNRPS-1/2	5910	1445	1512	98.529	4.15e-24
FC615HNAAXX:8:109:15080:5763#TGACCAAT/2	72	72	1	smNRPS-1/2	5910	5534	5605	97.222	1.15e-24
FC615HNAAXX:8:15:6229:1612#TGACCAAT/2	71	1	70	smNRPS-1/2	5910	51	120	98.571	3.21e-25
FC615HNAAXX:8:15:6229:1612#TGACCAAT/1	68	68	1	smNRPS-1/2	5910	298	365	100	8.93e-26
FC615HNAAXX:8:44:3951:1317#TGACCAAT/1	68	1	68	smNRPS-1/2	5910	3191	3258	100	8.93e-26
FC615HNAAXX:8:44:14497:20414#TGACCAAT/1	68	68	1	smNRPS-1/2	5910	3783	3850	100	8.93e-26
FC615HNAAXX:8:49:6253:14308#TGACCAAT/1	68	68	1	smNRPS-1/2	5910	2919	2986	100	8.93e-26
FC615HNAAXX:8:55:15996:20133#TGACCAAT/1	68	1	68	smNRPS-1/2	5910	812	879	100	8.93e-26
FC615HNAAXX:8:64:13378:7740#TGACCAAT/1	68	1	68	smNRPS-1/2	5910	3917	3984	100	8.93e-26
FC615HNAAXX:8:99:11388:6324#TGACCAAT/1	68	1	68	smNRPS-1/2	5910	5167	5234	100	8.93e-26
FC615HNAAXX:8:107:14609:5757#TGACCAAT/1	68	1	68	smNRPS-1/2	5910	2443	2510	100	8.93e-26
FC615HNAAXX:8:109:15080:5763#TGACCAAT/1	68	1	68	smNRPS-1/2	5910	5310	5377	100	8.93e-26
FC615HNAAXX:8:116:16218:4132#TGACCAAT/1	68	68	1	smNRPS-1/2	5910	2216	2283	100	8.93e-26
FC615HNAAXX:8:38:16484:12827#TGACCAAT/1	68	68	1	smNRPS-1/2	5910	1585	1652	100	8.93e-26
FC615HNAAXX:8:87:12110:4640#TGACCAAT/1	68	1	68	smNRPS-1/2	5910	5068	5135	100	8.93e-26
FC615HNAAXX:8:15:2891:11009#TGACCAAT/2	72	72	1	smNRPS-1/2	5910	358	429	98.611	2.48e-26
FC615HNAAXX:8:44:14497:20414#TGACCAAT/2	72	1	72	smNRPS-1/2	5910	3741	3812	98.611	2.48e-26
FC615HNAAXX:8:49:6253:14308#TGACCAAT/2	72	1	72	smNRPS-1/2	5910	2671	2742	98.611	2.48e-26
FC615HNAAXX:8:55:15996:20133#TGACCAAT/2	72	72	1	smNRPS-1/2	5910	1057	1128	98.611	2.48e-26
FC615HNAAXX:8:66:8991:13922#TGACCAAT/2	72	72	1	smNRPS-1/2	5910	1552	1623	98.611	2.48e-26
FC615HNAAXX:8:107:14609:5757#TGACCAAT/2	72	72	1	smNRPS-1/2	5910	2690	2761	98.611	2.48e-26
FC615HNAAXX:8:44:3951:1317#TGACCAAT/2	72	72	1	smNRPS-1/2	5910	3429	3500	100	5.33e-28
FC615HNAAXX:8:54:10547:14191#TGACCAAT/2	72	72	1	smNRPS-1/2	5910	1693	1764	100	5.33e-28
FC615HNAAXX:8:79:7530:1427#TGACCAAT/2	72	72	1	smNRPS-1/2	5910	2145	2216	100	5.33e-28
FC615HNAAXX:8:99:11388:6324#TGACCAAT/2	72	72	1	smNRPS-1/2	5910	5398	5469	100	5.33e-28
FC615HNAAXX:8:114:13877:14585#TGACCAAT/2	72	72	1	smNRPS-1/2	5910	2202	2273	100	5.33e-28
FC615HNAAXX:8:116:16218:4132#TGACCAAT/2	72	1	72	smNRPS-1/2	5910	1960	2031	100	5.33e-28
