A2026YABXX:6:22:2634:176809#CTTGTAA/2	40	1	40	smNRPS-1/2	5910	1219	1258	97.5	2.86e-8
A2026YABXX:6:21:19252:170929#CTTGTAA/2	48	2	48	smNRPS-1/2	5910	254	300	95.745	1.71e-10
A2026YABXX:6:3:8203:126530#CTTGTAA/1	51	1	51	smNRPS-1/2	5910	1863	1913	100	4.72e-16
A2026YABXX:6:3:3157:102894#CTTGTAA/1	56	56	1	smNRPS-1/2	5910	5589	5644	98.214	3.65e-17
B201LRABXX:2:48:5507:82541#CTTGTAA/2	54	1	54	smNRPS-1/2	5910	643	696	100	1.01e-17
A2026YABXX:6:6:3334:17896#CTTGTAA/1	69	69	1	smNRPS-1/2	5910	1164	1232	95.652	4.69e-21
A2026YABXX:6:65:1964:179161#CTTGTAA/2	66	66	3	smNRPS-1/2	5910	1257	1320	98.438	1.3e-21
A2026YABXX:6:8:20873:9263#CTTGTAA/1	65	1	65	smNRPS-1/2	5910	1184	1248	98.462	3.62e-22
A2026YABXX:6:1:12070:8857#CTTGTAA/2	66	1	66	smNRPS-1/2	5910	1189	1254	98.485	1.01e-22
B201LRABXX:2:48:6553:200692#CTTGTAA/2	86	1	64	smNRPS-1/2	5910	5812	5875	100	2.8e-23
A2026YABXX:6:7:8692:66408#CTTGTAA/1	86	1	66	smNRPS-1/2	5910	5810	5875	100	2.17e-24
A2026YABXX:6:44:16007:2647#CTTGTAA/1	69	69	1	smNRPS-1/2	5910	1261	1329	98.551	2.17e-24
A2026YABXX:6:63:1731:21547#CTTGTAA/2	70	1	69	smNRPS-1/2	5910	1579	1647	98.551	2.17e-24
A2026YABXX:6:1:4913:4918#CTTGTAA/2	75	1	75	smNRPS-1/2	5910	5321	5395	97.333	4.65e-26
B201LRABXX:2:7:20693:12819#CTTGTAA/1	82	82	1	smNRPS-1/2	5910	1522	1603	95.122	1.29e-26
B201LRABXX:2:46:20941:30442#CTTGTAA/2	70	70	1	smNRPS-1/2	5910	2693	2762	100	1.29e-26
A2026YABXX:6:27:10094:19441#CTTGTAA/2	82	82	1	smNRPS-1/2	5910	1522	1603	95.122	1.29e-26
A2026YABXX:6:41:9177:138953#CTTGTAA/2	75	1	75	smNRPS-1/2	5910	4287	4361	98.667	1e-27
A2026YABXX:6:62:13391:61967#CTTGTAA/1	86	1	76	smNRPS-1/2	5910	5800	5875	98.684	2.78e-28
B201LRABXX:2:62:12795:161996#CTTGTAA/2	86	1	86	smNRPS-1/2	5910	1497	1582	95.349	7.73e-29
A2026YABXX:6:4:3109:52980#CTTGTAA/1	86	1	86	smNRPS-1/2	5910	1530	1615	95.349	7.73e-29
A2026YABXX:6:22:15376:145539#CTTGTAA/1	86	86	1	smNRPS-1/2	5910	1528	1613	95.349	7.73e-29
A2026YABXX:6:22:15376:145539#CTTGTAA/2	86	1	86	smNRPS-1/2	5910	1287	1372	95.349	7.73e-29
A2026YABXX:6:27:10094:19441#CTTGTAA/1	86	1	86	smNRPS-1/2	5910	1286	1371	95.349	7.73e-29
A2026YABXX:6:48:20424:48703#CTTGTAA/2	86	1	86	smNRPS-1/2	5910	1506	1591	95.349	7.73e-29
A2026YABXX:6:61:5727:174143#CTTGTAA/2	86	1	86	smNRPS-1/2	5910	1471	1556	95.349	7.73e-29
A2026YABXX:6:66:14613:141346#CTTGTAA/1	86	86	1	smNRPS-1/2	5910	1291	1376	95.349	7.73e-29
B201LRABXX:2:4:13463:190060#CTTGTAA/1	81	1	78	smNRPS-1/2	5910	1177	1254	98.718	2.15e-29
B201LRABXX:2:42:6092:189849#CTTGTAA/1	81	1	81	smNRPS-1/2	5910	1178	1258	97.531	2.15e-29
A2026YABXX:6:3:3157:102894#CTTGTAA/2	81	1	81	smNRPS-1/2	5910	5316	5396	97.531	2.15e-29
A2026YABXX:6:43:16419:200575#CTTGTAA/1	86	86	9	smNRPS-1/2	5910	1570	1647	98.718	2.15e-29
A2026YABXX:6:44:14747:110082#CTTGTAA/1	86	86	9	smNRPS-1/2	5910	1570	1647	98.718	2.15e-29
B201LRABXX:2:65:10460:170249#CTTGTAA/1	86	82	1	smNRPS-1/2	5910	1536	1617	97.561	5.98e-30
B201LRABXX:2:5:4677:71669#CTTGTAA/1	86	86	1	smNRPS-1/2	5910	395	480	96.512	1.66e-30
B201LRABXX:2:7:20693:12819#CTTGTAA/2	86	1	86	smNRPS-1/2	5910	1273	1358	96.512	1.66e-30
B201LRABXX:2:24:14062:196517#CTTGTAA/1	86	1	86	smNRPS-1/2	5910	4175	4260	96.512	1.66e-30
B201LRABXX:2:26:9218:22971#CTTGTAA/1	86	86	1	smNRPS-1/2	5910	1267	1352	96.512	1.66e-30
B201LRABXX:2:47:11859:140139#CTTGTAA/1	86	83	1	smNRPS-1/2	5910	1171	1253	97.59	1.66e-30
B201LRABXX:2:65:10460:170249#CTTGTAA/2	86	1	86	smNRPS-1/2	5910	1274	1359	96.512	1.66e-30
B201LRABXX:2:41:10593:38773#CTTGTAA/2	84	84	1	smNRPS-1/2	5910	1230	1313	97.619	4.62e-31
A2026YABXX:6:2:10418:81816#CTTGTAA/2	86	84	1	smNRPS-1/2	5910	4181	4264	97.619	4.62e-31
A2026YABXX:6:62:13267:60735#CTTGTAA/1	86	3	86	smNRPS-1/2	5910	401	484	97.619	4.62e-31
B201LRABXX:2:43:7938:47599#CTTGTAA/1	86	2	86	smNRPS-1/2	5910	4181	4265	97.647	1.28e-31
B201LRABXX:2:1:18798:48898#CTTGTAA/1	86	1	86	smNRPS-1/2	5910	4210	4295	97.674	3.57e-32
B201LRABXX:2:44:19387:37428#CTTGTAA/2	86	1	86	smNRPS-1/2	5910	4206	4291	97.674	3.57e-32
B201LRABXX:2:45:4952:10533#CTTGTAA/2	86	1	86	smNRPS-1/2	5910	414	499	97.674	3.57e-32
B201LRABXX:2:47:20069:147101#CTTGTAA/2	86	86	1	smNRPS-1/2	5910	5292	5377	97.674	3.57e-32
A2026YABXX:6:1:14037:101099#CTTGTAA/2	86	83	1	smNRPS-1/2	5910	1177	1259	98.795	3.57e-32
A2026YABXX:6:3:3570:117501#CTTGTAA/1	86	1	86	smNRPS-1/2	5910	428	513	97.674	3.57e-32
A2026YABXX:6:21:4888:142123#CTTGTAA/1	86	1	86	smNRPS-1/2	5910	415	500	97.674	3.57e-32
A2026YABXX:6:25:12844:55310#CTTGTAA/2	86	86	1	smNRPS-1/2	5910	422	507	97.674	3.57e-32
A2026YABXX:6:44:16681:179646#CTTGTAA/2	86	86	1	smNRPS-1/2	5910	4182	4267	97.674	3.57e-32
A2026YABXX:6:66:12980:175859#CTTGTAA/2	86	86	1	smNRPS-1/2	5910	1179	1264	97.674	3.57e-32
B201LRABXX:2:8:4474:183435#CTTGTAA/2	86	84	1	smNRPS-1/2	5910	431	514	98.81	9.93e-33
B201LRABXX:2:45:4952:10533#CTTGTAA/1	86	86	3	smNRPS-1/2	5910	475	558	98.81	9.93e-33
A2026YABXX:6:22:3212:27664#CTTGTAA/2	81	81	1	smNRPS-1/2	5910	1208	1288	100	9.93e-33
B201LRABXX:2:21:13782:136708#CTTGTAA/2	85	1	85	smNRPS-1/2	5910	4236	4320	98.824	2.76e-33
A2026YABXX:6:1:3807:106114#CTTGTAA/1	86	1	85	smNRPS-1/2	5910	5791	5875	98.824	2.76e-33
A2026YABXX:6:3:3570:117501#CTTGTAA/2	85	85	1	smNRPS-1/2	5910	651	735	98.824	2.76e-33
A2026YABXX:6:41:9734:145437#CTTGTAA/1	86	86	2	smNRPS-1/2	5910	1563	1647	98.824	2.76e-33
B201LRABXX:2:6:20604:84532#CTTGTAA/2	86	86	1	smNRPS-1/2	5910	5767	5852	98.837	7.68e-34
B201LRABXX:2:8:16946:117415#CTTGTAA/2	86	1	86	smNRPS-1/2	5910	625	710	98.837	7.68e-34
B201LRABXX:2:25:14585:175736#CTTGTAA/2	86	1	86	smNRPS-1/2	5910	4191	4276	98.837	7.68e-34
B201LRABXX:2:61:9724:48042#CTTGTAA/1	86	1	86	smNRPS-1/2	5910	5325	5410	98.837	7.68e-34
B201LRABXX:2:68:5097:194363#CTTGTAA/2	86	1	86	smNRPS-1/2	5910	2314	2399	98.837	7.68e-34
A2026YABXX:6:2:7444:51131#CTTGTAA/1	86	1	86	smNRPS-1/2	5910	462	547	98.837	7.68e-34
A2026YABXX:6:6:14342:39139#CTTGTAA/1	86	86	1	smNRPS-1/2	5910	1240	1325	98.837	7.68e-34
A2026YABXX:6:27:10973:144973#CTTGTAA/1	86	86	1	smNRPS-1/2	5910	661	746	98.837	7.68e-34
A2026YABXX:6:27:10973:144973#CTTGTAA/2	86	1	86	smNRPS-1/2	5910	438	523	98.837	7.68e-34
A2026YABXX:6:43:2851:92755#CTTGTAA/1	86	1	86	smNRPS-1/2	5910	2310	2395	98.837	7.68e-34
A2026YABXX:6:43:17138:122875#CTTGTAA/2	86	86	1	smNRPS-1/2	5910	1178	1263	98.837	7.68e-34
A2026YABXX:6:45:17832:200714#CTTGTAA/1	86	86	1	smNRPS-1/2	5910	628	713	98.837	7.68e-34
A2026YABXX:6:64:9754:178765#CTTGTAA/1	86	1	86	smNRPS-1/2	5910	4236	4321	98.837	7.68e-34
B201LRABXX:2:3:10282:81008#CTTGTAA/2	86	84	1	smNRPS-1/2	5910	1204	1287	100	2.13e-34
A2026YABXX:6:21:4888:142123#CTTGTAA/2	86	86	3	smNRPS-1/2	5910	642	725	100	2.13e-34
A2026YABXX:6:62:13267:60735#CTTGTAA/2	86	86	3	smNRPS-1/2	5910	642	725	100	2.13e-34
B201LRABXX:2:6:11387:161854#CTTGTAA/2	86	86	1	smNRPS-1/2	5910	1227	1312	100	1.65e-35
B201LRABXX:2:23:6901:15425#CTTGTAA/2	86	86	1	smNRPS-1/2	5910	626	711	100	1.65e-35
B201LRABXX:2:26:1383:19146#CTTGTAA/2	86	1	86	smNRPS-1/2	5910	5786	5871	100	1.65e-35
B201LRABXX:2:27:5164:76282#CTTGTAA/2	86	86	1	smNRPS-1/2	5910	1208	1293	100	1.65e-35
A2026YABXX:6:7:4618:106012#CTTGTAA/1	86	86	1	smNRPS-1/2	5910	5789	5874	100	1.65e-35
A2026YABXX:6:24:11119:24891#CTTGTAA/1	86	1	86	smNRPS-1/2	5910	5789	5874	100	1.65e-35
A2026YABXX:6:24:2502:68225#CTTGTAA/1	86	1	86	smNRPS-1/2	5910	5788	5873	100	1.65e-35
A2026YABXX:6:43:2006:20127#CTTGTAA/1	86	86	1	smNRPS-1/2	5910	1235	1320	100	1.65e-35
A2026YABXX:6:21:20668:23428#CTTGTAA/1	39	1	39	smNRPS-1/2	5910	448	486	97.436	1.04e-7
A2026YABXX:6:67:8116:9398#CTTGTAA/1	44	42	1	smNRPS-1/2	5910	3766	3807	100	4.81e-11
B201LRABXX:2:44:3446:46904#CTTGTAA/1	43	1	43	smNRPS-1/2	5910	3162	3204	100	1.34e-11
A2026YABXX:6:41:3446:78798#CTTGTAA/1	46	1	46	smNRPS-1/2	5910	265	310	97.826	1.34e-11
A2026YABXX:6:41:6897:138526#CTTGTAA/1	46	46	1	smNRPS-1/2	5910	3520	3565	97.826	1.34e-11
B201LRABXX:2:26:17439:134487#CTTGTAA/2	86	43	86	smNRPS-1/2	5910	1	44	100	3.72e-12
A2026YABXX:6:67:16318:147973#CTTGTAA/2	47	47	1	smNRPS-1/2	5910	5891	5937	97.872	3.72e-12
B201LRABXX:2:4:10823:196942#CTTGTAA/1	46	46	2	smNRPS-1/2	5910	4204	4248	100	1.03e-12
B201LRABXX:2:26:4983:86112#CTTGTAA/1	86	1	51	smNRPS-1/2	5910	5895	5945	96.078	1.03e-12
A2026YABXX:6:22:3212:27664#CTTGTAA/1	50	48	1	smNRPS-1/2	5910	4924	4971	97.917	1.03e-12
A2026YABXX:6:1:4920:11578#CTTGTAA/1	45	45	1	smNRPS-1/2	5910	1512	1556	100	1.03e-12
B201LRABXX:2:28:18864:198767#CTTGTAA/1	46	46	1	smNRPS-1/2	5910	4101	4146	100	2.87e-13
A2026YABXX:6:25:18807:55822#CTTGTAA/2	49	49	1	smNRPS-1/2	5910	3031	3079	97.959	2.87e-13
A2026YABXX:6:26:20776:187388#CTTGTAA/1	52	49	1	smNRPS-1/2	5910	5690	5738	97.959	2.87e-13
A2026YABXX:6:23:18369:160566#CTTGTAA/2	50	50	1	smNRPS-1/2	5910	3547	3596	98	7.99e-14
A2026YABXX:6:25:12844:55310#CTTGTAA/1	51	48	1	smNRPS-1/2	5910	5712	5759	100	2.22e-14
A2026YABXX:6:47:15126:74086#CTTGTAA/2	84	1	54	smNRPS-1/2	5910	5892	5945	96.296	2.22e-14
A2026YABXX:6:68:7639:23262#CTTGTAA/1	48	48	1	smNRPS-1/2	5910	3004	3051	100	2.22e-14
A2026YABXX:6:43:2851:92755#CTTGTAA/2	54	1	54	smNRPS-1/2	5910	3341	3394	98.148	4.78e-16
A2026YABXX:6:43:2006:20127#CTTGTAA/2	58	58	1	smNRPS-1/2	5910	4870	4927	96.552	1.33e-16
A2026YABXX:6:4:19013:110593#CTTGTAA/2	56	1	56	smNRPS-1/2	5910	422	477	98.214	3.69e-17
A2026YABXX:6:5:3247:141570#CTTGTAA/1	56	1	56	smNRPS-1/2	5910	895	950	98.214	3.69e-17
A2026YABXX:6:21:19252:170929#CTTGTAA/1	56	1	56	smNRPS-1/2	5910	5347	5402	98.214	3.69e-17
A2026YABXX:6:24:7613:170877#CTTGTAA/2	56	56	1	smNRPS-1/2	5910	4212	4267	98.214	3.69e-17
A2026YABXX:6:45:2403:83947#CTTGTAA/2	58	58	3	smNRPS-1/2	5910	5871	5926	98.214	3.69e-17
A2026YABXX:6:63:18571:140564#CTTGTAA/1	54	54	1	smNRPS-1/2	5910	381	434	100	1.03e-17
A2026YABXX:6:5:3247:141570#CTTGTAA/2	61	61	1	smNRPS-1/2	5910	1165	1225	96.721	2.85e-18
A2026YABXX:6:22:12163:138317#CTTGTAA/1	55	1	55	smNRPS-1/2	5910	3204	3258	100	2.85e-18
A2026YABXX:6:27:12415:154896#CTTGTAA/2	86	1	61	smNRPS-1/2	5910	5885	5945	96.721	2.85e-18
A2026YABXX:6:63:19810:28503#CTTGTAA/2	55	55	1	smNRPS-1/2	5910	1342	1396	100	2.85e-18
A2026YABXX:6:66:16239:57206#CTTGTAA/1	58	58	1	smNRPS-1/2	5910	2332	2389	98.276	2.85e-18
B201LRABXX:2:41:10593:38773#CTTGTAA/1	59	59	1	smNRPS-1/2	5910	4913	4971	98.305	7.94e-19
B201LRABXX:2:61:19741:186688#CTTGTAA/2	56	1	56	smNRPS-1/2	5910	2341	2396	100	7.94e-19
B201LRABXX:2:65:2714:93185#CTTGTAA/1	59	59	1	smNRPS-1/2	5910	4195	4253	98.305	7.94e-19
A2026YABXX:6:1:17917:32086#CTTGTAA/1	86	1	62	smNRPS-1/2	5910	5884	5945	96.774	7.94e-19
A2026YABXX:6:22:12163:138317#CTTGTAA/2	59	59	1	smNRPS-1/2	5910	3476	3534	98.305	7.94e-19
A2026YABXX:6:27:12781:74430#CTTGTAA/2	62	1	62	smNRPS-1/2	5910	1295	1356	96.774	7.94e-19
A2026YABXX:6:63:19810:28503#CTTGTAA/1	59	1	59	smNRPS-1/2	5910	1051	1109	98.305	7.94e-19
B201LRABXX:2:24:20682:139332#CTTGTAA/2	60	1	60	smNRPS-1/2	5910	2751	2810	98.333	2.21e-19
B201LRABXX:2:44:3446:46904#CTTGTAA/2	60	60	1	smNRPS-1/2	5910	3424	3483	98.333	2.21e-19
A2026YABXX:6:64:20090:72387#CTTGTAA/2	63	63	1	smNRPS-1/2	5910	1316	1378	96.825	2.21e-19
B201LRABXX:2:6:11387:161854#CTTGTAA/1	61	61	1	smNRPS-1/2	5910	4900	4960	98.361	6.14e-20
B201LRABXX:2:22:3757:71653#CTTGTAA/2	58	58	1	smNRPS-1/2	5910	853	910	100	6.14e-20
B201LRABXX:2:44:12134:132891#CTTGTAA/1	61	1	61	smNRPS-1/2	5910	2514	2574	98.361	6.14e-20
A2026YABXX:6:66:12980:175859#CTTGTAA/1	61	58	1	smNRPS-1/2	5910	4933	4990	100	6.14e-20
A2026YABXX:6:3:8203:126530#CTTGTAA/2	59	1	59	smNRPS-1/2	5910	3789	3847	100	1.71e-20
A2026YABXX:6:21:5687:96401#CTTGTAA/1	59	1	59	smNRPS-1/2	5910	5331	5389	100	1.71e-20
A2026YABXX:6:42:2054:169618#CTTGTAA/2	62	1	62	smNRPS-1/2	5910	3645	3706	98.387	1.71e-20
A2026YABXX:6:23:1831:39196#CTTGTAA/2	60	60	1	smNRPS-1/2	5910	4061	4120	100	4.74e-21
A2026YABXX:6:27:12781:74430#CTTGTAA/1	60	60	1	smNRPS-1/2	5910	1567	1626	100	4.74e-21
A2026YABXX:6:45:20648:25405#CTTGTAA/1	60	60	1	smNRPS-1/2	5910	3788	3847	100	4.74e-21
A2026YABXX:6:48:1896:34125#CTTGTAA/2	69	1	69	smNRPS-1/2	5910	3058	3126	95.652	4.74e-21
A2026YABXX:6:1:18753:41080#CTTGTAA/2	61	61	1	smNRPS-1/2	5910	626	686	100	1.32e-21
A2026YABXX:6:21:7105:140397#CTTGTAA/1	64	1	64	smNRPS-1/2	5910	3365	3428	98.438	1.32e-21
A2026YABXX:6:23:18304:48490#CTTGTAA/2	72	1	67	smNRPS-1/2	5910	2744	2810	97.015	1.32e-21
A2026YABXX:6:43:7966:99412#CTTGTAA/2	66	66	3	smNRPS-1/2	5910	3548	3611	98.438	1.32e-21
B201LRABXX:2:27:9716:185253#CTTGTAA/2	69	69	1	smNRPS-1/2	5910	1205	1273	97.101	1.02e-22
B201LRABXX:2:62:18728:64598#CTTGTAA/2	69	69	1	smNRPS-1/2	5910	4825	4893	97.101	1.02e-22
B201LRABXX:2:66:21118:100596#CTTGTAA/2	66	66	1	smNRPS-1/2	5910	4542	4607	98.485	1.02e-22
A2026YABXX:6:1:14037:101099#CTTGTAA/1	63	63	1	smNRPS-1/2	5910	4936	4998	100	1.02e-22
A2026YABXX:6:48:17476:132783#CTTGTAA/2	65	3	65	smNRPS-1/2	5910	2528	2590	100	1.02e-22
A2026YABXX:6:61:10960:195623#CTTGTAA/1	63	63	1	smNRPS-1/2	5910	4058	4120	100	1.02e-22
B201LRABXX:2:24:10230:64806#CTTGTAA/2	66	66	3	smNRPS-1/2	5910	3004	3067	100	2.83e-23
A2026YABXX:6:1:18821:147864#CTTGTAA/2	67	1	67	smNRPS-1/2	5910	2544	2610	98.507	2.83e-23
A2026YABXX:6:2:10589:9425#CTTGTAA/1	66	66	3	smNRPS-1/2	5910	3004	3067	100	2.83e-23
A2026YABXX:6:48:2894:26224#CTTGTAA/2	73	1	73	smNRPS-1/2	5910	1149	1221	95.89	2.83e-23
A2026YABXX:6:61:14184:192789#CTTGTAA/2	70	1	70	smNRPS-1/2	5910	543	612	97.143	2.83e-23
A2026YABXX:6:65:20645:15839#CTTGTAA/2	67	67	1	smNRPS-1/2	5910	434	500	98.507	2.83e-23
B201LRABXX:2:27:20522:54516#CTTGTAA/2	71	1	71	smNRPS-1/2	5910	3650	3720	97.183	7.88e-24
B201LRABXX:2:62:5999:63320#CTTGTAA/1	71	71	1	smNRPS-1/2	5910	1268	1338	97.183	7.88e-24
B201LRABXX:2:45:4956:179470#CTTGTAA/1	86	18	83	smNRPS-1/2	5910	1	66	100	2.19e-24
B201LRABXX:2:46:3482:197733#CTTGTAA/1	75	75	1	smNRPS-1/2	5910	4867	4941	96	2.19e-24
A2026YABXX:6:4:3109:52980#CTTGTAA/2	66	1	66	smNRPS-1/2	5910	4088	4153	100	2.19e-24
B201LRABXX:2:7:2139:163306#CTTGTAA/2	70	70	1	smNRPS-1/2	5910	5047	5116	98.571	6.09e-25
A2026YABXX:6:44:16681:179646#CTTGTAA/1	70	70	1	smNRPS-1/2	5910	1857	1926	98.571	6.09e-25
B201LRABXX:2:61:19741:186688#CTTGTAA/1	74	74	1	smNRPS-1/2	5910	2589	2662	97.297	1.69e-25
A2026YABXX:6:5:4315:84672#CTTGTAA/2	74	74	1	smNRPS-1/2	5910	3547	3620	97.297	1.69e-25
A2026YABXX:6:25:18807:55822#CTTGTAA/1	71	1	71	smNRPS-1/2	5910	2748	2818	98.592	1.69e-25
A2026YABXX:6:44:6970:98370#CTTGTAA/2	80	1	80	smNRPS-1/2	5910	5562	5641	95	1.69e-25
B201LRABXX:2:44:9667:43557#CTTGTAA/1	75	75	1	smNRPS-1/2	5910	2070	2144	97.333	4.71e-26
B201LRABXX:2:67:19817:31117#CTTGTAA/2	69	69	1	smNRPS-1/2	5910	3797	3865	100	4.71e-26
A2026YABXX:6:2:7937:170539#CTTGTAA/2	71	69	1	smNRPS-1/2	5910	5517	5585	100	4.71e-26
A2026YABXX:6:25:11519:94799#CTTGTAA/1	69	1	69	smNRPS-1/2	5910	2334	2402	100	4.71e-26
A2026YABXX:6:45:17832:200714#CTTGTAA/2	81	81	1	smNRPS-1/2	5910	5472	5552	95.062	4.71e-26
A2026YABXX:6:62:14084:50501#CTTGTAA/1	72	72	1	smNRPS-1/2	5910	1066	1137	98.611	4.71e-26
B201LRABXX:2:5:4677:71669#CTTGTAA/2	76	73	1	smNRPS-1/2	5910	5720	5792	98.63	1.31e-26
A2026YABXX:6:2:5619:160740#CTTGTAA/2	76	76	1	smNRPS-1/2	5910	1043	1118	97.368	1.31e-26
A2026YABXX:6:25:11519:94799#CTTGTAA/2	76	76	1	smNRPS-1/2	5910	2575	2650	97.368	1.31e-26
A2026YABXX:6:28:18702:116463#CTTGTAA/2	76	1	76	smNRPS-1/2	5910	4848	4923	97.368	1.31e-26
A2026YABXX:6:44:2929:120904#CTTGTAA/2	70	1	70	smNRPS-1/2	5910	640	709	100	1.31e-26
A2026YABXX:6:66:16239:57206#CTTGTAA/2	76	1	76	smNRPS-1/2	5910	2080	2155	97.368	1.31e-26
A2026YABXX:6:66:14613:141346#CTTGTAA/2	70	70	1	smNRPS-1/2	5910	4810	4879	100	1.31e-26
A2026YABXX:6:67:3107:21490#CTTGTAA/1	73	73	1	smNRPS-1/2	5910	648	720	98.63	1.31e-26
B201LRABXX:2:2:1221:162611#CTTGTAN/1	80	77	1	smNRPS-1/2	5910	3968	4044	97.403	3.64e-27
A2026YABXX:6:6:3334:17896#CTTGTAA/2	80	80	1	smNRPS-1/2	5910	4963	5042	96.25	3.64e-27
A2026YABXX:6:63:4882:134145#CTTGTAA/2	77	1	77	smNRPS-1/2	5910	2541	2617	97.403	3.64e-27
B201LRABXX:2:24:20682:139332#CTTGTAA/1	75	75	1	smNRPS-1/2	5910	3004	3078	98.667	1.01e-27
B201LRABXX:2:67:19516:8832#CTTGTAA/2	86	6	86	smNRPS-1/2	5910	1145	1225	96.296	1.01e-27
A2026YABXX:6:23:18304:48490#CTTGTAA/1	75	75	1	smNRPS-1/2	5910	3004	3078	98.667	1.01e-27
A2026YABXX:6:61:10365:172839#CTTGTAA/2	86	1	86	smNRPS-1/2	5910	1738	1819	95.349	1.01e-27
A2026YABXX:6:64:9754:178765#CTTGTAA/2	75	1	75	smNRPS-1/2	5910	1299	1373	98.667	1.01e-27
B201LRABXX:2:27:16306:160134#CTTGTAA/2	73	73	1	smNRPS-1/2	5910	992	1064	100	2.81e-28
A2026YABXX:6:8:18539:49475#CTTGTAA/2	86	1	86	smNRPS-1/2	5910	1810	1893	95.349	2.81e-28
A2026YABXX:6:21:18780:137672#CTTGTAA/1	79	1	79	smNRPS-1/2	5910	390	468	97.468	2.81e-28
A2026YABXX:6:24:1513:54836#CTTGTAA/1	79	1	79	smNRPS-1/2	5910	3140	3218	97.468	2.81e-28
A2026YABXX:6:26:15000:44971#CTTGTAA/1	86	1	86	smNRPS-1/2	5910	1819	1902	95.349	2.81e-28
A2026YABXX:6:43:12448:65849#CTTGTAA/1	76	1	76	smNRPS-1/2	5910	2507	2582	98.684	2.81e-28
A2026YABXX:6:44:7988:182758#CTTGTAA/1	86	1	86	smNRPS-1/2	5910	1820	1904	95.349	2.81e-28
A2026YABXX:6:45:2403:83947#CTTGTAA/1	86	1	85	smNRPS-1/2	5910	5608	5692	95.294	2.81e-28
A2026YABXX:6:46:2075:12497#CTTGTAA/2	76	76	1	smNRPS-1/2	5910	3310	3385	98.684	2.81e-28
B201LRABXX:2:22:1485:17444#CTTGTAA/1	86	1	86	smNRPS-1/2	5910	1081	1166	95.349	7.82e-29
B201LRABXX:2:44:10103:132936#CTTGTAA/2	86	86	1	smNRPS-1/2	5910	4562	4647	95.349	7.82e-29
B201LRABXX:2:45:1236:150700#CTTGTAA/1	86	86	1	smNRPS-1/2	5910	5605	5690	95.349	7.82e-29
B201LRABXX:2:46:13481:26053#CTTGTAA/1	86	1	86	smNRPS-1/2	5910	5602	5687	95.349	7.82e-29
B201LRABXX:2:61:4849:114445#CTTGTAA/2	86	1	86	smNRPS-1/2	5910	5538	5623	95.349	7.82e-29
A2026YABXX:6:8:18539:49475#CTTGTAA/1	80	80	1	smNRPS-1/2	5910	2070	2149	97.5	7.82e-29
A2026YABXX:6:8:19025:177714#CTTGTAA/1	86	1	86	smNRPS-1/2	5910	4565	4650	95.349	7.82e-29
A2026YABXX:6:21:6174:88801#CTTGTAA/1	80	1	80	smNRPS-1/2	5910	3642	3721	97.5	7.82e-29
A2026YABXX:6:24:1513:54836#CTTGTAA/2	79	77	1	smNRPS-1/2	5910	3355	3431	98.701	7.82e-29
A2026YABXX:6:27:4714:119537#CTTGTAA/2	86	1	86	smNRPS-1/2	5910	1114	1199	95.349	7.82e-29
A2026YABXX:6:27:1638:126652#CTTGTAA/1	86	1	86	smNRPS-1/2	5910	5603	5688	95.349	7.82e-29
A2026YABXX:6:41:17828:96511#CTTGTAA/1	86	1	86	smNRPS-1/2	5910	1118	1203	95.349	7.82e-29
A2026YABXX:6:41:4958:166053#CTTGTAA/1	86	86	1	smNRPS-1/2	5910	63	148	95.349	7.82e-29
A2026YABXX:6:44:3338:93280#CTTGTAA/2	86	86	1	smNRPS-1/2	5910	5605	5690	95.349	7.82e-29
A2026YABXX:6:62:6084:150779#CTTGTAA/1	86	86	1	smNRPS-1/2	5910	5123	5208	95.349	7.82e-29
A2026YABXX:6:62:6084:150779#CTTGTAA/2	86	1	86	smNRPS-1/2	5910	4872	4957	95.349	7.82e-29
A2026YABXX:6:65:7748:33524#CTTGTAA/2	86	1	86	smNRPS-1/2	5910	1135	1220	95.349	7.82e-29
B201LRABXX:2:45:4956:179470#CTTGTAA/2	78	78	1	smNRPS-1/2	5910	233	310	98.718	2.18e-29
A2026YABXX:6:3:13690:115489#CTTGTAA/2	81	81	1	smNRPS-1/2	5910	2570	2650	97.531	2.18e-29
A2026YABXX:6:26:15000:44971#CTTGTAA/2	81	81	1	smNRPS-1/2	5910	2076	2156	97.531	2.18e-29
A2026YABXX:6:44:16007:2647#CTTGTAA/2	81	81	1	smNRPS-1/2	5910	4851	4931	97.531	2.18e-29
A2026YABXX:6:68:4412:113799#CTTGTAA/2	86	84	1	smNRPS-1/2	5910	5141	5224	96.429	2.18e-29
B201LRABXX:2:1:8408:69981#CTTGTAA/2	86	2	86	smNRPS-1/2	5910	1145	1229	96.471	6.05e-30
B201LRABXX:2:5:14889:76072#CTTGTAA/1	76	76	1	smNRPS-1/2	5910	2968	3043	100	6.05e-30
B201LRABXX:2:61:9747:47460#CTTGTAA/2	82	82	1	smNRPS-1/2	5910	4147	4228	97.561	6.05e-30
A2026YABXX:6:22:3782:178478#CTTGTAA/2	76	76	1	smNRPS-1/2	5910	5033	5108	100	6.05e-30
A2026YABXX:6:44:7988:182758#CTTGTAA/2	86	86	1	smNRPS-1/2	5910	2067	2151	96.512	6.05e-30
A2026YABXX:6:48:10126:176196#CTTGTAA/2	82	82	1	smNRPS-1/2	5910	3618	3699	97.561	6.05e-30
B201LRABXX:2:6:16854:31055#CTTGTAA/1	82	82	1	smNRPS-1/2	5910	3337	3418	97.561	6.05e-30
B201LRABXX:2:6:17062:183144#CTTGTAA/1	86	1	86	smNRPS-1/2	5910	1624	1709	96.512	1.68e-30
B201LRABXX:2:8:16946:117415#CTTGTAA/1	86	1	86	smNRPS-1/2	5910	4989	5074	96.512	1.68e-30
B201LRABXX:2:27:20522:54516#CTTGTAA/1	86	86	1	smNRPS-1/2	5910	3876	3961	96.512	1.68e-30
B201LRABXX:2:27:5164:76282#CTTGTAA/1	86	80	1	smNRPS-1/2	5910	4890	4969	98.75	1.68e-30
B201LRABXX:2:27:14410:101889#CTTGTAA/1	86	1	86	smNRPS-1/2	5910	5127	5212	96.512	1.68e-30
B201LRABXX:2:28:13569:47757#CTTGTAA/2	86	1	86	smNRPS-1/2	5910	5361	5446	96.512	1.68e-30
B201LRABXX:2:28:14393:192062#CTTGTAA/1	86	1	86	smNRPS-1/2	5910	3862	3947	96.512	1.68e-30
B201LRABXX:2:28:18864:198767#CTTGTAA/2	86	1	86	smNRPS-1/2	5910	3822	3907	96.512	1.68e-30
B201LRABXX:2:41:6733:65326#CTTGTAA/1	86	1	86	smNRPS-1/2	5910	3707	3792	96.512	1.68e-30
B201LRABXX:2:41:6733:65326#CTTGTAA/2	86	86	1	smNRPS-1/2	5910	3952	4037	96.512	1.68e-30
B201LRABXX:2:43:10571:53159#CTTGTAA/2	86	1	86	smNRPS-1/2	5910	1629	1714	96.512	1.68e-30
B201LRABXX:2:47:14450:81854#CTTGTAA/1	86	1	86	smNRPS-1/2	5910	5133	5218	96.512	1.68e-30
B201LRABXX:2:48:20542:56551#CTTGTAA/1	86	1	86	smNRPS-1/2	5910	4852	4937	96.512	1.68e-30
B201LRABXX:2:48:5507:82541#CTTGTAA/1	86	1	86	smNRPS-1/2	5910	4982	5067	96.512	1.68e-30
B201LRABXX:2:48:14790:84858#CTTGTAA/1	86	86	1	smNRPS-1/2	5910	102	187	96.512	1.68e-30
B201LRABXX:2:48:12241:196672#CTTGTAA/1	86	86	1	smNRPS-1/2	5910	4983	5068	96.512	1.68e-30
B201LRABXX:2:61:1317:76408#CTTGTAA/2	86	1	86	smNRPS-1/2	5910	4864	4949	96.512	1.68e-30
B201LRABXX:2:61:12441:103515#CTTGTAA/2	86	1	86	smNRPS-1/2	5910	3824	3909	96.512	1.68e-30
B201LRABXX:2:66:16368:94744#CTTGTAA/1	86	1	84	smNRPS-1/2	5910	1730	1811	97.619	1.68e-30
B201LRABXX:2:67:11775:21844#CTTGTAA/1	86	86	1	smNRPS-1/2	5910	1634	1719	96.512	1.68e-30
B201LRABXX:2:68:15325:73337#CTTGTAA/2	86	1	86	smNRPS-1/2	5910	5125	5210	96.512	1.68e-30
A2026YABXX:6:4:11302:77046#CTTGTAA/2	86	1	86	smNRPS-1/2	5910	4854	4939	96.512	1.68e-30
A2026YABXX:6:8:3292:149930#CTTGTAA/2	86	86	1	smNRPS-1/2	5910	3017	3102	96.512	1.68e-30
A2026YABXX:6:21:6174:88801#CTTGTAA/2	86	86	1	smNRPS-1/2	5910	3872	3957	96.512	1.68e-30
A2026YABXX:6:23:3807:190756#CTTGTAA/2	86	86	1	smNRPS-1/2	5910	3288	3373	96.512	1.68e-30
A2026YABXX:6:24:13632:27938#CTTGTAA/2	77	77	1	smNRPS-1/2	5910	3788	3864	100	1.68e-30
A2026YABXX:6:25:18761:14669#CTTGTAA/2	86	1	86	smNRPS-1/2	5910	3928	4013	96.512	1.68e-30
A2026YABXX:6:26:16815:112001#CTTGTAA/2	86	1	86	smNRPS-1/2	5910	3830	3915	96.512	1.68e-30
A2026YABXX:6:28:9538:157000#CTTGTAA/1	86	1	86	smNRPS-1/2	5910	3828	3913	96.512	1.68e-30
A2026YABXX:6:41:3446:78798#CTTGTAA/2	86	86	1	smNRPS-1/2	5910	517	602	96.512	1.68e-30
A2026YABXX:6:42:2857:17947#CTTGTAA/1	86	86	1	smNRPS-1/2	5910	5130	5215	96.512	1.68e-30
A2026YABXX:6:42:14701:113123#CTTGTAA/1	86	1	86	smNRPS-1/2	5910	3712	3797	96.512	1.68e-30
A2026YABXX:6:42:14701:113123#CTTGTAA/2	86	86	1	smNRPS-1/2	5910	3952	4037	96.512	1.68e-30
A2026YABXX:6:42:2054:169618#CTTGTAA/1	86	86	1	smNRPS-1/2	5910	3877	3962	96.512	1.68e-30
A2026YABXX:6:43:16419:200575#CTTGTAA/2	86	86	1	smNRPS-1/2	5910	4551	4636	96.512	1.68e-30
A2026YABXX:6:45:18513:175059#CTTGTAA/1	86	1	86	smNRPS-1/2	5910	73	158	96.512	1.68e-30
A2026YABXX:6:46:7376:194865#CTTGTAA/1	80	80	1	smNRPS-1/2	5910	557	636	98.75	1.68e-30
A2026YABXX:6:48:1896:34125#CTTGTAA/1	86	86	1	smNRPS-1/2	5910	3301	3386	96.512	1.68e-30
A2026YABXX:6:62:4736:137682#CTTGTAA/2	86	1	86	smNRPS-1/2	5910	88	173	96.512	1.68e-30
A2026YABXX:6:63:18571:140564#CTTGTAA/2	83	1	83	smNRPS-1/2	5910	124	206	97.59	1.68e-30
A2026YABXX:6:63:13018:151758#CTTGTAA/2	86	86	1	smNRPS-1/2	5910	2688	2773	96.512	1.68e-30
A2026YABXX:6:65:16485:21565#CTTGTAA/1	86	86	1	smNRPS-1/2	5910	4490	4575	96.512	1.68e-30
A2026YABXX:6:65:7130:36197#CTTGTAA/1	86	86	1	smNRPS-1/2	5910	4992	5077	96.512	1.68e-30
A2026YABXX:6:68:4412:113799#CTTGTAA/1	86	1	86	smNRPS-1/2	5910	4881	4966	96.512	1.68e-30
B201LRABXX:2:41:2682:20002#CTTGTAA/1	80	1	80	smNRPS-1/2	5910	3567	3646	98.75	1.68e-30
B201LRABXX:2:7:12486:73558#CTTGTAA/2	86	84	1	smNRPS-1/2	5910	4147	4230	97.619	4.68e-31
B201LRABXX:2:44:9667:43557#CTTGTAA/2	86	3	86	smNRPS-1/2	5910	1826	1909	97.619	4.68e-31
B201LRABXX:2:64:1764:16186#CTTGTAA/2	86	84	1	smNRPS-1/2	5910	4505	4588	97.619	4.68e-31
B201LRABXX:2:66:5026:26399#CTTGTAA/2	84	1	84	smNRPS-1/2	5910	3657	3740	97.619	4.68e-31
A2026YABXX:6:2:7932:170521#CTTGTAA/2	81	81	1	smNRPS-1/2	5910	5505	5585	98.765	4.68e-31
A2026YABXX:6:28:18702:116463#CTTGTAA/1	84	84	1	smNRPS-1/2	5910	5091	5174	97.619	4.68e-31
A2026YABXX:6:42:12549:12162#CTTGTAA/1	81	81	1	smNRPS-1/2	5910	5510	5590	98.765	4.68e-31
A2026YABXX:6:48:2894:26224#CTTGTAA/1	81	81	1	smNRPS-1/2	5910	1423	1503	98.765	4.68e-31
A2026YABXX:6:63:19088:176923#CTTGTAA/1	86	1	84	smNRPS-1/2	5910	3112	3195	97.619	4.68e-31
A2026YABXX:6:64:6732:65003#CTTGTAA/1	81	81	1	smNRPS-1/2	5910	1512	1592	98.765	4.68e-31
B201LRABXX:2:4:14781:55498#CTTGTAA/2	86	86	2	smNRPS-1/2	5910	5512	5596	97.647	1.3e-31
B201LRABXX:2:4:10484:81605#CTTGTAA/2	86	86	5	smNRPS-1/2	5910	3801	3882	98.78	1.3e-31
B201LRABXX:2:6:6521:140681#CTTGTAA/1	86	1	82	smNRPS-1/2	5910	3066	3147	98.78	1.3e-31
A2026YABXX:6:4:4142:76218#CTTGTAA/2	86	86	1	smNRPS-1/2	5910	1727	1810	97.674	1.3e-31
A2026YABXX:6:7:4618:106012#CTTGTAA/2	82	82	1	smNRPS-1/2	5910	252	333	98.78	1.3e-31
A2026YABXX:6:24:13632:27938#CTTGTAA/1	85	1	85	smNRPS-1/2	5910	3546	3630	97.647	1.3e-31
A2026YABXX:6:24:7255:94194#CTTGTAA/2	85	85	1	smNRPS-1/2	5910	3300	3384	97.647	1.3e-31
A2026YABXX:6:28:4025:141920#CTTGTAA/1	86	86	1	smNRPS-1/2	5910	1718	1801	97.674	1.3e-31
A2026YABXX:6:43:16027:164716#CTTGTAA/2	86	86	2	smNRPS-1/2	5910	4208	4292	97.647	1.3e-31
A2026YABXX:6:44:14747:110082#CTTGTAA/2	85	85	1	smNRPS-1/2	5910	4535	4619	97.647	1.3e-31
A2026YABXX:6:45:12536:100583#CTTGTAA/1	86	1	86	smNRPS-1/2	5910	1719	1802	97.674	1.3e-31
A2026YABXX:6:48:21249:114230#CTTGTAA/1	83	82	1	smNRPS-1/2	5910	4023	4104	98.78	1.3e-31
A2026YABXX:6:62:5950:85525#CTTGTAA/1	86	86	1	smNRPS-1/2	5910	1723	1806	97.674	1.3e-31
B201LRABXX:2:1:11112:44820#CTTGTAA/1	86	1	86	smNRPS-1/2	5910	2879	2964	97.674	3.61e-32
B201LRABXX:2:1:11112:44820#CTTGTAA/2	86	86	1	smNRPS-1/2	5910	3109	3194	97.674	3.61e-32
B201LRABXX:2:1:6200:189401#CTTGTAA/2	86	1	86	smNRPS-1/2	5910	5650	5735	97.674	3.61e-32
B201LRABXX:2:3:17603:13498#CTTGTAA/2	86	83	1	smNRPS-1/2	5910	1653	1735	98.795	3.61e-32
B201LRABXX:2:3:8548:60187#CTTGTAA/2	86	86	1	smNRPS-1/2	5910	528	613	97.674	3.61e-32
B201LRABXX:2:3:5410:120987#CTTGTAA/2	86	1	86	smNRPS-1/2	5910	3087	3172	97.674	3.61e-32
B201LRABXX:2:5:15683:31468#CTTGTAA/1	86	1	86	smNRPS-1/2	5910	3080	3165	97.674	3.61e-32
B201LRABXX:2:5:14889:76072#CTTGTAA/2	86	1	86	smNRPS-1/2	5910	2715	2800	97.674	3.61e-32
B201LRABXX:2:5:19810:199617#CTTGTAA/1	86	86	1	smNRPS-1/2	5910	2724	2809	97.674	3.61e-32
B201LRABXX:2:5:19810:199617#CTTGTAA/2	86	1	86	smNRPS-1/2	5910	2485	2570	97.674	3.61e-32
B201LRABXX:2:6:16834:31068#CTTGTAA/2	86	1	86	smNRPS-1/2	5910	3094	3179	97.674	3.61e-32
B201LRABXX:2:7:12486:73558#CTTGTAA/1	86	1	86	smNRPS-1/2	5910	3896	3981	97.674	3.61e-32
B201LRABXX:2:7:19588:192041#CTTGTAA/1	86	1	86	smNRPS-1/2	5910	3662	3747	97.674	3.61e-32
B201LRABXX:2:7:19588:192041#CTTGTAA/2	86	86	1	smNRPS-1/2	5910	3918	4003	97.674	3.61e-32
B201LRABXX:2:8:4474:183435#CTTGTAA/1	86	86	1	smNRPS-1/2	5910	5669	5754	97.674	3.61e-32
B201LRABXX:2:22:10434:89776#CTTGTAA/1	86	1	86	smNRPS-1/2	5910	3122	3207	97.674	3.61e-32
B201LRABXX:2:23:6901:15425#CTTGTAA/1	86	86	1	smNRPS-1/2	5910	5469	5554	97.674	3.61e-32
B201LRABXX:2:25:9385:191316#CTTGTAA/1	86	1	86	smNRPS-1/2	5910	5076	5161	97.674	3.61e-32
B201LRABXX:2:26:9218:22971#CTTGTAA/2	86	86	1	smNRPS-1/2	5910	4835	4920	97.674	3.61e-32
B201LRABXX:2:26:7837:193528#CTTGTAA/2	83	83	1	smNRPS-1/2	5910	2620	2702	98.795	3.61e-32
B201LRABXX:2:28:12374:31582#CTTGTAA/1	86	86	1	smNRPS-1/2	5910	5099	5184	97.674	3.61e-32
B201LRABXX:2:28:16574:89560#CTTGTAA/1	86	1	86	smNRPS-1/2	5910	5096	5181	97.674	3.61e-32
B201LRABXX:2:28:7238:134966#CTTGTAA/1	86	1	86	smNRPS-1/2	5910	5076	5161	97.674	3.61e-32
B201LRABXX:2:41:18556:149869#CTTGTAA/1	86	86	1	smNRPS-1/2	5910	3021	3106	97.674	3.61e-32
B201LRABXX:2:42:4327:20230#CTTGTAA/1	86	1	86	smNRPS-1/2	5910	449	534	97.674	3.61e-32
B201LRABXX:2:44:17378:113012#CTTGTAA/1	86	86	1	smNRPS-1/2	5910	2469	2554	97.674	3.61e-32
B201LRABXX:2:45:5207:190784#CTTGTAA/2	86	86	1	smNRPS-1/2	5910	3092	3177	97.674	3.61e-32
B201LRABXX:2:46:9835:57790#CTTGTAA/1	86	1	86	smNRPS-1/2	5910	1829	1914	97.674	3.61e-32
B201LRABXX:2:46:9835:57790#CTTGTAA/2	86	86	1	smNRPS-1/2	5910	2079	2164	97.674	3.61e-32
B201LRABXX:2:47:9332:128721#CTTGTAA/1	86	86	1	smNRPS-1/2	5910	2722	2807	97.674	3.61e-32
B201LRABXX:2:47:9332:128721#CTTGTAA/2	86	1	86	smNRPS-1/2	5910	2459	2544	97.674	3.61e-32
B201LRABXX:2:48:20542:56551#CTTGTAA/2	86	86	1	smNRPS-1/2	5910	5101	5186	97.674	3.61e-32
B201LRABXX:2:48:10456:63722#CTTGTAA/1	86	1	86	smNRPS-1/2	5910	3906	3991	97.674	3.61e-32
B201LRABXX:2:48:10456:63722#CTTGTAA/2	86	86	1	smNRPS-1/2	5910	4145	4230	97.674	3.61e-32
B201LRABXX:2:48:12241:196672#CTTGTAA/2	86	1	86	smNRPS-1/2	5910	4740	4825	97.674	3.61e-32
B201LRABXX:2:61:1317:76408#CTTGTAA/1	86	86	1	smNRPS-1/2	5910	5090	5175	97.674	3.61e-32
B201LRABXX:2:61:9482:124006#CTTGTAA/1	86	1	86	smNRPS-1/2	5910	2846	2931	97.674	3.61e-32
B201LRABXX:2:61:9482:124006#CTTGTAA/2	86	86	1	smNRPS-1/2	5910	3097	3182	97.674	3.61e-32
B201LRABXX:2:63:8915:59036#CTTGTAA/2	86	1	86	smNRPS-1/2	5910	2061	2146	97.674	3.61e-32
B201LRABXX:2:65:2714:93185#CTTGTAA/2	86	1	86	smNRPS-1/2	5910	3927	4012	97.674	3.61e-32
B201LRABXX:2:66:5026:26399#CTTGTAA/1	86	86	1	smNRPS-1/2	5910	3895	3980	97.674	3.61e-32
B201LRABXX:2:66:16368:94744#CTTGTAA/2	86	86	1	smNRPS-1/2	5910	1978	2063	97.674	3.61e-32
B201LRABXX:2:68:7335:190878#CTTGTAA/1	86	1	86	smNRPS-1/2	5910	3896	3981	97.674	3.61e-32
A2026YABXX:6:2:10589:9425#CTTGTAA/2	86	1	86	smNRPS-1/2	5910	2756	2841	97.674	3.61e-32
A2026YABXX:6:2:7444:51131#CTTGTAA/2	86	1	86	smNRPS-1/2	5910	5182	5267	97.674	3.61e-32
A2026YABXX:6:3:13620:9278#CTTGTAA/2	86	1	86	smNRPS-1/2	5910	526	611	97.674	3.61e-32
A2026YABXX:6:3:20098:30919#CTTGTAA/1	86	86	1	smNRPS-1/2	5910	2721	2806	97.674	3.61e-32
A2026YABXX:6:3:20098:30919#CTTGTAA/2	86	1	86	smNRPS-1/2	5910	2485	2570	97.674	3.61e-32
A2026YABXX:6:3:4362:51079#CTTGTAA/2	80	80	1	smNRPS-1/2	5910	807	886	100	3.61e-32
A2026YABXX:6:4:20487:31681#CTTGTAA/1	86	1	86	smNRPS-1/2	5910	3120	3205	97.674	3.61e-32
A2026YABXX:6:4:14663:36333#CTTGTAA/2	86	1	86	smNRPS-1/2	5910	3534	3619	97.674	3.61e-32
A2026YABXX:6:4:11302:77046#CTTGTAA/1	86	86	1	smNRPS-1/2	5910	5078	5163	97.674	3.61e-32
A2026YABXX:6:4:7242:107779#CTTGTAA/1	86	1	86	smNRPS-1/2	5910	2811	2896	97.674	3.61e-32
A2026YABXX:6:4:19013:110593#CTTGTAA/1	86	86	1	smNRPS-1/2	5910	680	765	97.674	3.61e-32
A2026YABXX:6:4:17879:120265#CTTGTAA/2	86	1	86	smNRPS-1/2	5910	3092	3177	97.674	3.61e-32
A2026YABXX:6:6:11884:65118#CTTGTAA/1	86	86	1	smNRPS-1/2	5910	534	619	97.674	3.61e-32
A2026YABXX:6:6:6165:141648#CTTGTAA/1	86	1	86	smNRPS-1/2	5910	2465	2550	97.674	3.61e-32
A2026YABXX:6:6:6165:141648#CTTGTAA/2	86	86	1	smNRPS-1/2	5910	2713	2798	97.674	3.61e-32
A2026YABXX:6:7:15812:42979#CTTGTAA/2	86	1	86	smNRPS-1/2	5910	2452	2537	97.674	3.61e-32
A2026YABXX:6:7:17954:45328#CTTGTAA/2	86	1	86	smNRPS-1/2	5910	3896	3981	97.674	3.61e-32
A2026YABXX:6:7:11980:97580#CTTGTAA/1	86	86	1	smNRPS-1/2	5910	3074	3159	97.674	3.61e-32
A2026YABXX:6:8:19447:74414#CTTGTAA/2	86	86	1	smNRPS-1/2	5910	589	674	97.674	3.61e-32
A2026YABXX:6:21:7105:140397#CTTGTAA/2	86	86	1	smNRPS-1/2	5910	3606	3691	97.674	3.61e-32
A2026YABXX:6:23:3823:190765#CTTGTAA/2	86	86	1	smNRPS-1/2	5910	3288	3373	97.674	3.61e-32
A2026YABXX:6:24:6649:37997#CTTGTAA/1	86	86	1	smNRPS-1/2	5910	34	119	97.674	3.61e-32
A2026YABXX:6:24:7255:94194#CTTGTAA/1	86	1	86	smNRPS-1/2	5910	3062	3147	97.674	3.61e-32
A2026YABXX:6:24:7613:170877#CTTGTAA/1	86	1	86	smNRPS-1/2	5910	3936	4021	97.674	3.61e-32
A2026YABXX:6:27:4489:137649#CTTGTAA/1	86	1	86	smNRPS-1/2	5910	1923	2008	97.674	3.61e-32
A2026YABXX:6:28:2967:7930#CTTGTAA/2	86	86	1	smNRPS-1/2	5910	3305	3390	97.674	3.61e-32
A2026YABXX:6:28:4732:106960#CTTGTAA/1	86	86	1	smNRPS-1/2	5910	2032	2117	97.674	3.61e-32
A2026YABXX:6:28:4025:141920#CTTGTAA/2	86	1	86	smNRPS-1/2	5910	1485	1570	97.674	3.61e-32
A2026YABXX:6:41:17308:122178#CTTGTAA/1	86	86	1	smNRPS-1/2	5910	1164	1249	97.674	3.61e-32
A2026YABXX:6:41:9734:145437#CTTGTAA/2	86	86	1	smNRPS-1/2	5910	4537	4622	97.674	3.61e-32
A2026YABXX:6:43:7966:99412#CTTGTAA/1	86	1	83	smNRPS-1/2	5910	3286	3368	98.795	3.61e-32
A2026YABXX:6:43:16027:164716#CTTGTAA/1	86	1	86	smNRPS-1/2	5910	3969	4054	97.674	3.61e-32
A2026YABXX:6:44:14811:90422#CTTGTAA/1	86	86	1	smNRPS-1/2	5910	2700	2785	97.674	3.61e-32
A2026YABXX:6:44:14811:90422#CTTGTAA/2	86	1	86	smNRPS-1/2	5910	2459	2544	97.674	3.61e-32
A2026YABXX:6:44:19146:141450#CTTGTAA/2	86	1	86	smNRPS-1/2	5910	4766	4851	97.674	3.61e-32
A2026YABXX:6:45:12536:100583#CTTGTAA/2	86	86	1	smNRPS-1/2	5910	1976	2061	97.674	3.61e-32
A2026YABXX:6:47:20013:191654#CTTGTAA/1	86	1	86	smNRPS-1/2	5910	5172	5257	97.674	3.61e-32
A2026YABXX:6:48:21002:58918#CTTGTAA/2	86	1	86	smNRPS-1/2	5910	1964	2049	97.674	3.61e-32
A2026YABXX:6:48:17476:132783#CTTGTAA/1	86	86	1	smNRPS-1/2	5910	2757	2842	97.674	3.61e-32
A2026YABXX:6:48:14231:145083#CTTGTAA/1	86	86	1	smNRPS-1/2	5910	446	531	97.674	3.61e-32
A2026YABXX:6:61:9620:124770#CTTGTAA/1	86	1	86	smNRPS-1/2	5910	1950	2035	97.674	3.61e-32
A2026YABXX:6:61:5727:174143#CTTGTAA/1	86	1	86	smNRPS-1/2	5910	4145	4230	97.674	3.61e-32
A2026YABXX:6:62:11048:33798#CTTGTAA/1	86	1	86	smNRPS-1/2	5910	5074	5159	97.674	3.61e-32
A2026YABXX:6:62:14084:50501#CTTGTAA/2	80	1	80	smNRPS-1/2	5910	811	890	100	3.61e-32
A2026YABXX:6:63:1731:21547#CTTGTAA/1	86	1	86	smNRPS-1/2	5910	4037	4122	97.674	3.61e-32
A2026YABXX:6:63:13018:151758#CTTGTAA/1	86	1	86	smNRPS-1/2	5910	2451	2536	97.674	3.61e-32
A2026YABXX:6:65:16190:183455#CTTGTAA/2	86	83	1	smNRPS-1/2	5910	2606	2688	98.795	3.61e-32
A2026YABXX:6:66:9494:24575#CTTGTAA/1	86	1	86	smNRPS-1/2	5910	527	612	97.674	3.61e-32
A2026YABXX:6:67:8235:28192#CTTGTAA/1	86	86	1	smNRPS-1/2	5910	5157	5242	97.674	3.61e-32
A2026YABXX:6:68:7639:23262#CTTGTAA/2	86	1	86	smNRPS-1/2	5910	2722	2807	97.674	3.61e-32
A2026YABXX:6:68:8112:70295#CTTGTAA/2	86	1	86	smNRPS-1/2	5910	2596	2681	97.674	3.61e-32
A2026YABXX:6:68:10215:165469#CTTGTAA/2	86	1	86	smNRPS-1/2	5910	5493	5578	97.674	3.61e-32
A2026YABXX:6:68:9837:170234#CTTGTAA/2	86	86	1	smNRPS-1/2	5910	447	532	97.674	3.61e-32
A2026YABXX:6:7:16433:33077#CTTGTAA/1	86	1	86	smNRPS-1/2	5910	3898	3983	97.674	3.61e-32
A2026YABXX:6:66:13562:174858#CTTGTAA/1	86	1	86	smNRPS-1/2	5910	2705	2790	97.674	3.61e-32
B201LRABXX:2:5:21285:95538#CTTGTAA/2	81	81	1	smNRPS-1/2	5910	5836	5916	100	1.01e-32
B201LRABXX:2:26:19639:60029#CTTGTAA/1	81	1	81	smNRPS-1/2	5910	3151	3231	100	1.01e-32
B201LRABXX:2:45:1152:178239#CTTGTAN/1	81	1	81	smNRPS-1/2	5910	5695	5775	100	1.01e-32
B201LRABXX:2:48:5406:31879#CTTGTAA/2	86	84	1	smNRPS-1/2	5910	2782	2865	98.81	1.01e-32
A2026YABXX:6:7:15812:42979#CTTGTAA/1	84	84	1	smNRPS-1/2	5910	2676	2759	98.81	1.01e-32
A2026YABXX:6:8:19025:177714#CTTGTAA/2	86	86	3	smNRPS-1/2	5910	4805	4888	98.81	1.01e-32
A2026YABXX:6:23:8998:6409#CTTGTAA/1	84	84	1	smNRPS-1/2	5910	1518	1601	98.81	1.01e-32
A2026YABXX:6:28:2967:7930#CTTGTAA/1	86	1	84	smNRPS-1/2	5910	3064	3147	98.81	1.01e-32
B201LRABXX:2:28:14393:192062#CTTGTAA/2	85	85	1	smNRPS-1/2	5910	4095	4179	98.824	2.79e-33
B201LRABXX:2:45:1236:150700#CTTGTAA/2	85	1	85	smNRPS-1/2	5910	5350	5434	98.824	2.79e-33
A2026YABXX:6:4:4142:76218#CTTGTAA/1	86	2	86	smNRPS-1/2	5910	1493	1577	98.824	2.79e-33
A2026YABXX:6:5:14649:90557#CTTGTAA/2	86	86	2	smNRPS-1/2	5910	36	120	98.824	2.79e-33
A2026YABXX:6:24:9054:87868#CTTGTAA/2	85	1	85	smNRPS-1/2	5910	1260	1344	98.824	2.79e-33
A2026YABXX:6:26:14703:53704#CTTGTAA/1	85	1	85	smNRPS-1/2	5910	3255	3339	98.824	2.79e-33
A2026YABXX:6:45:15157:21367#CTTGTAA/2	86	85	1	smNRPS-1/2	5910	5502	5586	98.824	2.79e-33
A2026YABXX:6:64:6732:65003#CTTGTAA/2	85	1	85	smNRPS-1/2	5910	1257	1341	98.824	2.79e-33
B201LRABXX:2:1:4012:176005#CTTGTAA/1	86	86	1	smNRPS-1/2	5910	1679	1764	98.837	7.77e-34
B201LRABXX:2:1:4012:176005#CTTGTAA/2	86	1	86	smNRPS-1/2	5910	1440	1525	98.837	7.77e-34
B201LRABXX:2:2:19697:47872#CTTGTAA/1	86	86	1	smNRPS-1/2	5910	2628	2713	98.837	7.77e-34
B201LRABXX:2:2:19697:47872#CTTGTAA/2	86	1	86	smNRPS-1/2	5910	2408	2493	98.837	7.77e-34
B201LRABXX:2:3:20787:27940#CTTGTAA/2	86	86	1	smNRPS-1/2	5910	2377	2462	98.837	7.77e-34
B201LRABXX:2:3:10282:81008#CTTGTAA/1	86	86	1	smNRPS-1/2	5910	4895	4980	98.837	7.77e-34
B201LRABXX:2:3:5410:120987#CTTGTAA/1	86	86	1	smNRPS-1/2	5910	3320	3405	98.837	7.77e-34
B201LRABXX:2:4:10484:81605#CTTGTAA/1	86	1	86	smNRPS-1/2	5910	3558	3643	98.837	7.77e-34
B201LRABXX:2:4:9013:96497#CTTGTAA/1	86	1	86	smNRPS-1/2	5910	1044	1129	98.837	7.77e-34
B201LRABXX:2:4:9013:96497#CTTGTAA/2	86	86	1	smNRPS-1/2	5910	1266	1351	98.837	7.77e-34
B201LRABXX:2:5:15683:31468#CTTGTAA/2	86	86	1	smNRPS-1/2	5910	3323	3408	98.837	7.77e-34
B201LRABXX:2:5:8030:137040#CTTGTAA/1	86	1	86	smNRPS-1/2	5910	1300	1385	98.837	7.77e-34
B201LRABXX:2:5:8030:137040#CTTGTAA/2	86	86	1	smNRPS-1/2	5910	1534	1619	98.837	7.77e-34
B201LRABXX:2:6:16834:31068#CTTGTAA/1	86	86	1	smNRPS-1/2	5910	3333	3418	98.837	7.77e-34
B201LRABXX:2:7:3019:178979#CTTGTAA/2	86	1	86	smNRPS-1/2	5910	1655	1740	98.837	7.77e-34
B201LRABXX:2:7:3832:193955#CTTGTAA/1	86	86	1	smNRPS-1/2	5910	2840	2925	98.837	7.77e-34
B201LRABXX:2:22:1485:17444#CTTGTAA/2	86	86	1	smNRPS-1/2	5910	1320	1405	98.837	7.77e-34
B201LRABXX:2:22:10434:89776#CTTGTAA/2	86	86	1	smNRPS-1/2	5910	3362	3447	98.837	7.77e-34
B201LRABXX:2:23:8005:94865#CTTGTAA/1	86	86	1	smNRPS-1/2	5910	3030	3115	98.837	7.77e-34
B201LRABXX:2:23:8005:94865#CTTGTAA/2	86	1	86	smNRPS-1/2	5910	2792	2877	98.837	7.77e-34
B201LRABXX:2:24:10901:27961#CTTGTAA/1	86	1	86	smNRPS-1/2	5910	1552	1637	98.837	7.77e-34
B201LRABXX:2:24:10230:64806#CTTGTAA/1	86	1	86	smNRPS-1/2	5910	2743	2828	98.837	7.77e-34
B201LRABXX:2:25:14585:175736#CTTGTAA/1	86	1	86	smNRPS-1/2	5910	1356	1441	98.837	7.77e-34
B201LRABXX:2:26:17439:134487#CTTGTAA/1	86	86	1	smNRPS-1/2	5910	193	278	98.837	7.77e-34
B201LRABXX:2:26:7837:193528#CTTGTAA/1	86	1	86	smNRPS-1/2	5910	2387	2472	98.837	7.77e-34
B201LRABXX:2:27:14410:101889#CTTGTAA/2	86	86	1	smNRPS-1/2	5910	5380	5465	98.837	7.77e-34
B201LRABXX:2:27:9716:185253#CTTGTAA/1	86	1	86	smNRPS-1/2	5910	936	1021	98.837	7.77e-34
B201LRABXX:2:28:15593:42649#CTTGTAA/1	86	1	86	smNRPS-1/2	5910	421	506	98.837	7.77e-34
B201LRABXX:2:28:15593:42649#CTTGTAA/2	86	86	1	smNRPS-1/2	5910	660	745	98.837	7.77e-34
B201LRABXX:2:28:16574:89560#CTTGTAA/2	86	86	1	smNRPS-1/2	5910	5331	5416	98.837	7.77e-34
B201LRABXX:2:41:18008:137659#CTTGTAA/1	86	1	86	smNRPS-1/2	5910	2198	2283	98.837	7.77e-34
B201LRABXX:2:41:18008:137659#CTTGTAA/2	86	86	1	smNRPS-1/2	5910	2423	2508	98.837	7.77e-34
B201LRABXX:2:41:18556:149869#CTTGTAA/2	86	1	86	smNRPS-1/2	5910	2785	2870	98.837	7.77e-34
B201LRABXX:2:41:17871:162873#CTTGTAA/1	86	86	1	smNRPS-1/2	5910	269	354	98.837	7.77e-34
B201LRABXX:2:41:17871:162873#CTTGTAA/2	86	1	86	smNRPS-1/2	5910	26	111	98.837	7.77e-34
B201LRABXX:2:42:4327:20230#CTTGTAA/2	86	86	1	smNRPS-1/2	5910	671	756	98.837	7.77e-34
B201LRABXX:2:44:8055:32498#CTTGTAA/2	86	86	1	smNRPS-1/2	5910	2389	2474	98.837	7.77e-34
B201LRABXX:2:44:9744:165993#CTTGTAA/1	86	1	86	smNRPS-1/2	5910	564	649	98.837	7.77e-34
B201LRABXX:2:45:5207:190784#CTTGTAA/1	86	1	86	smNRPS-1/2	5910	2850	2935	98.837	7.77e-34
B201LRABXX:2:47:14450:81854#CTTGTAA/2	86	86	1	smNRPS-1/2	5910	5357	5442	98.837	7.77e-34
B201LRABXX:2:47:14259:105127#CTTGTAA/2	86	86	1	smNRPS-1/2	5910	4525	4610	98.837	7.77e-34
B201LRABXX:2:61:9747:47460#CTTGTAA/1	86	1	86	smNRPS-1/2	5910	4135	4220	98.837	7.77e-34
B201LRABXX:2:61:9724:48042#CTTGTAA/2	86	1	86	smNRPS-1/2	5910	208	293	98.837	7.77e-34
B201LRABXX:2:61:12441:103515#CTTGTAA/1	86	86	1	smNRPS-1/2	5910	4069	4154	98.837	7.77e-34
B201LRABXX:2:62:12795:161996#CTTGTAA/1	86	1	86	smNRPS-1/2	5910	4122	4207	98.837	7.77e-34
B201LRABXX:2:63:8915:59036#CTTGTAA/1	83	83	1	smNRPS-1/2	5910	2295	2377	100	7.77e-34
B201LRABXX:2:67:19817:31117#CTTGTAA/1	86	1	86	smNRPS-1/2	5910	3523	3608	98.837	7.77e-34
B201LRABXX:2:67:19381:111902#CTTGTAA/1	86	1	86	smNRPS-1/2	5910	638	723	98.837	7.77e-34
B201LRABXX:2:67:13633:114077#CTTGTAA/1	86	86	1	smNRPS-1/2	5910	1262	1347	98.837	7.77e-34
B201LRABXX:2:67:1948:130131#CTTGTAA/1	86	1	86	smNRPS-1/2	5910	4134	4219	98.837	7.77e-34
B201LRABXX:2:67:6872:130226#CTTGTAA/2	86	1	86	smNRPS-1/2	5910	5372	5457	98.837	7.77e-34
B201LRABXX:2:68:15325:73337#CTTGTAA/1	86	86	1	smNRPS-1/2	5910	5356	5441	98.837	7.77e-34
B201LRABXX:2:68:7335:190878#CTTGTAA/2	86	86	1	smNRPS-1/2	5910	4145	4230	98.837	7.77e-34
B201LRABXX:2:68:5097:194363#CTTGTAA/1	86	1	86	smNRPS-1/2	5910	3335	3420	98.837	7.77e-34
A2026YABXX:6:1:2947:6171#CTTGTAA/1	86	86	1	smNRPS-1/2	5910	1344	1429	98.837	7.77e-34
A2026YABXX:6:1:18821:147864#CTTGTAA/1	86	86	1	smNRPS-1/2	5910	2813	2898	98.837	7.77e-34
A2026YABXX:6:2:8862:45401#CTTGTAA/1	86	1	86	smNRPS-1/2	5910	2996	3081	98.837	7.77e-34
A2026YABXX:6:2:8862:45401#CTTGTAA/2	86	86	1	smNRPS-1/2	5910	3237	3322	98.837	7.77e-34
A2026YABXX:6:2:16337:77487#CTTGTAA/2	86	86	1	smNRPS-1/2	5910	2399	2484	98.837	7.77e-34
A2026YABXX:6:3:4362:51079#CTTGTAA/1	86	1	86	smNRPS-1/2	5910	563	648	98.837	7.77e-34
A2026YABXX:6:4:20487:31681#CTTGTAA/2	86	86	1	smNRPS-1/2	5910	3365	3450	98.837	7.77e-34
A2026YABXX:6:4:7242:107779#CTTGTAA/2	86	86	1	smNRPS-1/2	5910	3039	3124	98.837	7.77e-34
A2026YABXX:6:4:17879:120265#CTTGTAA/1	86	86	1	smNRPS-1/2	5910	3333	3418	98.837	7.77e-34
A2026YABXX:6:7:11980:97580#CTTGTAA/2	86	1	86	smNRPS-1/2	5910	2826	2911	98.837	7.77e-34
A2026YABXX:6:7:12625:191054#CTTGTAA/1	86	86	1	smNRPS-1/2	5910	3587	3672	98.837	7.77e-34
A2026YABXX:6:8:13884:19465#CTTGTAA/2	86	1	86	smNRPS-1/2	5910	5851	5936	98.837	7.77e-34
A2026YABXX:6:8:6080:47345#CTTGTAA/1	86	86	1	smNRPS-1/2	5910	2889	2974	98.837	7.77e-34
A2026YABXX:6:8:6080:47345#CTTGTAA/2	86	1	86	smNRPS-1/2	5910	2629	2714	98.837	7.77e-34
A2026YABXX:6:8:19447:74414#CTTGTAA/1	86	1	86	smNRPS-1/2	5910	342	427	98.837	7.77e-34
A2026YABXX:6:8:3292:149930#CTTGTAA/1	86	1	86	smNRPS-1/2	5910	2774	2859	98.837	7.77e-34
A2026YABXX:6:21:13403:34424#CTTGTAA/1	86	1	86	smNRPS-1/2	5910	1452	1537	98.837	7.77e-34
A2026YABXX:6:21:7023:177751#CTTGTAA/1	86	86	1	smNRPS-1/2	5910	2398	2483	98.837	7.77e-34
A2026YABXX:6:22:3782:178478#CTTGTAA/1	86	1	86	smNRPS-1/2	5910	4791	4876	98.837	7.77e-34
A2026YABXX:6:23:8998:6409#CTTGTAA/2	86	1	86	smNRPS-1/2	5910	1299	1384	98.837	7.77e-34
A2026YABXX:6:23:18369:160566#CTTGTAA/1	86	1	86	smNRPS-1/2	5910	3268	3353	98.837	7.77e-34
A2026YABXX:6:23:3807:190756#CTTGTAA/1	86	1	86	smNRPS-1/2	5910	3031	3116	98.837	7.77e-34
A2026YABXX:6:23:3823:190765#CTTGTAA/1	86	1	86	smNRPS-1/2	5910	3031	3116	98.837	7.77e-34
A2026YABXX:6:24:9054:87868#CTTGTAA/1	86	86	1	smNRPS-1/2	5910	1518	1603	98.837	7.77e-34
A2026YABXX:6:24:5212:124040#CTTGTAA/1	86	86	1	smNRPS-1/2	5910	2430	2515	98.837	7.77e-34
A2026YABXX:6:24:4870:136950#CTTGTAA/1	86	1	86	smNRPS-1/2	5910	709	794	98.837	7.77e-34
A2026YABXX:6:24:4870:136950#CTTGTAA/2	86	86	1	smNRPS-1/2	5910	943	1028	98.837	7.77e-34
A2026YABXX:6:25:18761:14669#CTTGTAA/1	86	86	1	smNRPS-1/2	5910	4100	4185	98.837	7.77e-34
A2026YABXX:6:26:1450:60232#CTTGTAA/1	86	1	86	smNRPS-1/2	5910	1669	1754	98.837	7.77e-34
A2026YABXX:6:26:16815:112001#CTTGTAA/1	86	86	1	smNRPS-1/2	5910	4073	4158	98.837	7.77e-34
A2026YABXX:6:27:4714:119537#CTTGTAA/1	86	86	1	smNRPS-1/2	5910	1320	1405	98.837	7.77e-34
A2026YABXX:6:28:10877:136542#CTTGTAA/1	86	86	1	smNRPS-1/2	5910	2538	2623	98.837	7.77e-34
A2026YABXX:6:28:10865:136556#CTTGTAA/1	86	86	1	smNRPS-1/2	5910	2538	2623	98.837	7.77e-34
A2026YABXX:6:41:17308:122178#CTTGTAA/2	86	1	86	smNRPS-1/2	5910	908	993	98.837	7.77e-34
A2026YABXX:6:41:6897:138526#CTTGTAA/2	86	1	86	smNRPS-1/2	5910	3252	3337	98.837	7.77e-34
A2026YABXX:6:41:9177:138953#CTTGTAA/1	86	1	86	smNRPS-1/2	5910	1255	1340	98.837	7.77e-34
A2026YABXX:6:42:2857:17947#CTTGTAA/2	86	1	86	smNRPS-1/2	5910	4896	4981	98.837	7.77e-34
A2026YABXX:6:43:12448:65849#CTTGTAA/2	86	86	1	smNRPS-1/2	5910	2743	2828	98.837	7.77e-34
A2026YABXX:6:44:3338:93280#CTTGTAA/1	86	1	86	smNRPS-1/2	5910	5366	5451	98.837	7.77e-34
A2026YABXX:6:44:12486:183311#CTTGTAA/1	86	1	86	smNRPS-1/2	5910	2785	2870	98.837	7.77e-34
A2026YABXX:6:44:7803:199342#CTTGTAA/1	86	86	1	smNRPS-1/2	5910	923	1008	98.837	7.77e-34
A2026YABXX:6:44:7803:199342#CTTGTAA/2	86	1	86	smNRPS-1/2	5910	663	748	98.837	7.77e-34
A2026YABXX:6:45:20648:25405#CTTGTAA/2	86	1	86	smNRPS-1/2	5910	3512	3597	98.837	7.77e-34
A2026YABXX:6:45:18513:175059#CTTGTAA/2	86	86	1	smNRPS-1/2	5910	336	421	98.837	7.77e-34
A2026YABXX:6:46:2075:12497#CTTGTAA/1	86	1	86	smNRPS-1/2	5910	3051	3136	98.837	7.77e-34
A2026YABXX:6:46:7376:194865#CTTGTAA/2	86	1	86	smNRPS-1/2	5910	307	392	98.837	7.77e-34
A2026YABXX:6:47:16189:170309#CTTGTAA/1	86	1	86	smNRPS-1/2	5910	564	649	98.837	7.77e-34
A2026YABXX:6:47:20013:191654#CTTGTAA/2	86	86	1	smNRPS-1/2	5910	5382	5467	98.837	7.77e-34
A2026YABXX:6:48:20424:48703#CTTGTAA/1	86	1	86	smNRPS-1/2	5910	4111	4196	98.837	7.77e-34
A2026YABXX:6:48:19741:77550#CTTGTAA/1	86	1	86	smNRPS-1/2	5910	1445	1530	98.837	7.77e-34
A2026YABXX:6:48:19741:77550#CTTGTAA/2	86	86	1	smNRPS-1/2	5910	1681	1766	98.837	7.77e-34
A2026YABXX:6:48:14231:145083#CTTGTAA/2	86	1	86	smNRPS-1/2	5910	206	291	98.837	7.77e-34
A2026YABXX:6:61:15426:21932#CTTGTAA/1	86	86	1	smNRPS-1/2	5910	2659	2744	98.837	7.77e-34
A2026YABXX:6:61:15426:21932#CTTGTAA/2	86	1	86	smNRPS-1/2	5910	2420	2505	98.837	7.77e-34
A2026YABXX:6:62:5950:85525#CTTGTAA/2	86	1	86	smNRPS-1/2	5910	1496	1581	98.837	7.77e-34
A2026YABXX:6:62:4736:137682#CTTGTAA/1	86	86	1	smNRPS-1/2	5910	333	418	98.837	7.77e-34
A2026YABXX:6:63:11868:86910#CTTGTAA/2	86	86	1	smNRPS-1/2	5910	416	501	98.837	7.77e-34
A2026YABXX:6:63:11474:96014#CTTGTAA/2	86	1	86	smNRPS-1/2	5910	2897	2982	98.837	7.77e-34
A2026YABXX:6:63:4882:134145#CTTGTAA/1	86	86	1	smNRPS-1/2	5910	2772	2857	98.837	7.77e-34
A2026YABXX:6:64:20090:72387#CTTGTAA/1	86	1	86	smNRPS-1/2	5910	1051	1136	98.837	7.77e-34
A2026YABXX:6:64:15898:108134#CTTGTAA/2	86	1	86	smNRPS-1/2	5910	5348	5433	98.837	7.77e-34
A2026YABXX:6:65:7519:29975#CTTGTAA/1	86	86	1	smNRPS-1/2	5910	951	1036	98.837	7.77e-34
A2026YABXX:6:65:7519:29975#CTTGTAA/2	86	1	86	smNRPS-1/2	5910	697	782	98.837	7.77e-34
A2026YABXX:6:65:16190:183455#CTTGTAA/1	86	1	86	smNRPS-1/2	5910	2374	2459	98.837	7.77e-34
A2026YABXX:6:66:7976:6827#CTTGTAA/2	86	86	1	smNRPS-1/2	5910	3618	3703	98.837	7.77e-34
A2026YABXX:6:67:8116:9398#CTTGTAA/2	86	1	83	smNRPS-1/2	5910	3472	3554	100	7.77e-34
A2026YABXX:6:67:8235:28192#CTTGTAA/2	86	1	86	smNRPS-1/2	5910	4918	5003	98.837	7.77e-34
A2026YABXX:6:68:8112:70295#CTTGTAA/1	86	86	1	smNRPS-1/2	5910	2841	2926	98.837	7.77e-34
A2026YABXX:6:68:2442:127099#CTTGTAA/1	86	1	86	smNRPS-1/2	5910	4134	4219	98.837	7.77e-34
A2026YABXX:6:68:14661:193324#CTTGTAA/2	86	1	86	smNRPS-1/2	5910	2891	2976	98.837	7.77e-34
B201LRABXX:2:43:20167:80096#CTTGTAA/1	86	1	86	smNRPS-1/2	5910	3474	3559	98.837	7.77e-34
B201LRABXX:2:6:20604:84532#CTTGTAA/1	86	84	1	smNRPS-1/2	5910	275	358	100	2.16e-34
B201LRABXX:2:44:2709:199863#CTTGTAA/2	86	84	1	smNRPS-1/2	5910	140	223	100	2.16e-34
A2026YABXX:6:21:13403:34424#CTTGTAA/2	86	84	1	smNRPS-1/2	5910	1686	1769	100	2.16e-34
A2026YABXX:6:44:2929:120904#CTTGTAA/1	84	84	1	smNRPS-1/2	5910	871	954	100	2.16e-34
A2026YABXX:6:48:10126:176196#CTTGTAA/1	86	3	86	smNRPS-1/2	5910	3370	3453	100	2.16e-34
B201LRABXX:2:7:5976:113974#CTTGTAA/2	85	1	85	smNRPS-1/2	5910	5777	5861	100	6.01e-35
B201LRABXX:2:46:13481:26053#CTTGTAA/2	86	86	2	smNRPS-1/2	5910	5842	5926	100	6.01e-35
A2026YABXX:6:3:13690:115489#CTTGTAA/1	85	1	85	smNRPS-1/2	5910	2321	2405	100	6.01e-35
A2026YABXX:6:4:14663:36333#CTTGTAA/1	85	85	1	smNRPS-1/2	5910	3788	3872	100	6.01e-35
A2026YABXX:6:6:11884:65118#CTTGTAA/2	86	1	85	smNRPS-1/2	5910	293	377	100	6.01e-35
A2026YABXX:6:28:9538:157000#CTTGTAA/2	85	85	1	smNRPS-1/2	5910	4057	4141	100	6.01e-35
A2026YABXX:6:45:5777:106599#CTTGTAA/2	85	1	85	smNRPS-1/2	5910	5778	5862	100	6.01e-35
B201LRABXX:2:1:18798:48898#CTTGTAA/2	86	1	86	smNRPS-1/2	5910	1350	1435	100	1.67e-35
B201LRABXX:2:1:20701:59481#CTTGTAA/2	86	1	86	smNRPS-1/2	5910	5830	5915	100	1.67e-35
B201LRABXX:2:1:8408:69981#CTTGTAA/1	86	86	1	smNRPS-1/2	5910	1385	1470	100	1.67e-35
B201LRABXX:2:2:6624:37422#CTTGTAA/2	86	1	86	smNRPS-1/2	5910	4030	4115	100	1.67e-35
B201LRABXX:2:3:20787:27940#CTTGTAA/1	86	1	86	smNRPS-1/2	5910	2145	2230	100	1.67e-35
B201LRABXX:2:4:14781:55498#CTTGTAA/1	86	1	86	smNRPS-1/2	5910	5292	5377	100	1.67e-35
B201LRABXX:2:6:19442:46750#CTTGTAA/1	86	86	1	smNRPS-1/2	5910	5810	5895	100	1.67e-35
B201LRABXX:2:6:6521:140681#CTTGTAA/2	86	86	1	smNRPS-1/2	5910	3179	3264	100	1.67e-35
B201LRABXX:2:6:20420:171125#CTTGTAA/2	86	1	86	smNRPS-1/2	5910	1898	1983	100	1.67e-35
B201LRABXX:2:6:17062:183144#CTTGTAA/2	86	86	1	smNRPS-1/2	5910	1864	1949	100	1.67e-35
B201LRABXX:2:6:3365:186452#CTTGTAA/1	86	86	1	smNRPS-1/2	5910	5264	5349	100	1.67e-35
B201LRABXX:2:6:3365:186452#CTTGTAA/2	86	1	86	smNRPS-1/2	5910	5034	5119	100	1.67e-35
B201LRABXX:2:7:9379:94673#CTTGTAA/1	86	86	1	smNRPS-1/2	5910	5794	5879	100	1.67e-35
B201LRABXX:2:7:2139:163306#CTTGTAA/1	86	1	86	smNRPS-1/2	5910	4794	4879	100	1.67e-35
B201LRABXX:2:7:3019:178979#CTTGTAA/1	86	86	1	smNRPS-1/2	5910	1902	1987	100	1.67e-35
B201LRABXX:2:21:13782:136708#CTTGTAA/1	86	1	86	smNRPS-1/2	5910	1378	1463	100	1.67e-35
B201LRABXX:2:24:14697:141393#CTTGTAA/1	86	86	1	smNRPS-1/2	5910	5026	5111	100	1.67e-35
B201LRABXX:2:24:14697:141393#CTTGTAA/2	86	1	86	smNRPS-1/2	5910	4784	4869	100	1.67e-35
B201LRABXX:2:25:9385:191316#CTTGTAA/2	86	86	1	smNRPS-1/2	5910	5309	5394	100	1.67e-35
B201LRABXX:2:26:19639:60029#CTTGTAA/2	86	86	1	smNRPS-1/2	5910	3394	3479	100	1.67e-35
B201LRABXX:2:27:13280:67538#CTTGTAA/2	86	1	86	smNRPS-1/2	5910	2149	2234	100	1.67e-35
B201LRABXX:2:27:4365:70845#CTTGTAA/1	86	1	86	smNRPS-1/2	5910	5808	5893	100	1.67e-35
B201LRABXX:2:27:16306:160134#CTTGTAA/1	86	1	86	smNRPS-1/2	5910	735	820	100	1.67e-35
B201LRABXX:2:28:7238:134966#CTTGTAA/2	86	86	1	smNRPS-1/2	5910	5309	5394	100	1.67e-35
B201LRABXX:2:43:9693:15166#CTTGTAA/2	86	86	1	smNRPS-1/2	5910	5806	5891	100	1.67e-35
B201LRABXX:2:43:7938:47599#CTTGTAA/2	86	1	86	smNRPS-1/2	5910	1366	1451	100	1.67e-35
B201LRABXX:2:43:10571:53159#CTTGTAA/1	86	86	1	smNRPS-1/2	5910	1890	1975	100	1.67e-35
B201LRABXX:2:44:8055:32498#CTTGTAA/1	86	1	86	smNRPS-1/2	5910	2155	2240	100	1.67e-35
B201LRABXX:2:44:19387:37428#CTTGTAA/1	86	1	86	smNRPS-1/2	5910	1340	1425	100	1.67e-35
B201LRABXX:2:44:17378:113012#CTTGTAA/2	86	1	86	smNRPS-1/2	5910	2230	2315	100	1.67e-35
B201LRABXX:2:44:9744:165993#CTTGTAA/2	86	86	1	smNRPS-1/2	5910	813	898	100	1.67e-35
B201LRABXX:2:46:20941:30442#CTTGTAA/1	86	86	1	smNRPS-1/2	5910	3438	3523	100	1.67e-35
B201LRABXX:2:47:20069:147101#CTTGTAA/1	86	86	1	smNRPS-1/2	5910	753	838	100	1.67e-35
B201LRABXX:2:47:13054:158074#CTTGTAA/1	86	86	1	smNRPS-1/2	5910	2259	2344	100	1.67e-35
B201LRABXX:2:48:18629:172309#CTTGTAA/1	86	1	86	smNRPS-1/2	5910	748	833	100	1.67e-35
B201LRABXX:2:48:18629:172309#CTTGTAA/2	86	86	1	smNRPS-1/2	5910	999	1084	100	1.67e-35
B201LRABXX:2:48:13428:185264#CTTGTAA/1	86	1	86	smNRPS-1/2	5910	4793	4878	100	1.67e-35
B201LRABXX:2:48:13428:185264#CTTGTAA/2	86	86	1	smNRPS-1/2	5910	5042	5127	100	1.67e-35
B201LRABXX:2:61:4849:114445#CTTGTAA/1	86	86	1	smNRPS-1/2	5910	5770	5855	100	1.67e-35
B201LRABXX:2:62:5999:63320#CTTGTAA/2	86	1	86	smNRPS-1/2	5910	1004	1089	100	1.67e-35
B201LRABXX:2:67:19516:8832#CTTGTAA/1	86	86	1	smNRPS-1/2	5910	1378	1463	100	1.67e-35
B201LRABXX:2:67:11775:21844#CTTGTAA/2	86	1	86	smNRPS-1/2	5910	1388	1473	100	1.67e-35
B201LRABXX:2:67:20705:69048#CTTGTAA/1	86	86	1	smNRPS-1/2	5910	1382	1467	100	1.67e-35
B201LRABXX:2:67:19381:111902#CTTGTAA/2	86	86	1	smNRPS-1/2	5910	860	945	100	1.67e-35
B201LRABXX:2:67:13633:114077#CTTGTAA/2	86	1	86	smNRPS-1/2	5910	1005	1090	100	1.67e-35
B201LRABXX:2:67:2189:122377#CTTGTAA/1	86	1	86	smNRPS-1/2	5910	3170	3255	100	1.67e-35
B201LRABXX:2:67:2189:122377#CTTGTAA/2	86	86	1	smNRPS-1/2	5910	3420	3505	100	1.67e-35
A2026YABXX:6:1:18441:155702#CTTGTAA/1	86	86	1	smNRPS-1/2	5910	2198	2283	100	1.67e-35
A2026YABXX:6:1:18441:155702#CTTGTAA/2	86	1	86	smNRPS-1/2	5910	2135	2220	100	1.67e-35
A2026YABXX:6:2:16337:77487#CTTGTAA/1	86	1	86	smNRPS-1/2	5910	2152	2237	100	1.67e-35
A2026YABXX:6:2:10418:81816#CTTGTAA/1	86	86	1	smNRPS-1/2	5910	1876	1961	100	1.67e-35
A2026YABXX:6:2:5619:160740#CTTGTAA/1	86	1	86	smNRPS-1/2	5910	776	861	100	1.67e-35
A2026YABXX:6:2:7932:170521#CTTGTAA/1	86	1	86	smNRPS-1/2	5910	5269	5354	100	1.67e-35
A2026YABXX:6:2:7937:170539#CTTGTAA/1	86	1	86	smNRPS-1/2	5910	5269	5354	100	1.67e-35
A2026YABXX:6:3:13620:9278#CTTGTAA/1	86	86	1	smNRPS-1/2	5910	772	857	100	1.67e-35
A2026YABXX:6:3:17833:15419#CTTGTAA/1	86	86	1	smNRPS-1/2	5910	5026	5111	100	1.67e-35
A2026YABXX:6:3:17833:15419#CTTGTAA/2	86	1	86	smNRPS-1/2	5910	4783	4868	100	1.67e-35
A2026YABXX:6:3:15941:90073#CTTGTAA/2	86	1	86	smNRPS-1/2	5910	5759	5844	100	1.67e-35
A2026YABXX:6:5:2445:117155#CTTGTAA/1	86	1	86	smNRPS-1/2	5910	5792	5877	100	1.67e-35
A2026YABXX:6:6:17779:77833#CTTGTAA/2	86	1	86	smNRPS-1/2	5910	5743	5828	100	1.67e-35
A2026YABXX:6:7:12625:191054#CTTGTAA/2	86	1	86	smNRPS-1/2	5910	3420	3505	100	1.67e-35
A2026YABXX:6:21:7023:177751#CTTGTAA/2	86	1	86	smNRPS-1/2	5910	2166	2251	100	1.67e-35
A2026YABXX:6:23:1831:39196#CTTGTAA/1	86	1	86	smNRPS-1/2	5910	3790	3875	100	1.67e-35
A2026YABXX:6:24:5212:124040#CTTGTAA/2	86	1	86	smNRPS-1/2	5910	2179	2264	100	1.67e-35
A2026YABXX:6:26:8244:4218#CTTGTAA/1	86	1	86	smNRPS-1/2	5910	609	694	100	1.67e-35
A2026YABXX:6:26:8244:4218#CTTGTAA/2	86	86	1	smNRPS-1/2	5910	835	920	100	1.67e-35
A2026YABXX:6:26:1450:60232#CTTGTAA/2	86	86	1	smNRPS-1/2	5910	1909	1994	100	1.67e-35
A2026YABXX:6:27:4489:137649#CTTGTAA/2	86	86	1	smNRPS-1/2	5910	2176	2261	100	1.67e-35
A2026YABXX:6:28:10877:136542#CTTGTAA/2	86	1	86	smNRPS-1/2	5910	2299	2384	100	1.67e-35
A2026YABXX:6:28:10865:136556#CTTGTAA/2	86	1	86	smNRPS-1/2	5910	2299	2384	100	1.67e-35
A2026YABXX:6:28:4889:153777#CTTGTAA/1	86	86	1	smNRPS-1/2	5910	3206	3291	100	1.67e-35
A2026YABXX:6:28:4889:153777#CTTGTAA/2	86	1	86	smNRPS-1/2	5910	2935	3020	100	1.67e-35
A2026YABXX:6:41:12700:91578#CTTGTAA/1	86	86	1	smNRPS-1/2	5910	183	268	100	1.67e-35
A2026YABXX:6:41:17828:96511#CTTGTAA/2	86	86	1	smNRPS-1/2	5910	1365	1450	100	1.67e-35
A2026YABXX:6:42:12549:12162#CTTGTAA/2	86	1	86	smNRPS-1/2	5910	5302	5387	100	1.67e-35
A2026YABXX:6:43:6338:132647#CTTGTAA/1	86	1	86	smNRPS-1/2	5910	5695	5780	100	1.67e-35
A2026YABXX:6:44:6970:98370#CTTGTAA/1	86	86	1	smNRPS-1/2	5910	5789	5874	100	1.67e-35
A2026YABXX:6:45:15157:21367#CTTGTAA/1	86	1	86	smNRPS-1/2	5910	5283	5368	100	1.67e-35
A2026YABXX:6:45:18281:50945#CTTGTAA/1	86	1	86	smNRPS-1/2	5910	5832	5917	100	1.67e-35
A2026YABXX:6:45:19310:187821#CTTGTAA/2	86	1	86	smNRPS-1/2	5910	5722	5807	100	1.67e-35
A2026YABXX:6:47:16189:170309#CTTGTAA/2	86	86	1	smNRPS-1/2	5910	783	868	100	1.67e-35
A2026YABXX:6:47:14205:171653#CTTGTAA/2	86	1	86	smNRPS-1/2	5910	5720	5805	100	1.67e-35
A2026YABXX:6:48:21002:58918#CTTGTAA/1	86	86	1	smNRPS-1/2	5910	2214	2299	100	1.67e-35
A2026YABXX:6:48:21249:114230#CTTGTAA/2	86	1	86	smNRPS-1/2	5910	3769	3854	100	1.67e-35
A2026YABXX:6:48:17237:187125#CTTGTAA/1	86	86	1	smNRPS-1/2	5910	5025	5110	100	1.67e-35
A2026YABXX:6:48:17237:187125#CTTGTAA/2	86	1	86	smNRPS-1/2	5910	4792	4877	100	1.67e-35
A2026YABXX:6:61:9620:124770#CTTGTAA/2	86	86	1	smNRPS-1/2	5910	2187	2272	100	1.67e-35
A2026YABXX:6:61:14184:192789#CTTGTAA/1	86	86	1	smNRPS-1/2	5910	782	867	100	1.67e-35
A2026YABXX:6:61:10960:195623#CTTGTAA/2	86	1	86	smNRPS-1/2	5910	3779	3864	100	1.67e-35
A2026YABXX:6:62:11048:33798#CTTGTAA/2	86	86	1	smNRPS-1/2	5910	5312	5397	100	1.67e-35
A2026YABXX:6:62:10478:99961#CTTGTAA/1	86	1	86	smNRPS-1/2	5910	5790	5875	100	1.67e-35
A2026YABXX:6:63:11868:86910#CTTGTAA/1	86	1	86	smNRPS-1/2	5910	166	251	100	1.67e-35
A2026YABXX:6:65:7748:33524#CTTGTAA/1	86	86	1	smNRPS-1/2	5910	1385	1470	100	1.67e-35
A2026YABXX:6:66:9494:24575#CTTGTAA/2	86	86	1	smNRPS-1/2	5910	771	856	100	1.67e-35
A2026YABXX:6:68:10215:165469#CTTGTAA/1	86	86	1	smNRPS-1/2	5910	5758	5843	100	1.67e-35
A2026YABXX:6:68:14661:193324#CTTGTAA/1	86	86	1	smNRPS-1/2	5910	3162	3247	100	1.67e-35
A2026YABXX:6:67:20198:173934#CTTGTAA/1	86	1	86	smNRPS-1/2	5910	769	854	100	1.67e-35
