B200YWABXX:3:24:19525:17190#CGATGTA/1	42	40	1	smNRPS-1/2	5910	2979	3018	100	6.24e-10
B200YWABXX:3:26:20076:29393#CGATGTA/1	43	43	1	smNRPS-1/2	5910	1881	1923	100	1.34e-11
B200YWABXX:3:1:21320:9469#CGATGTA/1	48	48	1	smNRPS-1/2	5910	1898	1945	100	2.23e-14
A200FVABXX:4:24:6976:163992#CGATGT/2	52	1	52	smNRPS-1/2	5910	679	730	100	1.33e-16
B200YWABXX:3:23:16826:63444#CGATGTA/1	52	1	52	smNRPS-1/2	5910	5276	5327	100	1.33e-16
B200YWABXX:3:44:6852:124023#CGATGTA/2	62	1	62	smNRPS-1/2	5910	1191	1252	96.774	7.96e-19
B200YWABXX:3:3:5244:47187#CGATGTA/1	58	1	58	smNRPS-1/2	5910	3944	4001	100	6.15e-20
B200YWABXX:3:45:15883:126797#CGATGTA/1	58	1	58	smNRPS-1/2	5910	1074	1131	100	6.15e-20
B200YWABXX:3:46:16101:165528#CGATGTA/2	69	1	69	smNRPS-1/2	5910	3897	3965	98.551	2.2e-24
A200FVABXX:4:5:3102:35841#CGATGT/1	73	1	73	smNRPS-1/2	5910	3538	3610	98.63	1.31e-26
A200FVABXX:4:5:3102:35841#CGATGT/2	80	80	1	smNRPS-1/2	5910	3772	3851	96.25	3.65e-27
B200YWABXX:3:26:15704:37183#CGATGTA/2	85	1	85	smNRPS-1/2	5910	4774	4858	95.294	2.82e-28
A200FVABXX:4:43:14359:180628#CGATGT/2	86	1	74	smNRPS-1/2	5910	5802	5875	100	7.85e-29
B200YWABXX:3:1:21320:9469#CGATGTA/2	79	1	79	smNRPS-1/2	5910	1620	1698	98.734	6.07e-30
A200FVABXX:4:2:19480:147871#CGATGT/2	86	86	1	smNRPS-1/2	5910	1193	1278	96.512	1.69e-30
A200FVABXX:4:24:2375:116244#CGATGT/1	80	80	1	smNRPS-1/2	5910	149	228	98.75	1.69e-30
B200YWABXX:3:21:12391:47412#CGATGTA/1	88	1	88	smNRPS-1/2	5910	2879	2966	96.591	1.3e-31
B200YWABXX:3:66:14787:38976#CGATGTA/1	83	83	1	smNRPS-1/2	5910	628	710	98.795	3.62e-32
B200YWABXX:3:65:1343:94423#CGATGTA/1	82	1	82	smNRPS-1/2	5910	693	774	100	2.8e-33
B200YWABXX:3:66:6020:88804#CGATGTA/2	86	86	1	smNRPS-1/2	5910	2815	2900	98.837	7.79e-34
B200YWABXX:3:28:15803:28960#CGATGTA/2	84	84	1	smNRPS-1/2	5910	5215	5298	100	2.17e-34
A200FVABXX:4:65:5381:101790#CGATGT/1	88	1	88	smNRPS-1/2	5910	2337	2424	98.864	6.02e-35
B200YWABXX:3:24:8045:101791#CGATGTA/1	88	1	88	smNRPS-1/2	5910	4793	4880	98.864	6.02e-35
B200YWABXX:3:26:15704:37183#CGATGTA/1	88	88	1	smNRPS-1/2	5910	5020	5107	98.864	6.02e-35
B200YWABXX:3:43:16968:74411#CGATGTA/1	88	1	85	smNRPS-1/2	5910	459	543	100	6.02e-35
B200YWABXX:3:63:5074:69754#CGATGTA/1	88	88	1	smNRPS-1/2	5910	3892	3979	98.864	6.02e-35
A200FVABXX:4:1:12816:46387#CGATGT/2	86	86	1	smNRPS-1/2	5910	2030	2115	100	1.67e-35
A200FVABXX:4:21:6003:130025#CGATGT/2	86	1	86	smNRPS-1/2	5910	4182	4267	100	1.67e-35
A200FVABXX:4:25:8279:176597#CGATGT/2	86	86	1	smNRPS-1/2	5910	1048	1133	100	1.67e-35
A200FVABXX:4:44:10830:125155#CGATGT/2	86	86	1	smNRPS-1/2	5910	2046	2131	100	1.67e-35
A200FVABXX:4:65:5381:101790#CGATGT/2	86	86	1	smNRPS-1/2	5910	2581	2666	100	1.67e-35
B200YWABXX:3:3:5244:47187#CGATGTA/2	86	86	1	smNRPS-1/2	5910	4174	4259	100	1.67e-35
B200YWABXX:3:21:12391:47412#CGATGTA/2	86	86	1	smNRPS-1/2	5910	3100	3185	100	1.67e-35
B200YWABXX:3:23:3532:165191#CGATGTA/2	86	1	86	smNRPS-1/2	5910	5650	5735	100	1.67e-35
B200YWABXX:3:24:8045:101791#CGATGTA/2	86	86	1	smNRPS-1/2	5910	5052	5137	100	1.67e-35
B200YWABXX:3:63:5074:69754#CGATGTA/2	86	1	86	smNRPS-1/2	5910	3648	3733	100	1.67e-35
B200YWABXX:3:64:7509:171312#CGATGTA/2	86	86	1	smNRPS-1/2	5910	68	153	100	1.67e-35
B200YWABXX:3:65:1343:94423#CGATGTA/2	86	86	1	smNRPS-1/2	5910	927	1012	100	1.67e-35
A200FVABXX:4:1:12816:46387#CGATGT/1	88	1	88	smNRPS-1/2	5910	1784	1871	100	1.29e-36
A200FVABXX:4:21:6003:130025#CGATGT/1	88	88	1	smNRPS-1/2	5910	4407	4494	100	1.29e-36
A200FVABXX:4:24:6976:163992#CGATGT/1	88	88	1	smNRPS-1/2	5910	890	977	100	1.29e-36
A200FVABXX:4:25:8279:176597#CGATGT/1	88	1	88	smNRPS-1/2	5910	803	890	100	1.29e-36
A200FVABXX:4:44:10830:125155#CGATGT/1	88	1	88	smNRPS-1/2	5910	1809	1896	100	1.29e-36
B200YWABXX:3:21:3885:121999#CGATGTA/1	88	88	1	smNRPS-1/2	5910	29	116	100	1.29e-36
B200YWABXX:3:28:15803:28960#CGATGTA/1	88	1	88	smNRPS-1/2	5910	4982	5069	100	1.29e-36
B200YWABXX:3:46:16101:165528#CGATGTA/1	88	88	1	smNRPS-1/2	5910	4142	4229	100	1.29e-36
B200YWABXX:3:66:6020:88804#CGATGTA/1	88	1	88	smNRPS-1/2	5910	2573	2660	100	1.29e-36
A200FVABXX:4:46:1743:69208#CGATGT/1	43	43	1	smNRPS-1/2	5910	1249	1291	100	1.36e-11
B200YWABXX:3:45:13375:183372#CGATGTA/2	65	1	65	smNRPS-1/2	5910	1165	1229	98.462	3.72e-22
B200YWABXX:3:66:14787:38976#CGATGTA/2	71	71	1	smNRPS-1/2	5910	5482	5552	95.775	3.72e-22
B200YWABXX:3:2:6703:192310#CGATGTA/2	69	69	1	smNRPS-1/2	5910	4713	4781	98.551	2.22e-24
A200FVABXX:4:8:4654:32067#CGATGT/2	76	76	1	smNRPS-1/2	5910	2727	2802	97.368	1.33e-26
B200YWABXX:3:65:6784:28758#CGATGTA/2	86	1	83	smNRPS-1/2	5910	5562	5644	95.181	3.69e-27
A200FVABXX:4:64:18996:137655#CGATGT/2	76	1	76	smNRPS-1/2	5910	3235	3310	100	6.14e-30
B200YWABXX:3:6:16774:169077#CGATGTA/2	86	1	86	smNRPS-1/2	5910	4804	4889	96.512	1.71e-30
B200YWABXX:3:7:16880:54875#CGATGTA/2	84	84	1	smNRPS-1/2	5910	1982	2065	97.619	4.75e-31
A200FVABXX:4:2:19480:147871#CGATGT/1	88	88	1	smNRPS-1/2	5910	4899	4986	96.591	1.32e-31
B200YWABXX:3:5:17062:93532#CGATGTA/1	87	1	85	smNRPS-1/2	5910	5032	5116	97.647	1.32e-31
B200YWABXX:3:7:16880:54875#CGATGTA/1	88	1	86	smNRPS-1/2	5910	1728	1811	97.674	1.32e-31
A200FVABXX:4:1:8198:105469#CGATGT/2	86	86	1	smNRPS-1/2	5910	2717	2802	97.674	3.67e-32
A200FVABXX:4:46:1743:69208#CGATGT/2	86	1	86	smNRPS-1/2	5910	964	1049	97.674	3.67e-32
B200YWABXX:3:42:6426:95420#CGATGTA/1	80	80	1	smNRPS-1/2	5910	1529	1608	100	3.67e-32
B200YWABXX:3:43:16968:74411#CGATGTA/2	86	1	86	smNRPS-1/2	5910	5173	5258	97.674	3.67e-32
A200FVABXX:4:1:8198:105469#CGATGT/1	88	1	88	smNRPS-1/2	5910	2483	2570	97.727	2.84e-33
A200FVABXX:4:8:4654:32067#CGATGT/1	88	1	88	smNRPS-1/2	5910	2483	2570	97.727	2.84e-33
A200FVABXX:4:8:5581:89638#CGATGT/1	88	1	88	smNRPS-1/2	5910	1445	1532	97.727	2.84e-33
A200FVABXX:4:45:19604:77027#CGATGT/1	88	88	1	smNRPS-1/2	5910	3643	3730	97.727	2.84e-33
B200YWABXX:3:45:13375:183372#CGATGTA/1	88	88	1	smNRPS-1/2	5910	1410	1497	97.727	2.84e-33
A200FVABXX:4:8:5581:89638#CGATGT/2	86	86	1	smNRPS-1/2	5910	1696	1781	98.837	7.88e-34
A200FVABXX:4:64:18996:137655#CGATGT/1	83	83	1	smNRPS-1/2	5910	3481	3563	100	7.88e-34
B200YWABXX:3:23:11916:14495#CGATGTA/2	86	86	1	smNRPS-1/2	5910	2428	2513	98.837	7.88e-34
B200YWABXX:3:27:14232:175616#CGATGTA/2	86	1	86	smNRPS-1/2	5910	4113	4198	98.837	7.88e-34
B200YWABXX:3:66:2574:89828#CGATGTA/2	86	86	1	smNRPS-1/2	5910	1678	1763	98.837	7.88e-34
A200FVABXX:4:67:16241:2130#CGATGT/2	84	1	84	smNRPS-1/2	5910	3158	3241	100	2.19e-34
A200FVABXX:4:3:14006:46151#CGATGT/1	88	1	88	smNRPS-1/2	5910	2192	2279	98.864	6.1e-35
A200FVABXX:4:26:9424:12771#CGATGT/1	88	1	88	smNRPS-1/2	5910	715	802	98.864	6.1e-35
B200YWABXX:3:2:6703:192310#CGATGTA/1	88	1	88	smNRPS-1/2	5910	4439	4526	98.864	6.1e-35
B200YWABXX:3:3:20166:75637#CGATGTA/1	88	88	1	smNRPS-1/2	5910	327	414	98.864	6.1e-35
B200YWABXX:3:66:2574:89828#CGATGTA/1	88	1	88	smNRPS-1/2	5910	1467	1554	98.864	6.1e-35
B200YWABXX:3:45:3302:165183#CGATGTA/1	88	1	88	smNRPS-1/2	5910	3488	3575	98.864	6.1e-35
A200FVABXX:4:3:14006:46151#CGATGT/2	86	86	1	smNRPS-1/2	5910	2435	2520	100	1.69e-35
A200FVABXX:4:7:11041:65444#CGATGT/2	86	86	1	smNRPS-1/2	5910	873	958	100	1.69e-35
A200FVABXX:4:26:9424:12771#CGATGT/2	86	86	1	smNRPS-1/2	5910	956	1041	100	1.69e-35
A200FVABXX:4:45:19604:77027#CGATGT/2	86	1	86	smNRPS-1/2	5910	3395	3480	100	1.69e-35
B200YWABXX:3:3:16477:24206#CGATGTA/2	86	1	86	smNRPS-1/2	5910	3007	3092	100	1.69e-35
B200YWABXX:3:3:20166:75637#CGATGTA/2	86	1	86	smNRPS-1/2	5910	87	172	100	1.69e-35
B200YWABXX:3:5:17062:93532#CGATGTA/2	86	86	1	smNRPS-1/2	5910	5273	5358	100	1.69e-35
B200YWABXX:3:42:6426:95420#CGATGTA/2	86	1	86	smNRPS-1/2	5910	1282	1367	100	1.69e-35
B200YWABXX:3:23:11916:14495#CGATGTA/1	87	1	87	smNRPS-1/2	5910	2187	2273	100	4.71e-36
A200FVABXX:4:7:11041:65444#CGATGT/1	88	1	88	smNRPS-1/2	5910	639	726	100	1.31e-36
A200FVABXX:4:67:16241:2130#CGATGT/1	88	88	1	smNRPS-1/2	5910	3388	3475	100	1.31e-36
B200YWABXX:3:3:16477:24206#CGATGTA/1	88	88	1	smNRPS-1/2	5910	3166	3253	100	1.31e-36
B200YWABXX:3:6:16774:169077#CGATGTA/1	88	88	1	smNRPS-1/2	5910	5050	5137	100	1.31e-36
B200YWABXX:3:65:6784:28758#CGATGTA/1	88	88	1	smNRPS-1/2	5910	5809	5896	100	1.31e-36
