FC617DNAAXX:7:77:7056:13667#ATCACGAT/2	44	1	44	smNRPS-1/2	5910	2945	2988	100	1.73e-12
FC617DNAAXX:7:92:11365:12912#ATCACGAT/1	67	1	67	smNRPS-1/2	5910	1548	1614	95.522	2.85e-20
FC617DNAAXX:7:98:12673:6210#ATCACGAT/1	64	1	64	smNRPS-1/2	5910	1195	1258	96.875	2.85e-20
FC617DNAAXX:7:42:6764:3700#ATCACGAT/2	63	1	63	smNRPS-1/2	5910	5529	5591	98.413	2.2e-21
FC617DNAAXX:7:2:7255:10559#ATCACGAT/1	67	67	1	smNRPS-1/2	5910	5337	5403	98.507	1.32e-23
FC617DNAAXX:7:9:5067:9810#ATCACGAT/2	71	2	68	smNRPS-1/2	5910	1204	1270	98.507	1.32e-23
FC617DNAAXX:7:115:17850:4117#ATCACGAT/1	67	1	67	smNRPS-1/2	5910	1577	1643	98.507	1.32e-23
FC617DNAAXX:7:7:4414:9382#ATCACGAT/1	64	64	1	smNRPS-1/2	5910	1255	1318	100	1.32e-23
FC617DNAAXX:7:42:6764:3700#ATCACGAT/1	67	67	1	smNRPS-1/2	5910	5808	5874	100	2.83e-25
FC617DNAAXX:7:77:7056:13667#ATCACGAT/1	67	67	1	smNRPS-1/2	5910	3229	3295	100	2.83e-25
FC617DNAAXX:7:91:5242:12856#ATCACGAT/1	67	67	1	smNRPS-1/2	5910	5808	5874	100	2.83e-25
FC617DNAAXX:7:91:5242:12856#ATCACGAT/2	71	1	70	smNRPS-1/2	5910	5529	5598	98.571	2.83e-25
FC617DNAAXX:7:37:17431:18829#ATCACGAT/2	71	71	1	smNRPS-1/2	5910	486	556	98.592	7.86e-26
FC617DNAAXX:7:79:16544:19717#ATCACGAT/2	71	71	1	smNRPS-1/2	5910	646	716	100	1.69e-27
FC617DNAAXX:7:5:19073:7649#ATCACGAT/1	40	40	1	smNRPS-1/2	5910	4801	4840	100	2.92e-10
FC617DNAAXX:7:7:2621:20262#ATCACGAT/2	46	44	1	smNRPS-1/2	5910	3766	3809	100	1.75e-12
FC617DNAAXX:7:13:19106:20579#ATCACGAT/2	46	44	1	smNRPS-1/2	5910	3766	3809	100	1.75e-12
FC617DNAAXX:7:119:9290:2846#ATCACGAT/1	45	45	1	smNRPS-1/2	5910	3000	3044	100	4.86e-13
FC617DNAAXX:7:65:15240:12601#ATCACGAT/1	49	49	1	smNRPS-1/2	5910	5366	5414	97.959	1.35e-13
FC617DNAAXX:7:79:7148:2829#ATCACGAT/1	50	1	50	smNRPS-1/2	5910	1212	1261	98	3.75e-14
FC617DNAAXX:7:40:15164:19258#ATCACGAT/1	48	1	48	smNRPS-1/2	5910	3764	3811	100	1.04e-14
FC617DNAAXX:7:65:15240:12601#ATCACGAT/2	53	1	53	smNRPS-1/2	5910	5081	5133	98.113	8.07e-16
FC617DNAAXX:7:54:7794:9028#ATCACGAT/1	52	1	52	smNRPS-1/2	5910	2603	2654	100	6.24e-17
FC617DNAAXX:7:29:8804:11813#ATCACGAT/2	56	56	1	smNRPS-1/2	5910	668	723	98.214	1.73e-17
FC617DNAAXX:7:53:5107:14990#ATCACGAT/2	56	56	1	smNRPS-1/2	5910	4261	4316	98.214	1.73e-17
FC617DNAAXX:7:43:14164:10738#ATCACGAT/1	54	1	54	smNRPS-1/2	5910	4093	4146	100	4.82e-18
FC617DNAAXX:7:73:2412:2259#ATCACGAT/1	54	1	54	smNRPS-1/2	5910	2313	2366	100	4.82e-18
FC61FL8AAXX:4:78:19311:7588#ATCACG/2	56	56	1	smNRPS-1/2	5910	4298	4353	100	3.73e-19
FC617DNAAXX:7:29:8804:11813#ATCACGAT/1	61	1	61	smNRPS-1/2	5910	381	441	98.361	2.88e-20
FC617DNAAXX:7:84:16631:18728#ATCACGAT/1	67	67	1	smNRPS-1/2	5910	1049	1115	95.522	2.88e-20
FC617DNAAXX:7:5:10339:9818#ATCACGAT/2	61	59	1	smNRPS-1/2	5910	4887	4945	100	8.01e-21
FC617DNAAXX:7:40:19815:2686#ATCACGAT/1	60	60	1	smNRPS-1/2	5910	1992	2051	100	2.23e-21
FC617DNAAXX:7:79:7148:2829#ATCACGAT/2	60	60	1	smNRPS-1/2	5910	1265	1324	100	2.23e-21
FC61FL8AAXX:4:78:19311:7588#ATCACG/1	60	1	60	smNRPS-1/2	5910	4018	4077	100	2.23e-21
FC617DNAAXX:7:15:15760:12192#ATCACGAT/1	67	1	67	smNRPS-1/2	5910	4893	4959	97.015	6.19e-22
FC617DNAAXX:7:22:5453:15983#ATCACGAT/1	67	67	1	smNRPS-1/2	5910	5131	5197	97.015	6.19e-22
FC617DNAAXX:7:37:17431:18829#ATCACGAT/1	67	67	1	smNRPS-1/2	5910	5658	5724	97.015	6.19e-22
FC617DNAAXX:7:47:10730:19875#ATCACGAT/1	67	67	1	smNRPS-1/2	5910	5285	5351	97.015	6.19e-22
FC617DNAAXX:7:73:2412:2259#ATCACGAT/2	61	61	1	smNRPS-1/2	5910	2529	2589	100	6.19e-22
FC617DNAAXX:7:104:3651:20890#ATCACGAT/1	67	1	67	smNRPS-1/2	5910	2888	2954	97.015	6.19e-22
FC617DNAAXX:7:109:4090:14641#ATCACGAT/1	67	67	1	smNRPS-1/2	5910	1062	1128	97.015	6.19e-22
FC617DNAAXX:7:47:13291:7761#ATCACGAT/2	71	68	1	smNRPS-1/2	5910	4723	4790	97.059	1.72e-22
FC617DNAAXX:7:54:11779:11588#ATCACGAT/1	63	1	63	smNRPS-1/2	5910	32	94	100	4.79e-23
FC617DNAAXX:7:111:6556:5125#ATCACGAT/1	63	63	1	smNRPS-1/2	5910	2236	2298	100	4.79e-23
FC617DNAAXX:7:7:12126:15977#ATCACGAT/1	67	1	67	smNRPS-1/2	5910	2822	2888	98.507	1.33e-23
FC617DNAAXX:7:55:14947:9841#ATCACGAT/1	67	67	1	smNRPS-1/2	5910	1652	1718	98.507	1.33e-23
FC617DNAAXX:7:63:14178:8978#ATCACGAT/1	67	1	67	smNRPS-1/2	5910	176	242	98.507	1.33e-23
FC617DNAAXX:7:88:19471:13496#ATCACGAT/1	67	67	1	smNRPS-1/2	5910	2826	2892	98.507	1.33e-23
FC617DNAAXX:7:107:6505:12241#ATCACGAT/1	67	67	1	smNRPS-1/2	5910	3650	3716	98.507	1.33e-23
FC617DNAAXX:7:112:7079:5516#ATCACGAT/1	67	67	1	smNRPS-1/2	5910	2459	2525	98.507	1.33e-23
FC617DNAAXX:7:7:12126:15977#ATCACGAT/2	71	71	1	smNRPS-1/2	5910	3102	3172	97.183	3.7e-24
FC617DNAAXX:7:72:5432:13876#ATCACGAT/2	71	1	68	smNRPS-1/2	5910	5874	5941	98.529	3.7e-24
FC617DNAAXX:7:73:4635:9103#ATCACGAT/1	67	1	65	smNRPS-1/2	5910	4821	4885	100	3.7e-24
FC617DNAAXX:7:95:14209:14237#ATCACGAT/2	71	1	71	smNRPS-1/2	5910	3123	3193	97.183	3.7e-24
FC617DNAAXX:7:101:4460:20376#ATCACGAT/2	71	1	71	smNRPS-1/2	5910	1836	1906	97.183	3.7e-24
FC617DNAAXX:7:110:15501:6027#ATCACGAT/2	71	71	1	smNRPS-1/2	5910	1122	1192	97.183	3.7e-24
FC61FL8AAXX:4:97:11654:19725#ATCACG/1	68	1	68	smNRPS-1/2	5910	110	177	98.529	3.7e-24
FC61FL8AAXX:4:108:12584:17837#ATCACG/1	68	1	68	smNRPS-1/2	5910	80	147	98.529	3.7e-24
FC617DNAAXX:7:114:7152:5013#ATCACGAT/1	67	66	1	smNRPS-1/2	5910	3895	3960	100	1.03e-24
FC617DNAAXX:7:1:4182:5934#ATCACGAT/1	67	1	67	smNRPS-1/2	5910	5747	5813	100	2.86e-25
FC617DNAAXX:7:2:14834:15366#ATCACGAT/1	67	67	1	smNRPS-1/2	5910	5835	5901	100	2.86e-25
FC617DNAAXX:7:5:10339:9818#ATCACGAT/1	67	1	67	smNRPS-1/2	5910	4608	4674	100	2.86e-25
FC617DNAAXX:7:12:8465:19931#ATCACGAT/1	67	67	1	smNRPS-1/2	5910	5775	5841	100	2.86e-25
FC617DNAAXX:7:16:3386:8217#ATCACGAT/1	67	67	1	smNRPS-1/2	5910	1834	1900	100	2.86e-25
FC617DNAAXX:7:19:9102:18380#ATCACGAT/1	67	1	67	smNRPS-1/2	5910	2372	2438	100	2.86e-25
FC617DNAAXX:7:23:19194:13104#ATCACGAT/1	67	1	67	smNRPS-1/2	5910	1238	1304	100	2.86e-25
FC617DNAAXX:7:23:19194:13104#ATCACGAT/2	67	67	1	smNRPS-1/2	5910	1515	1581	100	2.86e-25
FC617DNAAXX:7:25:14263:11980#ATCACGAT/1	67	67	1	smNRPS-1/2	5910	3926	3992	100	2.86e-25
FC617DNAAXX:7:25:19797:13066#ATCACGAT/1	67	67	1	smNRPS-1/2	5910	5055	5121	100	2.86e-25
FC617DNAAXX:7:32:2106:11993#ATCACGAT/1	67	1	67	smNRPS-1/2	5910	2172	2238	100	2.86e-25
FC617DNAAXX:7:39:1900:6232#TCCCCCCA/1	67	1	67	smNRPS-1/2	5910	2161	2227	100	2.86e-25
FC617DNAAXX:7:50:6928:10655#ATCACGAT/1	67	1	67	smNRPS-1/2	5910	2286	2352	100	2.86e-25
FC617DNAAXX:7:53:5107:14990#ATCACGAT/1	67	1	67	smNRPS-1/2	5910	3965	4031	100	2.86e-25
FC617DNAAXX:7:55:4823:10451#ATCACGAT/1	67	1	67	smNRPS-1/2	5910	3616	3682	100	2.86e-25
FC617DNAAXX:7:72:8909:3328#ATCACGAT/1	67	67	1	smNRPS-1/2	5910	5440	5506	100	2.86e-25
FC617DNAAXX:7:73:4635:9103#ATCACGAT/2	70	70	1	smNRPS-1/2	5910	5098	5167	98.571	2.86e-25
FC617DNAAXX:7:76:5948:17768#ATCACGAT/1	67	1	67	smNRPS-1/2	5910	5787	5853	100	2.86e-25
FC617DNAAXX:7:79:3235:13261#ATCACGAT/1	67	67	1	smNRPS-1/2	5910	3183	3249	100	2.86e-25
FC617DNAAXX:7:84:2085:13661#ATCACGAT/1	67	67	1	smNRPS-1/2	5910	5048	5114	100	2.86e-25
FC617DNAAXX:7:87:8345:19425#ATCACGAT/1	67	67	1	smNRPS-1/2	5910	3517	3583	100	2.86e-25
FC617DNAAXX:7:87:12435:9891#ATCACGAT/1	67	1	67	smNRPS-1/2	5910	432	498	100	2.86e-25
FC617DNAAXX:7:90:13551:17091#ATCACGAT/1	67	1	67	smNRPS-1/2	5910	5693	5759	100	2.86e-25
FC617DNAAXX:7:97:1086:10041#ATCACGAT/1	67	1	67	smNRPS-1/2	5910	3173	3239	100	2.86e-25
FC617DNAAXX:7:101:4460:20376#ATCACGAT/1	67	67	1	smNRPS-1/2	5910	2120	2186	100	2.86e-25
FC617DNAAXX:7:102:12540:9543#ATCACGAT/1	67	67	1	smNRPS-1/2	5910	4967	5033	100	2.86e-25
FC617DNAAXX:7:104:3651:20890#ATCACGAT/2	71	67	1	smNRPS-1/2	5910	3150	3216	100	2.86e-25
FC617DNAAXX:7:107:19149:8513#ATCACGAT/1	67	67	1	smNRPS-1/2	5910	5336	5402	100	2.86e-25
FC617DNAAXX:7:116:13531:7650#ACACGATA/1	67	67	1	smNRPS-1/2	5910	2402	2468	100	2.86e-25
FC617DNAAXX:7:116:15303:17669#ATCACGAT/1	67	67	1	smNRPS-1/2	5910	4492	4558	100	2.86e-25
FC617DNAAXX:7:27:13009:1639#ATCACGAT/1	67	1	67	smNRPS-1/2	5910	3468	3534	100	2.86e-25
FC617DNAAXX:7:12:8465:19931#ATCACGAT/2	71	1	71	smNRPS-1/2	5910	5504	5574	98.592	7.95e-26
FC617DNAAXX:7:16:3386:8217#ATCACGAT/2	71	1	71	smNRPS-1/2	5910	1545	1615	98.592	7.95e-26
FC617DNAAXX:7:22:5453:15983#ATCACGAT/2	71	1	71	smNRPS-1/2	5910	4846	4916	98.592	7.95e-26
FC617DNAAXX:7:25:19797:13066#ATCACGAT/2	71	1	71	smNRPS-1/2	5910	4768	4838	98.592	7.95e-26
FC617DNAAXX:7:32:2106:11993#ATCACGAT/2	71	71	1	smNRPS-1/2	5910	2440	2510	98.592	7.95e-26
FC617DNAAXX:7:48:10424:7071#ATCACGAT/2	71	71	1	smNRPS-1/2	5910	5293	5363	98.592	7.95e-26
FC617DNAAXX:7:54:7794:9028#ATCACGAT/2	71	71	1	smNRPS-1/2	5910	2806	2876	98.592	7.95e-26
FC617DNAAXX:7:54:11779:11588#ATCACGAT/2	68	68	1	smNRPS-1/2	5910	312	379	100	7.95e-26
FC617DNAAXX:7:55:4823:10451#ATCACGAT/2	71	68	1	smNRPS-1/2	5910	3895	3962	100	7.95e-26
FC617DNAAXX:7:107:19149:8513#ATCACGAT/2	71	1	71	smNRPS-1/2	5910	5085	5155	98.592	7.95e-26
FC617DNAAXX:7:114:7152:5013#ATCACGAT/2	71	1	71	smNRPS-1/2	5910	3610	3680	98.592	7.95e-26
FC617DNAAXX:7:116:15303:17669#ATCACGAT/2	70	1	68	smNRPS-1/2	5910	4199	4266	100	7.95e-26
FC617DNAAXX:7:119:9290:2846#ATCACGAT/2	71	1	71	smNRPS-1/2	5910	2701	2771	98.592	7.95e-26
FC61FL8AAXX:4:70:11034:9541#ATCACG/1	68	1	68	smNRPS-1/2	5910	5845	5912	100	7.95e-26
FC61FL8AAXX:4:114:8356:6745#ATCACG/1	68	1	68	smNRPS-1/2	5910	1504	1571	100	7.95e-26
FC617DNAAXX:7:70:5672:6731#ATCACGAT/2	71	1	71	smNRPS-1/2	5910	5295	5365	98.592	7.95e-26
FC617DNAAXX:7:9:15372:18111#ATCACGAT/2	69	1	69	smNRPS-1/2	5910	3613	3681	100	2.21e-26
FC617DNAAXX:7:79:3235:13261#ATCACGAT/2	71	3	71	smNRPS-1/2	5910	2915	2983	100	2.21e-26
FC617DNAAXX:7:84:2085:13661#ATCACGAT/2	71	3	71	smNRPS-1/2	5910	4776	4844	100	2.21e-26
FC617DNAAXX:7:88:19471:13496#ATCACGAT/2	71	1	69	smNRPS-1/2	5910	2555	2623	100	2.21e-26
FC61FL8AAXX:4:97:11654:19725#ATCACG/2	71	71	3	smNRPS-1/2	5910	382	450	100	2.21e-26
FC617DNAAXX:7:44:1634:16001#ATCACGAT/2	70	1	70	smNRPS-1/2	5910	5767	5836	100	6.15e-27
FC617DNAAXX:7:47:10730:19875#ATCACGAT/2	70	1	70	smNRPS-1/2	5910	5011	5080	100	6.15e-27
FC617DNAAXX:7:107:6505:12241#ATCACGAT/2	70	1	70	smNRPS-1/2	5910	3368	3437	100	6.15e-27
FC617DNAAXX:7:2:7255:10559#ATCACGAT/2	71	71	1	smNRPS-1/2	5910	753	823	100	1.71e-27
FC617DNAAXX:7:13:16873:11483#ATCACGAT/2	71	71	1	smNRPS-1/2	5910	4384	4454	100	1.71e-27
FC617DNAAXX:7:15:15760:12192#ATCACGAT/2	71	71	1	smNRPS-1/2	5910	5166	5236	100	1.71e-27
FC617DNAAXX:7:19:9102:18380#ATCACGAT/2	71	71	1	smNRPS-1/2	5910	2641	2711	100	1.71e-27
FC617DNAAXX:7:40:19815:2686#ATCACGAT/2	71	1	71	smNRPS-1/2	5910	1694	1764	100	1.71e-27
FC617DNAAXX:7:63:14178:8978#ATCACGAT/2	71	71	1	smNRPS-1/2	5910	436	506	100	1.71e-27
FC617DNAAXX:7:72:8909:3328#ATCACGAT/2	71	1	71	smNRPS-1/2	5910	5174	5244	100	1.71e-27
FC617DNAAXX:7:84:16631:18728#ATCACGAT/2	71	1	71	smNRPS-1/2	5910	772	842	100	1.71e-27
FC617DNAAXX:7:87:8345:19425#ATCACGAT/2	71	1	71	smNRPS-1/2	5910	3263	3333	100	1.71e-27
FC617DNAAXX:7:87:12435:9891#ATCACGAT/2	71	71	1	smNRPS-1/2	5910	706	776	100	1.71e-27
FC617DNAAXX:7:109:4090:14641#ATCACGAT/2	71	1	71	smNRPS-1/2	5910	788	858	100	1.71e-27
FC617DNAAXX:7:111:6556:5125#ATCACGAT/2	71	1	71	smNRPS-1/2	5910	1959	2029	100	1.71e-27
FC617DNAAXX:7:112:7079:5516#ATCACGAT/2	71	1	71	smNRPS-1/2	5910	2211	2281	100	1.71e-27
FC617DNAAXX:7:115:17850:4117#ATCACGAT/2	71	1	71	smNRPS-1/2	5910	4024	4094	100	1.71e-27
FC617DNAAXX:7:116:13531:7650#ACACGATA/2	71	1	71	smNRPS-1/2	5910	2113	2183	100	1.71e-27
FC617DNAAXX:7:88:8600:19927#ATCACGAT/2	71	1	71	smNRPS-1/2	5910	1734	1804	100	1.71e-27
