A2011BABXX:1:2:13965:187535#ACAGTGA/1	57	57	1	smNRPS-1/2	5910	402	458	96.491	2.79e-16
A2011BABXX:1:26:19238:156817#ACAGTGA/2	62	62	1	smNRPS-1/2	5910	672	733	95.161	2.16e-17
B201LRABXX:8:46:19474:143699#ACAGTGA/2	72	1	72	smNRPS-1/2	5910	681	751	95.833	2.14e-22
A2011BABXX:1:1:9370:140183#ACAGTGA/2	75	75	3	smNRPS-1/2	5910	2333	2405	95.89	1.65e-23
A2011BABXX:1:66:6957:138368#ACAGTGA/1	87	1	87	smNRPS-1/2	5910	4184	4270	97.701	5.87e-33
A2011BABXX:1:67:6264:114473#ACAGTGA/1	87	87	2	smNRPS-1/2	5910	5326	5411	98.837	4.54e-34
A2011BABXX:1:26:19238:156817#ACAGTGA/1	84	1	84	smNRPS-1/2	5910	450	533	100	1.26e-34
B201LRABXX:8:28:7683:189766#ACAGTGA/1	85	85	1	smNRPS-1/2	5910	454	538	100	3.51e-35
B201LRABXX:8:66:1945:109169#ACAGTGA/2	85	1	85	smNRPS-1/2	5910	458	542	100	3.51e-35
A2011BABXX:1:21:15149:140694#ACAGTGA/1	87	87	3	smNRPS-1/2	5910	1236	1320	100	3.51e-35
A2011BABXX:1:8:15661:123220#ACAGTGA/2	39	39	1	smNRPS-1/2	5910	1602	1640	100	1.32e-9
A2011BABXX:1:23:14174:13723#ACAGTGA/1	39	39	1	smNRPS-1/2	5910	616	654	100	1.32e-9
A2011BABXX:1:27:14047:173667#ACAGTGA/1	43	43	1	smNRPS-1/2	5910	5892	5934	97.674	3.68e-10
A2011BABXX:1:21:15149:140694#ACAGTGA/2	49	48	4	smNRPS-1/2	5910	4887	4931	97.778	2.84e-11
A2011BABXX:1:7:19087:33331#ACAGTGA/1	57	57	1	smNRPS-1/2	5910	2020	2076	96.491	2.82e-16
A2011BABXX:1:46:2499:58332#ACAGTGA/2	57	57	1	smNRPS-1/2	5910	3963	4019	98.246	6.07e-18
A2011BABXX:1:2:13965:187535#ACAGTGA/2	65	65	1	smNRPS-1/2	5910	5757	5821	96.923	1.01e-20
A2011BABXX:1:6:2880:191788#ACAGTGA/2	66	1	66	smNRPS-1/2	5910	4147	4212	98.485	6.02e-23
A2011BABXX:1:46:2499:58332#ACAGTGA/1	71	1	70	smNRPS-1/2	5910	3734	3803	97.143	1.67e-23
A2011BABXX:1:64:16957:150192#ACAGTGA/1	71	1	71	smNRPS-1/2	5910	1124	1194	97.183	4.66e-24
A2011BABXX:1:68:2789:148570#ACAGTGA/2	75	1	75	smNRPS-1/2	5910	536	610	96	1.29e-24
A2011BABXX:1:41:4205:13915#ACAGTGA/1	80	1	80	smNRPS-1/2	5910	5601	5680	96.25	2.15e-27
B201LRABXX:8:46:19474:143699#ACAGTGA/1	81	1	81	smNRPS-1/2	5910	4959	5039	96.296	5.98e-28
A2011BABXX:1:23:14174:13723#ACAGTGA/2	75	1	75	smNRPS-1/2	5910	348	422	98.667	5.98e-28
A2011BABXX:1:48:19389:119784#ACAGTGA/2	80	80	1	smNRPS-1/2	5910	1225	1304	97.5	4.62e-29
A2011BABXX:1:64:16957:150192#ACAGTGA/2	77	77	1	smNRPS-1/2	5910	1354	1430	98.701	4.62e-29
A2011BABXX:1:41:4205:13915#ACAGTGA/2	75	75	1	smNRPS-1/2	5910	5815	5889	100	1.29e-29
A2011BABXX:1:45:3772:65820#ACAGTGA/1	81	1	81	smNRPS-1/2	5910	877	957	97.531	1.29e-29
A2011BABXX:1:61:1508:197224#ACAGTGA/1	87	87	1	smNRPS-1/2	5910	3679	3765	95.402	1.29e-29
B201LRABXX:8:28:7683:189766#ACAGTGA/2	85	82	1	smNRPS-1/2	5910	5646	5727	97.561	3.57e-30
B201LRABXX:8:67:7869:116324#ACAGTGA/2	85	1	85	smNRPS-1/2	5910	3294	3378	96.471	3.57e-30
B201LRABXX:8:68:1678:190815#ACAGTGA/1	85	82	1	smNRPS-1/2	5910	1826	1907	97.561	3.57e-30
A2011BABXX:1:47:15086:167676#ACAGTGA/2	85	1	85	smNRPS-1/2	5910	4942	5026	96.471	3.57e-30
A2011BABXX:1:23:3464:52196#ACAGTGA/2	77	77	1	smNRPS-1/2	5910	2162	2238	100	9.94e-31
A2011BABXX:1:6:9317:53598#ACAGTGA/1	87	87	3	smNRPS-1/2	5910	4802	4885	97.647	2.76e-31
A2011BABXX:1:6:9317:53598#ACAGTGA/2	84	1	84	smNRPS-1/2	5910	4553	4636	97.619	2.76e-31
A2011BABXX:1:6:19638:92615#ACAGTGA/1	82	82	2	smNRPS-1/2	5910	5510	5590	98.765	2.76e-31
B201LRABXX:8:8:17541:93197#ACAGTGA/2	85	1	85	smNRPS-1/2	5910	2466	2550	97.647	7.68e-32
B201LRABXX:8:8:7829:147385#ACAGTGA/1	85	1	85	smNRPS-1/2	5910	5176	5260	97.647	7.68e-32
B201LRABXX:8:26:2419:26700#ACAGTGA/2	85	85	1	smNRPS-1/2	5910	3627	3711	97.647	7.68e-32
B201LRABXX:8:26:8084:112419#ACAGTGA/1	85	85	1	smNRPS-1/2	5910	52	136	97.647	7.68e-32
B201LRABXX:8:63:10329:73205#ACAGTGA/1	85	85	1	smNRPS-1/2	5910	4208	4292	97.647	7.68e-32
B201LRABXX:8:65:4983:160457#ACAGTGA/2	85	1	85	smNRPS-1/2	5910	2583	2667	97.647	7.68e-32
B201LRABXX:8:66:1945:109169#ACAGTGA/1	85	1	85	smNRPS-1/2	5910	5190	5274	97.647	7.68e-32
B201LRABXX:8:67:7869:116324#ACAGTGA/1	85	85	1	smNRPS-1/2	5910	3519	3603	97.647	7.68e-32
A2011BABXX:1:2:9115:29458#ACAGTGA/2	85	85	1	smNRPS-1/2	5910	3101	3185	97.647	7.68e-32
A2011BABXX:1:3:6355:196496#ACAGTGA/2	85	85	1	smNRPS-1/2	5910	1094	1178	97.647	7.68e-32
A2011BABXX:1:8:15661:123220#ACAGTGA/1	85	1	85	smNRPS-1/2	5910	1304	1388	97.647	7.68e-32
A2011BABXX:1:3:15125:175451#ACAGTGA/2	85	1	85	smNRPS-1/2	5910	2716	2800	97.647	7.68e-32
A2011BABXX:1:3:6355:196496#ACAGTGA/1	86	1	86	smNRPS-1/2	5910	1041	1126	97.674	2.14e-32
A2011BABXX:1:27:13515:96070#ACAGTGA/2	80	1	80	smNRPS-1/2	5910	2298	2377	100	2.14e-32
A2011BABXX:1:27:13515:96070#ACAGTGA/1	87	87	1	smNRPS-1/2	5910	2505	2591	97.701	5.94e-33
A2011BABXX:1:44:11859:147930#ACAGTGA/1	87	1	87	smNRPS-1/2	5910	93	179	97.701	5.94e-33
A2011BABXX:1:45:3824:57064#ACAGTGA/1	87	87	1	smNRPS-1/2	5910	2487	2573	97.701	5.94e-33
A2011BABXX:1:67:6264:114473#ACAGTGA/2	85	84	1	smNRPS-1/2	5910	548	631	98.81	5.94e-33
B201LRABXX:8:8:17541:93197#ACAGTGA/1	85	85	1	smNRPS-1/2	5910	2681	2765	98.824	1.65e-33
B201LRABXX:8:8:7829:147385#ACAGTGA/2	85	85	1	smNRPS-1/2	5910	5377	5461	98.824	1.65e-33
B201LRABXX:8:26:2419:26700#ACAGTGA/1	85	1	85	smNRPS-1/2	5910	3393	3477	98.824	1.65e-33
B201LRABXX:8:28:6490:130693#ACAGTGA/2	85	85	1	smNRPS-1/2	5910	1003	1087	98.824	1.65e-33
B201LRABXX:8:46:13345:67648#ACAGTGA/1	85	85	1	smNRPS-1/2	5910	80	164	98.824	1.65e-33
B201LRABXX:8:63:10329:73205#ACAGTGA/2	85	1	85	smNRPS-1/2	5910	3975	4059	98.824	1.65e-33
B201LRABXX:8:64:2706:35614#ACAGTGA/1	85	85	1	smNRPS-1/2	5910	1549	1633	98.824	1.65e-33
B201LRABXX:8:65:7682:60642#ACAGTGA/2	85	85	1	smNRPS-1/2	5910	1048	1132	98.824	1.65e-33
B201LRABXX:8:65:4983:160457#ACAGTGA/1	85	85	1	smNRPS-1/2	5910	2624	2708	98.824	1.65e-33
A2011BABXX:1:2:9115:29458#ACAGTGA/1	85	1	85	smNRPS-1/2	5910	2869	2953	98.824	1.65e-33
A2011BABXX:1:41:15826:177337#ACAGTGA/2	85	82	1	smNRPS-1/2	5910	2151	2232	100	1.65e-33
A2011BABXX:1:44:11859:147930#ACAGTGA/2	85	85	1	smNRPS-1/2	5910	331	415	98.824	1.65e-33
A2011BABXX:1:45:3824:57064#ACAGTGA/2	85	1	85	smNRPS-1/2	5910	2258	2342	98.824	1.65e-33
A2011BABXX:1:41:15826:177337#ACAGTGA/1	87	1	87	smNRPS-1/2	5910	1918	2004	98.851	1.28e-34
A2011BABXX:1:48:19389:119784#ACAGTGA/1	87	1	87	smNRPS-1/2	5910	1003	1089	98.851	1.28e-34
A2011BABXX:1:65:5726:143694#ACAGTGA/1	87	1	87	smNRPS-1/2	5910	303	389	98.851	1.28e-34
B201LRABXX:8:3:19945:68527#ACAGTGA/1	85	1	85	smNRPS-1/2	5910	2945	3029	100	3.55e-35
B201LRABXX:8:3:19945:68527#ACAGTGA/2	85	85	1	smNRPS-1/2	5910	3180	3264	100	3.55e-35
B201LRABXX:8:28:6490:130693#ACAGTGA/1	85	1	85	smNRPS-1/2	5910	774	858	100	3.55e-35
B201LRABXX:8:64:2706:35614#ACAGTGA/2	85	1	85	smNRPS-1/2	5910	1371	1455	100	3.55e-35
B201LRABXX:8:65:7682:60642#ACAGTGA/1	85	1	85	smNRPS-1/2	5910	805	889	100	3.55e-35
B201LRABXX:8:68:1678:190815#ACAGTGA/2	85	1	85	smNRPS-1/2	5910	1588	1672	100	3.55e-35
A2011BABXX:1:6:19638:92615#ACAGTGA/2	85	1	85	smNRPS-1/2	5910	5274	5358	100	3.55e-35
A2011BABXX:1:66:6957:138368#ACAGTGA/2	85	1	85	smNRPS-1/2	5910	1381	1465	100	3.55e-35
A2011BABXX:1:1:9370:140183#ACAGTGA/1	87	87	1	smNRPS-1/2	5910	3796	3882	100	2.74e-36
A2011BABXX:1:23:3464:52196#ACAGTGA/1	87	1	87	smNRPS-1/2	5910	1913	1999	100	2.74e-36
A2011BABXX:1:68:2789:148570#ACAGTGA/1	87	87	1	smNRPS-1/2	5910	774	860	100	2.74e-36
