C8G6HANXX160303:5:1107:2820:62914/2	97	97	1	smNRPS-1/2	5910	4799	4895	96.907	6.69e-37
C8G6HANXX160303:5:1213:9093:47050/1	88	1	88	smNRPS-1/2	5910	5057	5144	100	6.69e-37
C8G6HANXX160303:7:1308:14923:70775/1	91	91	1	smNRPS-1/2	5910	2212	2302	100	1.44e-38
C8G6HANXX160303:8:1207:18816:17889/2	95	95	1	smNRPS-1/2	5910	4367	4461	98.947	4e-39
C8G6HANXX160303:3:2307:11155:57712/1	100	93	1	smNRPS-1/2	5910	1868	1960	100	1.11e-39
C8G6HANXX160303:5:2302:10584:88036/1	97	97	1	smNRPS-1/2	5910	338	434	98.969	3.09e-40
C8G6HANXX160303:5:1107:2820:62914/1	97	1	97	smNRPS-1/2	5910	4470	4566	98.969	3.09e-40
C8G6HANXX160303:7:1305:3697:41626/1	100	100	1	smNRPS-1/2	5910	239	338	98	3.09e-40
C8G6HANXX160303:3:2307:11155:57712/2	100	1	94	smNRPS-1/2	5910	1868	1961	100	3.09e-40
C8G6HANXX160303:7:1305:3697:41626/2	101	1	101	smNRPS-1/2	5910	223	323	98.02	8.59e-41
C8G6HANXX160303:6:1105:17622:18771/1	101	101	1	smNRPS-1/2	5910	2710	2810	98.02	8.59e-41
C8G6HANXX160303:7:2114:10262:62785/1	101	101	1	smNRPS-1/2	5910	3686	3786	98.02	8.59e-41
C8G6HANXX160303:8:1101:1433:34191/1	100	100	1	smNRPS-1/2	5910	1245	1344	99	6.64e-42
C8G6HANXX160303:5:2316:18297:78883/1	100	1	100	smNRPS-1/2	5910	5482	5581	99	6.64e-42
C8G6HANXX160303:3:1201:14447:56536/2	100	1	100	smNRPS-1/2	5910	4098	4197	99	6.64e-42
C8G6HANXX160303:5:2302:10584:88036/2	101	1	101	smNRPS-1/2	5910	312	412	99.01	1.85e-42
C8G6HANXX160303:5:2107:10251:76986/1	98	98	1	smNRPS-1/2	5910	3792	3889	100	1.85e-42
C8G6HANXX160303:4:1110:3592:3802/2	101	1	101	smNRPS-1/2	5910	3366	3466	99.01	1.85e-42
C8G6HANXX160303:5:1201:5438:5706/1	101	101	1	smNRPS-1/2	5910	1024	1124	99.01	1.85e-42
C8G6HANXX160303:5:2310:17848:43835/2	101	101	1	smNRPS-1/2	5910	2682	2782	99.01	1.85e-42
C8G6HANXX160303:8:1101:1433:34191/2	101	1	101	smNRPS-1/2	5910	1207	1307	99.01	1.85e-42
C8G6HANXX160303:5:2316:18297:78883/2	101	101	1	smNRPS-1/2	5910	5503	5603	99.01	1.85e-42
C8G6HANXX160303:5:1213:9093:47050/2	101	101	1	smNRPS-1/2	5910	5150	5250	99.01	1.85e-42
C8G6HANXX160303:5:1304:14509:69260/1	98	98	1	smNRPS-1/2	5910	543	640	100	1.85e-42
C8G6HANXX160303:6:1309:20890:34019/1	101	1	101	smNRPS-1/2	5910	346	446	99.01	1.85e-42
C8G6HANXX160303:4:2303:16861:74893/2	101	1	101	smNRPS-1/2	5910	5654	5754	99.01	1.85e-42
C8G6HANXX160303:7:1108:19311:94208/1	99	99	1	smNRPS-1/2	5910	2025	2123	100	5.13e-43
C8G6HANXX160303:8:1207:18816:17889/1	99	1	99	smNRPS-1/2	5910	4090	4188	100	5.13e-43
C8G6HANXX160303:4:1110:3592:3802/1	99	99	1	smNRPS-1/2	5910	3373	3471	100	5.13e-43
C8G6HANXX160303:5:2310:17848:43835/1	99	1	99	smNRPS-1/2	5910	2585	2683	100	5.13e-43
C8G6HANXX160303:3:1204:16829:84564/1	100	100	1	smNRPS-1/2	5910	730	829	100	1.43e-43
C8G6HANXX160303:7:1108:19311:94208/2	101	1	101	smNRPS-1/2	5910	1948	2048	100	3.97e-44
C8G6HANXX160303:5:2107:10251:76986/2	101	1	101	smNRPS-1/2	5910	3749	3849	100	3.97e-44
C8G6HANXX160303:5:1201:5438:5706/2	101	1	101	smNRPS-1/2	5910	824	924	100	3.97e-44
C8G6HANXX160303:3:1209:20390:35705/1	101	101	1	smNRPS-1/2	5910	1203	1303	100	3.97e-44
C8G6HANXX160303:3:1209:20390:35705/2	101	1	101	smNRPS-1/2	5910	1192	1292	100	3.97e-44
C8G6HANXX160303:6:1208:12193:97920/1	101	101	1	smNRPS-1/2	5910	2476	2576	100	3.97e-44
C8G6HANXX160303:6:1208:12193:97920/2	101	1	101	smNRPS-1/2	5910	2169	2269	100	3.97e-44
C8G6HANXX160303:3:1204:16829:84564/2	101	1	101	smNRPS-1/2	5910	727	827	100	3.97e-44
C8G6HANXX160303:5:1211:10641:50576/1	101	101	1	smNRPS-1/2	5910	642	742	100	3.97e-44
C8G6HANXX160303:5:1211:10641:50576/2	101	1	101	smNRPS-1/2	5910	618	718	100	3.97e-44
C8G6HANXX160303:6:1111:16361:11426/1	101	101	1	smNRPS-1/2	5910	3895	3995	100	3.97e-44
C8G6HANXX160303:6:1111:16361:11426/2	101	1	101	smNRPS-1/2	5910	3845	3945	100	3.97e-44
C8G6HANXX160303:5:1304:14509:69260/2	101	1	101	smNRPS-1/2	5910	529	629	100	3.97e-44
C8G6HANXX160303:3:2215:7457:27937/1	101	101	1	smNRPS-1/2	5910	1284	1384	100	3.97e-44
