C8G6HANXX160303:8:2214:12839:51873/2	101	101	1	smNRPS-1/2	5910	4222	4322	97.03	3.31e-39
C8G6HANXX160303:6:1215:5029:33136/1	99	99	1	smNRPS-1/2	5910	5020	5118	98.99	1.98e-41
C8G6HANXX160303:6:1215:5029:33136/2	101	1	101	smNRPS-1/2	5910	5014	5114	99.01	1.53e-42
C8G6HANXX160303:8:2214:12839:51873/1	101	1	101	smNRPS-1/2	5910	4098	4198	100	3.28e-44
C8G6HANXX160303:3:1114:16409:74113/1	101	101	1	smNRPS-1/2	5910	5020	5120	100	3.28e-44
C8G6HANXX160303:3:1306:2360:79292/1	99	1	99	smNRPS-1/2	5910	3608	3706	96.97	4.33e-38
C8G6HANXX160303:7:1110:12713:13100/1	97	94	1	smNRPS-1/2	5910	2634	2727	98.936	1.2e-38
C8G6HANXX160303:3:1306:2360:79292/2	101	101	1	smNRPS-1/2	5910	3801	3901	97.03	3.35e-39
C8G6HANXX160303:7:1110:12713:13100/2	99	1	97	smNRPS-1/2	5910	2634	2730	98.969	2.59e-40
C8G6HANXX160303:4:2313:6072:41338/2	101	1	101	smNRPS-1/2	5910	266	366	98.02	7.19e-41
C8G6HANXX160303:7:2315:14324:69416/1	100	100	2	smNRPS-1/2	5910	5549	5647	100	4.3e-43
C8G6HANXX160303:8:1312:10099:4920/1	100	100	1	smNRPS-1/2	5910	5387	5486	100	1.2e-43
C8G6HANXX160303:4:2313:6072:41338/1	100	100	1	smNRPS-1/2	5910	375	474	100	1.2e-43
C8G6HANXX160303:7:2315:14324:69416/2	101	1	101	smNRPS-1/2	5910	5376	5476	100	3.32e-44
C8G6HANXX160303:8:1312:10099:4920/2	101	1	101	smNRPS-1/2	5910	5343	5443	100	3.32e-44
C8G6HANXX160303:4:2304:15398:55304/1	101	101	1	smNRPS-1/2	5910	5387	5487	100	3.32e-44
C8G6HANXX160303:4:2304:15398:55304/2	101	1	101	smNRPS-1/2	5910	5343	5443	100	3.32e-44
