C662FACXX150129:2:2213:8250:95495/1	61	1	61	smNRPS-1/2	5910	4868	4928	100	4.12e-22
C662FACXX150129:6:1215:17287:3482/2	80	1	80	smNRPS-1/2	5910	665	744	100	1.13e-32
C662FACXX150129:5:2115:3114:18641/1	101	1	82	smNRPS-1/2	5910	5794	5875	100	8.72e-34
C662FACXX150129:2:1302:6900:19592/2	101	1	91	smNRPS-1/2	5910	5785	5875	100	8.66e-39
C662FACXX150129:3:2113:5779:64456/2	93	1	93	smNRPS-1/2	5910	5271	5363	100	6.7e-40
C662FACXX150129:6:1215:17287:3482/1	99	99	1	smNRPS-1/2	5910	703	801	98.99	1.44e-41
C662FACXX150129:4:1310:11049:58383/1	97	97	1	smNRPS-1/2	5910	27	123	100	4e-42
C662FACXX150129:5:1114:14070:29196/1	98	1	98	smNRPS-1/2	5910	461	558	100	1.11e-42
C662FACXX150129:5:1114:14070:29196/2	101	101	1	smNRPS-1/2	5910	573	673	100	2.39e-44
C662FACXX150129:7:1307:15285:36969/1	101	101	1	smNRPS-1/2	5910	2076	2176	100	2.39e-44
C662FACXX150129:7:1307:15285:36969/2	101	1	101	smNRPS-1/2	5910	2024	2124	100	2.39e-44
C662FACXX150129:2:1105:14403:26095/1	101	1	101	smNRPS-1/2	5910	1980	2080	100	2.39e-44
C662FACXX150129:2:1105:14403:26095/2	101	101	1	smNRPS-1/2	5910	2185	2285	100	2.39e-44
C662FACXX150129:4:1314:15758:57884/1	101	1	101	smNRPS-1/2	5910	4329	4429	100	2.39e-44
C662FACXX150129:4:1314:15758:57884/2	101	101	1	smNRPS-1/2	5910	4464	4564	100	2.39e-44
C662FACXX150129:5:2308:11118:80204/1	101	1	101	smNRPS-1/2	5910	4246	4346	100	2.39e-44
C662FACXX150129:5:2308:11118:80204/2	101	101	1	smNRPS-1/2	5910	4297	4397	100	2.39e-44
C662FACXX150129:7:2203:6979:44299/2	66	66	1	smNRPS-1/2	5910	2953	3018	100	6.92e-25
C662FACXX150129:7:1207:11082:70227/2	71	1	71	smNRPS-1/2	5910	3407	3477	98.592	5.35e-26
C662FACXX150129:7:1204:14250:28989/2	76	1	76	smNRPS-1/2	5910	4343	4418	100	1.91e-30
C662FACXX150129:4:1305:16111:89323/2	83	83	1	smNRPS-1/2	5910	3556	3638	98.795	1.14e-32
C662FACXX150129:2:2301:9551:83618/1	83	1	83	smNRPS-1/2	5910	3506	3588	98.795	1.14e-32
C662FACXX150129:2:2116:10009:44937/1	83	1	83	smNRPS-1/2	5910	3506	3588	98.795	1.14e-32
C662FACXX150129:3:1212:11245:20233/2	101	101	1	smNRPS-1/2	5910	1801	1899	95.05	1.9e-35
C662FACXX150129:5:2115:16685:100755/2	101	101	1	smNRPS-1/2	5910	1801	1899	95.05	1.9e-35
C662FACXX150129:3:1203:3980:2055/2	101	1	91	smNRPS-1/2	5910	745	835	97.802	1.9e-35
C662FACXX150129:4:1210:20146:92279/2	99	90	1	smNRPS-1/2	5910	1347	1436	98.889	1.47e-36
C662FACXX150129:7:2206:19354:21449/1	88	88	1	smNRPS-1/2	5910	3950	4037	100	4.08e-37
C662FACXX150129:4:1202:20421:71071/1	101	1	101	smNRPS-1/2	5910	3866	3966	97.03	2.44e-39
C662FACXX150129:4:1305:16111:89323/1	98	1	98	smNRPS-1/2	5910	3257	3354	97.959	2.44e-39
C662FACXX150129:3:2311:17531:101144/1	99	5	99	smNRPS-1/2	5910	379	473	98.947	2.44e-39
C662FACXX150129:2:1208:1824:19939/2	96	1	96	smNRPS-1/2	5910	1111	1206	98.958	6.78e-40
C662FACXX150129:2:1201:2361:13634/1	101	1	101	smNRPS-1/2	5910	3058	3158	98.02	5.24e-41
C662FACXX150129:2:1208:1824:19939/1	101	101	1	smNRPS-1/2	5910	1388	1488	98.02	5.24e-41
C662FACXX150129:6:1215:11628:83109/1	101	1	101	smNRPS-1/2	5910	4191	4291	98.02	5.24e-41
C662FACXX150129:3:1212:11245:20233/1	101	1	101	smNRPS-1/2	5910	1661	1761	98.02	5.24e-41
C662FACXX150129:4:1202:20421:71071/2	101	101	1	smNRPS-1/2	5910	3937	4037	98.02	5.24e-41
C662FACXX150129:7:1215:3383:50599/1	101	1	101	smNRPS-1/2	5910	3506	3606	98.02	5.24e-41
C662FACXX150129:2:2202:16004:54305/1	96	96	1	smNRPS-1/2	5910	4070	4165	100	1.46e-41
C662FACXX150129:4:1112:15942:10382/2	97	97	1	smNRPS-1/2	5910	5591	5687	100	4.05e-42
C662FACXX150129:5:2206:1735:35938/1	101	101	1	smNRPS-1/2	5910	315	415	99.01	1.13e-42
C662FACXX150129:5:2206:1735:35938/2	101	1	101	smNRPS-1/2	5910	314	414	99.01	1.13e-42
C662FACXX150129:6:2207:19376:14452/1	101	1	101	smNRPS-1/2	5910	3980	4080	99.01	1.13e-42
C662FACXX150129:7:1207:11082:70227/1	99	99	2	smNRPS-1/2	5910	3785	3882	100	1.13e-42
C662FACXX150129:5:2115:16685:100755/1	101	1	101	smNRPS-1/2	5910	1661	1761	99.01	1.13e-42
C662FACXX150129:7:2206:19354:21449/2	101	1	101	smNRPS-1/2	5910	3924	4024	99.01	1.13e-42
C662FACXX150129:4:1108:9330:75765/1	101	101	1	smNRPS-1/2	5910	1291	1391	99.01	1.13e-42
C662FACXX150129:4:1108:9330:75765/2	101	1	101	smNRPS-1/2	5910	1086	1186	99.01	1.13e-42
C662FACXX150129:2:2308:7086:38926/1	101	1	101	smNRPS-1/2	5910	4986	5086	99.01	1.13e-42
C662FACXX150129:4:1115:5617:87649/1	101	1	101	smNRPS-1/2	5910	4803	4903	99.01	1.13e-42
C662FACXX150129:2:1110:7148:41843/2	101	1	101	smNRPS-1/2	5910	776	876	99.01	1.13e-42
C662FACXX150129:2:1201:2361:13634/2	101	101	1	smNRPS-1/2	5910	3332	3432	100	2.42e-44
C662FACXX150129:7:2203:6979:44299/1	101	1	101	smNRPS-1/2	5910	2881	2981	100	2.42e-44
C662FACXX150129:4:1112:15942:10382/1	101	1	101	smNRPS-1/2	5910	5340	5440	100	2.42e-44
C662FACXX150129:2:1306:6696:28355/1	101	1	101	smNRPS-1/2	5910	5340	5440	100	2.42e-44
C662FACXX150129:2:1306:6696:28355/2	101	101	1	smNRPS-1/2	5910	5587	5687	100	2.42e-44
C662FACXX150129:6:1308:12620:51725/1	101	1	101	smNRPS-1/2	5910	2881	2981	100	2.42e-44
C662FACXX150129:6:1308:12620:51725/2	101	101	1	smNRPS-1/2	5910	2918	3018	100	2.42e-44
C662FACXX150129:6:2207:19376:14452/2	101	101	1	smNRPS-1/2	5910	4049	4149	100	2.42e-44
C662FACXX150129:2:1106:5646:94510/1	101	101	1	smNRPS-1/2	5910	4065	4165	100	2.42e-44
C662FACXX150129:2:1106:5646:94510/2	101	1	101	smNRPS-1/2	5910	3778	3878	100	2.42e-44
C662FACXX150129:7:2314:5487:28158/2	101	1	101	smNRPS-1/2	5910	1578	1678	100	2.42e-44
C662FACXX150129:2:2308:7086:38926/2	101	101	1	smNRPS-1/2	5910	5031	5131	100	2.42e-44
