C662FACXX150129:6:2308:4060:40395/2	68	68	1	smNRPS-1/2	5910	1318	1385	97.059	1.58e-22
C662FACXX150129:4:2314:7442:15948/1	68	68	1	smNRPS-1/2	5910	76	143	98.529	3.39e-24
C662FACXX150129:2:2107:5040:7096/1	78	1	78	smNRPS-1/2	5910	3718	3795	97.436	4.35e-28
C662FACXX150129:6:2308:9441:99458/2	95	21	95	smNRPS-1/2	5910	1	75	98.667	4.35e-28
C662FACXX150129:4:2202:3912:57291/1	95	88	1	smNRPS-1/2	5910	3660	3746	95.455	9.35e-30
C662FACXX150129:4:2202:3912:57291/2	92	1	83	smNRPS-1/2	5910	3664	3746	97.59	7.23e-31
C662FACXX150129:4:1210:10026:77225/1	80	1	80	smNRPS-1/2	5910	2683	2762	98.75	7.23e-31
C662FACXX150129:4:2309:16554:4086/2	86	1	86	smNRPS-1/2	5910	2500	2585	97.674	1.55e-32
C662FACXX150129:5:1104:19807:100734/1	91	3	91	smNRPS-1/2	5910	4413	4501	96.629	1.55e-32
C662FACXX150129:2:2107:5040:7096/2	93	93	1	smNRPS-1/2	5910	3869	3961	96.774	9.28e-35
C662FACXX150129:4:2314:7442:15948/2	85	1	85	smNRPS-1/2	5910	29	113	100	2.58e-35
C662FACXX150129:6:1301:14769:58834/1	101	2	101	smNRPS-1/2	5910	4622	4721	95	2.58e-35
C662FACXX150129:2:1309:5049:35732/2	101	101	1	smNRPS-1/2	5910	2530	2630	95.05	7.18e-36
C662FACXX150129:2:1115:6094:33481/1	101	101	1	smNRPS-1/2	5910	3423	3523	95.05	7.18e-36
C662FACXX150129:3:1310:9247:13175/2	101	1	101	smNRPS-1/2	5910	3645	3745	95.05	7.18e-36
C662FACXX150129:7:1313:7310:34386/1	101	101	1	smNRPS-1/2	5910	3326	3426	95.05	7.18e-36
C662FACXX150129:7:1313:7310:34386/2	98	1	98	smNRPS-1/2	5910	3236	3333	95.918	7.18e-36
C662FACXX150129:4:1113:17662:30769/1	100	98	1	smNRPS-1/2	5910	1960	2057	95.918	7.18e-36
C662FACXX150129:4:2309:16554:4086/1	101	101	1	smNRPS-1/2	5910	2978	3078	95.05	7.18e-36
C662FACXX150129:2:2112:5486:13096/1	97	3	97	smNRPS-1/2	5910	4413	4507	96.842	7.18e-36
C662FACXX150129:4:1303:18610:99277/1	101	101	1	smNRPS-1/2	5910	4635	4735	95.05	7.18e-36
C662FACXX150129:4:2211:13795:22370/2	101	2	101	smNRPS-1/2	5910	4469	4568	96	5.55e-37
C662FACXX150129:6:1301:17863:76293/2	97	1	97	smNRPS-1/2	5910	4929	5025	96.907	5.55e-37
C662FACXX150129:7:2110:16982:15451/2	94	94	1	smNRPS-1/2	5910	2269	2362	97.872	5.55e-37
C662FACXX150129:2:1108:8018:72898/2	91	1	91	smNRPS-1/2	5910	5725	5815	98.901	5.55e-37
C662FACXX150129:3:1107:14599:7496/1	100	100	1	smNRPS-1/2	5910	1961	2060	96	5.55e-37
C662FACXX150129:6:1306:12435:39606/1	101	1	101	smNRPS-1/2	5910	3477	3577	96.04	1.54e-37
C662FACXX150129:6:2114:2140:18706/1	101	101	1	smNRPS-1/2	5910	4358	4458	96.04	1.54e-37
C662FACXX150129:7:2311:9109:87419/1	101	101	1	smNRPS-1/2	5910	3533	3633	96.04	1.54e-37
C662FACXX150129:2:1115:6094:33481/2	101	3	101	smNRPS-1/2	5910	3172	3270	96.97	4.29e-38
C662FACXX150129:4:2313:18135:56632/2	101	1	93	smNRPS-1/2	5910	3237	3329	98.925	4.29e-38
C662FACXX150129:7:1102:10071:19696/2	96	96	1	smNRPS-1/2	5910	2105	2200	97.917	4.29e-38
C662FACXX150129:6:1206:12457:57949/2	93	93	1	smNRPS-1/2	5910	2270	2362	98.925	4.29e-38
C662FACXX150129:4:1102:5954:56876/1	100	5	100	smNRPS-1/2	5910	2435	2530	97.917	4.29e-38
C662FACXX150129:4:2313:18135:56632/1	101	94	1	smNRPS-1/2	5910	3236	3329	98.936	1.19e-38
C662FACXX150129:3:2208:9900:61976/1	101	101	1	smNRPS-1/2	5910	1134	1234	97.03	3.32e-39
C662FACXX150129:6:1314:18503:81351/2	101	101	1	smNRPS-1/2	5910	2468	2568	97.03	3.32e-39
C662FACXX150129:2:1309:5049:35732/1	101	1	101	smNRPS-1/2	5910	2471	2571	97.03	3.32e-39
C662FACXX150129:2:1316:12433:30608/2	101	101	1	smNRPS-1/2	5910	4954	5054	97.03	3.32e-39
C662FACXX150129:6:2101:3722:87847/1	101	101	1	smNRPS-1/2	5910	2477	2577	97.03	3.32e-39
C662FACXX150129:4:2212:3049:74901/1	101	1	101	smNRPS-1/2	5910	655	755	97.03	3.32e-39
C662FACXX150129:7:2203:9477:23558/1	101	1	101	smNRPS-1/2	5910	1127	1227	97.03	3.32e-39
C662FACXX150129:2:2316:6429:48474/1	101	1	101	smNRPS-1/2	5910	3648	3748	97.03	3.32e-39
C662FACXX150129:5:1205:18791:8786/2	101	101	1	smNRPS-1/2	5910	4338	4438	97.03	3.32e-39
C662FACXX150129:4:2114:1738:71492/1	101	101	1	smNRPS-1/2	5910	4742	4842	97.03	3.32e-39
C662FACXX150129:5:2216:5869:28104/1	101	101	1	smNRPS-1/2	5910	4922	5022	97.03	3.32e-39
C662FACXX150129:3:1106:17047:88439/2	101	1	101	smNRPS-1/2	5910	1533	1633	97.03	3.32e-39
C662FACXX150129:6:2101:7362:61505/2	94	94	1	smNRPS-1/2	5910	2222	2315	100	2.56e-40
C662FACXX150129:2:1215:2071:67659/2	101	1	101	smNRPS-1/2	5910	4830	4930	98.02	7.13e-41
C662FACXX150129:5:1313:14142:17031/1	101	101	1	smNRPS-1/2	5910	3982	4082	98.02	7.13e-41
C662FACXX150129:2:2316:6429:48474/2	101	101	1	smNRPS-1/2	5910	3667	3767	98.02	7.13e-41
C662FACXX150129:6:1101:15955:11002/2	101	101	1	smNRPS-1/2	5910	2435	2535	98.02	7.13e-41
C662FACXX150129:7:2205:3437:19547/1	101	101	1	smNRPS-1/2	5910	3952	4052	98.02	7.13e-41
C662FACXX150129:6:1206:12457:57949/1	96	1	96	smNRPS-1/2	5910	2024	2119	100	1.98e-41
C662FACXX150129:7:2107:13576:37699/1	101	101	1	smNRPS-1/2	5910	4088	4188	99.01	1.53e-42
C662FACXX150129:4:1201:12515:81667/2	98	98	1	smNRPS-1/2	5910	2029	2126	100	1.53e-42
C662FACXX150129:7:1108:10490:69204/2	101	101	1	smNRPS-1/2	5910	882	982	99.01	1.53e-42
C662FACXX150129:6:1301:17863:76293/1	101	101	1	smNRPS-1/2	5910	5047	5147	99.01	1.53e-42
C662FACXX150129:4:1212:13014:62756/1	101	101	1	smNRPS-1/2	5910	2109	2209	99.01	1.53e-42
C662FACXX150129:4:2114:1738:71492/2	101	1	101	smNRPS-1/2	5910	4614	4714	99.01	1.53e-42
C662FACXX150129:6:1106:7822:25798/1	101	1	101	smNRPS-1/2	5910	2638	2738	99.01	1.53e-42
C662FACXX150129:6:1106:7822:25798/2	101	101	1	smNRPS-1/2	5910	2719	2819	99.01	1.53e-42
C662FACXX150129:5:2106:6307:82261/1	101	101	1	smNRPS-1/2	5910	477	577	99.01	1.53e-42
C662FACXX150129:6:2113:10325:45609/1	101	101	1	smNRPS-1/2	5910	2109	2209	99.01	1.53e-42
C662FACXX150129:7:2110:16982:15451/1	99	1	99	smNRPS-1/2	5910	2024	2122	100	4.26e-43
C662FACXX150129:4:1113:17662:30769/2	99	1	99	smNRPS-1/2	5910	1847	1945	100	4.26e-43
C662FACXX150129:2:2310:6323:50563/1	99	99	1	smNRPS-1/2	5910	3068	3166	100	4.26e-43
C662FACXX150129:7:1308:2509:79150/1	101	1	100	smNRPS-1/2	5910	4074	4173	100	1.18e-43
C662FACXX150129:2:1215:2071:67659/1	101	101	1	smNRPS-1/2	5910	4947	5047	100	3.29e-44
C662FACXX150129:4:1201:12515:81667/1	101	1	101	smNRPS-1/2	5910	1958	2058	100	3.29e-44
C662FACXX150129:4:1212:13014:62756/2	101	1	101	smNRPS-1/2	5910	1876	1976	100	3.29e-44
C662FACXX150129:6:2308:9441:99458/1	101	101	1	smNRPS-1/2	5910	44	144	100	3.29e-44
C662FACXX150129:6:2101:7362:61505/1	101	1	101	smNRPS-1/2	5910	1928	2028	100	3.29e-44
C662FACXX150129:5:2208:10703:67511/1	101	1	101	smNRPS-1/2	5910	5768	5868	100	3.29e-44
C662FACXX150129:2:1310:2644:84975/1	101	101	1	smNRPS-1/2	5910	4947	5047	100	3.29e-44
C662FACXX150129:5:2208:10703:67511/2	101	34	99	smNRPS-1/2	5910	1	66	100	9.53e-25
C662FACXX150129:7:1102:10071:19696/1	81	80	1	smNRPS-1/2	5910	3801	3880	98.75	7.31e-31
C662FACXX150129:6:2103:13375:70236/2	88	1	88	smNRPS-1/2	5910	679	766	97.727	1.22e-33
C662FACXX150129:6:1314:18503:81351/1	101	92	1	smNRPS-1/2	5910	3544	3635	96.739	3.38e-34
C662FACXX150129:4:1205:6315:77212/2	86	86	1	smNRPS-1/2	5910	1980	2065	98.837	3.38e-34
C662FACXX150129:4:1205:6315:77212/1	90	1	90	smNRPS-1/2	5910	1919	2008	97.778	9.39e-35
C662FACXX150129:6:2114:2140:18706/2	92	91	1	smNRPS-1/2	5910	1515	1605	97.802	2.61e-35
C662FACXX150129:5:1205:18791:8786/1	101	101	1	smNRPS-1/2	5910	1544	1644	95.05	7.26e-36
C662FACXX150129:7:1216:18498:25570/1	101	101	1	smNRPS-1/2	5910	314	414	96.04	1.56e-37
C662FACXX150129:7:2107:13576:37699/2	100	100	1	smNRPS-1/2	5910	2005	2104	97	1.21e-38
C662FACXX150129:7:1313:15813:33228/2	98	1	91	smNRPS-1/2	5910	3259	3349	100	1.21e-38
C662FACXX150129:2:1316:12433:30608/1	101	101	1	smNRPS-1/2	5910	830	930	97.03	3.35e-39
C662FACXX150129:3:1315:18876:61692/1	101	101	1	smNRPS-1/2	5910	195	295	97.03	3.35e-39
C662FACXX150129:4:2214:18953:69560/1	97	97	1	smNRPS-1/2	5910	1643	1739	98.969	2.59e-40
C662FACXX150129:3:1207:3146:90945/1	100	1	100	smNRPS-1/2	5910	2822	2921	98	2.59e-40
C662FACXX150129:6:1204:11127:47972/1	101	1	98	smNRPS-1/2	5910	955	1052	98.98	7.21e-41
C662FACXX150129:3:1106:15983:6534/2	101	1	101	smNRPS-1/2	5910	1328	1428	98.02	7.21e-41
C662FACXX150129:5:1308:6059:56840/2	100	1	100	smNRPS-1/2	5910	1329	1428	99	5.57e-42
C662FACXX150129:6:2103:13375:70236/1	101	101	1	smNRPS-1/2	5910	755	855	99.01	1.55e-42
C662FACXX150129:4:2214:19370:98485/1	101	101	1	smNRPS-1/2	5910	1639	1739	99.01	1.55e-42
C662FACXX150129:4:2214:19370:98485/2	101	1	101	smNRPS-1/2	5910	1328	1428	99.01	1.55e-42
C662FACXX150129:5:1308:6059:56840/1	101	101	1	smNRPS-1/2	5910	1639	1739	99.01	1.55e-42
C662FACXX150129:3:1115:12018:18929/1	101	101	1	smNRPS-1/2	5910	1639	1739	99.01	1.55e-42
C662FACXX150129:3:1115:12018:18929/2	101	1	101	smNRPS-1/2	5910	1328	1428	99.01	1.55e-42
C662FACXX150129:5:2216:5869:28104/2	101	101	1	smNRPS-1/2	5910	946	1046	99.01	1.55e-42
C662FACXX150129:3:1106:15983:6534/1	101	101	1	smNRPS-1/2	5910	1639	1739	99.01	1.55e-42
C662FACXX150129:3:1315:18876:61692/2	101	1	101	smNRPS-1/2	5910	130	230	100	3.33e-44
