C90P4ANXX160330:6:1302:15079:88676/1	68	68	1	smNRPS-1/2	5910	5124	5191	98.529	3.32e-24
C90P4ANXX160330:3:2309:14990:91487/2	84	84	1	smNRPS-1/2	5910	251	334	97.619	1.97e-31
C90P4ANXX160330:6:2110:18087:78067/2	100	90	1	smNRPS-1/2	5910	3959	4047	96.667	1.52e-32
C90P4ANXX160330:2:2302:9232:20373/2	94	1	92	smNRPS-1/2	5910	4526	4617	97.826	7.04e-36
C90P4ANXX160330:3:2309:14990:91487/1	95	1	95	smNRPS-1/2	5910	228	322	97.895	1.51e-37
C90P4ANXX160330:5:2213:11086:21623/1	96	95	1	smNRPS-1/2	5910	4522	4616	97.895	1.51e-37
C90P4ANXX160330:5:2213:11086:21623/2	100	1	96	smNRPS-1/2	5910	4522	4617	97.917	4.21e-38
C90P4ANXX160330:5:1108:16527:48590/1	100	1	100	smNRPS-1/2	5910	787	886	100	1.16e-43
C90P4ANXX160330:1:2107:4301:47435/1	100	100	1	smNRPS-1/2	5910	2030	2129	100	1.16e-43
C90P4ANXX160330:5:1108:16527:48590/2	101	101	1	smNRPS-1/2	5910	795	895	100	3.23e-44
C90P4ANXX160330:1:2107:4301:47435/2	101	1	101	smNRPS-1/2	5910	1996	2096	100	3.23e-44
