C662FACXX150129:4:1212:5822:77215/2	94	1	62	smNRPS-1/2	5910	5814	5875	100	2.73e-22
C662FACXX150129:7:2114:13668:89691/1	66	1	66	smNRPS-1/2	5910	4550	4615	100	1.63e-24
C662FACXX150129:5:2208:1969:82553/2	101	1	69	smNRPS-1/2	5910	5787	5855	98.551	1.63e-24
C662FACXX150129:5:2208:1969:82553/1	101	70	1	smNRPS-1/2	5910	5786	5855	98.571	4.54e-25
C662FACXX150129:4:2312:19619:53500/2	71	71	1	smNRPS-1/2	5910	3592	3662	98.592	1.26e-25
C662FACXX150129:6:1203:16323:81903/1	77	1	77	smNRPS-1/2	5910	2355	2431	97.403	2.71e-27
C662FACXX150129:3:2116:3621:22475/1	72	72	1	smNRPS-1/2	5910	5101	5172	100	7.54e-28
C662FACXX150129:2:1303:19224:21148/2	72	1	72	smNRPS-1/2	5910	901	972	100	7.54e-28
C662FACXX150129:5:1307:5998:86260/1	79	1	79	smNRPS-1/2	5910	2367	2445	97.468	2.1e-28
C662FACXX150129:2:1204:14919:94558/2	80	80	1	smNRPS-1/2	5910	1701	1780	98.75	1.25e-30
C662FACXX150129:2:2308:15780:39197/2	87	1	87	smNRPS-1/2	5910	4319	4406	97.727	7.48e-33
C662FACXX150129:6:1110:19769:6255/1	84	1	84	smNRPS-1/2	5910	3185	3268	98.81	7.48e-33
C662FACXX150129:3:2304:3438:61934/1	83	1	83	smNRPS-1/2	5910	457	539	100	5.79e-34
C662FACXX150129:2:2316:4065:90687/1	83	1	83	smNRPS-1/2	5910	814	896	100	5.79e-34
C662FACXX150129:6:2214:4681:98122/2	84	1	84	smNRPS-1/2	5910	2500	2583	100	1.61e-34
C662FACXX150129:6:2111:6195:26510/1	89	1	87	smNRPS-1/2	5910	4550	4636	100	3.46e-36
C662FACXX150129:6:2303:20173:42464/1	101	5	101	smNRPS-1/2	5910	1161	1257	96.907	9.61e-37
C662FACXX150129:4:1310:20594:68542/1	101	101	1	smNRPS-1/2	5910	1259	1359	96.04	2.67e-37
C662FACXX150129:2:1109:5184:27188/1	101	1	93	smNRPS-1/2	5910	3180	3272	98.925	7.43e-38
C662FACXX150129:2:1109:5184:27188/2	101	93	1	smNRPS-1/2	5910	3180	3272	98.925	7.43e-38
C662FACXX150129:2:1314:2896:83340/2	96	1	96	smNRPS-1/2	5910	1177	1272	97.917	7.43e-38
C662FACXX150129:2:1207:6269:17356/1	101	101	9	smNRPS-1/2	5910	1555	1647	98.925	7.43e-38
C662FACXX150129:7:2114:13668:89691/2	97	97	1	smNRPS-1/2	5910	5218	5314	97.938	2.07e-38
C662FACXX150129:4:2307:6981:42663/1	101	1	91	smNRPS-1/2	5910	5785	5875	100	2.07e-38
C662FACXX150129:4:2208:4522:55162/2	97	1	97	smNRPS-1/2	5910	4695	4791	97.938	2.07e-38
C662FACXX150129:6:2111:6195:26510/2	100	100	1	smNRPS-1/2	5910	5214	5313	97	2.07e-38
C662FACXX150129:6:1115:1428:72141/2	101	101	1	smNRPS-1/2	5910	1171	1271	97.03	5.74e-39
C662FACXX150129:6:1306:20322:98127/1	96	1	96	smNRPS-1/2	5910	3211	3306	98.958	1.6e-39
C662FACXX150129:2:2309:13946:32403/1	93	93	1	smNRPS-1/2	5910	3305	3397	100	1.6e-39
C662FACXX150129:3:2215:11053:39992/2	101	1	100	smNRPS-1/2	5910	4319	4419	98.02	4.44e-40
C662FACXX150129:6:2303:20173:42464/2	101	101	1	smNRPS-1/2	5910	1192	1292	98.02	1.23e-40
C662FACXX150129:4:2211:12501:64932/1	101	1	101	smNRPS-1/2	5910	4289	4389	98.02	1.23e-40
C662FACXX150129:4:1308:3252:36206/1	101	1	101	smNRPS-1/2	5910	4688	4788	98.02	1.23e-40
C662FACXX150129:6:1203:16323:81903/2	101	101	1	smNRPS-1/2	5910	2683	2783	98.02	1.23e-40
C662FACXX150129:6:1203:11307:40470/2	101	101	1	smNRPS-1/2	5910	5308	5408	98.02	1.23e-40
C662FACXX150129:4:2208:4522:55162/1	101	101	1	smNRPS-1/2	5910	4844	4944	98.02	1.23e-40
C662FACXX150129:6:2313:15675:81449/2	101	101	1	smNRPS-1/2	5910	401	501	98.02	1.23e-40
C662FACXX150129:4:1313:5466:84554/1	101	1	101	smNRPS-1/2	5910	4862	4962	98.02	1.23e-40
C662FACXX150129:5:1307:5998:86260/2	101	101	1	smNRPS-1/2	5910	2379	2479	98.02	1.23e-40
C662FACXX150129:5:1102:18507:56679/2	101	101	1	smNRPS-1/2	5910	4629	4729	98.02	1.23e-40
C662FACXX150129:6:2215:19239:64727/2	101	101	1	smNRPS-1/2	5910	4629	4729	98.02	1.23e-40
C662FACXX150129:5:1216:4444:6727/2	101	1	100	smNRPS-1/2	5910	2517	2616	99	9.55e-42
C662FACXX150129:4:2109:1751:45778/2	101	100	1	smNRPS-1/2	5910	431	530	99	9.55e-42
C662FACXX150129:2:2215:16209:97515/2	101	1	101	smNRPS-1/2	5910	643	743	99.01	2.65e-42
C662FACXX150129:3:2116:3621:22475/2	98	1	98	smNRPS-1/2	5910	5041	5138	100	2.65e-42
C662FACXX150129:2:1303:19224:21148/1	101	101	1	smNRPS-1/2	5910	942	1042	99.01	2.65e-42
C662FACXX150129:5:1216:4444:6727/1	101	101	1	smNRPS-1/2	5910	2696	2796	99.01	2.65e-42
C662FACXX150129:7:2212:2925:56583/2	101	101	1	smNRPS-1/2	5910	458	558	99.01	2.65e-42
C662FACXX150129:4:2312:4535:17883/1	101	1	101	smNRPS-1/2	5910	3185	3285	99.01	2.65e-42
C662FACXX150129:4:2312:4535:17883/2	101	101	1	smNRPS-1/2	5910	3191	3291	99.01	2.65e-42
C662FACXX150129:3:2108:9007:31220/1	101	1	101	smNRPS-1/2	5910	5775	5875	99.01	2.65e-42
C662FACXX150129:6:1306:20322:98127/2	101	101	1	smNRPS-1/2	5910	3229	3329	99.01	2.65e-42
C662FACXX150129:2:2309:13946:32403/2	101	1	101	smNRPS-1/2	5910	3195	3295	99.01	2.65e-42
C662FACXX150129:4:1303:5293:58930/2	101	101	1	smNRPS-1/2	5910	972	1073	99.02	2.65e-42
C662FACXX150129:7:2208:18550:92631/1	101	1	101	smNRPS-1/2	5910	4571	4671	99.01	2.65e-42
C662FACXX150129:7:2208:18550:92631/2	101	101	1	smNRPS-1/2	5910	4601	4701	99.01	2.65e-42
C662FACXX150129:5:1102:18507:56679/1	101	1	101	smNRPS-1/2	5910	4614	4714	99.01	2.65e-42
C662FACXX150129:6:1110:19769:6255/2	101	101	1	smNRPS-1/2	5910	3191	3291	99.01	2.65e-42
C662FACXX150129:6:2215:19239:64727/1	101	1	101	smNRPS-1/2	5910	4614	4714	99.01	2.65e-42
C662FACXX150129:7:2206:19608:12188/2	101	101	3	smNRPS-1/2	5910	5705	5803	100	7.38e-43
C662FACXX150129:7:2206:19608:12188/1	101	1	101	smNRPS-1/2	5910	5682	5782	100	5.7e-44
C662FACXX150129:4:1308:3252:36206/2	101	101	1	smNRPS-1/2	5910	4942	5042	100	5.7e-44
C662FACXX150129:2:2308:15780:39197/1	101	101	1	smNRPS-1/2	5910	4458	4558	100	5.7e-44
C662FACXX150129:3:2215:11053:39992/1	101	101	1	smNRPS-1/2	5910	4458	4558	100	5.7e-44
C662FACXX150129:5:1202:8731:48456/1	101	1	101	smNRPS-1/2	5910	1904	2004	100	5.7e-44
C662FACXX150129:5:1202:8731:48456/2	101	101	1	smNRPS-1/2	5910	1990	2090	100	5.7e-44
C662FACXX150129:4:1303:5293:58930/1	101	1	101	smNRPS-1/2	5910	814	914	100	5.7e-44
C662FACXX150129:6:2214:4681:98122/1	101	101	1	smNRPS-1/2	5910	3079	3179	100	5.7e-44
C662FACXX150129:4:1313:5466:84554/2	101	101	1	smNRPS-1/2	5910	4979	5079	100	5.7e-44
C662FACXX150129:4:2312:19619:53500/1	101	1	101	smNRPS-1/2	5910	3331	3431	100	5.7e-44
C662FACXX150129:3:2107:3133:99718/1	101	101	1	smNRPS-1/2	5910	505	605	100	5.7e-44
C662FACXX150129:3:2107:3133:99718/2	101	1	101	smNRPS-1/2	5910	457	557	100	5.7e-44
C662FACXX150129:5:1213:17970:37663/1	101	101	1	smNRPS-1/2	5910	505	605	100	5.7e-44
C662FACXX150129:5:1213:17970:37663/2	101	1	101	smNRPS-1/2	5910	457	557	100	5.7e-44
C662FACXX150129:4:1212:5822:77215/1	101	48	101	smNRPS-1/2	5910	1	54	100	7.74e-18
C662FACXX150129:3:2108:9007:31220/2	101	45	101	smNRPS-1/2	5910	1	57	100	1.66e-19
C662FACXX150129:6:1312:2785:36031/1	101	1	66	smNRPS-1/2	5910	5880	5945	96.97	3.57e-21
C662FACXX150129:6:1312:2785:36031/2	101	88	23	smNRPS-1/2	5910	5880	5945	96.97	3.57e-21
C662FACXX150129:5:1310:13238:99539/1	101	1	66	smNRPS-1/2	5910	5880	5945	96.97	3.57e-21
C662FACXX150129:5:1310:13238:99539/2	101	88	23	smNRPS-1/2	5910	5880	5945	96.97	3.57e-21
C662FACXX150129:6:1115:1428:72141/1	73	73	5	smNRPS-1/2	5910	4863	4931	97.101	7.68e-23
C662FACXX150129:6:1311:15031:14538/2	70	70	1	smNRPS-1/2	5910	346	415	98.571	4.59e-25
C662FACXX150129:3:1204:5806:67879/1	67	1	67	smNRPS-1/2	5910	2921	2987	100	4.59e-25
C662FACXX150129:7:1110:17911:97199/1	80	1	80	smNRPS-1/2	5910	73	152	96.25	2.74e-27
C662FACXX150129:4:2203:7245:92020/1	75	1	75	smNRPS-1/2	5910	573	647	98.667	7.63e-28
C662FACXX150129:6:2101:4620:18846/2	77	77	1	smNRPS-1/2	5910	1931	2007	98.701	5.9e-29
C662FACXX150129:5:2110:2227:96921/2	77	77	1	smNRPS-1/2	5910	1863	1939	98.701	5.9e-29
C662FACXX150129:6:2209:5492:52070/1	84	84	1	smNRPS-1/2	5910	3722	3805	97.619	3.52e-31
C662FACXX150129:4:2307:6981:42663/2	101	20	101	smNRPS-1/2	5910	1	82	98.78	9.8e-32
C662FACXX150129:6:1107:10257:73324/1	87	1	87	smNRPS-1/2	5910	4146	4232	97.701	7.57e-33
C662FACXX150129:4:2211:12501:64932/2	85	1	85	smNRPS-1/2	5910	966	1050	98.824	2.11e-33
C662FACXX150129:4:1110:10489:101133/2	96	1	94	smNRPS-1/2	5910	3461	3554	95.745	2.11e-33
C662FACXX150129:3:1304:17403:62710/1	89	89	1	smNRPS-1/2	5910	1969	2057	97.753	5.85e-34
C662FACXX150129:4:1110:10489:101133/1	96	96	1	smNRPS-1/2	5910	3523	3618	95.833	1.63e-34
C662FACXX150129:7:2111:8423:58154/1	93	93	1	smNRPS-1/2	5910	3526	3618	96.774	1.63e-34
C662FACXX150129:3:2108:10786:23365/2	92	92	2	smNRPS-1/2	5910	1932	2022	97.802	4.53e-35
C662FACXX150129:6:2113:13861:89349/1	88	1	88	smNRPS-1/2	5910	631	718	98.864	4.53e-35
C662FACXX150129:2:1301:18538:39686/2	89	1	89	smNRPS-1/2	5910	3341	3429	98.876	1.26e-35
C662FACXX150129:4:2109:1751:45778/1	101	101	1	smNRPS-1/2	5910	5549	5649	95.05	1.26e-35
C662FACXX150129:7:2111:8423:58154/2	101	1	101	smNRPS-1/2	5910	3461	3561	95.05	1.26e-35
C662FACXX150129:3:2113:20863:24383/1	92	1	92	smNRPS-1/2	5910	188	279	97.826	1.26e-35
C662FACXX150129:7:2213:7360:24185/1	91	91	1	smNRPS-1/2	5910	2499	2589	98.901	9.73e-37
C662FACXX150129:6:1114:12396:15330/2	97	97	1	smNRPS-1/2	5910	3828	3924	96.907	9.73e-37
C662FACXX150129:3:1214:11031:60144/2	101	1	101	smNRPS-1/2	5910	3424	3524	96.04	2.7e-37
C662FACXX150129:3:2316:9836:78964/1	101	101	1	smNRPS-1/2	5910	3824	3924	96.04	2.7e-37
C662FACXX150129:3:2316:9836:78964/2	101	1	101	smNRPS-1/2	5910	3660	3760	96.04	2.7e-37
C662FACXX150129:4:1212:17694:4544/2	101	101	1	smNRPS-1/2	5910	3878	3978	96.04	2.7e-37
C662FACXX150129:3:1303:9788:17768/1	101	1	101	smNRPS-1/2	5910	3862	3962	96.04	2.7e-37
C662FACXX150129:3:1303:9788:17768/2	98	98	1	smNRPS-1/2	5910	3864	3961	96.939	2.7e-37
C662FACXX150129:2:1315:8880:16686/2	90	1	90	smNRPS-1/2	5910	2096	2185	100	7.52e-38
C662FACXX150129:7:1210:20768:84651/1	96	96	1	smNRPS-1/2	5910	3254	3349	97.917	7.52e-38
C662FACXX150129:6:1107:10257:73324/2	100	100	1	smNRPS-1/2	5910	4198	4297	97	2.09e-38
C662FACXX150129:7:2303:13866:26742/2	100	100	1	smNRPS-1/2	5910	3063	3162	97	2.09e-38
C662FACXX150129:2:1204:20155:64649/1	97	1	97	smNRPS-1/2	5910	4995	5091	97.938	2.09e-38
C662FACXX150129:2:2215:16209:97515/1	101	1	101	smNRPS-1/2	5910	4961	5061	97.03	5.81e-39
C662FACXX150129:2:1314:2896:83340/1	101	1	101	smNRPS-1/2	5910	4560	4660	97.03	5.81e-39
C662FACXX150129:4:2106:12822:26045/2	101	1	101	smNRPS-1/2	5910	3307	3407	97.03	5.81e-39
C662FACXX150129:7:2303:13866:26742/1	101	1	101	smNRPS-1/2	5910	3060	3160	97.03	5.81e-39
C662FACXX150129:5:2306:10287:16218/1	101	1	101	smNRPS-1/2	5910	1929	2029	97.03	5.81e-39
C662FACXX150129:4:1313:6639:36497/1	101	1	101	smNRPS-1/2	5910	3297	3397	97.03	5.81e-39
C662FACXX150129:4:1212:17694:4544/1	101	1	101	smNRPS-1/2	5910	3802	3902	97.03	5.81e-39
C662FACXX150129:2:2313:7532:47591/2	98	98	1	smNRPS-1/2	5910	3512	3609	97.959	5.81e-39
C662FACXX150129:5:2214:4957:90325/2	96	4	96	smNRPS-1/2	5910	3757	3849	100	1.62e-39
C662FACXX150129:5:2201:10468:16355/2	97	97	1	smNRPS-1/2	5910	1609	1705	98.969	4.49e-40
C662FACXX150129:7:1103:4389:43793/2	97	97	1	smNRPS-1/2	5910	224	320	98.969	4.49e-40
C662FACXX150129:6:2310:8786:71373/2	101	1	97	smNRPS-1/2	5910	3051	3147	98.969	4.49e-40
C662FACXX150129:2:2315:8034:9754/1	101	2	101	smNRPS-1/2	5910	548	647	98	4.49e-40
C662FACXX150129:5:2110:2227:96921/1	97	1	97	smNRPS-1/2	5910	1662	1758	98.969	4.49e-40
C662FACXX150129:5:2215:4802:25725/1	101	101	1	smNRPS-1/2	5910	2905	3005	98.02	1.25e-40
C662FACXX150129:7:2212:2925:56583/1	101	101	1	smNRPS-1/2	5910	5488	5588	98.02	1.25e-40
C662FACXX150129:4:2108:8677:49421/1	101	1	101	smNRPS-1/2	5910	3258	3358	98.02	1.25e-40
C662FACXX150129:7:1101:6441:67721/1	101	101	1	smNRPS-1/2	5910	1837	1937	98.02	1.25e-40
C662FACXX150129:6:1203:11307:40470/1	101	101	1	smNRPS-1/2	5910	478	578	98.02	1.25e-40
C662FACXX150129:3:1304:17403:62710/2	101	1	101	smNRPS-1/2	5910	1926	2026	98.02	1.25e-40
C662FACXX150129:5:2313:2330:9327/2	101	1	101	smNRPS-1/2	5910	5176	5276	98.02	1.25e-40
C662FACXX150129:5:1206:6032:44457/2	101	1	101	smNRPS-1/2	5910	5104	5204	98.02	1.25e-40
C662FACXX150129:3:1214:11031:60144/1	101	101	1	smNRPS-1/2	5910	3641	3741	98.02	1.25e-40
C662FACXX150129:5:1107:7017:9961/2	101	101	1	smNRPS-1/2	5910	3122	3222	98.02	1.25e-40
C662FACXX150129:5:2306:10287:16218/2	101	101	1	smNRPS-1/2	5910	1932	2032	98.02	1.25e-40
C662FACXX150129:2:2111:6405:2035/1	101	101	1	smNRPS-1/2	5910	4148	4248	98.02	1.25e-40
C662FACXX150129:2:1204:20155:64649/2	95	95	1	smNRPS-1/2	5910	5250	5344	100	1.25e-40
C662FACXX150129:3:2302:17823:86935/1	101	101	1	smNRPS-1/2	5910	5490	5590	98.02	1.25e-40
C662FACXX150129:2:2315:8034:9754/2	101	101	1	smNRPS-1/2	5910	1000	1100	98.02	1.25e-40
C662FACXX150129:7:1208:7039:61986/2	98	98	1	smNRPS-1/2	5910	5712	5809	98.98	1.25e-40
C662FACXX150129:7:2213:7360:24185/2	101	1	101	smNRPS-1/2	5910	2432	2532	98.02	1.25e-40
C662FACXX150129:5:2108:6989:62724/1	101	1	101	smNRPS-1/2	5910	1508	1608	98.02	1.25e-40
C662FACXX150129:7:2116:17344:72921/1	101	1	101	smNRPS-1/2	5910	2525	2625	98.02	1.25e-40
C662FACXX150129:7:2314:14379:85418/2	101	4	101	smNRPS-1/2	5910	3757	3854	98.98	1.25e-40
C662FACXX150129:6:2113:17890:20438/2	101	1	101	smNRPS-1/2	5910	1443	1543	98.02	1.25e-40
C662FACXX150129:7:1107:3124:54679/2	96	1	96	smNRPS-1/2	5910	2103	2198	100	3.47e-41
C662FACXX150129:2:2105:12629:44875/1	96	96	1	smNRPS-1/2	5910	2252	2347	100	3.47e-41
C662FACXX150129:5:2114:6145:15176/1	99	1	99	smNRPS-1/2	5910	2634	2732	98.99	3.47e-41
C662FACXX150129:2:1103:11089:94030/2	101	99	1	smNRPS-1/2	5910	2528	2626	98.99	3.47e-41
C662FACXX150129:6:2106:3460:4561/1	97	97	1	smNRPS-1/2	5910	779	875	100	9.66e-42
C662FACXX150129:3:2103:1883:3044/1	100	100	1	smNRPS-1/2	5910	911	1010	99	9.66e-42
C662FACXX150129:3:2304:3438:61934/2	101	1	100	smNRPS-1/2	5910	5368	5467	99	9.66e-42
C662FACXX150129:7:1112:17869:43266/2	100	100	1	smNRPS-1/2	5910	2663	2762	99	9.66e-42
C662FACXX150129:6:1103:15861:31736/2	101	1	100	smNRPS-1/2	5910	5368	5467	99	9.66e-42
C662FACXX150129:2:2312:10485:59617/1	101	101	1	smNRPS-1/2	5910	5091	5191	99.01	2.69e-42
C662FACXX150129:4:2207:2234:10388/1	101	1	101	smNRPS-1/2	5910	79	179	99.01	2.69e-42
C662FACXX150129:5:2215:4802:25725/2	101	1	101	smNRPS-1/2	5910	2775	2875	99.01	2.69e-42
C662FACXX150129:4:1309:4988:14792/2	101	101	1	smNRPS-1/2	5910	195	295	99.01	2.69e-42
C662FACXX150129:3:2108:10786:23365/1	101	1	101	smNRPS-1/2	5910	1847	1947	99.01	2.69e-42
C662FACXX150129:3:2111:12414:27911/2	101	1	101	smNRPS-1/2	5910	1552	1652	99.01	2.69e-42
C662FACXX150129:3:2103:1883:3044/2	101	1	101	smNRPS-1/2	5910	908	1008	99.01	2.69e-42
C662FACXX150129:4:2108:8677:49421/2	101	101	1	smNRPS-1/2	5910	3337	3437	99.01	2.69e-42
C662FACXX150129:6:2113:13861:89349/2	101	101	1	smNRPS-1/2	5910	633	733	99.01	2.69e-42
C662FACXX150129:4:2106:12822:26045/1	101	101	1	smNRPS-1/2	5910	3376	3476	99.01	2.69e-42
C662FACXX150129:5:2214:4957:90325/1	101	101	1	smNRPS-1/2	5910	3915	4015	99.01	2.69e-42
C662FACXX150129:6:2303:8433:44325/2	101	101	1	smNRPS-1/2	5910	309	409	99.01	2.69e-42
C662FACXX150129:5:2313:2330:9327/1	98	98	1	smNRPS-1/2	5910	5247	5344	100	2.69e-42
C662FACXX150129:5:2201:10468:16355/1	101	1	101	smNRPS-1/2	5910	1508	1608	99.01	2.69e-42
C662FACXX150129:5:1206:6032:44457/1	101	101	1	smNRPS-1/2	5910	5263	5363	99.01	2.69e-42
C662FACXX150129:7:1103:4389:43793/1	101	1	101	smNRPS-1/2	5910	83	183	99.01	2.69e-42
C662FACXX150129:5:1107:7017:9961/1	101	1	101	smNRPS-1/2	5910	2864	2964	99.01	2.69e-42
C662FACXX150129:2:2111:6405:2035/2	101	1	101	smNRPS-1/2	5910	4121	4221	99.01	2.69e-42
C662FACXX150129:6:2310:8786:71373/1	101	101	1	smNRPS-1/2	5910	3332	3432	99.01	2.69e-42
C662FACXX150129:4:1313:6639:36497/2	101	101	1	smNRPS-1/2	5910	3356	3456	99.01	2.69e-42
C662FACXX150129:2:2110:8095:88898/1	101	1	101	smNRPS-1/2	5910	111	211	99.01	2.69e-42
C662FACXX150129:5:2105:14895:76768/1	101	1	101	smNRPS-1/2	5910	2772	2872	99.01	2.69e-42
C662FACXX150129:3:2302:17823:86935/2	101	1	101	smNRPS-1/2	5910	5362	5462	99.01	2.69e-42
C662FACXX150129:7:1208:7039:61986/1	101	1	101	smNRPS-1/2	5910	5698	5798	99.01	2.69e-42
C662FACXX150129:5:2108:6989:62724/2	101	101	1	smNRPS-1/2	5910	1605	1705	99.01	2.69e-42
C662FACXX150129:3:2111:12414:27911/1	99	99	1	smNRPS-1/2	5910	1874	1972	100	7.47e-43
C662FACXX150129:5:2114:6145:15176/2	101	99	1	smNRPS-1/2	5910	2639	2737	100	7.47e-43
C662FACXX150129:2:2312:10485:59617/2	101	2	101	smNRPS-1/2	5910	5019	5118	100	2.08e-43
C662FACXX150129:6:2106:3460:4561/2	101	1	100	smNRPS-1/2	5910	776	875	100	2.08e-43
C662FACXX150129:4:2207:2234:10388/2	101	100	1	smNRPS-1/2	5910	122	221	100	2.08e-43
C662FACXX150129:6:2109:11788:78737/1	100	1	100	smNRPS-1/2	5910	5261	5360	100	2.08e-43
C662FACXX150129:4:1116:19633:21142/2	100	1	100	smNRPS-1/2	5910	2184	2283	100	2.08e-43
C662FACXX150129:6:2310:8818:33004/2	101	101	1	smNRPS-1/2	5910	126	226	100	5.77e-44
C662FACXX150129:2:1301:18538:39686/1	101	101	1	smNRPS-1/2	5910	3437	3537	100	5.77e-44
C662FACXX150129:4:1309:4988:14792/1	101	1	101	smNRPS-1/2	5910	129	229	100	5.77e-44
C662FACXX150129:7:1107:3124:54679/1	101	101	1	smNRPS-1/2	5910	2103	2203	100	5.77e-44
C662FACXX150129:2:1315:8880:16686/1	101	101	1	smNRPS-1/2	5910	2238	2338	100	5.77e-44
C662FACXX150129:7:1101:6441:67721/2	101	1	101	smNRPS-1/2	5910	1566	1666	100	5.77e-44
C662FACXX150129:2:2105:12629:44875/2	101	1	101	smNRPS-1/2	5910	2155	2255	100	5.77e-44
C662FACXX150129:2:1205:8875:57216/1	101	1	101	smNRPS-1/2	5910	607	707	100	5.77e-44
C662FACXX150129:2:1205:8875:57216/2	101	101	1	smNRPS-1/2	5910	802	902	100	5.77e-44
C662FACXX150129:2:2215:7265:54767/1	101	1	101	smNRPS-1/2	5910	822	922	100	5.77e-44
C662FACXX150129:2:2215:7265:54767/2	101	101	1	smNRPS-1/2	5910	874	974	100	5.77e-44
C662FACXX150129:6:2303:8433:44325/1	101	1	101	smNRPS-1/2	5910	129	229	100	5.77e-44
C662FACXX150129:5:1105:19065:31553/1	101	101	1	smNRPS-1/2	5910	601	701	100	5.77e-44
C662FACXX150129:5:1105:19065:31553/2	101	1	101	smNRPS-1/2	5910	581	681	100	5.77e-44
C662FACXX150129:7:1112:17869:43266/1	101	1	101	smNRPS-1/2	5910	2164	2264	100	5.77e-44
C662FACXX150129:6:1106:15853:16446/1	101	101	1	smNRPS-1/2	5910	2103	2203	100	5.77e-44
C662FACXX150129:6:1106:15853:16446/2	101	1	101	smNRPS-1/2	5910	2103	2203	100	5.77e-44
C662FACXX150129:2:2110:8095:88898/2	101	101	1	smNRPS-1/2	5910	128	228	100	5.77e-44
C662FACXX150129:5:2105:14895:76768/2	101	101	1	smNRPS-1/2	5910	2922	3022	100	5.77e-44
C662FACXX150129:2:1103:11089:94030/1	101	1	101	smNRPS-1/2	5910	2299	2399	100	5.77e-44
C662FACXX150129:4:1102:18551:14810/1	101	1	101	smNRPS-1/2	5910	792	892	100	5.77e-44
C662FACXX150129:3:1205:16984:6596/1	101	101	1	smNRPS-1/2	5910	1691	1791	100	5.77e-44
C662FACXX150129:7:1304:11363:74505/1	101	101	1	smNRPS-1/2	5910	808	908	100	5.77e-44
C662FACXX150129:4:2313:14287:34727/1	101	101	1	smNRPS-1/2	5910	1691	1791	100	5.77e-44
C662FACXX150129:5:1110:13792:86167/2	101	1	101	smNRPS-1/2	5910	786	886	100	5.77e-44
