C662FACXX150129:7:1207:12682:16194/1	63	63	1	smNRPS-1/2	5910	1633	1695	98.413	2.41e-21
C662FACXX150129:2:1312:18915:78407/1	61	1	61	smNRPS-1/2	5910	3785	3845	100	6.71e-22
C662FACXX150129:5:1211:3660:6261/1	65	1	65	smNRPS-1/2	5910	1725	1789	100	4.01e-24
C662FACXX150129:6:1104:18603:37228/2	67	67	1	smNRPS-1/2	5910	4584	4650	100	3.1e-25
C662FACXX150129:6:1108:4009:57134/2	70	70	1	smNRPS-1/2	5910	4680	4749	98.571	3.1e-25
C662FACXX150129:3:1309:14395:94450/1	67	1	67	smNRPS-1/2	5910	1782	1848	100	3.1e-25
C662FACXX150129:7:2210:21044:22704/1	94	1	68	smNRPS-1/2	5910	5808	5875	100	8.62e-26
C662FACXX150129:2:1206:12012:18425/2	72	1	72	smNRPS-1/2	5910	4654	4725	98.611	2.4e-26
C662FACXX150129:6:2203:11778:39722/2	70	70	1	smNRPS-1/2	5910	5673	5742	100	6.66e-27
C662FACXX150129:6:1316:15708:60994/2	71	71	1	smNRPS-1/2	5910	4893	4963	100	1.85e-27
C662FACXX150129:3:2302:16322:5361/2	72	1	72	smNRPS-1/2	5910	1938	2009	100	5.15e-28
C662FACXX150129:2:2107:11243:37953/1	73	73	1	smNRPS-1/2	5910	2857	2929	100	1.43e-28
C662FACXX150129:2:1203:2235:57457/2	77	74	1	smNRPS-1/2	5910	3913	3986	100	3.98e-29
C662FACXX150129:5:1303:11814:36511/2	75	75	1	smNRPS-1/2	5910	578	652	100	1.11e-29
C662FACXX150129:2:1312:18915:78407/2	75	75	1	smNRPS-1/2	5910	3844	3918	100	1.11e-29
C662FACXX150129:5:2203:15351:9608/2	75	75	1	smNRPS-1/2	5910	1034	1108	100	1.11e-29
C662FACXX150129:3:2213:6775:88281/1	101	1	77	smNRPS-1/2	5910	5799	5875	100	8.56e-31
C662FACXX150129:7:2212:1191:26789/1	79	1	79	smNRPS-1/2	5910	4839	4917	100	6.62e-32
C662FACXX150129:5:1310:3586:14604/1	79	79	1	smNRPS-1/2	5910	3799	3877	100	6.62e-32
C662FACXX150129:5:1310:3586:14604/2	80	1	80	smNRPS-1/2	5910	3489	3568	100	1.84e-32
C662FACXX150129:2:1104:2463:100330/2	80	1	80	smNRPS-1/2	5910	4535	4614	100	1.84e-32
C662FACXX150129:6:1316:15708:60994/1	84	1	84	smNRPS-1/2	5910	4695	4778	98.81	5.11e-33
C662FACXX150129:5:2314:11154:20006/1	85	81	1	smNRPS-1/2	5910	1653	1733	100	5.11e-33
C662FACXX150129:2:1107:10712:5552/2	81	1	81	smNRPS-1/2	5910	2352	2432	100	5.11e-33
C662FACXX150129:2:1206:3260:33658/1	81	81	1	smNRPS-1/2	5910	478	558	100	5.11e-33
C662FACXX150129:5:1215:7177:65167/2	85	85	1	smNRPS-1/2	5910	4053	4137	98.824	1.42e-33
C662FACXX150129:4:1213:11597:43781/1	83	83	1	smNRPS-1/2	5910	4118	4200	100	3.95e-34
C662FACXX150129:4:1108:20367:90070/2	83	1	83	smNRPS-1/2	5910	5164	5246	100	3.95e-34
C662FACXX150129:3:1108:4378:71098/2	83	1	83	smNRPS-1/2	5910	2352	2434	100	3.95e-34
C662FACXX150129:6:2205:2173:57557/2	101	91	1	smNRPS-1/2	5910	4165	4254	97.802	1.1e-34
C662FACXX150129:2:2202:15048:31051/2	91	91	1	smNRPS-1/2	5910	5323	5413	97.802	3.06e-35
C662FACXX150129:5:1210:9596:52784/1	85	1	85	smNRPS-1/2	5910	2761	2845	100	3.06e-35
C662FACXX150129:5:2305:2195:13183/1	88	88	1	smNRPS-1/2	5910	3835	3922	98.864	3.06e-35
C662FACXX150129:6:1204:19926:69554/2	98	89	1	smNRPS-1/2	5910	834	922	98.876	8.5000000000000007e-36
C662FACXX150129:6:2308:3761:74910/1	87	1	87	smNRPS-1/2	5910	1216	1302	100	2.36e-36
C662FACXX150129:4:1207:16291:21627/2	87	1	87	smNRPS-1/2	5910	1035	1121	100	2.36e-36
C662FACXX150129:7:1305:4438:75041/2	101	1	91	smNRPS-1/2	5910	5708	5798	98.901	6.57e-37
C662FACXX150129:6:1204:19926:69554/1	101	1	91	smNRPS-1/2	5910	838	929	98.913	6.57e-37
C662FACXX150129:2:1307:12798:87585/2	91	1	91	smNRPS-1/2	5910	1147	1237	98.901	6.57e-37
C662FACXX150129:5:2315:14944:42114/1	89	1	89	smNRPS-1/2	5910	3914	4002	100	1.83e-37
C662FACXX150129:5:1210:9596:52784/2	89	89	1	smNRPS-1/2	5910	2783	2871	100	1.83e-37
C662FACXX150129:4:2301:3604:10816/2	101	1	93	smNRPS-1/2	5910	2425	2516	98.925	1.83e-37
C662FACXX150129:5:2308:7244:33412/2	90	90	1	smNRPS-1/2	5910	1224	1313	100	5.08e-38
C662FACXX150129:6:2301:8230:56031/2	91	91	1	smNRPS-1/2	5910	732	822	100	1.41e-38
C662FACXX150129:5:1312:13385:22491/2	91	91	1	smNRPS-1/2	5910	3315	3405	100	1.41e-38
C662FACXX150129:7:2111:3685:47472/2	91	91	1	smNRPS-1/2	5910	821	911	100	1.41e-38
C662FACXX150129:4:1204:1954:28896/2	91	91	1	smNRPS-1/2	5910	2270	2360	100	1.41e-38
C662FACXX150129:7:1312:16851:65674/1	94	94	1	smNRPS-1/2	5910	3829	3922	98.936	1.41e-38
C662FACXX150129:4:2305:4906:33871/2	92	1	92	smNRPS-1/2	5910	4289	4380	100	3.93e-39
C662FACXX150129:5:2312:15604:54766/1	101	101	1	smNRPS-1/2	5910	5254	5354	97.03	3.93e-39
C662FACXX150129:6:1101:15632:28378/2	92	1	92	smNRPS-1/2	5910	2608	2699	100	3.93e-39
C662FACXX150129:7:2212:1191:26789/2	93	93	1	smNRPS-1/2	5910	4937	5029	100	1.09e-39
C662FACXX150129:2:2103:11035:50818/2	96	1	96	smNRPS-1/2	5910	3489	3584	98.958	1.09e-39
C662FACXX150129:7:1312:6007:56010/1	99	99	1	smNRPS-1/2	5910	992	1090	97.98	1.09e-39
C662FACXX150129:6:2215:4821:39937/1	94	1	94	smNRPS-1/2	5910	602	695	100	3.04e-40
C662FACXX150129:3:2108:8774:9466/1	97	97	1	smNRPS-1/2	5910	288	384	98.969	3.04e-40
C662FACXX150129:4:1209:3264:74626/2	94	94	1	smNRPS-1/2	5910	4063	4156	100	3.04e-40
C662FACXX150129:2:1216:12623:41912/2	101	1	97	smNRPS-1/2	5910	3916	4012	98.969	3.04e-40
C662FACXX150129:7:2201:7419:22657/1	94	1	94	smNRPS-1/2	5910	343	436	100	3.04e-40
C662FACXX150129:3:1306:12774:24754/2	94	1	94	smNRPS-1/2	5910	364	457	100	3.04e-40
C662FACXX150129:3:2311:14525:23266/1	98	1	98	smNRPS-1/2	5910	4216	4313	98.98	8.44e-41
C662FACXX150129:7:1212:8051:52587/2	98	98	1	smNRPS-1/2	5910	1193	1290	98.98	8.44e-41
C662FACXX150129:6:1303:18895:26198/1	95	95	1	smNRPS-1/2	5910	3716	3810	100	8.44e-41
C662FACXX150129:6:1104:18603:37228/1	101	1	101	smNRPS-1/2	5910	4509	4609	98.02	8.44e-41
C662FACXX150129:3:1204:3079:63060/2	95	95	1	smNRPS-1/2	5910	1852	1946	100	8.44e-41
C662FACXX150129:4:2302:13381:96026/2	95	1	95	smNRPS-1/2	5910	4874	4968	100	8.44e-41
C662FACXX150129:4:2204:20005:33050/2	95	1	95	smNRPS-1/2	5910	754	848	100	8.44e-41
C662FACXX150129:3:2106:17386:73213/2	101	98	1	smNRPS-1/2	5910	1564	1661	98.98	8.44e-41
C662FACXX150129:5:1303:1382:17339/1	96	1	96	smNRPS-1/2	5910	2182	2277	100	2.35e-41
C662FACXX150129:3:1316:16843:57076/1	101	101	3	smNRPS-1/2	5910	4224	4322	98.99	2.35e-41
C662FACXX150129:4:1213:11597:43781/2	99	1	99	smNRPS-1/2	5910	4032	4130	98.99	2.35e-41
C662FACXX150129:4:2204:20005:33050/1	99	99	1	smNRPS-1/2	5910	901	999	98.99	2.35e-41
C662FACXX150129:4:1207:16291:21627/1	99	99	1	smNRPS-1/2	5910	1133	1231	98.99	2.35e-41
C662FACXX150129:2:1216:12623:41912/1	97	97	1	smNRPS-1/2	5910	3916	4012	100	6.52e-42
C662FACXX150129:6:2101:10858:51864/2	97	1	97	smNRPS-1/2	5910	1675	1771	100	6.52e-42
C662FACXX150129:6:2215:4821:39937/2	101	101	1	smNRPS-1/2	5910	722	822	99.01	1.81e-42
C662FACXX150129:4:2215:4988:23608/1	101	1	101	smNRPS-1/2	5910	4380	4480	99.01	1.81e-42
C662FACXX150129:3:2108:8774:9466/2	98	1	98	smNRPS-1/2	5910	274	371	100	1.81e-42
C662FACXX150129:3:2311:14525:23266/2	101	101	1	smNRPS-1/2	5910	4460	4560	99.01	1.81e-42
C662FACXX150129:2:2302:10373:69263/2	101	101	1	smNRPS-1/2	5910	4738	4838	99.01	1.81e-42
C662FACXX150129:7:2312:3293:5792/1	98	1	98	smNRPS-1/2	5910	2364	2461	100	1.81e-42
C662FACXX150129:6:1312:4267:37731/2	101	1	101	smNRPS-1/2	5910	1573	1673	99.01	1.81e-42
C662FACXX150129:7:1212:8051:52587/1	101	1	101	smNRPS-1/2	5910	922	1022	99.01	1.81e-42
C662FACXX150129:6:1203:1509:35592/1	101	1	101	smNRPS-1/2	5910	3723	3823	99.01	1.81e-42
C662FACXX150129:3:2113:13830:41207/2	101	101	1	smNRPS-1/2	5910	4069	4169	99.01	1.81e-42
C662FACXX150129:2:2202:15048:31051/1	101	1	101	smNRPS-1/2	5910	4960	5060	99.01	1.81e-42
C662FACXX150129:5:2315:14944:42114/2	101	101	1	smNRPS-1/2	5910	4069	4169	99.01	1.81e-42
C662FACXX150129:5:2311:19124:73369/1	101	101	1	smNRPS-1/2	5910	3210	3310	99.01	1.81e-42
C662FACXX150129:7:2101:6000:69384/2	98	1	98	smNRPS-1/2	5910	91	188	100	1.81e-42
C662FACXX150129:2:1111:7898:29748/1	101	101	1	smNRPS-1/2	5910	923	1023	99.01	1.81e-42
C662FACXX150129:5:2308:7244:33412/1	101	1	101	smNRPS-1/2	5910	833	933	99.01	1.81e-42
C662FACXX150129:7:1309:18616:92349/1	101	1	101	smNRPS-1/2	5910	240	340	99.01	1.81e-42
C662FACXX150129:5:2305:4261:43788/1	98	1	98	smNRPS-1/2	5910	4832	4929	100	1.81e-42
C662FACXX150129:5:2310:6332:60948/1	101	101	1	smNRPS-1/2	5910	899	999	99.01	1.81e-42
C662FACXX150129:5:2310:6332:60948/2	98	1	98	smNRPS-1/2	5910	754	851	100	1.81e-42
C662FACXX150129:5:1107:5122:91184/1	101	1	101	smNRPS-1/2	5910	4065	4165	99.01	1.81e-42
C662FACXX150129:2:2201:7319:3350/1	101	101	1	smNRPS-1/2	5910	1194	1294	99.01	1.81e-42
C662FACXX150129:4:2305:4906:33871/1	98	98	1	smNRPS-1/2	5910	4439	4536	100	1.81e-42
C662FACXX150129:2:1307:12798:87585/1	101	101	1	smNRPS-1/2	5910	1176	1276	99.01	1.81e-42
C662FACXX150129:3:1210:3284:98550/1	98	98	1	smNRPS-1/2	5910	2098	2195	100	1.81e-42
C662FACXX150129:6:2303:7970:70936/2	99	99	1	smNRPS-1/2	5910	3431	3529	100	5.04e-43
C662FACXX150129:6:1111:5372:5360/1	99	99	1	smNRPS-1/2	5910	286	384	100	5.04e-43
C662FACXX150129:3:2302:16322:5361/1	99	99	1	smNRPS-1/2	5910	2255	2353	100	5.04e-43
C662FACXX150129:3:1106:15930:45165/1	101	1	99	smNRPS-1/2	5910	271	369	100	5.04e-43
C662FACXX150129:3:1106:15930:45165/2	101	99	1	smNRPS-1/2	5910	270	368	100	5.04e-43
C662FACXX150129:6:1203:1509:35592/2	99	99	1	smNRPS-1/2	5910	3858	3956	100	5.04e-43
C662FACXX150129:3:1104:6510:13049/2	99	1	99	smNRPS-1/2	5910	3685	3783	100	5.04e-43
C662FACXX150129:4:1201:8170:13584/1	101	1	99	smNRPS-1/2	5910	271	369	100	5.04e-43
C662FACXX150129:4:1201:8170:13584/2	101	99	1	smNRPS-1/2	5910	270	368	100	5.04e-43
C662FACXX150129:4:1204:1954:28896/1	99	1	99	smNRPS-1/2	5910	2257	2355	100	5.04e-43
C662FACXX150129:5:1109:8619:92376/1	99	1	99	smNRPS-1/2	5910	5311	5409	100	5.04e-43
C662FACXX150129:4:1209:3264:74626/1	101	2	101	smNRPS-1/2	5910	3913	4012	100	1.4e-43
C662FACXX150129:6:1303:18895:26198/2	100	1	100	smNRPS-1/2	5910	3484	3583	100	1.4e-43
C662FACXX150129:4:1316:19995:49605/1	101	1	100	smNRPS-1/2	5910	1787	1886	100	1.4e-43
C662FACXX150129:4:1316:19995:49605/2	101	100	1	smNRPS-1/2	5910	1786	1885	100	1.4e-43
C662FACXX150129:5:1303:1382:17339/2	100	100	1	smNRPS-1/2	5910	2515	2614	100	1.4e-43
C662FACXX150129:7:2111:3685:47472/1	100	1	100	smNRPS-1/2	5910	794	893	100	1.4e-43
C662FACXX150129:3:1204:3079:63060/1	100	1	100	smNRPS-1/2	5910	1687	1786	100	1.4e-43
C662FACXX150129:4:2302:13381:96026/1	100	100	1	smNRPS-1/2	5910	4991	5090	100	1.4e-43
C662FACXX150129:6:1307:3347:19556/2	100	1	100	smNRPS-1/2	5910	5522	5621	100	1.4e-43
C662FACXX150129:6:1304:6275:46783/2	100	1	100	smNRPS-1/2	5910	2259	2358	100	1.4e-43
C662FACXX150129:3:1303:3401:10909/2	100	100	1	smNRPS-1/2	5910	266	365	100	1.4e-43
C662FACXX150129:6:1301:18364:56068/1	100	100	1	smNRPS-1/2	5910	997	1096	100	1.4e-43
C662FACXX150129:6:1308:20831:2834/1	100	1	100	smNRPS-1/2	5910	4521	4620	100	1.4e-43
C662FACXX150129:6:2301:8230:56031/1	101	1	101	smNRPS-1/2	5910	315	415	100	3.9e-44
C662FACXX150129:2:1215:12762:77642/1	101	1	101	smNRPS-1/2	5910	3221	3321	100	3.9e-44
C662FACXX150129:2:1215:12762:77642/2	101	101	1	smNRPS-1/2	5910	3394	3494	100	3.9e-44
C662FACXX150129:4:2215:4988:23608/2	101	101	1	smNRPS-1/2	5910	4466	4566	100	3.9e-44
C662FACXX150129:4:2107:5476:36781/1	101	1	101	smNRPS-1/2	5910	2541	2641	100	3.9e-44
C662FACXX150129:4:2107:5476:36781/2	101	101	1	smNRPS-1/2	5910	2647	2747	100	3.9e-44
C662FACXX150129:5:2208:16428:68240/1	101	1	101	smNRPS-1/2	5910	3431	3531	100	3.9e-44
C662FACXX150129:5:2208:16428:68240/2	101	101	1	smNRPS-1/2	5910	3723	3823	100	3.9e-44
C662FACXX150129:6:2303:7970:70936/1	101	1	101	smNRPS-1/2	5910	3036	3136	100	3.9e-44
C662FACXX150129:2:2302:10373:69263/1	101	1	101	smNRPS-1/2	5910	4468	4568	100	3.9e-44
C662FACXX150129:6:2203:11778:39722/1	101	1	101	smNRPS-1/2	5910	4928	5028	100	3.9e-44
C662FACXX150129:6:1111:5372:5360/2	101	1	101	smNRPS-1/2	5910	271	371	100	3.9e-44
C662FACXX150129:7:2312:3293:5792/2	101	101	1	smNRPS-1/2	5910	2368	2468	100	3.9e-44
C662FACXX150129:7:2210:8161:93214/1	101	1	101	smNRPS-1/2	5910	3047	3147	100	3.9e-44
C662FACXX150129:7:2210:8161:93214/2	101	101	1	smNRPS-1/2	5910	3098	3198	100	3.9e-44
C662FACXX150129:6:1304:13969:65077/1	101	1	101	smNRPS-1/2	5910	3795	3895	100	3.9e-44
C662FACXX150129:6:1304:13969:65077/2	101	101	1	smNRPS-1/2	5910	3935	4035	100	3.9e-44
C662FACXX150129:6:1207:19430:50701/1	101	1	101	smNRPS-1/2	5910	4169	4269	100	3.9e-44
C662FACXX150129:6:1207:19430:50701/2	101	101	1	smNRPS-1/2	5910	4198	4298	100	3.9e-44
C662FACXX150129:4:2106:8265:30499/1	101	1	101	smNRPS-1/2	5910	2792	2892	100	3.9e-44
C662FACXX150129:4:2106:8265:30499/2	101	101	1	smNRPS-1/2	5910	2794	2894	100	3.9e-44
C662FACXX150129:5:2303:2533:64767/1	101	1	101	smNRPS-1/2	5910	457	557	100	3.9e-44
C662FACXX150129:5:2303:2533:64767/2	101	101	1	smNRPS-1/2	5910	556	656	100	3.9e-44
C662FACXX150129:6:1312:4267:37731/1	101	101	1	smNRPS-1/2	5910	1633	1733	100	3.9e-44
C662FACXX150129:5:1303:11814:36511/1	101	1	101	smNRPS-1/2	5910	343	443	100	3.9e-44
C662FACXX150129:2:1206:12012:18425/1	101	101	1	smNRPS-1/2	5910	4810	4910	100	3.9e-44
C662FACXX150129:4:2202:8578:39918/1	101	1	101	smNRPS-1/2	5910	4462	4562	100	3.9e-44
C662FACXX150129:4:2202:8578:39918/2	101	101	1	smNRPS-1/2	5910	4571	4671	100	3.9e-44
C662FACXX150129:5:1312:13385:22491/1	101	1	101	smNRPS-1/2	5910	3092	3192	100	3.9e-44
C662FACXX150129:6:1111:16681:37930/1	101	101	1	smNRPS-1/2	5910	495	595	100	3.9e-44
C662FACXX150129:6:1111:16681:37930/2	101	1	101	smNRPS-1/2	5910	489	589	100	3.9e-44
C662FACXX150129:2:2107:11243:37953/2	101	1	101	smNRPS-1/2	5910	2828	2928	100	3.9e-44
C662FACXX150129:3:1111:16190:20576/1	101	1	101	smNRPS-1/2	5910	186	286	100	3.9e-44
C662FACXX150129:3:1111:16190:20576/2	101	101	1	smNRPS-1/2	5910	779	879	100	3.9e-44
C662FACXX150129:3:2113:13830:41207/1	101	1	101	smNRPS-1/2	5910	3914	4014	100	3.9e-44
C662FACXX150129:6:1108:4009:57134/1	101	1	101	smNRPS-1/2	5910	4563	4663	100	3.9e-44
C662FACXX150129:3:1104:6510:13049/1	101	101	1	smNRPS-1/2	5910	3736	3836	100	3.9e-44
C662FACXX150129:6:1103:16990:65340/1	101	1	101	smNRPS-1/2	5910	3092	3192	100	3.9e-44
C662FACXX150129:6:1103:16990:65340/2	101	101	1	smNRPS-1/2	5910	3198	3298	100	3.9e-44
C662FACXX150129:6:1314:18121:96852/1	101	101	1	smNRPS-1/2	5910	2532	2632	100	3.9e-44
C662FACXX150129:6:1314:18121:96852/2	101	1	101	smNRPS-1/2	5910	2510	2610	100	3.9e-44
C662FACXX150129:4:2110:10720:35484/1	101	1	101	smNRPS-1/2	5910	2458	2558	100	3.9e-44
C662FACXX150129:4:2110:10720:35484/2	101	101	1	smNRPS-1/2	5910	2615	2715	100	3.9e-44
C662FACXX150129:2:1306:13940:68574/1	101	101	1	smNRPS-1/2	5910	3491	3591	100	3.9e-44
C662FACXX150129:2:1306:13940:68574/2	101	1	101	smNRPS-1/2	5910	3400	3500	100	3.9e-44
C662FACXX150129:3:1316:16843:57076/2	101	1	101	smNRPS-1/2	5910	4182	4282	100	3.9e-44
C662FACXX150129:5:2311:19124:73369/2	101	1	101	smNRPS-1/2	5910	3122	3222	100	3.9e-44
C662FACXX150129:6:1313:1457:92140/1	101	101	1	smNRPS-1/2	5910	5237	5337	100	3.9e-44
C662FACXX150129:6:1313:1457:92140/2	101	1	101	smNRPS-1/2	5910	5194	5294	100	3.9e-44
C662FACXX150129:3:2207:5111:28183/1	101	101	1	smNRPS-1/2	5910	3710	3810	100	3.9e-44
C662FACXX150129:3:2207:5111:28183/2	101	1	101	smNRPS-1/2	5910	3406	3506	100	3.9e-44
C662FACXX150129:2:2106:10855:9765/1	101	101	1	smNRPS-1/2	5910	329	429	100	3.9e-44
C662FACXX150129:2:2106:10855:9765/2	101	1	101	smNRPS-1/2	5910	273	373	100	3.9e-44
C662FACXX150129:6:2213:17263:51354/1	101	101	1	smNRPS-1/2	5910	751	851	100	3.9e-44
C662FACXX150129:6:2213:17263:51354/2	101	1	101	smNRPS-1/2	5910	712	812	100	3.9e-44
C662FACXX150129:7:2101:6000:69384/1	101	101	1	smNRPS-1/2	5910	260	360	100	3.9e-44
C662FACXX150129:6:2101:10858:51864/1	101	101	1	smNRPS-1/2	5910	1856	1956	100	3.9e-44
C662FACXX150129:6:1209:4116:5951/1	101	1	101	smNRPS-1/2	5910	4930	5030	100	3.9e-44
C662FACXX150129:6:1209:4116:5951/2	101	101	1	smNRPS-1/2	5910	4990	5090	100	3.9e-44
C662FACXX150129:2:1111:7898:29748/2	101	1	101	smNRPS-1/2	5910	814	914	100	3.9e-44
C662FACXX150129:7:1309:18616:92349/2	101	101	1	smNRPS-1/2	5910	334	434	100	3.9e-44
C662FACXX150129:7:2201:7419:22657/2	101	101	1	smNRPS-1/2	5910	552	652	100	3.9e-44
C662FACXX150129:5:2305:4261:43788/2	101	101	1	smNRPS-1/2	5910	4929	5029	100	3.9e-44
C662FACXX150129:3:2205:16640:59447/1	101	1	101	smNRPS-1/2	5910	2163	2263	100	3.9e-44
C662FACXX150129:3:2205:16640:59447/2	101	101	1	smNRPS-1/2	5910	2250	2350	100	3.9e-44
C662FACXX150129:2:1203:2235:57457/1	101	1	101	smNRPS-1/2	5910	3651	3751	100	3.9e-44
C662FACXX150129:2:1107:10712:5552/1	101	101	1	smNRPS-1/2	5910	2430	2530	100	3.9e-44
C662FACXX150129:2:2108:17142:66214/1	101	101	1	smNRPS-1/2	5910	3491	3591	100	3.9e-44
C662FACXX150129:2:2108:17142:66214/2	101	1	101	smNRPS-1/2	5910	3400	3500	100	3.9e-44
C662FACXX150129:6:2113:8272:35324/1	101	101	1	smNRPS-1/2	5910	5399	5499	100	3.9e-44
C662FACXX150129:6:2113:8272:35324/2	101	1	101	smNRPS-1/2	5910	5164	5264	100	3.9e-44
C662FACXX150129:6:2210:9891:16732/1	101	101	1	smNRPS-1/2	5910	2358	2458	100	3.9e-44
C662FACXX150129:6:2210:9891:16732/2	101	1	101	smNRPS-1/2	5910	2292	2392	100	3.9e-44
C662FACXX150129:5:1107:5122:91184/2	101	101	1	smNRPS-1/2	5910	4224	4324	100	3.9e-44
C662FACXX150129:6:1307:3347:19556/1	101	101	1	smNRPS-1/2	5910	5669	5769	100	3.9e-44
C662FACXX150129:3:1306:12774:24754/1	101	101	1	smNRPS-1/2	5910	751	851	100	3.9e-44
C662FACXX150129:2:2201:7319:3350/2	101	1	101	smNRPS-1/2	5910	1008	1108	100	3.9e-44
C662FACXX150129:6:1304:6275:46783/1	101	101	1	smNRPS-1/2	5910	2618	2718	100	3.9e-44
C662FACXX150129:3:1206:19599:34207/1	101	1	101	smNRPS-1/2	5910	602	702	100	3.9e-44
C662FACXX150129:3:1206:19599:34207/2	101	101	1	smNRPS-1/2	5910	722	822	100	3.9e-44
C662FACXX150129:2:1104:2463:100330/1	101	101	1	smNRPS-1/2	5910	4714	4814	100	3.9e-44
C662FACXX150129:2:1205:10729:61345/1	101	1	101	smNRPS-1/2	5910	5021	5121	100	3.9e-44
C662FACXX150129:2:1205:10729:61345/2	101	101	1	smNRPS-1/2	5910	5111	5211	100	3.9e-44
C662FACXX150129:7:2104:18483:72346/1	101	101	1	smNRPS-1/2	5910	260	360	100	3.9e-44
C662FACXX150129:7:2104:18483:72346/2	101	1	101	smNRPS-1/2	5910	91	191	100	3.9e-44
C662FACXX150129:2:2103:11035:50818/1	101	101	1	smNRPS-1/2	5910	3777	3877	100	3.9e-44
C662FACXX150129:5:2312:15604:54766/2	101	1	101	smNRPS-1/2	5910	5092	5192	100	3.9e-44
C662FACXX150129:6:1101:15632:28378/1	101	101	1	smNRPS-1/2	5910	2992	3092	100	3.9e-44
C662FACXX150129:3:1214:8660:11020/1	101	1	101	smNRPS-1/2	5910	2844	2944	100	3.9e-44
C662FACXX150129:3:1214:8660:11020/2	101	101	1	smNRPS-1/2	5910	2902	3002	100	3.9e-44
C662FACXX150129:6:2308:3761:74910/2	101	101	1	smNRPS-1/2	5910	1769	1869	100	3.9e-44
C662FACXX150129:6:2207:19277:19301/1	101	101	1	smNRPS-1/2	5910	722	822	100	3.9e-44
C662FACXX150129:6:2207:19277:19301/2	101	1	101	smNRPS-1/2	5910	455	555	100	3.9e-44
C662FACXX150129:7:2305:3849:92192/1	101	1	101	smNRPS-1/2	5910	1787	1887	100	3.9e-44
C662FACXX150129:7:2305:3849:92192/2	101	101	1	smNRPS-1/2	5910	2051	2151	100	3.9e-44
C662FACXX150129:2:1207:14901:44870/2	101	1	101	smNRPS-1/2	5910	5542	5642	100	3.9e-44
C662FACXX150129:5:2104:8840:42731/1	101	1	101	smNRPS-1/2	5910	2324	2424	100	3.9e-44
C662FACXX150129:5:2104:8840:42731/2	101	101	1	smNRPS-1/2	5910	2368	2468	100	3.9e-44
C662FACXX150129:4:1105:12040:47973/1	101	1	101	smNRPS-1/2	5910	4289	4389	100	3.9e-44
C662FACXX150129:5:2310:14924:63987/1	101	101	1	smNRPS-1/2	5910	329	429	100	3.9e-44
C662FACXX150129:6:2212:20495:72384/1	101	1	101	smNRPS-1/2	5910	2138	2238	100	3.9e-44
C662FACXX150129:4:1303:4299:65629/2	101	1	101	smNRPS-1/2	5910	5026	5126	100	3.9e-44
C662FACXX150129:4:2305:4474:66557/1	83	83	1	smNRPS-1/2	5910	4828	4910	95.181	1.87e-27
C662FACXX150129:2:1207:14901:44870/1	101	27	101	smNRPS-1/2	5910	1	75	98.667	5.21e-28
C662FACXX150129:7:2205:14111:23506/2	77	77	1	smNRPS-1/2	5910	4482	4558	100	8.66e-31
C662FACXX150129:6:2214:9149:18615/2	77	77	1	smNRPS-1/2	5910	4175	4251	100	8.66e-31
C662FACXX150129:6:2105:1511:99815/1	97	16	97	smNRPS-1/2	5910	1	82	98.78	6.7e-32
C662FACXX150129:5:1203:7003:22862/2	79	1	79	smNRPS-1/2	5910	2054	2132	100	6.7e-32
C662FACXX150129:4:1213:16321:36371/1	101	16	101	smNRPS-1/2	5910	1	86	98.837	4e-34
C662FACXX150129:2:1204:3596:70718/2	86	1	86	smNRPS-1/2	5910	454	539	100	8.6e-36
C662FACXX150129:4:1308:11502:28065/2	87	1	87	smNRPS-1/2	5910	2568	2654	100	2.39e-36
C662FACXX150129:7:2205:14111:23506/1	89	1	89	smNRPS-1/2	5910	4188	4276	100	1.85e-37
C662FACXX150129:5:1203:7003:22862/1	90	90	1	smNRPS-1/2	5910	2507	2596	100	5.14e-38
C662FACXX150129:6:1112:17713:10315/2	91	91	1	smNRPS-1/2	5910	5051	5141	100	1.43e-38
C662FACXX150129:7:1109:3247:41806/2	95	1	95	smNRPS-1/2	5910	3506	3600	98.947	3.97e-39
C662FACXX150129:4:2308:17682:97116/1	95	95	1	smNRPS-1/2	5910	4397	4491	98.947	3.97e-39
C662FACXX150129:7:1109:3247:41806/1	96	96	1	smNRPS-1/2	5910	3512	3607	98.958	1.1e-39
C662FACXX150129:2:1212:11268:50421/1	97	97	1	smNRPS-1/2	5910	2796	2892	98.969	3.07e-40
C662FACXX150129:6:2105:1511:99815/2	101	101	1	smNRPS-1/2	5910	267	367	98.02	8.54e-41
C662FACXX150129:3:2313:12764:8412/1	99	1	99	smNRPS-1/2	5910	5799	5897	98.99	2.37e-41
C662FACXX150129:3:2304:4560:30168/1	97	97	1	smNRPS-1/2	5910	699	795	100	6.6e-42
C662FACXX150129:3:2316:6327:71857/1	101	98	1	smNRPS-1/2	5910	2122	2219	100	1.84e-42
C662FACXX150129:3:2316:6327:71857/2	101	1	98	smNRPS-1/2	5910	2122	2219	100	1.84e-42
C662FACXX150129:4:1307:8615:32409/1	101	1	101	smNRPS-1/2	5910	5485	5585	99.01	1.84e-42
C662FACXX150129:4:1307:8615:32409/2	101	101	1	smNRPS-1/2	5910	5709	5809	99.01	1.84e-42
C662FACXX150129:4:2305:4474:66557/2	101	1	101	smNRPS-1/2	5910	4550	4650	99.01	1.84e-42
C662FACXX150129:5:2214:5547:71475/1	101	98	1	smNRPS-1/2	5910	2122	2219	100	1.84e-42
C662FACXX150129:5:2214:5547:71475/2	101	1	98	smNRPS-1/2	5910	2122	2219	100	1.84e-42
C662FACXX150129:5:2209:3492:54992/2	101	1	101	smNRPS-1/2	5910	2713	2813	99.01	1.84e-42
C662FACXX150129:5:1103:17546:101104/2	101	1	101	smNRPS-1/2	5910	3771	3871	99.01	1.84e-42
C662FACXX150129:6:1112:17713:10315/1	101	1	101	smNRPS-1/2	5910	5005	5105	99.01	1.84e-42
C662FACXX150129:6:2214:9149:18615/1	101	1	101	smNRPS-1/2	5910	3864	3964	99.01	1.84e-42
C662FACXX150129:4:1213:16321:36371/2	101	101	1	smNRPS-1/2	5910	267	367	99.01	1.84e-42
C662FACXX150129:4:2215:14437:45377/1	101	1	101	smNRPS-1/2	5910	5005	5105	99.01	1.84e-42
C662FACXX150129:7:1113:9194:97882/2	100	1	100	smNRPS-1/2	5910	2458	2557	100	1.42e-43
C662FACXX150129:6:2105:17324:66569/2	100	1	100	smNRPS-1/2	5910	5529	5628	100	1.42e-43
C662FACXX150129:4:2308:17682:97116/2	100	1	100	smNRPS-1/2	5910	4183	4282	100	1.42e-43
C662FACXX150129:7:1113:9194:97882/1	101	101	1	smNRPS-1/2	5910	2493	2593	100	3.95e-44
C662FACXX150129:5:2209:3492:54992/1	101	101	1	smNRPS-1/2	5910	3012	3112	100	3.95e-44
C662FACXX150129:6:2105:17324:66569/1	101	101	1	smNRPS-1/2	5910	5707	5807	100	3.95e-44
C662FACXX150129:2:1204:3596:70718/1	101	101	1	smNRPS-1/2	5910	505	605	100	3.95e-44
C662FACXX150129:4:1308:11502:28065/1	101	101	1	smNRPS-1/2	5910	2726	2826	100	3.95e-44
C662FACXX150129:5:1103:17546:101104/1	101	101	1	smNRPS-1/2	5910	3789	3889	100	3.95e-44
C662FACXX150129:3:2313:12764:8412/2	101	101	1	smNRPS-1/2	5910	5802	5902	100	3.95e-44
C662FACXX150129:2:1212:11268:50421/2	101	1	101	smNRPS-1/2	5910	2582	2682	100	3.95e-44
C662FACXX150129:7:2307:4596:50414/1	101	1	101	smNRPS-1/2	5910	2202	2302	100	3.95e-44
C662FACXX150129:7:2307:4596:50414/2	101	101	1	smNRPS-1/2	5910	2320	2420	100	3.95e-44
C662FACXX150129:4:2215:14437:45377/2	101	101	1	smNRPS-1/2	5910	5041	5141	100	3.95e-44
C662FACXX150129:3:2113:13629:39530/1	101	101	1	smNRPS-1/2	5910	4634	4734	100	3.95e-44
C662FACXX150129:3:2113:13629:39530/2	101	1	101	smNRPS-1/2	5910	4500	4600	100	3.95e-44
