C662FACXX150129:3:2109:18791:67705/1	72	70	1	smNRPS-1/2	5910	431	500	98.571	2.96e-25
C662FACXX150129:4:1210:3717:32754/1	73	1	73	smNRPS-1/2	5910	4866	4938	97.26	2.96e-25
C662FACXX150129:7:2212:12796:93564/2	78	78	1	smNRPS-1/2	5910	1210	1287	96.154	2.29e-26
C662FACXX150129:7:2315:19858:69880/2	71	1	71	smNRPS-1/2	5910	3934	4004	100	1.77e-27
C662FACXX150129:7:1203:2885:2908/1	77	1	77	smNRPS-1/2	5910	1228	1304	98.701	3.81e-29
C662FACXX150129:2:2309:4425:100529/2	85	1	85	smNRPS-1/2	5910	4305	4389	96.471	2.94e-30
C662FACXX150129:2:2116:8963:63883/1	83	1	83	smNRPS-1/2	5910	4188	4270	97.59	8.19e-31
C662FACXX150129:2:2208:15224:75586/1	101	91	1	smNRPS-1/2	5910	106	195	95.604	2.28e-31
C662FACXX150129:4:1314:8074:84117/1	101	91	1	smNRPS-1/2	5910	106	195	95.604	2.28e-31
C662FACXX150129:4:1209:19113:91322/1	86	86	1	smNRPS-1/2	5910	5432	5517	98.837	3.78e-34
C662FACXX150129:4:2308:6804:73886/1	101	1	101	smNRPS-1/2	5910	4997	5097	95.05	8.13e-36
C662FACXX150129:5:2304:17949:92197/2	87	1	87	smNRPS-1/2	5910	5162	5248	100	2.26e-36
C662FACXX150129:2:2305:14113:38599/1	87	1	87	smNRPS-1/2	5910	1740	1826	100	2.26e-36
C662FACXX150129:5:2114:14624:49071/2	92	92	1	smNRPS-1/2	5910	3018	3109	98.913	1.75e-37
C662FACXX150129:6:1316:20570:73252/2	101	98	1	smNRPS-1/2	5910	4289	4386	96.939	1.75e-37
C662FACXX150129:4:2206:15444:13528/1	89	1	89	smNRPS-1/2	5910	1103	1191	100	1.75e-37
C662FACXX150129:5:1105:14645:95514/1	101	96	1	smNRPS-1/2	5910	2435	2530	97.917	4.86e-38
C662FACXX150129:2:2101:16241:48679/2	101	1	96	smNRPS-1/2	5910	4789	4884	97.917	4.86e-38
C662FACXX150129:5:2308:2868:12405/2	96	93	1	smNRPS-1/2	5910	1882	1974	98.925	4.86e-38
C662FACXX150129:4:2113:8316:7175/1	101	97	1	smNRPS-1/2	5910	5321	5417	97.938	1.35e-38
C662FACXX150129:4:2113:8316:7175/2	101	1	97	smNRPS-1/2	5910	5321	5417	97.938	1.35e-38
C662FACXX150129:3:1111:6340:54742/2	101	1	101	smNRPS-1/2	5910	682	781	97.03	1.35e-38
C662FACXX150129:2:2101:16241:48679/1	101	97	1	smNRPS-1/2	5910	4788	4884	97.938	1.35e-38
C662FACXX150129:3:2110:18590:27824/2	100	1	100	smNRPS-1/2	5910	4290	4389	97	1.35e-38
C662FACXX150129:4:1315:15377:60153/1	92	2	92	smNRPS-1/2	5910	3913	4003	100	1.35e-38
C662FACXX150129:4:2115:4701:86894/1	101	1	101	smNRPS-1/2	5910	4290	4390	97.03	3.75e-39
C662FACXX150129:7:2301:1204:98463/1	101	1	101	smNRPS-1/2	5910	4267	4368	97.059	3.75e-39
C662FACXX150129:4:1116:10162:90006/2	101	1	101	smNRPS-1/2	5910	4818	4918	97.03	3.75e-39
C662FACXX150129:3:1310:17282:70490/1	101	1	101	smNRPS-1/2	5910	4289	4389	97.03	3.75e-39
C662FACXX150129:7:2206:1418:85046/1	101	101	1	smNRPS-1/2	5910	1171	1271	97.03	3.75e-39
C662FACXX150129:3:2213:9821:14755/1	99	2	99	smNRPS-1/2	5910	4748	4845	97.959	3.75e-39
C662FACXX150129:3:2213:9821:14755/2	101	101	1	smNRPS-1/2	5910	4816	4916	97.03	3.75e-39
C662FACXX150129:4:1209:19113:91322/2	92	1	92	smNRPS-1/2	5910	5353	5444	100	3.75e-39
C662FACXX150129:7:1307:12792:51379/1	100	1	98	smNRPS-1/2	5910	3720	3817	97.959	3.75e-39
C662FACXX150129:6:2102:17022:26322/2	100	100	2	smNRPS-1/2	5910	3813	3911	97.98	1.04e-39
C662FACXX150129:2:2315:15699:85407/2	100	1	100	smNRPS-1/2	5910	2318	2417	98	2.9e-40
C662FACXX150129:5:2305:6759:33720/1	97	97	1	smNRPS-1/2	5910	333	429	98.969	2.9e-40
C662FACXX150129:7:2202:8763:44998/1	101	98	1	smNRPS-1/2	5910	4638	4735	98.98	8.07e-41
C662FACXX150129:7:1203:2885:2908/2	101	101	1	smNRPS-1/2	5910	1232	1332	98.02	8.07e-41
C662FACXX150129:7:2301:1204:98463/2	101	101	1	smNRPS-1/2	5910	4330	4431	98.039	8.07e-41
C662FACXX150129:5:1213:17175:77405/2	101	101	1	smNRPS-1/2	5910	5227	5327	98.02	8.07e-41
C662FACXX150129:5:2303:16865:99147/2	101	1	101	smNRPS-1/2	5910	3843	3943	98.02	8.07e-41
C662FACXX150129:2:1302:7150:80038/1	101	101	1	smNRPS-1/2	5910	3628	3728	98.02	8.07e-41
C662FACXX150129:5:2102:18601:28655/2	101	1	101	smNRPS-1/2	5910	4798	4898	98.02	8.07e-41
C662FACXX150129:6:2102:17022:26322/1	101	1	101	smNRPS-1/2	5910	3810	3910	98.02	8.07e-41
C662FACXX150129:5:2101:4485:83294/1	101	1	101	smNRPS-1/2	5910	3680	3780	98.02	8.07e-41
C662FACXX150129:5:2101:4485:83294/2	101	101	1	smNRPS-1/2	5910	3703	3803	98.02	8.07e-41
C662FACXX150129:5:2304:17949:92197/1	101	101	1	smNRPS-1/2	5910	5225	5325	98.02	8.07e-41
C662FACXX150129:6:2111:17408:50599/1	101	101	1	smNRPS-1/2	5910	2724	2824	98.02	8.07e-41
C662FACXX150129:2:2107:19710:45304/1	101	101	1	smNRPS-1/2	5910	5188	5288	98.02	8.07e-41
C662FACXX150129:2:1312:7546:54748/1	99	99	1	smNRPS-1/2	5910	5333	5431	98.99	2.24e-41
C662FACXX150129:3:2212:19079:41123/1	100	100	1	smNRPS-1/2	5910	4176	4275	99	6.24e-42
C662FACXX150129:2:2305:14113:38599/2	97	97	1	smNRPS-1/2	5910	1835	1931	100	6.24e-42
C662FACXX150129:6:2203:11935:15455/1	99	97	1	smNRPS-1/2	5910	4940	5036	100	6.24e-42
C662FACXX150129:4:2111:4081:37297/1	100	100	1	smNRPS-1/2	5910	453	552	99	6.24e-42
C662FACXX150129:2:2216:9919:35227/2	98	1	97	smNRPS-1/2	5910	2448	2544	100	6.24e-42
C662FACXX150129:2:1312:7546:54748/2	101	1	101	smNRPS-1/2	5910	5319	5419	99.01	1.73e-42
C662FACXX150129:5:2215:1849:94591/1	101	1	101	smNRPS-1/2	5910	4833	4933	99.01	1.73e-42
C662FACXX150129:5:2303:16865:99147/1	101	101	1	smNRPS-1/2	5910	3983	4083	99.01	1.73e-42
C662FACXX150129:2:1302:7150:80038/2	101	1	101	smNRPS-1/2	5910	3499	3599	99.01	1.73e-42
C662FACXX150129:5:2114:14624:49071/1	101	1	101	smNRPS-1/2	5910	2994	3094	99.01	1.73e-42
C662FACXX150129:6:2313:1338:99267/1	101	101	1	smNRPS-1/2	5910	297	397	99.01	1.73e-42
C662FACXX150129:6:2313:1338:99267/2	101	1	101	smNRPS-1/2	5910	129	229	99.01	1.73e-42
C662FACXX150129:6:2111:17408:50599/2	101	1	101	smNRPS-1/2	5910	2702	2802	99.01	1.73e-42
C662FACXX150129:4:1103:1519:92943/2	98	98	1	smNRPS-1/2	5910	1957	2054	100	1.73e-42
C662FACXX150129:6:2203:11935:15455/2	101	1	101	smNRPS-1/2	5910	4833	4933	99.01	1.73e-42
C662FACXX150129:6:2307:18149:61837/2	101	101	1	smNRPS-1/2	5910	76	176	99.01	1.73e-42
C662FACXX150129:5:2305:6759:33720/2	101	1	101	smNRPS-1/2	5910	222	322	99.01	1.73e-42
C662FACXX150129:3:2301:7617:17161/1	101	1	101	smNRPS-1/2	5910	5423	5523	99.01	1.73e-42
C662FACXX150129:3:2301:7617:17161/2	101	101	1	smNRPS-1/2	5910	5484	5584	99.01	1.73e-42
C662FACXX150129:4:1110:16561:11724/1	101	1	101	smNRPS-1/2	5910	3484	3584	99.01	1.73e-42
C662FACXX150129:4:1103:1519:92943/1	99	1	99	smNRPS-1/2	5910	1938	2036	100	4.82e-43
C662FACXX150129:7:2202:8763:44998/2	100	1	100	smNRPS-1/2	5910	4063	4162	100	1.34e-43
C662FACXX150129:4:1315:15489:68862/1	101	2	101	smNRPS-1/2	5910	3913	4012	100	1.34e-43
C662FACXX150129:2:1316:11423:42571/1	101	2	101	smNRPS-1/2	5910	3913	4012	100	1.34e-43
C662FACXX150129:7:1302:11371:13856/1	100	1	100	smNRPS-1/2	5910	3084	3183	100	1.34e-43
C662FACXX150129:2:2103:9954:52621/1	101	1	101	smNRPS-1/2	5910	1867	1967	100	3.73e-44
C662FACXX150129:2:2103:9954:52621/2	101	101	1	smNRPS-1/2	5910	1874	1974	100	3.73e-44
C662FACXX150129:5:2215:1849:94591/2	101	101	1	smNRPS-1/2	5910	4990	5090	100	3.73e-44
C662FACXX150129:5:1213:17175:77405/1	101	1	101	smNRPS-1/2	5910	5033	5133	100	3.73e-44
C662FACXX150129:4:1116:10162:90006/1	101	101	1	smNRPS-1/2	5910	4986	5086	100	3.73e-44
C662FACXX150129:4:1315:15489:68862/2	101	101	1	smNRPS-1/2	5910	4198	4298	100	3.73e-44
C662FACXX150129:5:2102:18601:28655/1	101	101	1	smNRPS-1/2	5910	4990	5090	100	3.73e-44
C662FACXX150129:5:2313:19225:3274/1	101	101	1	smNRPS-1/2	5910	3297	3397	100	3.73e-44
C662FACXX150129:5:2313:19225:3274/2	101	1	101	smNRPS-1/2	5910	3122	3222	100	3.73e-44
C662FACXX150129:6:2315:12514:2757/1	101	1	101	smNRPS-1/2	5910	4426	4526	100	3.73e-44
C662FACXX150129:6:2315:12514:2757/2	101	101	1	smNRPS-1/2	5910	4435	4535	100	3.73e-44
C662FACXX150129:3:1111:6340:54742/1	101	101	1	smNRPS-1/2	5910	796	896	100	3.73e-44
C662FACXX150129:3:2107:2924:44190/1	101	101	1	smNRPS-1/2	5910	4140	4240	100	3.73e-44
C662FACXX150129:3:2107:2924:44190/2	101	1	101	smNRPS-1/2	5910	4074	4174	100	3.73e-44
C662FACXX150129:5:1111:17036:83532/1	101	101	1	smNRPS-1/2	5910	5052	5152	100	3.73e-44
C662FACXX150129:5:1111:17036:83532/2	101	1	101	smNRPS-1/2	5910	5026	5126	100	3.73e-44
C662FACXX150129:3:2212:19079:41123/2	101	1	101	smNRPS-1/2	5910	4063	4163	100	3.73e-44
C662FACXX150129:2:2209:4923:45508/1	101	101	1	smNRPS-1/2	5910	4140	4240	100	3.73e-44
C662FACXX150129:2:2209:4923:45508/2	101	1	101	smNRPS-1/2	5910	4074	4174	100	3.73e-44
C662FACXX150129:2:1316:11423:42571/2	101	101	1	smNRPS-1/2	5910	4198	4298	100	3.73e-44
C662FACXX150129:7:1115:11632:47075/1	101	101	1	smNRPS-1/2	5910	4140	4240	100	3.73e-44
C662FACXX150129:7:1115:11632:47075/2	101	1	101	smNRPS-1/2	5910	4074	4174	100	3.73e-44
C662FACXX150129:2:2315:15699:85407/1	101	101	1	smNRPS-1/2	5910	2450	2550	100	3.73e-44
C662FACXX150129:2:2107:19710:45304/2	101	1	101	smNRPS-1/2	5910	5097	5197	100	3.73e-44
C662FACXX150129:4:2311:16767:84391/2	101	101	1	smNRPS-1/2	5910	1874	1974	100	3.73e-44
C662FACXX150129:4:1205:5818:3242/1	101	1	52	smNRPS-1/2	5910	5894	5945	96.154	1.42e-13
C662FACXX150129:3:1203:19713:30523/2	101	1	60	smNRPS-1/2	5910	5886	5945	96.667	5.06e-18
C662FACXX150129:4:2314:8973:35415/2	101	1	60	smNRPS-1/2	5910	5886	5945	96.667	5.06e-18
C662FACXX150129:3:1203:19713:30523/1	101	83	23	smNRPS-1/2	5910	5885	5945	96.721	1.41e-18
C662FACXX150129:4:2314:8973:35415/1	101	83	23	smNRPS-1/2	5910	5885	5945	96.721	1.41e-18
C662FACXX150129:4:1207:16064:27194/2	60	60	1	smNRPS-1/2	5910	1459	1518	98.333	1.09e-19
C662FACXX150129:2:1105:14142:37454/1	71	71	1	smNRPS-1/2	5910	1259	1329	95.775	1.81e-22
C662FACXX150129:5:2212:3294:52818/1	100	68	1	smNRPS-1/2	5910	5860	5927	97.059	1.81e-22
C662FACXX150129:6:1216:17644:8863/2	68	68	1	smNRPS-1/2	5910	1146	1213	98.529	3.88e-24
C662FACXX150129:3:2202:14287:7246/2	101	33	98	smNRPS-1/2	5910	1	66	100	1.08e-24
C662FACXX150129:2:2103:11142:38284/2	68	1	68	smNRPS-1/2	5910	3759	3826	100	8.34e-26
C662FACXX150129:2:2202:7249:53636/1	71	1	71	smNRPS-1/2	5910	4114	4184	98.592	8.34e-26
C662FACXX150129:2:1202:6254:12729/2	74	74	1	smNRPS-1/2	5910	4824	4897	98.649	1.79e-27
C662FACXX150129:2:1207:16642:11580/1	75	1	75	smNRPS-1/2	5910	359	433	98.667	4.99e-28
C662FACXX150129:5:1206:11727:57540/2	79	79	1	smNRPS-1/2	5910	4147	4225	97.468	1.39e-28
C662FACXX150129:7:1303:8475:99733/2	76	1	76	smNRPS-1/2	5910	292	367	98.684	1.39e-28
C662FACXX150129:2:1113:3266:100414/2	77	1	77	smNRPS-1/2	5910	238	314	98.701	3.85e-29
C662FACXX150129:4:2212:12846:54681/2	76	1	74	smNRPS-1/2	5910	1931	2004	100	3.85e-29
C662FACXX150129:3:2102:9340:8586/2	88	1	88	smNRPS-1/2	5910	3693	3780	95.455	2.98e-30
C662FACXX150129:5:1313:1521:58306/1	101	20	101	smNRPS-1/2	5910	1	82	98.78	6.4e-32
C662FACXX150129:2:1105:14142:37454/2	85	1	85	smNRPS-1/2	5910	1208	1292	97.647	6.4e-32
C662FACXX150129:7:1215:12942:67820/1	101	20	101	smNRPS-1/2	5910	1	82	98.78	6.4e-32
C662FACXX150129:4:1213:14604:92453/2	91	91	1	smNRPS-1/2	5910	1136	1226	95.604	6.4e-32
C662FACXX150129:7:1303:11089:15515/2	85	85	1	smNRPS-1/2	5910	4845	4929	97.647	6.4e-32
C662FACXX150129:5:1204:3532:98653/1	83	83	1	smNRPS-1/2	5910	4117	4199	98.795	1.78e-32
C662FACXX150129:3:2304:7848:22162/2	89	1	89	smNRPS-1/2	5910	3919	4007	97.753	3.83e-34
C662FACXX150129:5:2212:18838:54616/2	101	1	101	smNRPS-1/2	5910	1722	1818	95.05	1.06e-34
C662FACXX150129:7:1214:16032:74536/1	93	93	1	smNRPS-1/2	5910	1470	1562	96.774	1.06e-34
C662FACXX150129:7:1303:8475:99733/1	90	90	1	smNRPS-1/2	5910	301	390	97.778	1.06e-34
C662FACXX150129:5:1216:9667:95242/2	101	1	101	smNRPS-1/2	5910	3660	3760	95.05	8.22e-36
C662FACXX150129:5:1105:14645:95514/2	101	101	1	smNRPS-1/2	5910	3531	3631	95.05	8.22e-36
C662FACXX150129:2:2309:13152:27232/1	97	95	1	smNRPS-1/2	5910	3706	3800	96.842	8.22e-36
C662FACXX150129:2:2309:13152:27232/2	101	1	101	smNRPS-1/2	5910	3660	3760	95.05	8.22e-36
C662FACXX150129:2:2316:14885:19383/2	90	90	1	smNRPS-1/2	5910	5703	5792	98.889	2.29e-36
C662FACXX150129:7:1305:14458:96471/1	101	96	3	smNRPS-1/2	5910	3518	3611	97.872	6.36e-37
C662FACXX150129:7:1305:14458:96471/2	101	1	94	smNRPS-1/2	5910	3518	3611	97.872	6.36e-37
C662FACXX150129:2:2210:18955:89752/2	96	94	1	smNRPS-1/2	5910	1493	1586	97.872	6.36e-37
C662FACXX150129:4:2310:4272:44671/1	100	100	1	smNRPS-1/2	5910	4204	4303	96	6.36e-37
C662FACXX150129:4:2314:8742:2398/2	101	1	101	smNRPS-1/2	5910	4519	4619	96.04	1.77e-37
C662FACXX150129:6:2216:6464:70707/1	101	101	1	smNRPS-1/2	5910	1647	1747	96.04	1.77e-37
C662FACXX150129:3:2210:15471:42446/1	101	1	101	smNRPS-1/2	5910	4878	4978	96.04	1.77e-37
C662FACXX150129:3:2210:15471:42446/2	101	101	1	smNRPS-1/2	5910	4957	5057	96.04	1.77e-37
C662FACXX150129:5:1216:9667:95242/1	101	101	1	smNRPS-1/2	5910	3700	3800	96.04	1.77e-37
C662FACXX150129:6:1116:7476:97994/1	101	101	1	smNRPS-1/2	5910	4708	4808	96.04	1.77e-37
C662FACXX150129:6:1116:7476:97994/2	101	1	101	smNRPS-1/2	5910	4707	4807	96.04	1.77e-37
C662FACXX150129:5:1108:11570:9537/1	101	101	1	smNRPS-1/2	5910	3272	3372	96.04	1.77e-37
C662FACXX150129:6:1316:20570:73252/1	95	95	1	smNRPS-1/2	5910	1493	1587	97.895	1.77e-37
C662FACXX150129:4:1116:17458:1961/1	92	92	1	smNRPS-1/2	5910	3352	3443	98.913	1.77e-37
C662FACXX150129:7:1309:18846:58700/1	101	1	101	smNRPS-1/2	5910	3660	3760	96.04	1.77e-37
C662FACXX150129:6:1103:6218:21880/2	93	93	1	smNRPS-1/2	5910	388	480	98.925	4.92e-38
C662FACXX150129:4:1213:14604:92453/1	101	1	99	smNRPS-1/2	5910	1123	1221	96.97	4.92e-38
C662FACXX150129:5:1113:10662:63406/1	101	1	96	smNRPS-1/2	5910	3556	3651	97.917	4.92e-38
C662FACXX150129:5:1113:10662:63406/2	101	96	1	smNRPS-1/2	5910	3556	3651	97.917	4.92e-38
C662FACXX150129:2:2104:2107:18817/1	93	1	93	smNRPS-1/2	5910	1900	1992	98.925	4.92e-38
C662FACXX150129:4:1101:11098:36331/2	96	93	1	smNRPS-1/2	5910	2111	2203	98.925	4.92e-38
C662FACXX150129:7:1214:16032:74536/2	101	1	97	smNRPS-1/2	5910	1463	1559	97.938	1.37e-38
C662FACXX150129:2:2213:14795:85276/1	97	1	97	smNRPS-1/2	5910	2143	2239	97.938	1.37e-38
C662FACXX150129:5:1108:11570:9537/2	100	1	100	smNRPS-1/2	5910	3016	3115	97	1.37e-38
C662FACXX150129:4:2314:8742:2398/1	101	101	1	smNRPS-1/2	5910	4561	4661	97.03	3.8e-39
C662FACXX150129:7:1106:7271:15406/1	101	101	1	smNRPS-1/2	5910	3528	3628	97.03	3.8e-39
C662FACXX150129:3:1310:17282:70490/2	101	1	101	smNRPS-1/2	5910	1474	1574	97.03	3.8e-39
C662FACXX150129:2:2113:3678:14204/2	101	1	101	smNRPS-1/2	5910	4946	5046	97.03	3.8e-39
C662FACXX150129:2:2106:8865:75843/1	101	1	101	smNRPS-1/2	5910	3862	3962	97.03	3.8e-39
C662FACXX150129:7:2206:1418:85046/2	101	101	1	smNRPS-1/2	5910	4969	5069	97.03	3.8e-39
C662FACXX150129:4:1207:8530:87797/2	101	1	101	smNRPS-1/2	5910	4946	5046	97.03	3.8e-39
C662FACXX150129:2:1116:13537:8118/2	101	101	1	smNRPS-1/2	5910	4562	4662	97.03	3.8e-39
C662FACXX150129:6:1305:1529:70434/1	101	1	101	smNRPS-1/2	5910	3605	3705	97.03	3.8e-39
C662FACXX150129:6:1305:1529:70434/2	101	101	1	smNRPS-1/2	5910	3856	3956	97.03	3.8e-39
C662FACXX150129:6:2209:8359:91169/1	101	101	1	smNRPS-1/2	5910	1229	1329	97.03	3.8e-39
C662FACXX150129:6:2209:8359:91169/2	101	1	101	smNRPS-1/2	5910	1207	1307	97.03	3.8e-39
C662FACXX150129:2:2316:14885:19383/1	101	1	101	smNRPS-1/2	5910	5675	5775	97.03	3.8e-39
C662FACXX150129:3:2115:3556:59561/1	101	101	1	smNRPS-1/2	5910	3057	3157	97.03	3.8e-39
C662FACXX150129:7:2110:13208:37143/1	101	1	101	smNRPS-1/2	5910	3060	3160	97.03	3.8e-39
C662FACXX150129:7:1211:5769:98471/2	101	1	101	smNRPS-1/2	5910	827	927	97.03	3.8e-39
C662FACXX150129:5:1207:11324:5351/2	101	1	101	smNRPS-1/2	5910	511	611	97.03	3.8e-39
C662FACXX150129:6:2309:17409:16309/1	101	1	101	smNRPS-1/2	5910	376	476	97.03	3.8e-39
C662FACXX150129:6:2309:17409:16309/2	95	95	1	smNRPS-1/2	5910	948	1042	98.947	3.8e-39
C662FACXX150129:5:1206:19818:47369/2	101	101	1	smNRPS-1/2	5910	4522	4622	97.03	3.8e-39
C662FACXX150129:3:2316:2760:32556/1	101	101	1	smNRPS-1/2	5910	5521	5621	97.03	3.8e-39
C662FACXX150129:2:2210:18955:89752/1	101	1	101	smNRPS-1/2	5910	1481	1581	97.03	3.8e-39
C662FACXX150129:3:2110:18590:27824/1	101	1	101	smNRPS-1/2	5910	1481	1581	97.03	3.8e-39
C662FACXX150129:5:2211:9104:100662/2	101	101	1	smNRPS-1/2	5910	3551	3651	97.03	3.8e-39
C662FACXX150129:4:1102:17000:30155/1	101	1	101	smNRPS-1/2	5910	3528	3628	97.03	3.8e-39
C662FACXX150129:6:2212:14069:37868/1	101	101	1	smNRPS-1/2	5910	3850	3950	97.03	3.8e-39
C662FACXX150129:5:1204:5350:42486/2	98	98	1	smNRPS-1/2	5910	45	142	97.959	3.8e-39
C662FACXX150129:7:2201:17319:96398/2	99	99	1	smNRPS-1/2	5910	3166	3264	97.98	1.06e-39
C662FACXX150129:7:2308:6096:58983/1	99	99	1	smNRPS-1/2	5910	2829	2927	97.98	1.06e-39
C662FACXX150129:3:2108:4801:88378/1	101	1	96	smNRPS-1/2	5910	191	286	98.958	1.06e-39
C662FACXX150129:3:2108:4801:88378/2	101	96	1	smNRPS-1/2	5910	191	286	98.958	1.06e-39
C662FACXX150129:2:2101:20768:79765/1	101	2	101	smNRPS-1/2	5910	379	478	98	2.94e-40
C662FACXX150129:4:2115:4701:86894/2	101	1	101	smNRPS-1/2	5910	1447	1547	98.02	8.17e-41
C662FACXX150129:5:2212:18838:54616/1	101	101	1	smNRPS-1/2	5910	1961	2061	98.02	8.17e-41
C662FACXX150129:2:2213:14795:85276/2	98	98	1	smNRPS-1/2	5910	2803	2900	98.98	8.17e-41
C662FACXX150129:2:1205:16137:46646/2	101	1	101	smNRPS-1/2	5910	1849	1949	98.02	8.17e-41
C662FACXX150129:2:1113:3266:100414/1	101	101	1	smNRPS-1/2	5910	318	418	98.02	8.17e-41
C662FACXX150129:3:1304:13433:15511/2	101	101	1	smNRPS-1/2	5910	2486	2586	98.02	8.17e-41
C662FACXX150129:2:2113:3678:14204/1	101	101	1	smNRPS-1/2	5910	5191	5291	98.02	8.17e-41
C662FACXX150129:3:2202:14287:7246/1	101	101	1	smNRPS-1/2	5910	25	125	98.02	8.17e-41
C662FACXX150129:5:1313:1521:58306/2	101	101	1	smNRPS-1/2	5910	32	132	98.02	8.17e-41
C662FACXX150129:2:2313:13737:33274/2	101	1	101	smNRPS-1/2	5910	677	777	98.02	8.17e-41
C662FACXX150129:6:1103:6218:21880/1	101	1	101	smNRPS-1/2	5910	376	476	98.02	8.17e-41
C662FACXX150129:7:2308:6096:58983/2	101	1	101	smNRPS-1/2	5910	2618	2718	98.02	8.17e-41
C662FACXX150129:4:1207:8530:87797/1	101	101	1	smNRPS-1/2	5910	5191	5291	98.02	8.17e-41
C662FACXX150129:7:1215:12942:67820/2	101	101	1	smNRPS-1/2	5910	32	132	98.02	8.17e-41
C662FACXX150129:3:2102:9340:8586/1	101	101	1	smNRPS-1/2	5910	4163	4263	98.02	8.17e-41
C662FACXX150129:7:1211:5769:98471/1	101	101	1	smNRPS-1/2	5910	863	963	98.02	8.17e-41
C662FACXX150129:2:2309:4425:100529/1	101	1	101	smNRPS-1/2	5910	1452	1552	98.02	8.17e-41
C662FACXX150129:2:2316:17705:29266/1	101	101	1	smNRPS-1/2	5910	3895	3995	98.02	8.17e-41
C662FACXX150129:7:2206:4889:97756/1	101	1	101	smNRPS-1/2	5910	2062	2162	98.02	8.17e-41
C662FACXX150129:3:2316:2760:32556/2	95	1	95	smNRPS-1/2	5910	5049	5143	100	8.17e-41
C662FACXX150129:3:1106:5016:40135/2	98	98	1	smNRPS-1/2	5910	632	729	98.98	8.17e-41
C662FACXX150129:3:2309:16237:93876/1	101	101	1	smNRPS-1/2	5910	543	643	98.02	8.17e-41
C662FACXX150129:4:2209:16722:97535/1	101	101	1	smNRPS-1/2	5910	3042	3142	98.02	8.17e-41
C662FACXX150129:6:2104:15484:57546/1	100	100	1	smNRPS-1/2	5910	3045	3144	99	6.31e-42
C662FACXX150129:7:2110:13208:37143/2	97	97	1	smNRPS-1/2	5910	3192	3288	100	6.31e-42
C662FACXX150129:3:1106:5016:40135/1	100	1	100	smNRPS-1/2	5910	310	409	99	6.31e-42
C662FACXX150129:7:1304:7850:91547/2	101	101	1	smNRPS-1/2	5910	3034	3134	99.01	1.76e-42
C662FACXX150129:2:2103:11142:38284/1	101	101	1	smNRPS-1/2	5910	4049	4149	99.01	1.76e-42
C662FACXX150129:7:1106:7271:15406/2	101	1	101	smNRPS-1/2	5910	3461	3561	99.01	1.76e-42
C662FACXX150129:2:1205:16137:46646/1	101	101	1	smNRPS-1/2	5910	1917	2017	99.01	1.76e-42
C662FACXX150129:3:1205:7450:32399/2	101	1	101	smNRPS-1/2	5910	4042	4142	99.01	1.76e-42
C662FACXX150129:3:1304:13433:15511/1	101	1	101	smNRPS-1/2	5910	2339	2439	99.01	1.76e-42
C662FACXX150129:6:2104:15484:57546/2	101	1	101	smNRPS-1/2	5910	2977	3077	99.01	1.76e-42
C662FACXX150129:5:1206:11727:57540/1	101	1	101	smNRPS-1/2	5910	4037	4137	99.01	1.76e-42
C662FACXX150129:7:2201:17319:96398/1	101	1	101	smNRPS-1/2	5910	3154	3254	99.01	1.76e-42
C662FACXX150129:2:2106:8865:75843/2	101	101	1	smNRPS-1/2	5910	3895	3995	99.01	1.76e-42
C662FACXX150129:6:1301:16301:24850/1	101	101	1	smNRPS-1/2	5910	907	1007	99.01	1.76e-42
C662FACXX150129:4:1304:8247:31916/1	101	1	101	smNRPS-1/2	5910	4042	4142	99.01	1.76e-42
C662FACXX150129:4:1304:8247:31916/2	101	101	1	smNRPS-1/2	5910	4054	4154	99.01	1.76e-42
C662FACXX150129:4:1215:10396:29721/2	98	1	98	smNRPS-1/2	5910	5762	5859	100	1.76e-42
C662FACXX150129:6:1208:2913:5696/1	101	1	101	smNRPS-1/2	5910	2339	2439	99.01	1.76e-42
C662FACXX150129:6:1208:2913:5696/2	101	101	1	smNRPS-1/2	5910	2370	2470	99.01	1.76e-42
C662FACXX150129:3:2304:7848:22162/1	98	98	1	smNRPS-1/2	5910	4032	4129	100	1.76e-42
C662FACXX150129:3:1113:9318:88351/1	101	101	1	smNRPS-1/2	5910	5084	5184	99.01	1.76e-42
C662FACXX150129:7:1303:11089:15515/1	101	1	101	smNRPS-1/2	5910	4727	4827	99.01	1.76e-42
C662FACXX150129:4:1207:16064:27194/1	101	1	101	smNRPS-1/2	5910	1378	1478	99.01	1.76e-42
C662FACXX150129:5:1204:3532:98653/2	101	1	101	smNRPS-1/2	5910	4027	4127	99.01	1.76e-42
C662FACXX150129:3:1315:17880:14638/1	98	1	98	smNRPS-1/2	5910	5694	5791	100	1.76e-42
C662FACXX150129:3:2309:16237:93876/2	101	1	101	smNRPS-1/2	5910	415	515	99.01	1.76e-42
C662FACXX150129:5:1113:11354:36765/1	101	1	101	smNRPS-1/2	5910	2280	2380	99.01	1.76e-42
C662FACXX150129:2:2113:9580:74809/1	99	99	1	smNRPS-1/2	5910	2531	2629	100	4.88e-43
C662FACXX150129:6:2216:6464:70707/2	101	3	101	smNRPS-1/2	5910	1561	1659	100	4.88e-43
C662FACXX150129:3:2115:3556:59561/2	99	1	99	smNRPS-1/2	5910	2924	3022	100	4.88e-43
C662FACXX150129:5:2112:20865:37622/1	100	1	100	smNRPS-1/2	5910	136	235	100	1.36e-43
C662FACXX150129:6:2111:15486:12634/1	101	101	1	smNRPS-1/2	5910	2238	2338	100	3.77e-44
C662FACXX150129:6:2111:15486:12634/2	101	1	101	smNRPS-1/2	5910	2211	2311	100	3.77e-44
C662FACXX150129:7:1304:7850:91547/1	101	1	101	smNRPS-1/2	5910	2928	3028	100	3.77e-44
C662FACXX150129:2:2113:9580:74809/2	101	1	101	smNRPS-1/2	5910	2143	2243	100	3.77e-44
C662FACXX150129:2:2313:13737:33274/1	101	101	1	smNRPS-1/2	5910	863	963	100	3.77e-44
C662FACXX150129:6:1301:16301:24850/2	101	1	101	smNRPS-1/2	5910	771	871	100	3.77e-44
C662FACXX150129:3:2208:19826:68675/2	101	1	101	smNRPS-1/2	5910	5757	5857	100	3.77e-44
C662FACXX150129:7:2301:16987:56669/1	101	101	1	smNRPS-1/2	5910	5733	5833	100	3.77e-44
C662FACXX150129:3:1113:9318:88351/2	101	1	101	smNRPS-1/2	5910	4770	4870	100	3.77e-44
C662FACXX150129:5:1207:11324:5351/1	101	101	1	smNRPS-1/2	5910	595	695	100	3.77e-44
C662FACXX150129:2:2304:9303:79582/1	101	1	101	smNRPS-1/2	5910	3265	3365	100	3.77e-44
C662FACXX150129:2:2304:9303:79582/2	101	101	1	smNRPS-1/2	5910	3351	3451	100	3.77e-44
C662FACXX150129:7:2206:4889:97756/2	101	101	1	smNRPS-1/2	5910	2103	2203	100	3.77e-44
C662FACXX150129:4:2212:12846:54681/1	101	101	1	smNRPS-1/2	5910	2182	2282	100	3.77e-44
C662FACXX150129:4:2110:19300:95950/1	101	1	101	smNRPS-1/2	5910	5807	5907	100	3.77e-44
C662FACXX150129:3:1315:17880:14638/2	101	101	1	smNRPS-1/2	5910	5705	5805	100	3.77e-44
C662FACXX150129:5:1107:13825:96804/1	101	1	101	smNRPS-1/2	5910	5278	5378	100	3.77e-44
C662FACXX150129:5:1107:13825:96804/2	101	101	1	smNRPS-1/2	5910	5302	5402	100	3.77e-44
C662FACXX150129:5:2211:9104:100662/1	101	1	101	smNRPS-1/2	5910	3450	3550	100	3.77e-44
