C90P4ANXX160330:6:2202:10568:51188/1	100	3	68	smNRPS-1/2	5910	5810	5875	100	6.89e-25
C90P4ANXX160330:1:1212:7178:35751/1	75	1	75	smNRPS-1/2	5910	3123	3197	100	6.84e-30
C90P4ANXX160330:6:2314:6913:36149/1	99	1	99	smNRPS-1/2	5910	2307	2405	97.98	6.75e-40
C90P4ANXX160330:1:2312:14508:10361/1	99	1	99	smNRPS-1/2	5910	756	854	97.98	6.75e-40
C90P4ANXX160330:4:2308:4871:70669/1	99	1	99	smNRPS-1/2	5910	3844	3942	97.98	6.75e-40
C90P4ANXX160330:4:1102:19785:80800/1	99	1	99	smNRPS-1/2	5910	2915	3013	98.99	1.45e-41
C90P4ANXX160330:1:1212:7178:35751/2	100	100	1	smNRPS-1/2	5910	3140	3239	99	4.03e-42
C90P4ANXX160330:5:1105:17715:3786/1	100	100	1	smNRPS-1/2	5910	1946	2045	100	8.67e-44
C90P4ANXX160330:1:2312:14508:10361/2	101	101	1	smNRPS-1/2	5910	822	922	100	2.41e-44
C90P4ANXX160330:5:1105:17715:3786/2	101	1	101	smNRPS-1/2	5910	1925	2025	100	2.41e-44
C90P4ANXX160330:6:2202:10568:51188/2	101	33	101	smNRPS-1/2	5910	1	69	100	1.5e-26
C90P4ANXX160330:3:1205:14337:37040/2	73	73	1	smNRPS-1/2	5910	1574	1646	98.63	4.17e-27
C90P4ANXX160330:1:2306:10971:6978/2	70	1	70	smNRPS-1/2	5910	2888	2957	100	4.17e-27
C90P4ANXX160330:5:2208:3635:67864/1	83	1	83	smNRPS-1/2	5910	4453	4535	97.59	5.35e-31
C90P4ANXX160330:3:2216:13976:19747/2	80	80	1	smNRPS-1/2	5910	2317	2396	100	1.15e-32
C90P4ANXX160330:6:1215:14059:70209/2	88	88	1	smNRPS-1/2	5910	368	455	98.864	1.91e-35
C90P4ANXX160330:3:2302:5213:42057/2	97	2	97	smNRPS-1/2	5910	4555	4650	96.875	1.48e-36
C90P4ANXX160330:6:1203:6240:98928/2	88	88	1	smNRPS-1/2	5910	4116	4203	100	4.11e-37
C90P4ANXX160330:1:1106:14600:54691/1	100	91	1	smNRPS-1/2	5910	3858	3948	98.901	4.11e-37
C90P4ANXX160330:1:1106:14600:54691/2	101	1	91	smNRPS-1/2	5910	3860	3950	98.901	4.11e-37
C90P4ANXX160330:2:1313:15684:5168/2	91	1	91	smNRPS-1/2	5910	3358	3448	98.901	4.11e-37
C90P4ANXX160330:3:2103:14766:75048/1	94	1	92	smNRPS-1/2	5910	1558	1649	98.913	1.14e-37
C90P4ANXX160330:6:2213:3201:8140/2	101	4	101	smNRPS-1/2	5910	4875	4972	96.939	1.14e-37
C90P4ANXX160330:3:2204:6468:17312/1	90	1	90	smNRPS-1/2	5910	1964	2053	100	3.18e-38
C90P4ANXX160330:3:1205:14337:37040/1	93	1	93	smNRPS-1/2	5910	1553	1645	98.925	3.18e-38
C90P4ANXX160330:4:1203:9010:60375/1	100	1	100	smNRPS-1/2	5910	5593	5692	97	8.83e-39
C90P4ANXX160330:4:2214:13028:67313/1	100	100	1	smNRPS-1/2	5910	196	295	97	8.83e-39
C90P4ANXX160330:5:1106:9683:81126/1	100	1	100	smNRPS-1/2	5910	4903	5002	97	8.83e-39
C90P4ANXX160330:6:2213:3201:8140/1	100	100	1	smNRPS-1/2	5910	4880	4979	97	8.83e-39
C90P4ANXX160330:1:2115:7044:13520/2	101	1	97	smNRPS-1/2	5910	1871	1967	97.938	8.83e-39
C90P4ANXX160330:4:1203:9010:60375/2	101	101	1	smNRPS-1/2	5910	5597	5697	97.03	2.46e-39
C90P4ANXX160330:5:2210:10363:84328/1	100	1	92	smNRPS-1/2	5910	3155	3246	100	2.46e-39
C90P4ANXX160330:3:2302:5213:42057/1	101	101	1	smNRPS-1/2	5910	4561	4661	97.03	2.46e-39
C90P4ANXX160330:4:1206:11545:46578/1	101	101	1	smNRPS-1/2	5910	4561	4661	97.03	2.46e-39
C90P4ANXX160330:2:1211:14730:13690/1	95	1	95	smNRPS-1/2	5910	1310	1404	98.947	2.46e-39
C90P4ANXX160330:4:2301:3549:62705/1	93	93	1	smNRPS-1/2	5910	2866	2958	100	6.83e-40
C90P4ANXX160330:5:2210:10363:84328/2	101	93	1	smNRPS-1/2	5910	3154	3246	100	6.83e-40
C90P4ANXX160330:4:2214:13028:67313/2	97	1	97	smNRPS-1/2	5910	86	182	98.969	1.9e-40
C90P4ANXX160330:5:1116:8272:44749/2	100	100	1	smNRPS-1/2	5910	4494	4593	98	1.9e-40
C90P4ANXX160330:2:2303:4974:75144/1	100	1	100	smNRPS-1/2	5910	1371	1470	98	1.9e-40
C90P4ANXX160330:6:1203:6240:98928/1	101	1	101	smNRPS-1/2	5910	3831	3931	98.02	5.28e-41
C90P4ANXX160330:3:2101:6322:96295/1	100	3	100	smNRPS-1/2	5910	4746	4843	98.98	5.28e-41
C90P4ANXX160330:3:2101:6322:96295/2	101	101	1	smNRPS-1/2	5910	4799	4899	98.02	5.28e-41
C90P4ANXX160330:2:1107:9609:35414/1	100	95	1	smNRPS-1/2	5910	1996	2090	100	5.28e-41
C90P4ANXX160330:2:1107:9609:35414/2	100	1	95	smNRPS-1/2	5910	1997	2091	100	5.28e-41
C90P4ANXX160330:3:2103:14766:75048/2	101	98	1	smNRPS-1/2	5910	1552	1649	98.98	5.28e-41
C90P4ANXX160330:6:2305:20847:6285/1	98	1	98	smNRPS-1/2	5910	1581	1678	98.98	5.28e-41
C90P4ANXX160330:2:2107:10710:59940/2	95	1	95	smNRPS-1/2	5910	899	993	100	5.28e-41
C90P4ANXX160330:4:2103:19142:39500/1	101	1	101	smNRPS-1/2	5910	1371	1471	98.02	5.28e-41
C90P4ANXX160330:4:2109:5864:12745/1	98	98	1	smNRPS-1/2	5910	1616	1713	98.98	5.28e-41
C90P4ANXX160330:4:2116:10074:86061/1	101	1	101	smNRPS-1/2	5910	4972	5072	98.02	5.28e-41
C90P4ANXX160330:1:1107:10845:56124/1	101	1	101	smNRPS-1/2	5910	264	364	98.02	5.28e-41
C90P4ANXX160330:1:2308:11773:37488/2	101	96	1	smNRPS-1/2	5910	1	96	100	1.47e-41
C90P4ANXX160330:5:1106:9683:81126/2	101	99	1	smNRPS-1/2	5910	5014	5112	98.99	1.47e-41
C90P4ANXX160330:1:2103:12719:5095/2	101	1	96	smNRPS-1/2	5910	2108	2203	100	1.47e-41
C90P4ANXX160330:5:1213:19647:77970/1	97	97	1	smNRPS-1/2	5910	1847	1943	100	4.08e-42
C90P4ANXX160330:2:2101:5144:47209/1	100	1	100	smNRPS-1/2	5910	4987	5086	99	4.08e-42
C90P4ANXX160330:1:2103:12719:5095/1	101	97	1	smNRPS-1/2	5910	2107	2203	100	4.08e-42
C90P4ANXX160330:2:2107:10710:59940/1	100	100	1	smNRPS-1/2	5910	1203	1302	99	4.08e-42
C90P4ANXX160330:4:2101:8294:81938/1	100	100	1	smNRPS-1/2	5910	5307	5406	99	4.08e-42
C90P4ANXX160330:6:2116:13483:20527/1	97	1	97	smNRPS-1/2	5910	4724	4820	100	4.08e-42
C90P4ANXX160330:6:2314:6913:36149/2	101	1	101	smNRPS-1/2	5910	3453	3553	99.01	1.13e-42
C90P4ANXX160330:4:2301:3549:62705/2	101	1	101	smNRPS-1/2	5910	2640	2740	99.01	1.13e-42
C90P4ANXX160330:6:1102:12164:100355/1	101	101	1	smNRPS-1/2	5910	2804	2904	99.01	1.13e-42
C90P4ANXX160330:6:1102:12164:100355/2	101	1	101	smNRPS-1/2	5910	2631	2731	99.01	1.13e-42
C90P4ANXX160330:2:2101:5144:47209/2	101	101	1	smNRPS-1/2	5910	5002	5102	99.01	1.13e-42
C90P4ANXX160330:6:2305:20847:6285/2	101	101	1	smNRPS-1/2	5910	1861	1961	99.01	1.13e-42
C90P4ANXX160330:3:2204:6468:17312/2	98	98	1	smNRPS-1/2	5910	2012	2109	100	1.13e-42
C90P4ANXX160330:6:2202:6222:93896/1	101	101	1	smNRPS-1/2	5910	5307	5407	99.01	1.13e-42
C90P4ANXX160330:6:2202:6222:93896/2	101	1	101	smNRPS-1/2	5910	5290	5390	99.01	1.13e-42
C90P4ANXX160330:4:2103:19142:39500/2	101	101	1	smNRPS-1/2	5910	1417	1517	99.01	1.13e-42
C90P4ANXX160330:6:2101:20296:64918/1	101	101	1	smNRPS-1/2	5910	4076	4176	99.01	1.13e-42
C90P4ANXX160330:4:2109:5864:12745/2	101	1	101	smNRPS-1/2	5910	1503	1603	99.01	1.13e-42
C90P4ANXX160330:4:2101:8294:81938/2	101	1	101	smNRPS-1/2	5910	5290	5390	99.01	1.13e-42
C90P4ANXX160330:5:1301:9071:48365/1	98	98	1	smNRPS-1/2	5910	3940	4037	100	1.13e-42
C90P4ANXX160330:2:2101:14612:88495/1	99	1	99	smNRPS-1/2	5910	2670	2768	100	3.15e-43
C90P4ANXX160330:4:1109:9327:17991/1	99	1	99	smNRPS-1/2	5910	4977	5075	100	3.15e-43
C90P4ANXX160330:1:2306:10971:6978/1	99	99	1	smNRPS-1/2	5910	3045	3143	100	3.15e-43
C90P4ANXX160330:1:2209:13596:76965/1	101	101	1	smNRPS-1/2	5910	5196	5296	99.01	3.15e-43
C90P4ANXX160330:6:2115:7047:9814/1	99	1	99	smNRPS-1/2	5910	5742	5840	100	3.15e-43
C90P4ANXX160330:4:2312:17597:95919/1	100	100	1	smNRPS-1/2	5910	1237	1336	100	8.77e-44
C90P4ANXX160330:6:1215:14059:70209/1	100	1	100	smNRPS-1/2	5910	341	440	100	8.77e-44
C90P4ANXX160330:4:2312:17597:95919/2	101	1	101	smNRPS-1/2	5910	968	1068	100	2.44e-44
C90P4ANXX160330:2:2101:14612:88495/2	101	101	1	smNRPS-1/2	5910	2690	2790	100	2.44e-44
C90P4ANXX160330:3:2112:9936:94632/1	101	1	101	smNRPS-1/2	5910	2919	3019	100	2.44e-44
C90P4ANXX160330:3:2112:9936:94632/2	101	101	1	smNRPS-1/2	5910	2966	3066	100	2.44e-44
C90P4ANXX160330:3:2216:13976:19747/1	101	1	101	smNRPS-1/2	5910	2274	2374	100	2.44e-44
C90P4ANXX160330:4:1109:9327:17991/2	101	101	1	smNRPS-1/2	5910	5193	5293	100	2.44e-44
C90P4ANXX160330:1:2209:13596:76965/2	101	1	101	smNRPS-1/2	5910	5104	5204	100	2.44e-44
C90P4ANXX160330:6:2101:20296:64918/2	101	1	101	smNRPS-1/2	5910	4027	4127	100	2.44e-44
C90P4ANXX160330:5:1116:8272:44749/1	101	1	101	smNRPS-1/2	5910	4309	4409	100	2.44e-44
C90P4ANXX160330:3:2205:13397:40373/1	101	101	1	smNRPS-1/2	5910	705	805	100	2.44e-44
C90P4ANXX160330:3:2205:13397:40373/2	101	1	101	smNRPS-1/2	5910	705	805	100	2.44e-44
C90P4ANXX160330:5:2315:7269:59131/2	101	101	1	smNRPS-1/2	5910	20	120	100	2.44e-44
