C8G6HANXX160303:3:2112:12858:36327/1	63	63	1	smNRPS-1/2	5910	3272	3334	96.825	6.87e-20
C8G6HANXX160303:3:2211:13406:50908/2	93	93	1	smNRPS-1/2	5910	5494	5586	97.849	1.45e-36
C8G6HANXX160303:6:1203:4780:78027/2	101	1	101	smNRPS-1/2	5910	5633	5733	96.04	1.12e-37
C8G6HANXX160303:8:1203:17912:90631/2	101	1	101	smNRPS-1/2	5910	5633	5733	96.04	1.12e-37
C8G6HANXX160303:6:1203:4780:78027/1	100	100	1	smNRPS-1/2	5910	5665	5764	97	8.64e-39
C8G6HANXX160303:8:1203:17912:90631/1	101	101	1	smNRPS-1/2	5910	5665	5765	97.03	2.4e-39
C8G6HANXX160303:6:1309:19654:6999/2	100	1	100	smNRPS-1/2	5910	1335	1434	98	1.86e-40
C8G6HANXX160303:3:2107:13032:5076/2	100	1	96	smNRPS-1/2	5910	5824	5919	100	1.44e-41
C8G6HANXX160303:6:1309:19654:6999/1	101	101	1	smNRPS-1/2	5910	1412	1512	99.01	1.11e-42
C8G6HANXX160303:8:2210:20469:46837/1	101	101	1	smNRPS-1/2	5910	587	687	100	2.39e-44
C8G6HANXX160303:8:2210:20469:46837/2	101	1	101	smNRPS-1/2	5910	511	611	100	2.39e-44
