C65YPACXX150129:8:1213:17401:39902/2	75	75	1	smNRPS-1/2	5910	3445	3519	98.667	6.06e-28
C65YPACXX150129:8:1213:17401:39902/1	86	1	86	smNRPS-1/2	5910	3107	3192	100	1e-35
C65YPACXX150129:6:2211:10738:87367/1	101	101	1	smNRPS-1/2	5910	1134	1234	100	4.59e-44
C65YPACXX150129:6:2211:10738:87367/2	101	1	101	smNRPS-1/2	5910	1036	1136	100	4.59e-44
C65YPACXX150129:6:2308:4793:64868/2	83	83	1	smNRPS-1/2	5910	3766	3848	100	4.71e-34
C65YPACXX150129:6:2308:4793:64868/1	101	3	101	smNRPS-1/2	5910	3685	3783	95.96	2.81e-36
C65YPACXX150129:6:1108:16554:59346/1	101	101	1	smNRPS-1/2	5910	452	552	97.03	4.68e-39
C65YPACXX150129:6:1108:16554:59346/2	101	1	101	smNRPS-1/2	5910	429	529	98.02	1e-40
C65YPACXX150129:7:1207:16131:92716/2	101	1	101	smNRPS-1/2	5910	1556	1656	98.02	1e-40
C65YPACXX150129:8:2201:5590:7813/2	100	1	100	smNRPS-1/2	5910	2373	2472	99	7.77e-42
C65YPACXX150129:8:2201:5590:7813/1	101	101	1	smNRPS-1/2	5910	2827	2927	99.01	2.16e-42
C65YPACXX150129:7:1207:16131:92716/1	101	101	1	smNRPS-1/2	5910	1872	1972	99.01	2.16e-42
