C662FACXX150129:6:1107:20646:27800/2	73	73	1	smNRPS-1/2	5910	4246	4318	97.26	3.38e-25
C662FACXX150129:7:2103:2208:27561/2	78	1	78	smNRPS-1/2	5910	1877	1954	98.718	1.21e-29
C662FACXX150129:5:2209:8559:85017/1	87	87	1	smNRPS-1/2	5910	3858	3944	96.552	2.6e-31
C662FACXX150129:3:1105:5118:64911/1	79	79	1	smNRPS-1/2	5910	3565	3643	100	7.22e-32
C662FACXX150129:4:1112:18851:67777/1	86	86	1	smNRPS-1/2	5910	410	495	97.674	2.01e-32
C662FACXX150129:4:2211:20583:57615/2	83	83	1	smNRPS-1/2	5910	3834	3916	100	4.31e-34
C662FACXX150129:5:1204:16595:75567/1	87	87	1	smNRPS-1/2	5910	2914	3000	98.851	1.2e-34
C662FACXX150129:7:2201:9061:77305/1	88	88	1	smNRPS-1/2	5910	4967	5054	100	7.17e-37
C662FACXX150129:4:2211:20583:57615/1	88	1	88	smNRPS-1/2	5910	3635	3722	100	7.17e-37
C662FACXX150129:4:1213:16466:3478/1	101	1	92	smNRPS-1/2	5910	1556	1647	98.913	1.99e-37
C662FACXX150129:5:2110:6549:63375/2	100	1	90	smNRPS-1/2	5910	5786	5875	100	5.54e-38
C662FACXX150129:4:1313:7813:98824/2	101	101	1	smNRPS-1/2	5910	5303	5403	98.02	9.21e-41
C662FACXX150129:5:1214:11716:4724/2	101	1	101	smNRPS-1/2	5910	586	687	98.039	9.21e-41
C662FACXX150129:2:1304:19701:87314/2	101	101	1	smNRPS-1/2	5910	5206	5306	98.02	9.21e-41
C662FACXX150129:4:2206:16252:26516/2	97	2	97	smNRPS-1/2	5910	639	734	100	2.56e-41
C662FACXX150129:3:1105:5118:64911/2	96	1	96	smNRPS-1/2	5910	3197	3292	100	2.56e-41
C662FACXX150129:4:2206:16252:26516/1	100	100	1	smNRPS-1/2	5910	958	1057	99	7.12e-42
C662FACXX150129:6:2302:17973:16846/1	101	101	1	smNRPS-1/2	5910	4624	4724	99.01	1.98e-42
C662FACXX150129:6:2302:17973:16846/2	101	1	101	smNRPS-1/2	5910	4622	4722	99.01	1.98e-42
C662FACXX150129:6:1314:9616:71227/1	101	101	1	smNRPS-1/2	5910	4198	4298	99.01	1.98e-42
C662FACXX150129:5:2302:4237:90204/1	98	98	1	smNRPS-1/2	5910	78	175	100	1.98e-42
C662FACXX150129:7:2201:9061:77305/2	101	1	101	smNRPS-1/2	5910	4834	4934	99.01	1.98e-42
C662FACXX150129:2:1304:19701:87314/1	101	1	101	smNRPS-1/2	5910	5152	5252	99.01	1.98e-42
C662FACXX150129:7:2310:10308:16230/1	101	101	1	smNRPS-1/2	5910	496	596	100	4.25e-44
C662FACXX150129:7:2310:10308:16230/2	101	1	101	smNRPS-1/2	5910	457	557	100	4.25e-44
C662FACXX150129:5:2216:18381:69363/1	101	101	1	smNRPS-1/2	5910	5640	5740	100	4.25e-44
C662FACXX150129:5:2216:18381:69363/2	101	1	101	smNRPS-1/2	5910	5472	5572	100	4.25e-44
C662FACXX150129:3:1203:6934:98559/2	101	1	101	smNRPS-1/2	5910	457	557	100	4.25e-44
C662FACXX150129:5:2206:6795:61812/2	72	1	72	smNRPS-1/2	5910	1835	1906	95.833	5.73e-23
C662FACXX150129:3:2313:16722:45404/1	66	66	1	smNRPS-1/2	5910	5828	5893	100	1.23e-24
C662FACXX150129:5:2206:6795:61812/1	71	71	1	smNRPS-1/2	5910	1876	1946	100	2.05e-27
C662FACXX150129:2:1307:13100:43719/2	79	1	76	smNRPS-1/2	5910	5275	5350	98.684	1.58e-28
C662FACXX150129:5:1204:10905:69623/2	82	1	81	smNRPS-1/2	5910	3603	3683	97.531	1.22e-29
C662FACXX150129:4:2310:9214:66046/2	101	16	101	smNRPS-1/2	5910	1	86	98.837	4.37e-34
C662FACXX150129:3:2202:11674:84713/1	87	1	87	smNRPS-1/2	5910	2143	2229	98.851	1.21e-34
C662FACXX150129:2:2205:4120:54691/2	95	95	1	smNRPS-1/2	5910	5487	5581	96.842	9.38e-36
C662FACXX150129:5:2307:10726:41018/1	101	3	101	smNRPS-1/2	5910	4479	4577	95.96	2.61e-36
C662FACXX150129:7:1215:10607:17886/1	87	87	1	smNRPS-1/2	5910	1347	1433	100	2.61e-36
C662FACXX150129:3:1202:16465:99571/2	90	90	1	smNRPS-1/2	5910	105	194	98.889	2.61e-36
C662FACXX150129:5:2312:1736:92975/2	90	1	90	smNRPS-1/2	5910	1923	2012	98.889	2.61e-36
C662FACXX150129:2:1110:8925:14697/1	94	94	1	smNRPS-1/2	5910	1379	1472	97.872	7.25e-37
C662FACXX150129:3:1304:8406:96743/2	92	1	92	smNRPS-1/2	5910	4167	4258	98.913	2.02e-37
C662FACXX150129:7:1215:10607:17886/2	90	1	90	smNRPS-1/2	5910	1224	1313	100	5.61e-38
C662FACXX150129:3:2209:10040:25316/1	99	99	1	smNRPS-1/2	5910	3842	3940	96.97	5.61e-38
C662FACXX150129:7:1206:12889:54066/1	98	98	1	smNRPS-1/2	5910	2830	2927	97.959	4.34e-39
C662FACXX150129:6:2210:3269:98061/2	101	1	101	smNRPS-1/2	5910	3603	3703	97.03	4.34e-39
C662FACXX150129:4:1214:13981:99001/1	95	4	95	smNRPS-1/2	5910	1	92	100	4.34e-39
C662FACXX150129:5:2104:3408:41355/1	101	101	1	smNRPS-1/2	5910	3601	3701	97.03	4.34e-39
C662FACXX150129:5:2104:3408:41355/2	101	1	101	smNRPS-1/2	5910	3570	3670	97.03	4.34e-39
C662FACXX150129:7:1106:19268:90841/1	101	1	101	smNRPS-1/2	5910	3610	3710	97.03	4.34e-39
C662FACXX150129:6:2203:12140:93346/1	101	1	98	smNRPS-1/2	5910	2180	2277	97.959	4.34e-39
C662FACXX150129:6:2203:12140:93346/2	101	98	1	smNRPS-1/2	5910	2180	2277	97.959	4.34e-39
C662FACXX150129:3:2209:10040:25316/2	101	1	101	smNRPS-1/2	5910	3830	3930	97.03	4.34e-39
C662FACXX150129:7:2109:6224:76945/1	101	1	101	smNRPS-1/2	5910	3056	3156	97.03	4.34e-39
C662FACXX150129:3:1212:2972:18360/1	95	1	95	smNRPS-1/2	5910	2795	2889	98.947	4.34e-39
C662FACXX150129:6:1107:20646:27800/1	100	100	1	smNRPS-1/2	5910	1669	1768	98	3.35e-40
C662FACXX150129:4:2310:9214:66046/1	100	100	1	smNRPS-1/2	5910	69	168	98	3.35e-40
C662FACXX150129:7:1313:4865:92345/1	94	94	1	smNRPS-1/2	5910	979	1072	100	3.35e-40
C662FACXX150129:5:2307:10726:41018/2	101	101	1	smNRPS-1/2	5910	4525	4625	98.02	9.32e-41
C662FACXX150129:6:2210:3269:98061/1	101	101	1	smNRPS-1/2	5910	3641	3741	98.02	9.32e-41
C662FACXX150129:4:1112:18851:67777/2	101	101	1	smNRPS-1/2	5910	5481	5581	98.02	9.32e-41
C662FACXX150129:4:2301:14775:54705/1	101	98	1	smNRPS-1/2	5910	4007	4104	98.98	9.32e-41
C662FACXX150129:4:2301:14775:54705/2	101	1	98	smNRPS-1/2	5910	4007	4104	98.98	9.32e-41
C662FACXX150129:3:1304:8406:96743/1	101	101	1	smNRPS-1/2	5910	4523	4623	98.02	9.32e-41
C662FACXX150129:5:1204:10905:69623/1	101	101	1	smNRPS-1/2	5910	3641	3741	98.02	9.32e-41
C662FACXX150129:4:1213:16466:3478/2	101	1	101	smNRPS-1/2	5910	4178	4278	98.02	9.32e-41
C662FACXX150129:4:1214:13981:99001/2	101	101	1	smNRPS-1/2	5910	94	194	98.02	9.32e-41
C662FACXX150129:6:2216:9243:33468/2	101	101	1	smNRPS-1/2	5910	333	433	98.02	9.32e-41
C662FACXX150129:3:2104:10550:77929/1	96	96	1	smNRPS-1/2	5910	5830	5925	100	2.59e-41
C662FACXX150129:7:2109:6224:76945/2	101	100	1	smNRPS-1/2	5910	3333	3432	99	7.2e-42
C662FACXX150129:7:1206:12889:54066/2	101	1	101	smNRPS-1/2	5910	2663	2763	99.01	2e-42
C662FACXX150129:2:1210:6962:78032/1	101	101	1	smNRPS-1/2	5910	94	194	99.01	2e-42
C662FACXX150129:6:1314:9616:71227/2	101	101	1	smNRPS-1/2	5910	1675	1775	99.01	2e-42
C662FACXX150129:2:1101:15558:90850/1	101	101	1	smNRPS-1/2	5910	730	830	99.01	2e-42
C662FACXX150129:2:1101:15558:90850/2	101	1	101	smNRPS-1/2	5910	562	662	99.01	2e-42
C662FACXX150129:4:1313:7813:98824/1	101	101	1	smNRPS-1/2	5910	694	794	99.01	2e-42
C662FACXX150129:5:1214:11716:4724/1	101	1	101	smNRPS-1/2	5910	5241	5342	99.02	2e-42
C662FACXX150129:6:2216:9243:33468/1	101	1	101	smNRPS-1/2	5910	213	313	99.01	2e-42
C662FACXX150129:7:2103:2208:27561/1	101	1	101	smNRPS-1/2	5910	3899	3999	99.01	2e-42
C662FACXX150129:7:1106:19268:90841/2	101	101	1	smNRPS-1/2	5910	3770	3870	100	4.3e-44
C662FACXX150129:7:2214:11930:21625/1	101	101	1	smNRPS-1/2	5910	972	1072	100	4.3e-44
C662FACXX150129:7:2214:11930:21625/2	101	1	101	smNRPS-1/2	5910	864	964	100	4.3e-44
C662FACXX150129:7:1313:4865:92345/2	101	1	101	smNRPS-1/2	5910	864	964	100	4.3e-44
