C662FACXX150129:2:1308:16771:32908/2	69	69	1	smNRPS-1/2	5910	1578	1646	98.551	1.29e-24
C662FACXX150129:5:2314:5437:63800/2	79	79	1	smNRPS-1/2	5910	1212	1290	98.734	3.56e-30
C662FACXX150129:7:1212:11709:55524/2	97	90	1	smNRPS-1/2	5910	2305	2394	96.667	5.91e-33
C662FACXX150129:5:1109:4320:22541/2	101	101	1	smNRPS-1/2	5910	1190	1290	98.02	9.75e-41
C662FACXX150129:2:2106:4632:16850/1	73	73	1	smNRPS-1/2	5910	2639	2711	98.63	7.79e-27
C662FACXX150129:3:1116:16297:101330/1	71	71	1	smNRPS-1/2	5910	3391	3461	100	2.17e-27
C662FACXX150129:3:1116:16297:101330/2	79	1	79	smNRPS-1/2	5910	3251	3329	98.734	3.6e-30
C662FACXX150129:3:1313:4533:76596/2	101	1	101	smNRPS-1/2	5910	5606	5706	95.05	9.94e-36
C662FACXX150129:5:2314:5437:63800/1	98	98	1	smNRPS-1/2	5910	4875	4972	95.918	9.94e-36
C662FACXX150129:3:2210:2243:1943/1	101	1	92	smNRPS-1/2	5910	3940	4031	97.826	9.94e-36
C662FACXX150129:7:1103:3957:7965/2	101	93	1	smNRPS-1/2	5910	3053	3144	97.849	9.94e-36
C662FACXX150129:7:1303:13279:72873/2	101	99	1	smNRPS-1/2	5910	3466	3564	95.96	2.76e-36
C662FACXX150129:3:2210:2243:1943/2	101	93	1	smNRPS-1/2	5910	3939	4031	97.849	2.76e-36
C662FACXX150129:7:1303:13279:72873/1	101	1	101	smNRPS-1/2	5910	3435	3535	96.04	2.14e-37
C662FACXX150129:7:1302:14852:48244/2	92	1	92	smNRPS-1/2	5910	3625	3716	98.913	2.14e-37
C662FACXX150129:2:1308:16771:32908/1	98	95	3	smNRPS-1/2	5910	4505	4597	98.925	5.94e-38
C662FACXX150129:7:1115:8030:26374/2	101	1	101	smNRPS-1/2	5910	5667	5767	97.03	4.59e-39
C662FACXX150129:2:1108:16840:83402/2	101	1	101	smNRPS-1/2	5910	5667	5767	97.03	4.59e-39
C662FACXX150129:7:1302:14852:48244/1	99	1	99	smNRPS-1/2	5910	1038	1136	97.98	1.28e-39
C662FACXX150129:5:2211:14167:72401/2	101	1	96	smNRPS-1/2	5910	1464	1559	98.958	1.28e-39
C662FACXX150129:4:1301:4662:46582/1	101	1	101	smNRPS-1/2	5910	1948	2048	98.02	9.87e-41
C662FACXX150129:4:1301:4662:46582/2	101	101	1	smNRPS-1/2	5910	2084	2184	98.02	9.87e-41
C662FACXX150129:5:2211:14167:72401/1	101	99	2	smNRPS-1/2	5910	1462	1559	98.98	9.87e-41
C662FACXX150129:7:1115:8030:26374/1	101	101	1	smNRPS-1/2	5910	5722	5822	99.01	2.12e-42
C662FACXX150129:3:1313:4533:76596/1	101	101	1	smNRPS-1/2	5910	5715	5815	99.01	2.12e-42
C662FACXX150129:2:1108:16840:83402/1	101	101	1	smNRPS-1/2	5910	5722	5822	99.01	2.12e-42
C662FACXX150129:6:2107:8627:13239/2	100	100	1	smNRPS-1/2	5910	2239	2338	100	1.64e-43
C662FACXX150129:5:1109:4320:22541/1	100	100	1	smNRPS-1/2	5910	5032	5131	100	1.64e-43
C662FACXX150129:6:2107:8627:13239/1	101	1	101	smNRPS-1/2	5910	2195	2295	100	4.56e-44
