C662FACXX150129:4:1304:2636:15273/2	59	1	59	smNRPS-1/2	5910	3547	3605	100	5.84e-21
C662FACXX150129:3:1103:4899:21988/2	62	1	62	smNRPS-1/2	5910	3988	4049	100	1.25e-22
C662FACXX150129:5:2311:9862:48492/1	101	91	26	smNRPS-1/2	5910	5811	5875	98.485	1.25e-22
C662FACXX150129:5:2311:9862:48492/2	101	1	62	smNRPS-1/2	5910	5814	5875	100	1.25e-22
C662FACXX150129:2:1302:6710:47180/2	75	1	75	smNRPS-1/2	5910	3843	3917	96	7.5e-25
C662FACXX150129:3:1305:4384:99023/1	67	1	67	smNRPS-1/2	5910	2359	2425	100	2.08e-25
C662FACXX150129:4:2312:16496:72286/2	67	67	1	smNRPS-1/2	5910	2199	2265	100	2.08e-25
C662FACXX150129:5:2110:15129:50431/1	70	1	70	smNRPS-1/2	5910	2829	2898	98.571	2.08e-25
C662FACXX150129:2:2312:7928:57617/2	85	18	85	smNRPS-1/2	5910	1	68	100	5.8e-26
C662FACXX150129:3:2311:3652:58217/2	69	1	69	smNRPS-1/2	5910	1940	2008	100	1.61e-26
C662FACXX150129:5:2112:9694:93592/2	70	1	70	smNRPS-1/2	5910	2180	2249	100	4.48e-27
C662FACXX150129:6:2202:16305:22903/2	70	1	70	smNRPS-1/2	5910	3516	3585	100	4.48e-27
C662FACXX150129:5:2315:6737:76617/2	71	71	1	smNRPS-1/2	5910	2965	3035	100	1.25e-27
C662FACXX150129:7:1302:12864:55795/1	71	1	71	smNRPS-1/2	5910	3761	3831	100	1.25e-27
C662FACXX150129:6:2306:12586:25046/1	76	76	1	smNRPS-1/2	5910	4037	4112	98.684	9.63e-29
C662FACXX150129:6:2204:19056:17624/2	73	73	1	smNRPS-1/2	5910	3933	4005	100	9.63e-29
C662FACXX150129:5:1105:3748:79568/1	75	75	1	smNRPS-1/2	5910	249	323	100	7.45e-30
C662FACXX150129:2:1311:1899:77245/2	75	75	1	smNRPS-1/2	5910	5442	5516	100	7.45e-30
C662FACXX150129:2:1302:14607:3027/1	75	75	1	smNRPS-1/2	5910	680	754	100	7.45e-30
C662FACXX150129:6:2212:16560:6351/2	76	1	76	smNRPS-1/2	5910	5139	5214	100	2.07e-30
C662FACXX150129:2:1112:18126:45443/1	82	82	1	smNRPS-1/2	5910	3665	3746	97.561	2.07e-30
C662FACXX150129:5:2303:3823:33347/2	80	80	1	smNRPS-1/2	5910	2791	2870	98.75	5.76e-31
C662FACXX150129:6:2310:9690:78677/2	80	80	1	smNRPS-1/2	5910	2792	2871	98.75	5.76e-31
C662FACXX150129:4:1112:18049:55105/2	81	1	81	smNRPS-1/2	5910	1928	2008	98.765	1.6e-31
C662FACXX150129:7:2306:20184:13747/2	78	1	78	smNRPS-1/2	5910	2360	2437	100	1.6e-31
C662FACXX150129:7:1111:12683:75270/1	101	1	81	smNRPS-1/2	5910	5795	5875	98.765	1.6e-31
C662FACXX150129:7:2115:15201:70895/1	81	1	81	smNRPS-1/2	5910	1566	1646	98.765	1.6e-31
C662FACXX150129:2:2312:3386:45713/1	78	1	78	smNRPS-1/2	5910	5554	5631	100	1.6e-31
C662FACXX150129:6:1301:14577:16947/2	80	1	80	smNRPS-1/2	5910	2907	2986	100	1.24e-32
C662FACXX150129:2:2103:5755:42480/1	80	1	80	smNRPS-1/2	5910	2861	2940	100	1.24e-32
C662FACXX150129:6:1103:3524:40500/1	83	1	83	smNRPS-1/2	5910	898	980	98.795	1.24e-32
C662FACXX150129:4:2208:11993:41704/2	86	86	1	smNRPS-1/2	5910	4244	4329	97.674	1.24e-32
C662FACXX150129:3:2108:14640:29504/1	80	80	1	smNRPS-1/2	5910	2434	2513	100	1.24e-32
C662FACXX150129:6:2315:13253:7868/2	87	1	87	smNRPS-1/2	5910	4314	4401	97.727	3.44e-33
C662FACXX150129:5:2110:7360:40948/2	81	81	1	smNRPS-1/2	5910	5578	5658	100	3.44e-33
C662FACXX150129:7:2109:4494:46015/1	99	18	99	smNRPS-1/2	5910	1	82	100	9.56e-34
C662FACXX150129:2:2304:1977:99903/2	88	1	88	smNRPS-1/2	5910	2345	2432	97.727	9.56e-34
C662FACXX150129:4:2215:12076:2017/2	83	1	83	smNRPS-1/2	5910	2355	2437	100	2.66e-34
C662FACXX150129:5:2113:7855:91383/1	86	3	86	smNRPS-1/2	5910	4078	4161	100	7.39e-35
C662FACXX150129:3:2108:3631:96169/2	85	85	1	smNRPS-1/2	5910	5569	5653	100	2.06e-35
C662FACXX150129:6:2309:3456:12153/2	89	1	89	smNRPS-1/2	5910	3968	4056	98.876	5.72e-36
C662FACXX150129:5:2214:19963:23289/1	89	1	89	smNRPS-1/2	5910	3961	4049	98.876	5.72e-36
C662FACXX150129:2:2207:4975:66266/1	87	1	87	smNRPS-1/2	5910	5427	5513	100	1.59e-36
C662FACXX150129:4:2208:11993:41704/1	93	1	93	smNRPS-1/2	5910	3740	3832	97.849	1.59e-36
C662FACXX150129:5:2107:16494:87065/2	90	1	90	smNRPS-1/2	5910	4741	4830	98.889	1.59e-36
C662FACXX150129:6:1316:12258:75495/1	93	1	93	smNRPS-1/2	5910	3848	3940	97.849	1.59e-36
C662FACXX150129:6:2107:12971:83637/2	87	87	1	smNRPS-1/2	5910	1773	1859	100	1.59e-36
C662FACXX150129:4:1303:7877:42356/2	88	88	1	smNRPS-1/2	5910	5675	5762	100	4.42e-37
C662FACXX150129:5:2214:14890:62168/1	88	88	1	smNRPS-1/2	5910	1641	1728	100	4.42e-37
C662FACXX150129:7:1305:4713:2072/2	93	1	91	smNRPS-1/2	5910	4328	4419	98.913	4.42e-37
C662FACXX150129:3:1305:6631:63323/1	88	1	88	smNRPS-1/2	5910	4075	4162	100	4.42e-37
C662FACXX150129:4:1208:7794:97057/2	89	1	89	smNRPS-1/2	5910	1887	1975	100	1.23e-37
C662FACXX150129:6:2205:3729:39381/2	89	89	1	smNRPS-1/2	5910	2661	2749	100	1.23e-37
C662FACXX150129:6:2114:5073:98936/2	89	1	89	smNRPS-1/2	5910	4350	4438	100	1.23e-37
C662FACXX150129:2:2103:12478:69316/1	89	1	89	smNRPS-1/2	5910	678	766	100	1.23e-37
C662FACXX150129:3:2212:17304:76973/2	98	1	98	smNRPS-1/2	5910	2362	2459	96.939	1.23e-37
C662FACXX150129:5:2212:14265:15949/1	101	101	2	smNRPS-1/2	5910	3812	3911	97	9.5e-39
C662FACXX150129:2:1106:13073:28011/2	101	101	1	smNRPS-1/2	5910	704	803	97.03	9.5e-39
C662FACXX150129:7:2308:1217:67795/2	101	1	101	smNRPS-1/2	5910	705	804	97.03	9.5e-39
C662FACXX150129:2:2102:16602:19883/2	92	1	92	smNRPS-1/2	5910	2619	2710	100	2.64e-39
C662FACXX150129:3:1307:15906:23512/2	98	98	1	smNRPS-1/2	5910	901	998	97.959	2.64e-39
C662FACXX150129:6:1307:11622:96980/2	92	1	92	smNRPS-1/2	5910	5139	5230	100	2.64e-39
C662FACXX150129:7:1305:4713:2072/1	101	101	1	smNRPS-1/2	5910	4742	4842	97.03	2.64e-39
C662FACXX150129:2:2309:15712:49208/2	101	1	101	smNRPS-1/2	5910	3685	3785	97.03	2.64e-39
C662FACXX150129:2:2212:16679:67492/1	92	1	92	smNRPS-1/2	5910	653	744	100	2.64e-39
C662FACXX150129:4:1309:18618:32634/2	98	95	1	smNRPS-1/2	5910	3783	3877	98.947	2.64e-39
C662FACXX150129:7:1307:14648:65402/1	95	1	95	smNRPS-1/2	5910	4289	4383	98.947	2.64e-39
C662FACXX150129:4:2301:10250:31640/2	93	1	93	smNRPS-1/2	5910	3249	3341	100	7.34e-40
C662FACXX150129:5:2106:7951:84274/1	93	1	93	smNRPS-1/2	5910	4428	4520	100	7.34e-40
C662FACXX150129:2:2203:15212:43607/1	96	96	1	smNRPS-1/2	5910	4990	5085	98.958	7.34e-40
C662FACXX150129:5:1204:13734:31783/1	101	1	101	smNRPS-1/2	5910	571	673	97.087	7.34e-40
C662FACXX150129:5:1204:13734:31783/2	101	101	1	smNRPS-1/2	5910	571	673	97.087	7.34e-40
C662FACXX150129:3:1216:17558:69160/2	93	1	93	smNRPS-1/2	5910	2759	2851	100	7.34e-40
C662FACXX150129:3:1112:13733:26823/2	93	93	1	smNRPS-1/2	5910	337	429	100	7.34e-40
C662FACXX150129:2:2103:12478:69316/2	94	93	1	smNRPS-1/2	5910	1204	1296	100	7.34e-40
C662FACXX150129:6:2106:8520:95096/2	96	1	96	smNRPS-1/2	5910	926	1021	98.958	7.34e-40
C662FACXX150129:4:1309:18618:32634/1	101	1	99	smNRPS-1/2	5910	3591	3689	97.98	7.34e-40
C662FACXX150129:6:2107:12971:83637/1	96	1	96	smNRPS-1/2	5910	1189	1284	98.958	7.34e-40
C662FACXX150129:4:2308:13674:18981/2	97	97	1	smNRPS-1/2	5910	4705	4801	98.969	2.04e-40
C662FACXX150129:5:2301:11870:68306/2	94	94	1	smNRPS-1/2	5910	729	822	100	2.04e-40
C662FACXX150129:5:2212:14265:15949/2	100	1	100	smNRPS-1/2	5910	3802	3901	98	2.04e-40
C662FACXX150129:3:1108:3302:90011/2	100	1	97	smNRPS-1/2	5910	3808	3904	98.969	2.04e-40
C662FACXX150129:2:1108:5255:48441/1	94	94	1	smNRPS-1/2	5910	4473	4566	100	2.04e-40
C662FACXX150129:7:1306:4814:73241/1	97	1	97	smNRPS-1/2	5910	4068	4164	98.969	2.04e-40
C662FACXX150129:2:2313:7924:2771/1	100	100	1	smNRPS-1/2	5910	294	393	98	2.04e-40
C662FACXX150129:2:2307:14189:22918/1	97	1	97	smNRPS-1/2	5910	4358	4454	98.969	2.04e-40
C662FACXX150129:2:1316:9423:76289/1	101	95	1	smNRPS-1/2	5910	497	591	100	5.68e-41
C662FACXX150129:2:2103:1749:25152/1	101	101	1	smNRPS-1/2	5910	4868	4968	98.02	5.68e-41
C662FACXX150129:2:2103:1749:25152/2	101	1	101	smNRPS-1/2	5910	4777	4877	98.02	5.68e-41
C662FACXX150129:4:1213:9481:68203/1	101	1	101	smNRPS-1/2	5910	5214	5314	98.02	5.68e-41
C662FACXX150129:5:2216:5364:30193/1	95	95	1	smNRPS-1/2	5910	4609	4703	100	5.68e-41
C662FACXX150129:7:2205:11474:50283/1	101	101	1	smNRPS-1/2	5910	3820	3920	98.02	5.68e-41
C662FACXX150129:7:2205:11474:50283/2	101	1	101	smNRPS-1/2	5910	3696	3796	98.02	5.68e-41
C662FACXX150129:4:2115:7713:82849/1	101	101	1	smNRPS-1/2	5910	5590	5690	98.02	5.68e-41
C662FACXX150129:4:2115:7713:82849/2	101	1	98	smNRPS-1/2	5910	5501	5598	98.98	5.68e-41
C662FACXX150129:4:1313:7839:94675/1	95	95	1	smNRPS-1/2	5910	90	184	100	5.68e-41
C662FACXX150129:7:1109:14075:5588/2	101	1	101	smNRPS-1/2	5910	4868	4968	98.02	5.68e-41
C662FACXX150129:5:1306:8062:49829/2	101	101	1	smNRPS-1/2	5910	5246	5346	98.02	5.68e-41
C662FACXX150129:7:2107:3336:31282/2	101	1	101	smNRPS-1/2	5910	5530	5630	98.02	5.68e-41
C662FACXX150129:5:2303:3823:33347/1	101	1	101	smNRPS-1/2	5910	2683	2783	98.02	5.68e-41
C662FACXX150129:2:1216:16657:74203/1	101	101	1	smNRPS-1/2	5910	2395	2495	98.02	5.68e-41
C662FACXX150129:6:2109:6437:26541/2	95	95	1	smNRPS-1/2	5910	3398	3492	100	5.68e-41
C662FACXX150129:2:2312:7928:57617/1	101	98	1	smNRPS-1/2	5910	161	258	98.98	5.68e-41
C662FACXX150129:6:2204:19056:17624/1	101	1	101	smNRPS-1/2	5910	3827	3927	98.02	5.68e-41
C662FACXX150129:3:1108:3302:90011/1	101	101	1	smNRPS-1/2	5910	3820	3920	98.02	5.68e-41
C662FACXX150129:6:2310:9690:78677/1	101	1	101	smNRPS-1/2	5910	2730	2830	98.02	5.68e-41
C662FACXX150129:4:1304:2636:15273/1	95	95	1	smNRPS-1/2	5910	3783	3877	100	5.68e-41
C662FACXX150129:7:2203:8941:81105/1	101	1	101	smNRPS-1/2	5910	3848	3948	98.02	5.68e-41
C662FACXX150129:2:2309:15712:49208/1	101	101	1	smNRPS-1/2	5910	3756	3856	98.02	5.68e-41
C662FACXX150129:6:2112:15388:3542/2	101	101	1	smNRPS-1/2	5910	5367	5467	98.02	5.68e-41
C662FACXX150129:4:2214:9248:3669/1	101	1	101	smNRPS-1/2	5910	2376	2476	98.02	5.68e-41
C662FACXX150129:5:1312:17777:36041/1	101	101	1	smNRPS-1/2	5910	4217	4317	98.02	5.68e-41
C662FACXX150129:2:2204:12032:38851/1	101	1	101	smNRPS-1/2	5910	5214	5314	98.02	5.68e-41
C662FACXX150129:6:1210:1652:98671/1	95	95	1	smNRPS-1/2	5910	863	957	100	5.68e-41
C662FACXX150129:7:2107:10242:76246/2	101	95	1	smNRPS-1/2	5910	2047	2141	100	5.68e-41
C662FACXX150129:4:2301:10250:31640/1	101	101	3	smNRPS-1/2	5910	3593	3691	98.99	1.58e-41
C662FACXX150129:2:1316:9423:76289/2	101	1	96	smNRPS-1/2	5910	497	592	100	1.58e-41
C662FACXX150129:3:1102:12305:76594/1	96	1	96	smNRPS-1/2	5910	754	849	100	1.58e-41
C662FACXX150129:2:2103:5755:42480/2	99	99	1	smNRPS-1/2	5910	2936	3034	98.99	1.58e-41
C662FACXX150129:5:1301:3015:92215/1	96	1	96	smNRPS-1/2	5910	653	748	100	1.58e-41
C662FACXX150129:4:1313:15831:8441/1	101	101	3	smNRPS-1/2	5910	4224	4322	98.99	1.58e-41
C662FACXX150129:6:2205:3729:39381/1	96	1	96	smNRPS-1/2	5910	2201	2296	100	1.58e-41
C662FACXX150129:5:1202:11761:41857/1	96	96	1	smNRPS-1/2	5910	370	465	100	1.58e-41
C662FACXX150129:7:1210:6786:47632/1	96	96	1	smNRPS-1/2	5910	5214	5309	100	1.58e-41
C662FACXX150129:6:2309:12476:25229/1	99	99	1	smNRPS-1/2	5910	2013	2111	98.99	1.58e-41
C662FACXX150129:6:2211:10629:62307/1	96	1	96	smNRPS-1/2	5910	3171	3266	100	1.58e-41
C662FACXX150129:4:2302:9361:86493/2	96	96	1	smNRPS-1/2	5910	2272	2367	100	1.58e-41
C662FACXX150129:7:2216:12822:79646/1	101	1	100	smNRPS-1/2	5910	5181	5280	99	4.39e-42
C662FACXX150129:5:2207:3581:33950/2	97	1	97	smNRPS-1/2	5910	2355	2451	100	4.39e-42
C662FACXX150129:3:2108:3631:96169/1	100	1	100	smNRPS-1/2	5910	5407	5506	99	4.39e-42
C662FACXX150129:2:1208:17365:10917/2	100	1	100	smNRPS-1/2	5910	1125	1224	99	4.39e-42
C662FACXX150129:7:2310:16686:62467/2	100	100	1	smNRPS-1/2	5910	945	1044	99	4.39e-42
C662FACXX150129:5:2216:5364:30193/2	97	1	97	smNRPS-1/2	5910	4264	4360	100	4.39e-42
C662FACXX150129:7:1215:18383:14513/2	97	1	97	smNRPS-1/2	5910	443	539	100	4.39e-42
C662FACXX150129:7:2115:18179:24281/1	97	1	97	smNRPS-1/2	5910	111	207	100	4.39e-42
C662FACXX150129:7:1306:15714:76836/1	97	1	97	smNRPS-1/2	5910	5547	5643	100	4.39e-42
C662FACXX150129:6:2213:13778:5332/2	97	97	1	smNRPS-1/2	5910	4773	4869	100	4.39e-42
C662FACXX150129:4:1302:8964:89256/1	101	1	100	smNRPS-1/2	5910	5407	5506	99	4.39e-42
C662FACXX150129:4:1302:8964:89256/2	101	100	1	smNRPS-1/2	5910	5407	5506	99	4.39e-42
C662FACXX150129:6:1103:3524:40500/2	101	100	1	smNRPS-1/2	5910	896	995	99	4.39e-42
C662FACXX150129:6:2113:7280:62797/1	100	1	100	smNRPS-1/2	5910	2131	2230	99	4.39e-42
C662FACXX150129:4:1211:19463:5524/1	100	1	100	smNRPS-1/2	5910	4693	4792	99	4.39e-42
C662FACXX150129:5:1213:1565:75505/1	100	1	100	smNRPS-1/2	5910	443	542	99	4.39e-42
C662FACXX150129:2:1108:10192:92442/2	97	97	1	smNRPS-1/2	5910	4387	4483	100	4.39e-42
C662FACXX150129:7:2216:12822:79646/2	101	101	1	smNRPS-1/2	5910	5331	5431	99.01	1.22e-42
C662FACXX150129:2:1208:17365:10917/1	101	101	1	smNRPS-1/2	5910	1192	1292	99.01	1.22e-42
C662FACXX150129:4:2306:9281:9948/2	101	1	101	smNRPS-1/2	5910	4712	4812	99.01	1.22e-42
C662FACXX150129:5:1111:1828:97494/2	101	1	101	smNRPS-1/2	5910	4075	4175	99.01	1.22e-42
C662FACXX150129:6:2110:7751:23625/2	98	98	1	smNRPS-1/2	5910	4185	4282	100	1.22e-42
C662FACXX150129:4:2308:13674:18981/1	101	1	101	smNRPS-1/2	5910	4693	4793	99.01	1.22e-42
C662FACXX150129:6:2306:12586:25046/2	101	1	101	smNRPS-1/2	5910	4008	4108	99.01	1.22e-42
C662FACXX150129:6:2211:1871:68292/1	101	98	1	smNRPS-1/2	5910	4563	4660	100	1.22e-42
C662FACXX150129:6:2309:3456:12153/1	101	101	1	smNRPS-1/2	5910	4010	4110	99.01	1.22e-42
C662FACXX150129:7:1104:11110:46772/1	101	101	1	smNRPS-1/2	5910	4210	4310	99.01	1.22e-42
C662FACXX150129:5:2103:16630:93672/1	98	1	98	smNRPS-1/2	5910	3894	3991	100	1.22e-42
C662FACXX150129:5:2209:17386:90209/1	101	1	101	smNRPS-1/2	5910	901	1001	99.01	1.22e-42
C662FACXX150129:5:2209:17386:90209/2	101	101	1	smNRPS-1/2	5910	921	1021	99.01	1.22e-42
C662FACXX150129:6:1307:11622:96980/1	101	101	1	smNRPS-1/2	5910	5301	5401	99.01	1.22e-42
C662FACXX150129:7:2310:16686:62467/1	101	1	101	smNRPS-1/2	5910	926	1026	99.01	1.22e-42
C662FACXX150129:4:2301:4843:27342/1	101	101	1	smNRPS-1/2	5910	5462	5562	99.01	1.22e-42
C662FACXX150129:4:2301:4843:27342/2	101	1	101	smNRPS-1/2	5910	5458	5558	99.01	1.22e-42
C662FACXX150129:5:2106:7951:84274/2	101	101	1	smNRPS-1/2	5910	4738	4838	99.01	1.22e-42
C662FACXX150129:2:1214:5704:90264/1	98	98	1	smNRPS-1/2	5910	2097	2194	100	1.22e-42
C662FACXX150129:3:1111:16687:95474/1	101	101	1	smNRPS-1/2	5910	2532	2632	99.01	1.22e-42
C662FACXX150129:7:1304:7793:33738/1	101	1	101	smNRPS-1/2	5910	926	1026	99.01	1.22e-42
C662FACXX150129:7:1304:7793:33738/2	101	101	1	smNRPS-1/2	5910	944	1044	99.01	1.22e-42
C662FACXX150129:6:1315:15783:6675/1	101	101	1	smNRPS-1/2	5910	3572	3672	99.01	1.22e-42
C662FACXX150129:6:1315:15783:6675/2	101	1	101	smNRPS-1/2	5910	3504	3604	99.01	1.22e-42
C662FACXX150129:5:2112:6185:10374/2	101	101	1	smNRPS-1/2	5910	1052	1152	99.01	1.22e-42
C662FACXX150129:4:2312:16496:72286/1	101	1	101	smNRPS-1/2	5910	1566	1666	99.01	1.22e-42
C662FACXX150129:2:2109:7292:42969/1	101	101	1	smNRPS-1/2	5910	5438	5538	99.01	1.22e-42
C662FACXX150129:2:2109:7292:42969/2	98	1	98	smNRPS-1/2	5910	5081	5178	100	1.22e-42
C662FACXX150129:6:2308:19830:37009/2	101	1	101	smNRPS-1/2	5910	196	296	99.01	1.22e-42
C662FACXX150129:6:2210:1187:25528/2	101	101	1	smNRPS-1/2	5910	2476	2576	99.01	1.22e-42
C662FACXX150129:4:2311:2312:28256/1	98	1	98	smNRPS-1/2	5910	1808	1905	100	1.22e-42
C662FACXX150129:4:1211:19463:5524/2	101	101	1	smNRPS-1/2	5910	4701	4801	99.01	1.22e-42
C662FACXX150129:4:2107:14603:21127/1	101	101	1	smNRPS-1/2	5910	4929	5029	99.01	1.22e-42
C662FACXX150129:4:2107:14603:21127/2	101	1	101	smNRPS-1/2	5910	4833	4933	99.01	1.22e-42
C662FACXX150129:2:1302:14607:3027/2	98	1	98	smNRPS-1/2	5910	535	632	100	1.22e-42
C662FACXX150129:7:1106:12024:91193/1	101	101	1	smNRPS-1/2	5910	4693	4793	99.01	1.22e-42
C662FACXX150129:7:1106:12024:91193/2	101	1	101	smNRPS-1/2	5910	4661	4761	99.01	1.22e-42
C662FACXX150129:7:1313:17266:35528/1	101	101	1	smNRPS-1/2	5910	4693	4793	99.01	1.22e-42
C662FACXX150129:7:1313:17266:35528/2	101	1	101	smNRPS-1/2	5910	4661	4761	99.01	1.22e-42
C662FACXX150129:4:2215:17943:22692/2	101	101	1	smNRPS-1/2	5910	2160	2260	99.01	1.22e-42
C662FACXX150129:5:2209:19881:71550/1	101	1	101	smNRPS-1/2	5910	5559	5659	99.01	1.22e-42
C662FACXX150129:6:1215:2125:18264/1	101	101	1	smNRPS-1/2	5910	4929	5029	99.01	1.22e-42
C662FACXX150129:6:1215:2125:18264/2	101	1	101	smNRPS-1/2	5910	4833	4933	99.01	1.22e-42
C662FACXX150129:2:1106:13073:28011/1	101	1	101	smNRPS-1/2	5910	352	452	99.01	1.22e-42
C662FACXX150129:2:2209:13205:11785/2	101	1	101	smNRPS-1/2	5910	4927	5027	99.01	1.22e-42
C662FACXX150129:6:2104:13852:25821/2	101	101	1	smNRPS-1/2	5910	4054	4154	99.01	1.22e-42
C662FACXX150129:3:2212:17304:76973/1	101	101	1	smNRPS-1/2	5910	2420	2520	99.01	1.22e-42
C662FACXX150129:3:2115:17300:27139/1	101	101	1	smNRPS-1/2	5910	5367	5467	99.01	1.22e-42
C662FACXX150129:6:1114:14475:19627/1	101	1	101	smNRPS-1/2	5910	903	1003	99.01	1.22e-42
C662FACXX150129:6:1114:14475:19627/2	101	101	1	smNRPS-1/2	5910	942	1042	99.01	1.22e-42
C662FACXX150129:3:2316:14500:9823/1	101	1	101	smNRPS-1/2	5910	4004	4104	99.01	1.22e-42
C662FACXX150129:3:2316:14500:9823/2	101	101	1	smNRPS-1/2	5910	4010	4110	99.01	1.22e-42
C662FACXX150129:7:2208:9879:43583/2	101	101	1	smNRPS-1/2	5910	5174	5274	99.01	1.22e-42
C662FACXX150129:4:2201:12581:50902/2	101	101	1	smNRPS-1/2	5910	2026	2126	99.01	1.22e-42
C662FACXX150129:4:1301:15929:97333/2	101	1	101	smNRPS-1/2	5910	5365	5465	99.01	1.22e-42
C662FACXX150129:5:2314:7528:45056/1	101	101	1	smNRPS-1/2	5910	4615	4715	99.01	1.22e-42
C662FACXX150129:7:2315:14069:97335/2	101	101	1	smNRPS-1/2	5910	4995	5095	99.01	1.22e-42
C662FACXX150129:5:1214:12235:70085/2	98	98	1	smNRPS-1/2	5910	2957	3054	100	1.22e-42
C662FACXX150129:3:2209:8693:63164/1	99	1	99	smNRPS-1/2	5910	4499	4597	100	3.39e-43
C662FACXX150129:5:2301:11870:68306/1	99	1	99	smNRPS-1/2	5910	325	423	100	3.39e-43
C662FACXX150129:7:2306:20184:13747/1	99	99	1	smNRPS-1/2	5910	2726	2824	100	3.39e-43
C662FACXX150129:6:1313:4108:10319/2	101	1	99	smNRPS-1/2	5910	5164	5262	100	3.39e-43
C662FACXX150129:6:2213:13778:5332/1	99	1	99	smNRPS-1/2	5910	4521	4619	100	3.39e-43
C662FACXX150129:2:1311:1899:77245/1	99	1	99	smNRPS-1/2	5910	5362	5460	100	3.39e-43
C662FACXX150129:5:2110:7360:40948/1	99	1	99	smNRPS-1/2	5910	5113	5211	100	3.39e-43
C662FACXX150129:7:2202:15134:59153/1	99	1	99	smNRPS-1/2	5910	1851	1949	100	3.39e-43
C662FACXX150129:5:2215:14975:95042/1	99	99	1	smNRPS-1/2	5910	2909	3007	100	3.39e-43
C662FACXX150129:3:2113:13138:12705/2	101	1	100	smNRPS-1/2	5910	394	493	100	9.43e-44
C662FACXX150129:6:2211:1871:68292/2	101	1	100	smNRPS-1/2	5910	4563	4662	100	9.43e-44
C662FACXX150129:4:1106:8433:92420/2	100	100	1	smNRPS-1/2	5910	4318	4417	100	9.43e-44
C662FACXX150129:3:1112:9236:92796/1	100	1	100	smNRPS-1/2	5910	556	655	100	9.43e-44
C662FACXX150129:3:1112:9236:92796/2	100	100	1	smNRPS-1/2	5910	740	839	100	9.43e-44
C662FACXX150129:4:1303:7877:42356/1	100	1	100	smNRPS-1/2	5910	5470	5569	100	9.43e-44
C662FACXX150129:3:2307:18767:68771/1	100	100	1	smNRPS-1/2	5910	519	618	100	9.43e-44
C662FACXX150129:4:1112:18049:55105/1	100	100	1	smNRPS-1/2	5910	2214	2313	100	9.43e-44
C662FACXX150129:7:1314:14967:76383/1	100	1	100	smNRPS-1/2	5910	4834	4933	100	9.43e-44
C662FACXX150129:3:1305:4384:99023/2	100	100	1	smNRPS-1/2	5910	2412	2511	100	9.43e-44
C662FACXX150129:5:2112:6185:10374/1	100	1	100	smNRPS-1/2	5910	1034	1133	100	9.43e-44
C662FACXX150129:5:2316:17111:11080/2	100	100	1	smNRPS-1/2	5910	5465	5564	100	9.43e-44
C662FACXX150129:3:2311:3652:58217/1	100	100	1	smNRPS-1/2	5910	2266	2365	100	9.43e-44
C662FACXX150129:4:2305:18778:41795/1	100	1	100	smNRPS-1/2	5910	2886	2985	100	9.43e-44
C662FACXX150129:6:2112:15388:3542/1	100	1	100	smNRPS-1/2	5910	5338	5437	100	9.43e-44
C662FACXX150129:2:1108:10192:92442/1	100	1	100	smNRPS-1/2	5910	4213	4312	100	9.43e-44
C662FACXX150129:6:1316:12258:75495/2	100	100	1	smNRPS-1/2	5910	4143	4242	100	9.43e-44
C662FACXX150129:6:2216:12872:71725/1	100	1	100	smNRPS-1/2	5910	244	343	100	9.43e-44
C662FACXX150129:7:1311:17937:63747/1	100	1	100	smNRPS-1/2	5910	21	120	100	9.43e-44
C662FACXX150129:2:2115:1280:26574/1	100	1	100	smNRPS-1/2	5910	556	655	100	9.43e-44
C662FACXX150129:5:2207:3581:33950/1	101	101	1	smNRPS-1/2	5910	2672	2772	100	2.62e-44
C662FACXX150129:2:2102:16602:19883/1	101	101	1	smNRPS-1/2	5910	2672	2772	100	2.62e-44
C662FACXX150129:4:2215:12076:2017/1	101	101	1	smNRPS-1/2	5910	2672	2772	100	2.62e-44
C662FACXX150129:2:2210:16289:82595/1	101	1	101	smNRPS-1/2	5910	3325	3425	100	2.62e-44
C662FACXX150129:2:2210:16289:82595/2	101	101	1	smNRPS-1/2	5910	3351	3451	100	2.62e-44
C662FACXX150129:3:2113:13138:12705/1	101	101	1	smNRPS-1/2	5910	393	493	100	2.62e-44
C662FACXX150129:6:2309:11513:51136/1	101	1	101	smNRPS-1/2	5910	2807	2907	100	2.62e-44
C662FACXX150129:6:2309:11513:51136/2	101	101	1	smNRPS-1/2	5910	2840	2940	100	2.62e-44
C662FACXX150129:4:2306:9281:9948/1	101	101	1	smNRPS-1/2	5910	4990	5090	100	2.62e-44
C662FACXX150129:5:1111:1828:97494/1	101	101	1	smNRPS-1/2	5910	4205	4305	100	2.62e-44
C662FACXX150129:6:2110:7751:23625/1	101	1	101	smNRPS-1/2	5910	3968	4068	100	2.62e-44
C662FACXX150129:3:2208:7587:31062/1	101	1	101	smNRPS-1/2	5910	2469	2569	100	2.62e-44
C662FACXX150129:3:2208:7587:31062/2	101	101	1	smNRPS-1/2	5910	2515	2615	100	2.62e-44
C662FACXX150129:7:2305:17780:51237/1	101	1	101	smNRPS-1/2	5910	204	304	100	2.62e-44
C662FACXX150129:7:2305:17780:51237/2	101	101	1	smNRPS-1/2	5910	341	441	100	2.62e-44
C662FACXX150129:4:1303:15087:62230/1	101	1	101	smNRPS-1/2	5910	2046	2146	100	2.62e-44
C662FACXX150129:4:1303:15087:62230/2	101	101	1	smNRPS-1/2	5910	2071	2171	100	2.62e-44
C662FACXX150129:6:2311:8538:40036/1	101	1	101	smNRPS-1/2	5910	3171	3271	100	2.62e-44
C662FACXX150129:6:2311:8538:40036/2	101	101	1	smNRPS-1/2	5910	3664	3764	100	2.62e-44
C662FACXX150129:2:2207:4975:66266/2	101	101	1	smNRPS-1/2	5910	5432	5532	100	2.62e-44
C662FACXX150129:3:2209:8693:63164/2	101	101	1	smNRPS-1/2	5910	5000	5100	100	2.62e-44
C662FACXX150129:7:1104:11110:46772/2	101	1	101	smNRPS-1/2	5910	4086	4186	100	2.62e-44
C662FACXX150129:5:2103:16630:93672/2	101	101	1	smNRPS-1/2	5910	3976	4076	100	2.62e-44
C662FACXX150129:6:1203:10828:85078/1	101	101	1	smNRPS-1/2	5910	2502	2602	100	2.62e-44
C662FACXX150129:6:1203:10828:85078/2	101	1	101	smNRPS-1/2	5910	2460	2560	100	2.62e-44
C662FACXX150129:5:1114:19071:93792/1	101	1	101	smNRPS-1/2	5910	1747	1847	100	2.62e-44
C662FACXX150129:5:1114:19071:93792/2	101	101	1	smNRPS-1/2	5910	1827	1927	100	2.62e-44
C662FACXX150129:5:1105:3748:79568/2	101	1	101	smNRPS-1/2	5910	131	231	100	2.62e-44
C662FACXX150129:4:1106:8433:92420/1	101	1	101	smNRPS-1/2	5910	4110	4210	100	2.62e-44
C662FACXX150129:5:2315:6737:76617/1	101	1	101	smNRPS-1/2	5910	2827	2927	100	2.62e-44
C662FACXX150129:5:1215:18084:64848/1	101	101	1	smNRPS-1/2	5910	5010	5110	100	2.62e-44
C662FACXX150129:5:1215:18084:64848/2	101	1	101	smNRPS-1/2	5910	4997	5097	100	2.62e-44
C662FACXX150129:4:1213:9481:68203/2	101	101	1	smNRPS-1/2	5910	5432	5532	100	2.62e-44
C662FACXX150129:3:1102:12305:76594/2	101	101	1	smNRPS-1/2	5910	1080	1180	100	2.62e-44
C662FACXX150129:6:2212:16560:6351/1	101	101	1	smNRPS-1/2	5910	5566	5666	100	2.62e-44
C662FACXX150129:3:2307:18767:68771/2	101	1	101	smNRPS-1/2	5910	385	485	100	2.62e-44
C662FACXX150129:7:2104:2369:57361/1	101	101	1	smNRPS-1/2	5910	3144	3244	100	2.62e-44
C662FACXX150129:7:2104:2369:57361/2	101	1	101	smNRPS-1/2	5910	3084	3184	100	2.62e-44
C662FACXX150129:7:1204:19567:74355/1	101	1	101	smNRPS-1/2	5910	4950	5050	100	2.62e-44
C662FACXX150129:7:1204:19567:74355/2	101	101	1	smNRPS-1/2	5910	4981	5081	100	2.62e-44
C662FACXX150129:2:2109:18110:19497/1	101	101	1	smNRPS-1/2	5910	5098	5198	100	2.62e-44
C662FACXX150129:2:2109:18110:19497/2	101	1	101	smNRPS-1/2	5910	5044	5144	100	2.62e-44
C662FACXX150129:7:1215:18383:14513/1	101	101	1	smNRPS-1/2	5910	809	909	100	2.62e-44
C662FACXX150129:2:1214:5704:90264/2	101	1	101	smNRPS-1/2	5910	2066	2166	100	2.62e-44
C662FACXX150129:6:1301:14577:16947/1	101	101	1	smNRPS-1/2	5910	3020	3120	100	2.62e-44
C662FACXX150129:3:1303:13627:38379/1	101	101	1	smNRPS-1/2	5910	615	715	100	2.62e-44
C662FACXX150129:7:2310:3877:101283/1	101	101	1	smNRPS-1/2	5910	2492	2592	100	2.62e-44
C662FACXX150129:7:2310:3877:101283/2	101	1	101	smNRPS-1/2	5910	2487	2587	100	2.62e-44
C662FACXX150129:7:2115:18179:24281/2	101	101	1	smNRPS-1/2	5910	205	305	100	2.62e-44
C662FACXX150129:3:1111:16687:95474/2	101	1	101	smNRPS-1/2	5910	2510	2610	100	2.62e-44
C662FACXX150129:5:2112:9694:93592/1	101	101	1	smNRPS-1/2	5910	2481	2581	100	2.62e-44
C662FACXX150129:5:1301:3015:92215/2	101	101	1	smNRPS-1/2	5910	722	822	100	2.62e-44
C662FACXX150129:6:1313:4108:10319/1	101	101	1	smNRPS-1/2	5910	5417	5517	100	2.62e-44
C662FACXX150129:5:2214:14890:62168/2	101	1	101	smNRPS-1/2	5910	1596	1696	100	2.62e-44
C662FACXX150129:7:1314:14967:76383/2	101	101	1	smNRPS-1/2	5910	4998	5098	100	2.62e-44
C662FACXX150129:4:1313:15831:8441/2	101	1	101	smNRPS-1/2	5910	4116	4216	100	2.62e-44
C662FACXX150129:7:2207:17439:38643/1	101	101	1	smNRPS-1/2	5910	290	390	100	2.62e-44
C662FACXX150129:7:2207:17439:38643/2	101	1	101	smNRPS-1/2	5910	92	192	100	2.62e-44
C662FACXX150129:2:2310:15337:51724/1	101	1	101	smNRPS-1/2	5910	3252	3352	100	2.62e-44
C662FACXX150129:2:2310:15337:51724/2	101	101	1	smNRPS-1/2	5910	3392	3492	100	2.62e-44
C662FACXX150129:7:1109:14075:5588/1	101	101	1	smNRPS-1/2	5910	4990	5090	100	2.62e-44
C662FACXX150129:2:2301:5108:38543/1	101	101	1	smNRPS-1/2	5910	2659	2759	100	2.62e-44
C662FACXX150129:2:2301:5108:38543/2	101	1	101	smNRPS-1/2	5910	2530	2630	100	2.62e-44
C662FACXX150129:6:2102:2278:7272/1	101	101	1	smNRPS-1/2	5910	179	279	100	2.62e-44
C662FACXX150129:6:2102:2278:7272/2	101	1	101	smNRPS-1/2	5910	113	213	100	2.62e-44
C662FACXX150129:5:1306:8062:49829/1	101	1	101	smNRPS-1/2	5910	4997	5097	100	2.62e-44
C662FACXX150129:7:2107:3336:31282/1	101	101	1	smNRPS-1/2	5910	5693	5793	100	2.62e-44
C662FACXX150129:7:1306:15714:76836/2	101	101	1	smNRPS-1/2	5910	5640	5740	100	2.62e-44
C662FACXX150129:5:2316:17111:11080/1	101	1	101	smNRPS-1/2	5910	5448	5548	100	2.62e-44
C662FACXX150129:4:1208:7794:97057/1	101	101	1	smNRPS-1/2	5910	2044	2144	100	2.62e-44
C662FACXX150129:3:2316:11079:68005/1	101	1	101	smNRPS-1/2	5910	4110	4210	100	2.62e-44
C662FACXX150129:3:2316:11079:68005/2	101	101	1	smNRPS-1/2	5910	4317	4417	100	2.62e-44
C662FACXX150129:4:2208:6309:64710/1	101	101	1	smNRPS-1/2	5910	2672	2772	100	2.62e-44
C662FACXX150129:4:2208:6309:64710/2	101	1	101	smNRPS-1/2	5910	2619	2719	100	2.62e-44
C662FACXX150129:2:2116:4317:56937/1	101	101	1	smNRPS-1/2	5910	5335	5435	100	2.62e-44
C662FACXX150129:2:2116:4317:56937/2	101	1	101	smNRPS-1/2	5910	5149	5249	100	2.62e-44
C662FACXX150129:3:2208:1795:88835/1	101	1	101	smNRPS-1/2	5910	145	245	100	2.62e-44
C662FACXX150129:3:2208:1795:88835/2	101	101	1	smNRPS-1/2	5910	739	839	100	2.62e-44
C662FACXX150129:2:1216:16657:74203/2	101	1	101	smNRPS-1/2	5910	2202	2302	100	2.62e-44
C662FACXX150129:5:1207:2809:15647/1	101	1	101	smNRPS-1/2	5910	2345	2445	100	2.62e-44
C662FACXX150129:5:1207:2809:15647/2	101	101	1	smNRPS-1/2	5910	2370	2470	100	2.62e-44
C662FACXX150129:6:2113:7280:62797/2	101	101	1	smNRPS-1/2	5910	2190	2290	100	2.62e-44
C662FACXX150129:2:1301:2852:61802/1	101	101	1	smNRPS-1/2	5910	3526	3626	100	2.62e-44
C662FACXX150129:2:1301:2852:61802/2	101	1	101	smNRPS-1/2	5910	3516	3616	100	2.62e-44
C662FACXX150129:2:2203:15212:43607/2	101	1	101	smNRPS-1/2	5910	4969	5069	100	2.62e-44
C662FACXX150129:5:2110:4570:70696/1	101	101	1	smNRPS-1/2	5910	112	212	100	2.62e-44
C662FACXX150129:5:2110:4570:70696/2	101	1	101	smNRPS-1/2	5910	111	211	100	2.62e-44
C662FACXX150129:7:1214:2068:60150/1	101	1	101	smNRPS-1/2	5910	4110	4210	100	2.62e-44
C662FACXX150129:7:1214:2068:60150/2	101	101	1	smNRPS-1/2	5910	4317	4417	100	2.62e-44
C662FACXX150129:6:2109:6437:26541/1	101	1	101	smNRPS-1/2	5910	3252	3352	100	2.62e-44
C662FACXX150129:6:2308:19830:37009/1	101	101	1	smNRPS-1/2	5910	272	372	100	2.62e-44
C662FACXX150129:7:2109:4494:46015/2	101	101	1	smNRPS-1/2	5910	58	158	100	2.62e-44
C662FACXX150129:6:2210:1187:25528/1	101	1	101	smNRPS-1/2	5910	1988	2088	100	2.62e-44
C662FACXX150129:4:1215:7609:96730/1	101	101	1	smNRPS-1/2	5910	5259	5359	100	2.62e-44
C662FACXX150129:4:1215:7609:96730/2	101	1	101	smNRPS-1/2	5910	5073	5173	100	2.62e-44
C662FACXX150129:4:2311:2312:28256/2	101	101	1	smNRPS-1/2	5910	1836	1936	100	2.62e-44
C662FACXX150129:2:1107:17833:62339/1	101	101	1	smNRPS-1/2	5910	518	618	100	2.62e-44
C662FACXX150129:2:1107:17833:62339/2	101	1	101	smNRPS-1/2	5910	385	485	100	2.62e-44
C662FACXX150129:3:1216:17558:69160/1	101	101	1	smNRPS-1/2	5910	2769	2869	100	2.62e-44
C662FACXX150129:3:1103:4899:21988/1	101	101	1	smNRPS-1/2	5910	4328	4428	100	2.62e-44
C662FACXX150129:4:2215:17943:22692/1	101	1	101	smNRPS-1/2	5910	2067	2167	100	2.62e-44
C662FACXX150129:7:2203:8941:81105/2	101	101	1	smNRPS-1/2	5910	4142	4242	100	2.62e-44
C662FACXX150129:3:1112:13733:26823/1	101	1	101	smNRPS-1/2	5910	22	122	100	2.62e-44
C662FACXX150129:3:2114:6936:23461/1	101	101	1	smNRPS-1/2	5910	2303	2403	100	2.62e-44
C662FACXX150129:3:2114:6936:23461/2	101	1	101	smNRPS-1/2	5910	2046	2146	100	2.62e-44
C662FACXX150129:7:2301:7439:17151/1	101	1	101	smNRPS-1/2	5910	1938	2038	100	2.62e-44
C662FACXX150129:7:2301:7439:17151/2	101	101	1	smNRPS-1/2	5910	2026	2126	100	2.62e-44
C662FACXX150129:2:2304:1977:99903/1	101	101	1	smNRPS-1/2	5910	2439	2539	100	2.62e-44
C662FACXX150129:5:2107:16494:87065/1	101	101	1	smNRPS-1/2	5910	4949	5049	100	2.62e-44
C662FACXX150129:4:1205:16645:96043/1	101	1	101	smNRPS-1/2	5910	832	932	100	2.62e-44
C662FACXX150129:4:1205:16645:96043/2	101	101	1	smNRPS-1/2	5910	873	973	100	2.62e-44
C662FACXX150129:6:2114:5073:98936/1	101	101	1	smNRPS-1/2	5910	4365	4465	100	2.62e-44
C662FACXX150129:7:1204:13663:99247/1	101	101	1	smNRPS-1/2	5910	5169	5269	100	2.62e-44
C662FACXX150129:7:1204:13663:99247/2	101	1	101	smNRPS-1/2	5910	4950	5050	100	2.62e-44
C662FACXX150129:5:2214:19963:23289/2	101	101	1	smNRPS-1/2	5910	4056	4156	100	2.62e-44
C662FACXX150129:5:2310:17522:37493/1	101	101	1	smNRPS-1/2	5910	3526	3626	100	2.62e-44
C662FACXX150129:5:2310:17522:37493/2	101	1	101	smNRPS-1/2	5910	3516	3616	100	2.62e-44
C662FACXX150129:7:1302:18598:7016/1	101	101	1	smNRPS-1/2	5910	2737	2837	100	2.62e-44
C662FACXX150129:7:1302:18598:7016/2	101	1	101	smNRPS-1/2	5910	2622	2722	100	2.62e-44
C662FACXX150129:7:1110:3089:17046/1	101	101	1	smNRPS-1/2	5910	4469	4569	100	2.62e-44
C662FACXX150129:7:1110:3089:17046/2	101	1	101	smNRPS-1/2	5910	4380	4480	100	2.62e-44
C662FACXX150129:2:2212:16679:67492/2	101	101	1	smNRPS-1/2	5910	722	822	100	2.62e-44
C662FACXX150129:2:2209:13205:11785/1	101	101	1	smNRPS-1/2	5910	5000	5100	100	2.62e-44
C662FACXX150129:5:1312:6888:93831/1	101	1	101	smNRPS-1/2	5910	273	373	100	2.62e-44
C662FACXX150129:5:1312:6888:93831/2	101	101	1	smNRPS-1/2	5910	294	394	100	2.62e-44
C662FACXX150129:5:1213:1565:75505/2	101	101	1	smNRPS-1/2	5910	823	923	100	2.62e-44
C662FACXX150129:4:2106:18244:43820/1	101	1	101	smNRPS-1/2	5910	3252	3352	100	2.62e-44
C662FACXX150129:4:2106:18244:43820/2	101	101	1	smNRPS-1/2	5910	3392	3492	100	2.62e-44
C662FACXX150129:6:1313:2892:56744/1	101	1	101	smNRPS-1/2	5910	4950	5050	100	2.62e-44
C662FACXX150129:6:1313:2892:56744/2	101	101	1	smNRPS-1/2	5910	4981	5081	100	2.62e-44
C662FACXX150129:6:2104:13852:25821/1	101	1	101	smNRPS-1/2	5910	3802	3902	100	2.62e-44
C662FACXX150129:5:2313:1437:96990/1	101	101	1	smNRPS-1/2	5910	2385	2485	100	2.62e-44
C662FACXX150129:5:2313:1437:96990/2	101	1	101	smNRPS-1/2	5910	2329	2429	100	2.62e-44
C662FACXX150129:6:2106:8520:95096/1	101	101	1	smNRPS-1/2	5910	1618	1718	100	2.62e-44
C662FACXX150129:6:2315:13253:7868/1	101	101	1	smNRPS-1/2	5910	4495	4595	100	2.62e-44
C662FACXX150129:3:2115:17300:27139/2	101	1	101	smNRPS-1/2	5910	5339	5439	100	2.62e-44
C662FACXX150129:4:2305:18778:41795/2	101	101	1	smNRPS-1/2	5910	3061	3161	100	2.62e-44
C662FACXX150129:7:2208:9879:43583/1	101	1	101	smNRPS-1/2	5910	5092	5192	100	2.62e-44
C662FACXX150129:2:1104:9158:51051/1	101	1	101	smNRPS-1/2	5910	3488	3588	100	2.62e-44
C662FACXX150129:2:1104:9158:51051/2	101	101	1	smNRPS-1/2	5910	3777	3877	100	2.62e-44
C662FACXX150129:6:2202:16305:22903/1	101	101	1	smNRPS-1/2	5910	3526	3626	100	2.62e-44
C662FACXX150129:5:2111:14875:47436/1	101	101	1	smNRPS-1/2	5910	2672	2772	100	2.62e-44
C662FACXX150129:5:2111:14875:47436/2	101	1	101	smNRPS-1/2	5910	2619	2719	100	2.62e-44
C662FACXX150129:2:1214:17861:68260/1	101	1	101	smNRPS-1/2	5910	1925	2025	100	2.62e-44
C662FACXX150129:2:1214:17861:68260/2	101	101	1	smNRPS-1/2	5910	1991	2091	100	2.62e-44
C662FACXX150129:7:2308:1217:67795/1	101	101	1	smNRPS-1/2	5910	843	943	100	2.62e-44
C662FACXX150129:4:2201:12581:50902/1	101	1	101	smNRPS-1/2	5910	1938	2038	100	2.62e-44
C662FACXX150129:5:2103:11624:93700/1	101	1	101	smNRPS-1/2	5910	2305	2405	100	2.62e-44
C662FACXX150129:5:2103:11624:93700/2	101	101	1	smNRPS-1/2	5910	2619	2719	100	2.62e-44
C662FACXX150129:5:1202:4942:63719/1	101	1	101	smNRPS-1/2	5910	833	933	100	2.62e-44
C662FACXX150129:5:1202:4942:63719/2	101	101	1	smNRPS-1/2	5910	863	963	100	2.62e-44
C662FACXX150129:6:1314:14504:34646/1	101	101	1	smNRPS-1/2	5910	2739	2839	100	2.62e-44
C662FACXX150129:6:1314:14504:34646/2	101	1	101	smNRPS-1/2	5910	2713	2813	100	2.62e-44
C662FACXX150129:4:2214:9248:3669/2	101	101	1	smNRPS-1/2	5910	2454	2554	100	2.62e-44
C662FACXX150129:3:2103:15935:3207/1	101	1	101	smNRPS-1/2	5910	4433	4533	100	2.62e-44
C662FACXX150129:3:2103:15935:3207/2	101	101	1	smNRPS-1/2	5910	4549	4649	100	2.62e-44
C662FACXX150129:4:1301:15929:97333/1	101	101	1	smNRPS-1/2	5910	5633	5733	100	2.62e-44
C662FACXX150129:2:2109:4962:7469/1	101	1	101	smNRPS-1/2	5910	3171	3271	100	2.62e-44
C662FACXX150129:2:1202:11540:9186/1	101	101	1	smNRPS-1/2	5910	1834	1934	100	2.62e-44
C662FACXX150129:5:2213:12137:99008/1	101	101	1	smNRPS-1/2	5910	4365	4465	100	2.62e-44
C662FACXX150129:6:1114:13367:22178/1	101	101	1	smNRPS-1/2	5910	2028	2128	100	2.62e-44
C662FACXX150129:7:2311:20543:3532/1	101	1	101	smNRPS-1/2	5910	4861	4961	100	2.62e-44
C662FACXX150129:5:2301:3399:80934/1	101	101	1	smNRPS-1/2	5910	4774	4874	100	2.62e-44
C662FACXX150129:7:1202:13210:61344/1	101	1	101	smNRPS-1/2	5910	4366	4466	100	2.62e-44
C662FACXX150129:7:1216:16339:67007/1	101	1	101	smNRPS-1/2	5910	2201	2301	100	2.62e-44
C662FACXX150129:4:1207:5102:35942/1	101	101	1	smNRPS-1/2	5910	2317	2417	100	2.62e-44
C662FACXX150129:4:1203:12866:33620/1	101	101	1	smNRPS-1/2	5910	5072	5172	100	2.62e-44
C662FACXX150129:4:2112:5883:43740/1	101	1	101	smNRPS-1/2	5910	2542	2642	100	2.62e-44
C662FACXX150129:6:2303:9755:32048/1	101	1	101	smNRPS-1/2	5910	455	555	100	2.62e-44
C662FACXX150129:4:1306:15228:46547/1	101	101	1	smNRPS-1/2	5910	3239	3339	100	2.62e-44
C662FACXX150129:4:1304:6370:26225/1	101	1	101	smNRPS-1/2	5910	2185	2285	100	2.62e-44
C662FACXX150129:6:1209:6106:14219/1	101	1	101	smNRPS-1/2	5910	870	970	100	2.62e-44
C662FACXX150129:2:2103:14111:60509/2	101	101	1	smNRPS-1/2	5910	4324	4424	100	2.62e-44
C662FACXX150129:2:2308:16380:18798/2	101	1	101	smNRPS-1/2	5910	5081	5181	100	2.62e-44
C662FACXX150129:5:1111:14522:34114/1	97	52	1	smNRPS-1/2	5910	5853	5904	96.154	9.96e-14
C662FACXX150129:5:2105:4630:4837/2	63	63	1	smNRPS-1/2	5910	5526	5588	100	3.53e-23
C662FACXX150129:6:1308:12682:45262/1	68	1	68	smNRPS-1/2	5910	3605	3672	98.529	2.73e-24
C662FACXX150129:5:2215:11176:94709/2	68	68	1	smNRPS-1/2	5910	2115	2182	100	5.87e-26
C662FACXX150129:5:2215:11176:94709/1	69	1	69	smNRPS-1/2	5910	1954	2022	100	1.63e-26
C662FACXX150129:7:1111:12683:75270/2	101	26	101	smNRPS-1/2	5910	1	76	97.368	4.54e-27
C662FACXX150129:4:2308:17950:18457/1	73	73	1	smNRPS-1/2	5910	219	291	98.63	4.54e-27
C662FACXX150129:5:2205:10816:49619/2	80	80	1	smNRPS-1/2	5910	4810	4889	96.25	1.26e-27
C662FACXX150129:6:2212:20302:97266/2	80	80	1	smNRPS-1/2	5910	5202	5281	97.5	2.71e-29
C662FACXX150129:5:2109:16752:66274/1	76	1	76	smNRPS-1/2	5910	1000	1075	100	2.1000000000000002e-30
C662FACXX150129:5:2109:16752:66274/2	76	76	1	smNRPS-1/2	5910	1140	1215	100	2.1000000000000002e-30
C662FACXX150129:3:1302:19263:8659/2	78	1	78	smNRPS-1/2	5910	1655	1732	100	1.62e-31
C662FACXX150129:5:2305:9270:84012/2	80	1	80	smNRPS-1/2	5910	887	966	100	1.25e-32
C662FACXX150129:3:1311:13872:72745/2	84	1	84	smNRPS-1/2	5910	4586	4669	98.81	3.48e-33
C662FACXX150129:2:2105:15951:49900/2	82	1	82	smNRPS-1/2	5910	2634	2715	100	9.68e-34
C662FACXX150129:4:1314:5370:35570/2	88	88	3	smNRPS-1/2	5910	5562	5647	98.837	2.69e-34
C662FACXX150129:3:2215:4947:59860/2	86	1	86	smNRPS-1/2	5910	272	357	98.837	2.69e-34
C662FACXX150129:6:2308:2069:14000/2	83	1	83	smNRPS-1/2	5910	4069	4151	100	2.69e-34
C662FACXX150129:5:2209:19881:71550/2	101	13	101	smNRPS-1/2	5910	1	89	97.753	2.69e-34
C662FACXX150129:5:1312:1679:10840/1	86	1	86	smNRPS-1/2	5910	4727	4812	98.837	2.69e-34
C662FACXX150129:2:1201:13969:28860/1	93	1	93	smNRPS-1/2	5910	1816	1906	96.774	2.69e-34
C662FACXX150129:7:2306:13443:87026/2	83	83	1	smNRPS-1/2	5910	2241	2323	100	2.69e-34
C662FACXX150129:2:1311:17441:73716/2	86	86	1	smNRPS-1/2	5910	4468	4553	98.837	2.69e-34
C662FACXX150129:7:2110:4996:19618/1	84	84	1	smNRPS-1/2	5910	2155	2238	100	7.48e-35
C662FACXX150129:7:2110:13514:92193/1	84	84	1	smNRPS-1/2	5910	1698	1781	100	7.48e-35
C662FACXX150129:2:1214:19638:96945/2	87	1	87	smNRPS-1/2	5910	860	946	100	1.61e-36
C662FACXX150129:7:2110:20244:93200/2	90	90	1	smNRPS-1/2	5910	2790	2879	98.889	1.61e-36
C662FACXX150129:2:1102:9922:65483/2	88	1	88	smNRPS-1/2	5910	2315	2402	100	4.47e-37
C662FACXX150129:5:2308:19021:61356/1	91	1	91	smNRPS-1/2	5910	160	250	98.901	4.47e-37
C662FACXX150129:6:2109:3071:76779/1	89	89	1	smNRPS-1/2	5910	624	712	100	1.24e-37
C662FACXX150129:4:1314:5370:35570/1	93	1	93	smNRPS-1/2	5910	5376	5468	98.925	3.46e-38
C662FACXX150129:3:2215:4947:59860/1	93	93	1	smNRPS-1/2	5910	356	448	98.925	3.46e-38
C662FACXX150129:4:2314:19211:77976/1	96	1	96	smNRPS-1/2	5910	3713	3808	97.917	3.46e-38
C662FACXX150129:2:2303:11136:86052/2	101	101	1	smNRPS-1/2	5910	1747	1845	97.03	9.61e-39
C662FACXX150129:7:2211:19110:54800/2	101	1	101	smNRPS-1/2	5910	1767	1865	97.03	9.61e-39
C662FACXX150129:5:2216:20090:93488/1	101	101	1	smNRPS-1/2	5910	1801	1899	97.03	9.61e-39
C662FACXX150129:5:2216:20090:93488/2	101	1	101	smNRPS-1/2	5910	1736	1834	97.03	9.61e-39
C662FACXX150129:6:2304:6564:76924/1	91	91	1	smNRPS-1/2	5910	3022	3112	100	9.61e-39
C662FACXX150129:5:2209:11788:31326/1	101	1	101	smNRPS-1/2	5910	1744	1842	97.03	9.61e-39
C662FACXX150129:2:1311:14146:40459/1	101	101	1	smNRPS-1/2	5910	5581	5681	97.03	2.67e-39
C662FACXX150129:3:1315:16362:90938/1	101	1	101	smNRPS-1/2	5910	3649	3749	97.03	2.67e-39
C662FACXX150129:6:1310:10854:47664/2	96	96	2	smNRPS-1/2	5910	3460	3554	98.947	2.67e-39
C662FACXX150129:3:2115:6410:50866/1	101	101	1	smNRPS-1/2	5910	5581	5681	97.03	2.67e-39
C662FACXX150129:2:1214:19638:96945/1	95	95	1	smNRPS-1/2	5910	1202	1296	98.947	2.67e-39
C662FACXX150129:2:2303:11136:86052/1	101	1	92	smNRPS-1/2	5910	1730	1821	100	2.67e-39
C662FACXX150129:6:2308:2069:14000/1	92	92	1	smNRPS-1/2	5910	4102	4193	100	2.67e-39
C662FACXX150129:2:2114:9080:16476/2	98	1	98	smNRPS-1/2	5910	359	456	97.959	2.67e-39
C662FACXX150129:6:2212:20302:97266/1	98	1	98	smNRPS-1/2	5910	5170	5267	97.959	2.67e-39
C662FACXX150129:7:1108:14245:92644/2	96	1	96	smNRPS-1/2	5910	3511	3606	98.958	7.43e-40
C662FACXX150129:6:2110:8216:30194/1	101	93	1	smNRPS-1/2	5910	2122	2214	100	7.43e-40
C662FACXX150129:6:2110:8216:30194/2	101	1	93	smNRPS-1/2	5910	2122	2214	100	7.43e-40
C662FACXX150129:2:2114:9080:16476/1	93	93	1	smNRPS-1/2	5910	418	510	100	7.43e-40
C662FACXX150129:4:1315:17896:25228/1	101	3	101	smNRPS-1/2	5910	3685	3783	97.98	7.43e-40
C662FACXX150129:2:1209:16992:47315/2	97	97	1	smNRPS-1/2	5910	2671	2767	98.969	2.07e-40
C662FACXX150129:7:1113:6171:45388/1	97	94	1	smNRPS-1/2	5910	2834	2927	100	2.07e-40
C662FACXX150129:4:2304:2410:82410/2	97	97	1	smNRPS-1/2	5910	1046	1142	98.969	2.07e-40
C662FACXX150129:7:1108:14245:92644/1	98	98	1	smNRPS-1/2	5910	3584	3681	98.98	5.74e-41
C662FACXX150129:5:1313:9268:75247/2	101	1	101	smNRPS-1/2	5910	1034	1134	98.02	5.74e-41
C662FACXX150129:2:2105:15951:49900/1	101	101	1	smNRPS-1/2	5910	3122	3222	98.02	5.74e-41
C662FACXX150129:5:1203:18639:3615/2	99	1	95	smNRPS-1/2	5910	2843	2937	100	5.74e-41
C662FACXX150129:3:1315:16362:90938/2	101	101	1	smNRPS-1/2	5910	3688	3788	98.02	5.74e-41
C662FACXX150129:6:2102:10340:6023/2	101	1	101	smNRPS-1/2	5910	3708	3808	98.02	5.74e-41
C662FACXX150129:6:2208:4669:88571/1	101	101	1	smNRPS-1/2	5910	3098	3198	98.02	5.74e-41
C662FACXX150129:4:1112:4533:46957/2	101	1	101	smNRPS-1/2	5910	93	193	98.02	5.74e-41
C662FACXX150129:2:2309:4577:88199/1	101	1	101	smNRPS-1/2	5910	4986	5086	98.02	5.74e-41
C662FACXX150129:4:2305:19541:25357/1	95	95	1	smNRPS-1/2	5910	4709	4803	100	5.74e-41
C662FACXX150129:7:2110:20244:93200/1	101	1	101	smNRPS-1/2	5910	2774	2874	98.02	5.74e-41
C662FACXX150129:7:1315:3580:24595/1	101	101	1	smNRPS-1/2	5910	3698	3798	98.02	5.74e-41
C662FACXX150129:7:1315:3580:24595/2	98	1	98	smNRPS-1/2	5910	3615	3712	98.98	5.74e-41
C662FACXX150129:2:2312:12450:49763/1	98	1	98	smNRPS-1/2	5910	73	170	98.98	5.74e-41
C662FACXX150129:5:1111:4804:36661/1	101	101	1	smNRPS-1/2	5910	3686	3786	98.02	5.74e-41
C662FACXX150129:5:2214:16867:23452/2	96	1	96	smNRPS-1/2	5910	4740	4835	100	1.6e-41
C662FACXX150129:5:2105:9990:51140/1	96	1	96	smNRPS-1/2	5910	3334	3429	100	1.6e-41
C662FACXX150129:6:2102:8072:55015/1	99	99	1	smNRPS-1/2	5910	4437	4535	98.99	1.6e-41
C662FACXX150129:5:1203:18639:3615/1	101	99	1	smNRPS-1/2	5910	2838	2937	99	1.6e-41
C662FACXX150129:3:1302:3481:55449/2	96	1	96	smNRPS-1/2	5910	2056	2151	100	1.6e-41
C662FACXX150129:5:2315:4071:37854/1	101	1	96	smNRPS-1/2	5910	827	922	100	1.6e-41
C662FACXX150129:5:2315:4071:37854/2	101	96	1	smNRPS-1/2	5910	827	922	100	1.6e-41
C662FACXX150129:5:2203:15061:37827/1	97	97	1	smNRPS-1/2	5910	2232	2328	100	4.44e-42
C662FACXX150129:6:1203:12750:46778/1	100	1	100	smNRPS-1/2	5910	4553	4652	99	4.44e-42
C662FACXX150129:6:1109:14413:5890/1	101	101	2	smNRPS-1/2	5910	1725	1824	99	4.44e-42
C662FACXX150129:7:2316:9022:31837/1	100	100	1	smNRPS-1/2	5910	4578	4677	99	4.44e-42
C662FACXX150129:7:2316:9022:31837/2	97	1	97	smNRPS-1/2	5910	4299	4395	100	4.44e-42
C662FACXX150129:3:1311:13872:72745/1	100	100	1	smNRPS-1/2	5910	5002	5101	99	4.44e-42
C662FACXX150129:2:1104:10675:8914/2	100	1	100	smNRPS-1/2	5910	2285	2384	99	4.44e-42
C662FACXX150129:5:2106:5581:54885/2	97	1	97	smNRPS-1/2	5910	899	995	100	4.44e-42
C662FACXX150129:6:1210:5012:63344/1	97	1	97	smNRPS-1/2	5910	3727	3823	100	4.44e-42
C662FACXX150129:3:1216:5896:85703/1	101	101	1	smNRPS-1/2	5910	1059	1159	99.01	1.23e-42
C662FACXX150129:7:2112:10711:55711/2	101	1	101	smNRPS-1/2	5910	1479	1579	99.01	1.23e-42
C662FACXX150129:2:2112:12417:21945/1	101	1	101	smNRPS-1/2	5910	2919	3019	99.01	1.23e-42
C662FACXX150129:7:2104:15519:75310/1	101	101	1	smNRPS-1/2	5910	4561	4661	99.01	1.23e-42
C662FACXX150129:6:1203:12750:46778/2	101	101	1	smNRPS-1/2	5910	4565	4665	99.01	1.23e-42
C662FACXX150129:6:2102:8072:55015/2	101	1	101	smNRPS-1/2	5910	3911	4011	99.01	1.23e-42
C662FACXX150129:2:2203:9453:2404/2	101	1	101	smNRPS-1/2	5910	3864	3964	99.01	1.23e-42
C662FACXX150129:4:2311:8528:50323/1	101	101	1	smNRPS-1/2	5910	2319	2419	99.01	1.23e-42
C662FACXX150129:4:2311:8528:50323/2	101	1	101	smNRPS-1/2	5910	2315	2415	99.01	1.23e-42
C662FACXX150129:6:2212:17805:3211/2	101	101	1	smNRPS-1/2	5910	1076	1176	99.01	1.23e-42
C662FACXX150129:3:1201:2688:53097/1	101	101	1	smNRPS-1/2	5910	2668	2768	99.01	1.23e-42
C662FACXX150129:6:2208:4669:88571/2	101	1	101	smNRPS-1/2	5910	2759	2859	99.01	1.23e-42
C662FACXX150129:5:1306:12374:60342/2	101	101	1	smNRPS-1/2	5910	5389	5489	99.01	1.23e-42
C662FACXX150129:4:1112:4533:46957/1	101	101	1	smNRPS-1/2	5910	218	318	99.01	1.23e-42
C662FACXX150129:7:2314:4463:5821/1	101	1	101	smNRPS-1/2	5910	4609	4709	99.01	1.23e-42
C662FACXX150129:5:1201:4247:73292/1	101	1	101	smNRPS-1/2	5910	2759	2859	99.01	1.23e-42
C662FACXX150129:5:1201:4247:73292/2	101	101	1	smNRPS-1/2	5910	2780	2880	99.01	1.23e-42
C662FACXX150129:3:2109:14144:13933/2	101	1	101	smNRPS-1/2	5910	4740	4840	99.01	1.23e-42
C662FACXX150129:7:1211:3380:59520/1	101	101	1	smNRPS-1/2	5910	4493	4593	99.01	1.23e-42
C662FACXX150129:7:1211:3380:59520/2	101	1	101	smNRPS-1/2	5910	4453	4553	99.01	1.23e-42
C662FACXX150129:2:1310:20248:35525/1	101	1	101	smNRPS-1/2	5910	5018	5118	99.01	1.23e-42
C662FACXX150129:5:1213:3808:40488/2	101	101	1	smNRPS-1/2	5910	2683	2783	99.01	1.23e-42
C662FACXX150129:6:2311:7962:13894/1	101	1	101	smNRPS-1/2	5910	5176	5276	99.01	1.23e-42
C662FACXX150129:6:2311:7962:13894/2	98	98	1	smNRPS-1/2	5910	5199	5296	100	1.23e-42
C662FACXX150129:2:1104:10675:8914/1	101	101	1	smNRPS-1/2	5910	2675	2775	99.01	1.23e-42
C662FACXX150129:2:1116:2622:4678/1	101	1	101	smNRPS-1/2	5910	822	922	99.01	1.23e-42
C662FACXX150129:4:2305:19541:25357/2	101	1	101	smNRPS-1/2	5910	4383	4483	99.01	1.23e-42
C662FACXX150129:4:1314:9595:77190/2	101	101	1	smNRPS-1/2	5910	3880	3980	99.01	1.23e-42
C662FACXX150129:4:1212:14739:50111/1	101	101	1	smNRPS-1/2	5910	4391	4491	99.01	1.23e-42
C662FACXX150129:5:2314:20202:36708/2	101	1	101	smNRPS-1/2	5910	4146	4246	99.01	1.23e-42
C662FACXX150129:6:2206:8125:52391/2	101	101	1	smNRPS-1/2	5910	5389	5489	99.01	1.23e-42
C662FACXX150129:2:2314:8928:23549/1	101	101	1	smNRPS-1/2	5910	246	346	99.01	1.23e-42
C662FACXX150129:2:2314:8928:23549/2	101	1	101	smNRPS-1/2	5910	71	171	99.01	1.23e-42
C662FACXX150129:4:1207:4574:95803/1	101	1	101	smNRPS-1/2	5910	4550	4650	99.01	1.23e-42
C662FACXX150129:7:1314:18741:38679/1	101	1	101	smNRPS-1/2	5910	2759	2859	99.01	1.23e-42
C662FACXX150129:7:1102:8484:101305/2	101	101	1	smNRPS-1/2	5910	5513	5613	99.01	1.23e-42
C662FACXX150129:7:2110:4996:19618/2	99	1	99	smNRPS-1/2	5910	1893	1991	100	3.43e-43
C662FACXX150129:5:2105:9990:51140/2	101	99	1	smNRPS-1/2	5910	3334	3432	100	3.43e-43
C662FACXX150129:2:2309:4577:88199/2	99	99	1	smNRPS-1/2	5910	5066	5164	100	3.43e-43
C662FACXX150129:2:2114:12084:56346/1	99	1	99	smNRPS-1/2	5910	4727	4825	100	3.43e-43
C662FACXX150129:4:2201:20114:16637/1	99	99	1	smNRPS-1/2	5910	3174	3272	100	3.43e-43
C662FACXX150129:6:2108:7564:40228/1	99	1	99	smNRPS-1/2	5910	506	604	100	3.43e-43
C662FACXX150129:7:1115:13135:36688/1	100	100	1	smNRPS-1/2	5910	4204	4303	100	9.54e-44
C662FACXX150129:6:1313:15274:61266/2	100	1	100	smNRPS-1/2	5910	1188	1287	100	9.54e-44
C662FACXX150129:6:2102:10340:6023/1	100	100	1	smNRPS-1/2	5910	3739	3838	100	9.54e-44
C662FACXX150129:5:2105:4630:4837/1	100	1	100	smNRPS-1/2	5910	5275	5374	100	9.54e-44
C662FACXX150129:2:1102:9922:65483/1	101	101	1	smNRPS-1/2	5910	2881	2981	100	2.65e-44
C662FACXX150129:5:1313:9268:75247/1	101	101	1	smNRPS-1/2	5910	1157	1257	100	2.65e-44
C662FACXX150129:2:1311:14146:40459/2	101	1	101	smNRPS-1/2	5910	5273	5373	100	2.65e-44
C662FACXX150129:3:1216:5896:85703/2	101	1	101	smNRPS-1/2	5910	829	929	100	2.65e-44
C662FACXX150129:7:2112:10711:55711/1	101	101	1	smNRPS-1/2	5910	1584	1684	100	2.65e-44
C662FACXX150129:2:2112:12417:21945/2	101	101	1	smNRPS-1/2	5910	3272	3372	100	2.65e-44
C662FACXX150129:7:1115:13135:36688/2	101	1	101	smNRPS-1/2	5910	4126	4226	100	2.65e-44
C662FACXX150129:7:1212:14637:73288/1	101	101	1	smNRPS-1/2	5910	2138	2238	100	2.65e-44
C662FACXX150129:7:1212:14637:73288/2	101	1	101	smNRPS-1/2	5910	1893	1993	100	2.65e-44
C662FACXX150129:5:2214:16867:23452/1	101	101	1	smNRPS-1/2	5910	4899	4999	100	2.65e-44
C662FACXX150129:7:2104:15519:75310/2	101	1	101	smNRPS-1/2	5910	4483	4583	100	2.65e-44
C662FACXX150129:5:2203:15061:37827/2	101	1	101	smNRPS-1/2	5910	2169	2269	100	2.65e-44
C662FACXX150129:2:2214:1878:83015/1	101	101	1	smNRPS-1/2	5910	4366	4466	100	2.65e-44
C662FACXX150129:2:2214:1878:83015/2	101	1	101	smNRPS-1/2	5910	4146	4246	100	2.65e-44
C662FACXX150129:4:2106:2874:79391/1	101	101	1	smNRPS-1/2	5910	1365	1465	100	2.65e-44
C662FACXX150129:4:2106:2874:79391/2	101	1	101	smNRPS-1/2	5910	1265	1365	100	2.65e-44
C662FACXX150129:2:2203:9453:2404/1	101	101	1	smNRPS-1/2	5910	3949	4049	100	2.65e-44
C662FACXX150129:6:1313:15274:61266/1	101	101	1	smNRPS-1/2	5910	1584	1684	100	2.65e-44
C662FACXX150129:2:2309:16912:41478/1	101	1	101	smNRPS-1/2	5910	1207	1307	100	2.65e-44
C662FACXX150129:2:2309:16912:41478/2	101	101	1	smNRPS-1/2	5910	1277	1377	100	2.65e-44
C662FACXX150129:7:1104:9333:21747/1	101	101	1	smNRPS-1/2	5910	1116	1216	100	2.65e-44
C662FACXX150129:7:1104:9333:21747/2	101	1	101	smNRPS-1/2	5910	776	876	100	2.65e-44
C662FACXX150129:7:1114:4013:43053/1	101	1	101	smNRPS-1/2	5910	2338	2438	100	2.65e-44
C662FACXX150129:7:1114:4013:43053/2	101	101	1	smNRPS-1/2	5910	2370	2470	100	2.65e-44
C662FACXX150129:5:2205:10816:49619/1	101	1	101	smNRPS-1/2	5910	4707	4807	100	2.65e-44
C662FACXX150129:3:1303:13627:38379/2	101	101	1	smNRPS-1/2	5910	5244	5344	100	2.65e-44
C662FACXX150129:6:2212:17805:3211/1	101	1	101	smNRPS-1/2	5910	914	1014	100	2.65e-44
C662FACXX150129:6:1109:14413:5890/2	101	1	101	smNRPS-1/2	5910	1632	1732	100	2.65e-44
C662FACXX150129:6:1310:10854:47664/1	101	1	101	smNRPS-1/2	5910	3406	3506	100	2.65e-44
C662FACXX150129:3:1201:2688:53097/2	101	1	101	smNRPS-1/2	5910	2207	2307	100	2.65e-44
C662FACXX150129:5:1306:12374:60342/1	101	1	101	smNRPS-1/2	5910	5285	5385	100	2.65e-44
C662FACXX150129:2:1209:16992:47315/1	101	1	101	smNRPS-1/2	5910	2316	2416	100	2.65e-44
C662FACXX150129:7:2110:13514:92193/2	101	1	101	smNRPS-1/2	5910	1634	1734	100	2.65e-44
C662FACXX150129:4:2116:3208:68138/1	101	101	1	smNRPS-1/2	5910	2228	2328	100	2.65e-44
C662FACXX150129:4:2116:3208:68138/2	101	1	101	smNRPS-1/2	5910	2169	2269	100	2.65e-44
C662FACXX150129:3:2115:6410:50866/2	101	1	101	smNRPS-1/2	5910	5273	5373	100	2.65e-44
C662FACXX150129:7:2314:4463:5821/2	101	101	1	smNRPS-1/2	5910	4655	4755	100	2.65e-44
C662FACXX150129:3:2109:14144:13933/1	101	101	1	smNRPS-1/2	5910	4899	4999	100	2.65e-44
C662FACXX150129:6:2109:3071:76779/2	101	1	101	smNRPS-1/2	5910	602	702	100	2.65e-44
C662FACXX150129:2:1310:20248:35525/2	101	101	1	smNRPS-1/2	5910	5071	5171	100	2.65e-44
C662FACXX150129:3:1302:3481:55449/1	101	101	1	smNRPS-1/2	5910	2252	2352	100	2.65e-44
C662FACXX150129:7:2211:19110:54800/1	101	101	1	smNRPS-1/2	5910	2004	2104	100	2.65e-44
C662FACXX150129:5:1213:3808:40488/1	101	1	101	smNRPS-1/2	5910	2548	2648	100	2.65e-44
C662FACXX150129:5:2305:9270:84012/1	101	101	1	smNRPS-1/2	5910	908	1008	100	2.65e-44
C662FACXX150129:4:2306:15236:69384/1	101	1	101	smNRPS-1/2	5910	2315	2415	100	2.65e-44
C662FACXX150129:4:2306:15236:69384/2	101	101	1	smNRPS-1/2	5910	2439	2539	100	2.65e-44
C662FACXX150129:2:1116:2622:4678/2	101	101	1	smNRPS-1/2	5910	822	922	100	2.65e-44
C662FACXX150129:5:2308:19021:61356/2	101	101	1	smNRPS-1/2	5910	452	552	100	2.65e-44
C662FACXX150129:3:2102:18873:10272/1	101	1	101	smNRPS-1/2	5910	2223	2323	100	2.65e-44
C662FACXX150129:3:2102:18873:10272/2	101	101	1	smNRPS-1/2	5910	2238	2338	100	2.65e-44
C662FACXX150129:4:1314:9595:77190/1	101	1	101	smNRPS-1/2	5910	3780	3880	100	2.65e-44
C662FACXX150129:4:1212:14739:50111/2	101	1	101	smNRPS-1/2	5910	4240	4340	100	2.65e-44
C662FACXX150129:5:2314:20202:36708/1	101	101	1	smNRPS-1/2	5910	4366	4466	100	2.65e-44
C662FACXX150129:5:2106:5581:54885/1	101	101	1	smNRPS-1/2	5910	978	1078	100	2.65e-44
C662FACXX150129:6:2206:8125:52391/1	101	1	101	smNRPS-1/2	5910	5285	5385	100	2.65e-44
C662FACXX150129:5:1313:11917:37468/1	101	1	101	smNRPS-1/2	5910	776	876	100	2.65e-44
C662FACXX150129:6:1103:6007:7393/1	101	1	101	smNRPS-1/2	5910	2223	2323	100	2.65e-44
C662FACXX150129:5:2204:12175:98352/1	101	1	101	smNRPS-1/2	5910	2351	2451	100	2.65e-44
C662FACXX150129:7:1307:13201:51379/1	101	1	101	smNRPS-1/2	5910	2899	2999	100	2.65e-44
C662FACXX150129:5:1214:2803:85680/1	101	101	1	smNRPS-1/2	5910	3905	4005	100	2.65e-44
C662FACXX150129:6:2211:3281:39059/1	101	101	1	smNRPS-1/2	5910	1265	1365	100	2.65e-44
C662FACXX150129:6:2310:10567:72733/1	101	101	1	smNRPS-1/2	5910	5796	5896	100	2.65e-44
C662FACXX150129:6:1309:21007:28712/1	101	101	1	smNRPS-1/2	5910	730	830	100	2.65e-44
C662FACXX150129:7:2103:11609:45324/2	101	1	101	smNRPS-1/2	5910	522	622	100	2.65e-44
