C8G6HANXX160303:8:1310:5077:52280/1	99	1	99	smNRPS-1/2	5910	4234	4332	97.98	1.03e-39
C8G6HANXX160303:7:2208:19448:43027/2	100	100	1	smNRPS-1/2	5910	4770	4869	98	2.85e-40
C8G6HANXX160303:8:1103:16338:16003/1	100	1	100	smNRPS-1/2	5910	2862	2961	98	2.85e-40
C8G6HANXX160303:7:2208:19448:43027/1	101	1	101	smNRPS-1/2	5910	4752	4852	98.02	7.93e-41
C8G6HANXX160303:8:2315:8840:93513/2	101	1	98	smNRPS-1/2	5910	5660	5757	98.98	7.93e-41
C8G6HANXX160303:8:1310:5077:52280/2	101	101	1	smNRPS-1/2	5910	4242	4342	98.02	7.93e-41
C8G6HANXX160303:3:2308:18497:52872/2	101	1	101	smNRPS-1/2	5910	3869	3969	98.02	7.93e-41
C8G6HANXX160303:5:2305:8627:4528/1	101	1	101	smNRPS-1/2	5910	4874	4974	98.02	7.93e-41
C8G6HANXX160303:5:2305:8627:4528/2	101	101	1	smNRPS-1/2	5910	4887	4987	98.02	7.93e-41
C8G6HANXX160303:3:2314:11108:11226/2	97	1	97	smNRPS-1/2	5910	4486	4582	100	6.13e-42
C8G6HANXX160303:8:2315:8840:93513/1	100	97	1	smNRPS-1/2	5910	5660	5756	100	6.13e-42
C8G6HANXX160303:3:2314:11108:11226/1	98	98	1	smNRPS-1/2	5910	4504	4601	100	1.7e-42
C8G6HANXX160303:6:1303:8281:55831/2	101	101	1	smNRPS-1/2	5910	2524	2624	99.01	1.7e-42
C8G6HANXX160303:3:2308:18497:52872/1	101	101	1	smNRPS-1/2	5910	3982	4082	99.01	1.7e-42
C8G6HANXX160303:6:1303:8281:55831/1	99	1	99	smNRPS-1/2	5910	2438	2536	100	4.74e-43
C8G6HANXX160303:6:2115:17939:54052/1	101	99	1	smNRPS-1/2	5910	1	99	100	4.74e-43
C8G6HANXX160303:6:1202:6056:62095/1	99	99	1	smNRPS-1/2	5910	4172	4270	100	4.74e-43
C8G6HANXX160303:5:1305:14822:4444/1	100	100	1	smNRPS-1/2	5910	3325	3424	100	1.32e-43
C8G6HANXX160303:4:1201:14758:60747/1	100	1	100	smNRPS-1/2	5910	5157	5256	100	1.32e-43
C8G6HANXX160303:5:1305:14822:4444/2	101	1	101	smNRPS-1/2	5910	3086	3186	100	3.66e-44
C8G6HANXX160303:8:1302:9683:66024/1	101	1	101	smNRPS-1/2	5910	5393	5493	100	3.66e-44
C8G6HANXX160303:8:1302:9683:66024/2	101	101	1	smNRPS-1/2	5910	5431	5531	100	3.66e-44
C8G6HANXX160303:4:1201:14758:60747/2	101	101	1	smNRPS-1/2	5910	5400	5500	100	3.66e-44
C8G6HANXX160303:8:1103:16338:16003/2	101	101	1	smNRPS-1/2	5910	2952	3052	100	3.66e-44
C8G6HANXX160303:5:1209:12274:57479/2	89	1	89	smNRPS-1/2	5910	2450	2538	97.753	3.76e-34
C8G6HANXX160303:5:2305:13214:71452/2	101	1	101	smNRPS-1/2	5910	1457	1557	98.02	8.03e-41
C8G6HANXX160303:7:1313:10898:42797/1	100	1	95	smNRPS-1/2	5910	3760	3854	100	8.03e-41
C8G6HANXX160303:7:1313:10898:42797/2	101	95	1	smNRPS-1/2	5910	3759	3853	100	8.03e-41
C8G6HANXX160303:5:2305:13214:71452/1	99	99	1	smNRPS-1/2	5910	1504	1602	98.99	2.23e-41
C8G6HANXX160303:8:2112:14247:63379/2	100	100	1	smNRPS-1/2	5910	4820	4919	99	6.21e-42
C8G6HANXX160303:3:1114:1378:11349/2	100	100	1	smNRPS-1/2	5910	3524	3623	99	6.21e-42
C8G6HANXX160303:7:2210:11889:10441/2	97	97	1	smNRPS-1/2	5910	2304	2400	100	6.21e-42
C8G6HANXX160303:5:2111:2039:46315/1	101	1	101	smNRPS-1/2	5910	4465	4565	99.01	1.73e-42
C8G6HANXX160303:5:1209:12274:57479/1	101	101	1	smNRPS-1/2	5910	2844	2944	99.01	1.73e-42
C8G6HANXX160303:3:1114:1378:11349/1	99	1	99	smNRPS-1/2	5910	3507	3605	100	4.8e-43
C8G6HANXX160303:6:2210:2153:34078/1	99	1	99	smNRPS-1/2	5910	5588	5686	100	4.8e-43
C8G6HANXX160303:8:2102:2308:85349/2	100	1	100	smNRPS-1/2	5910	3265	3364	100	1.33e-43
C8G6HANXX160303:5:2314:6313:67138/1	100	100	1	smNRPS-1/2	5910	2103	2202	100	1.33e-43
C8G6HANXX160303:5:2314:6313:67138/2	100	1	100	smNRPS-1/2	5910	1944	2043	100	1.33e-43
C8G6HANXX160303:7:2210:11889:10441/1	101	1	100	smNRPS-1/2	5910	2301	2400	100	1.33e-43
C8G6HANXX160303:8:2112:14247:63379/1	101	1	101	smNRPS-1/2	5910	4624	4724	100	3.71e-44
C8G6HANXX160303:8:2102:2308:85349/1	101	101	1	smNRPS-1/2	5910	3267	3367	100	3.71e-44
C8G6HANXX160303:4:1205:9665:33304/1	101	1	101	smNRPS-1/2	5910	4061	4161	100	3.71e-44
C8G6HANXX160303:4:1205:9665:33304/2	101	101	1	smNRPS-1/2	5910	4093	4193	100	3.71e-44
C8G6HANXX160303:5:2111:2039:46315/2	101	101	1	smNRPS-1/2	5910	4559	4659	100	3.71e-44
C8G6HANXX160303:7:2311:20211:93515/1	101	101	1	smNRPS-1/2	5910	702	802	100	3.71e-44
