C662FACXX150129:4:1111:19265:13949/1	84	84	1	smNRPS-1/2	5910	2370	2453	97.619	2.17e-31
C662FACXX150129:4:1111:19265:13949/2	94	1	94	smNRPS-1/2	5910	2062	2155	100	2.77e-40
C662FACXX150129:5:1307:16512:25124/1	101	1	101	smNRPS-1/2	5910	5492	5592	99.01	1.65e-42
C662FACXX150129:4:1208:15906:65738/1	65	1	65	smNRPS-1/2	5910	1419	1483	100	3.7e-24
C662FACXX150129:4:2207:14435:16470/1	72	1	72	smNRPS-1/2	5910	5673	5744	97.222	1.03e-24
C662FACXX150129:3:1110:15622:86222/2	101	33	98	smNRPS-1/2	5910	1	66	100	1.03e-24
C662FACXX150129:3:2113:8754:86789/1	68	68	1	smNRPS-1/2	5910	1247	1314	100	7.95e-26
C662FACXX150129:4:1208:15906:65738/2	73	73	1	smNRPS-1/2	5910	1658	1730	98.63	6.15e-27
C662FACXX150129:6:2104:17116:97563/2	83	83	1	smNRPS-1/2	5910	3541	3623	95.181	1.71e-27
C662FACXX150129:5:2216:1816:59051/1	78	78	1	smNRPS-1/2	5910	1328	1405	98.718	1.02e-29
C662FACXX150129:3:2312:3641:59177/1	79	1	79	smNRPS-1/2	5910	1305	1383	98.734	2.84e-30
C662FACXX150129:5:2304:11507:69312/1	101	101	1	smNRPS-1/2	5910	5602	5702	95.05	7.84e-36
C662FACXX150129:6:1205:15864:26976/1	90	90	1	smNRPS-1/2	5910	3343	3432	98.889	2.18e-36
C662FACXX150129:3:2312:3641:59177/2	96	96	1	smNRPS-1/2	5910	1836	1931	96.875	2.18e-36
C662FACXX150129:7:2112:19166:81552/1	95	1	95	smNRPS-1/2	5910	3079	3173	97.895	1.69e-37
C662FACXX150129:4:2314:6504:74549/2	101	1	92	smNRPS-1/2	5910	2843	2934	98.913	1.69e-37
C662FACXX150129:6:2104:17116:97563/1	101	1	101	smNRPS-1/2	5910	3492	3592	96.04	1.69e-37
C662FACXX150129:4:2314:6504:74549/1	101	96	1	smNRPS-1/2	5910	2838	2934	97.938	4.69e-38
C662FACXX150129:6:1205:15864:26976/2	99	1	99	smNRPS-1/2	5910	3259	3357	97.98	1.01e-39
C662FACXX150129:3:1110:15622:86222/1	99	99	1	smNRPS-1/2	5910	440	538	97.98	1.01e-39
C662FACXX150129:3:2301:17462:71002/2	96	2	96	smNRPS-1/2	5910	3150	3244	100	7.79e-41
C662FACXX150129:7:2112:19166:81552/2	101	101	1	smNRPS-1/2	5910	3266	3366	98.02	7.79e-41
C662FACXX150129:4:2207:14435:16470/2	101	101	1	smNRPS-1/2	5910	5701	5801	98.02	7.79e-41
C662FACXX150129:5:1205:2022:68085/1	97	97	1	smNRPS-1/2	5910	3206	3302	100	6.02e-42
C662FACXX150129:5:2106:10059:45164/2	98	1	98	smNRPS-1/2	5910	2178	2275	100	1.67e-42
C662FACXX150129:3:2301:17462:71002/1	99	99	1	smNRPS-1/2	5910	3204	3302	100	4.65e-43
C662FACXX150129:7:2316:2495:79914/1	99	1	99	smNRPS-1/2	5910	786	884	100	4.65e-43
C662FACXX150129:5:1205:2022:68085/2	101	2	101	smNRPS-1/2	5910	3150	3249	100	1.29e-43
C662FACXX150129:5:2304:11507:69312/2	101	1	101	smNRPS-1/2	5910	5253	5353	100	3.6e-44
C662FACXX150129:5:2106:10059:45164/1	101	101	1	smNRPS-1/2	5910	2302	2402	100	3.6e-44
C662FACXX150129:2:1114:6882:27056/1	101	1	101	smNRPS-1/2	5910	786	886	100	3.6e-44
C662FACXX150129:2:1114:6882:27056/2	101	101	1	smNRPS-1/2	5910	793	893	100	3.6e-44
C662FACXX150129:7:2316:2495:79914/2	101	101	1	smNRPS-1/2	5910	793	893	100	3.6e-44
