C662FACXX150129:7:2108:16231:84463/1	67	66	1	smNRPS-1/2	5910	4256	4321	96.97	2.01e-21
C662FACXX150129:3:1112:12971:76999/2	72	1	72	smNRPS-1/2	5910	3109	3180	100	4.29e-28
C662FACXX150129:4:2109:4983:100623/2	92	2	92	smNRPS-1/2	5910	4424	4514	96.703	1.18e-33
C662FACXX150129:5:1212:4160:53529/2	101	92	1	smNRPS-1/2	5910	2477	2568	97.826	7.08e-36
C662FACXX150129:5:1212:4160:53529/1	101	1	96	smNRPS-1/2	5910	2477	2572	97.917	4.23e-38
C662FACXX150129:6:1310:20229:57636/1	99	98	1	smNRPS-1/2	5910	4225	4322	98.98	7.03e-41
C662FACXX150129:2:2304:4882:26450/1	101	101	1	smNRPS-1/2	5910	1191	1291	99.01	1.51e-42
C662FACXX150129:4:1105:11635:3865/2	100	100	1	smNRPS-1/2	5910	1847	1946	100	1.17e-43
C662FACXX150129:3:1112:12971:76999/1	100	100	1	smNRPS-1/2	5910	3454	3553	100	1.17e-43
C662FACXX150129:6:2203:2519:3702/1	101	1	101	smNRPS-1/2	5910	5081	5181	100	3.25e-44
C662FACXX150129:6:2203:2519:3702/2	101	101	1	smNRPS-1/2	5910	5214	5314	100	3.25e-44
C662FACXX150129:3:2212:18465:37174/1	101	1	101	smNRPS-1/2	5910	2907	3007	100	3.25e-44
C662FACXX150129:3:2212:18465:37174/2	101	101	1	smNRPS-1/2	5910	3080	3180	100	3.25e-44
C662FACXX150129:4:1105:11635:3865/1	101	1	101	smNRPS-1/2	5910	1566	1666	100	3.25e-44
C662FACXX150129:4:2311:8722:16921/2	71	71	1	smNRPS-1/2	5910	4741	4811	97.183	3.38e-24
C662FACXX150129:3:1201:3787:34922/1	78	78	1	smNRPS-1/2	5910	969	1046	98.718	9.33e-30
C662FACXX150129:4:2214:21043:44054/1	87	1	87	smNRPS-1/2	5910	1550	1636	98.851	9.27e-35
C662FACXX150129:3:2101:20151:61242/1	95	95	1	smNRPS-1/2	5910	1475	1569	97.895	1.54e-37
C662FACXX150129:2:2304:4882:26450/2	101	101	1	smNRPS-1/2	5910	4711	4811	96.04	1.54e-37
C662FACXX150129:3:2313:18810:92166/1	101	1	101	smNRPS-1/2	5910	4946	5046	97.03	3.31e-39
C662FACXX150129:5:1111:7512:61476/2	101	101	1	smNRPS-1/2	5910	3944	4044	97.03	3.31e-39
C662FACXX150129:3:1203:14010:17050/1	95	95	1	smNRPS-1/2	5910	1261	1355	98.947	3.31e-39
C662FACXX150129:3:2309:16070:52027/1	101	101	1	smNRPS-1/2	5910	3950	4050	97.03	3.31e-39
C662FACXX150129:3:2101:20151:61242/2	93	1	93	smNRPS-1/2	5910	1399	1491	100	9.2e-40
C662FACXX150129:2:2110:10939:60632/1	99	1	99	smNRPS-1/2	5910	2551	2649	97.98	9.2e-40
C662FACXX150129:7:1202:2584:40918/2	94	94	1	smNRPS-1/2	5910	5824	5917	100	2.56e-40
C662FACXX150129:7:2105:12761:43127/2	101	101	1	smNRPS-1/2	5910	369	469	98.02	7.11e-41
C662FACXX150129:4:1107:8261:74534/1	101	101	1	smNRPS-1/2	5910	2542	2642	98.02	7.11e-41
C662FACXX150129:4:1107:8261:74534/2	101	1	101	smNRPS-1/2	5910	2444	2544	98.02	7.11e-41
C662FACXX150129:3:1205:19264:14783/2	101	101	1	smNRPS-1/2	5910	3282	3382	98.02	7.11e-41
C662FACXX150129:5:1111:7512:61476/1	101	1	101	smNRPS-1/2	5910	3747	3847	98.02	7.11e-41
C662FACXX150129:3:2313:18810:92166/2	101	100	1	smNRPS-1/2	5910	5014	5113	99	5.5e-42
C662FACXX150129:6:1310:20229:57636/2	100	100	1	smNRPS-1/2	5910	1655	1754	99	5.5e-42
C662FACXX150129:7:2108:16231:84463/2	101	101	1	smNRPS-1/2	5910	1654	1754	99.01	1.53e-42
C662FACXX150129:7:2105:12761:43127/1	101	1	101	smNRPS-1/2	5910	297	397	99.01	1.53e-42
C662FACXX150129:7:1202:2584:40918/1	101	1	101	smNRPS-1/2	5910	5684	5784	99.01	1.53e-42
C662FACXX150129:3:1205:19264:14783/1	101	1	101	smNRPS-1/2	5910	3014	3114	99.01	1.53e-42
