C65YPACXX150129:6:2309:8604:46109/1	101	40	101	smNRPS-1/2	5910	1	62	100	1.79e-22
C65YPACXX150129:7:2201:7419:77940/1	69	1	69	smNRPS-1/2	5910	5341	5409	98.551	1.07e-24
C65YPACXX150129:7:1207:6970:73035/2	101	1	68	smNRPS-1/2	5910	5808	5875	100	8.26e-26
C65YPACXX150129:8:1104:15690:3504/1	78	1	78	smNRPS-1/2	5910	409	486	97.436	4.94e-28
C65YPACXX150129:6:2312:1309:55659/2	77	77	1	smNRPS-1/2	5910	2793	2869	98.701	3.82e-29
C65YPACXX150129:7:1202:5897:17307/2	86	1	86	smNRPS-1/2	5910	2185	2270	97.674	1.76e-32
C65YPACXX150129:6:1102:2179:96568/2	83	83	1	smNRPS-1/2	5910	4514	4596	100	3.79e-34
C65YPACXX150129:7:2208:16670:49672/2	96	1	96	smNRPS-1/2	5910	2112	2207	95.833	1.05e-34
C65YPACXX150129:6:1109:7975:33485/1	96	96	1	smNRPS-1/2	5910	1961	2056	95.833	1.05e-34
C65YPACXX150129:8:2312:16700:6250/2	101	8	101	smNRPS-1/2	5910	1161	1254	96.809	2.93e-35
C65YPACXX150129:6:1316:2703:53064/2	101	1	101	smNRPS-1/2	5910	5458	5558	95.05	8.14e-36
C65YPACXX150129:6:1313:15256:98622/1	101	101	1	smNRPS-1/2	5910	3396	3496	95.05	8.14e-36
C65YPACXX150129:6:1208:18500:40820/1	101	101	1	smNRPS-1/2	5910	2237	2337	95.05	8.14e-36
C65YPACXX150129:8:1203:1775:6676/1	101	1	101	smNRPS-1/2	5910	1475	1575	95.05	8.14e-36
C65YPACXX150129:8:1203:1775:6676/2	101	101	1	smNRPS-1/2	5910	1524	1624	95.05	8.14e-36
C65YPACXX150129:6:2214:11452:4430/1	101	101	11	smNRPS-1/2	5910	1557	1647	98.901	6.3e-37
C65YPACXX150129:7:2209:9076:41036/1	88	88	1	smNRPS-1/2	5910	2836	2923	100	6.3e-37
C65YPACXX150129:6:1114:11915:100556/1	100	100	1	smNRPS-1/2	5910	3468	3567	96	6.3e-37
C65YPACXX150129:7:1201:17761:36425/2	101	101	1	smNRPS-1/2	5910	4229	4329	96.04	1.75e-37
C65YPACXX150129:7:2208:16670:49672/1	101	101	1	smNRPS-1/2	5910	2522	2622	96.04	1.75e-37
C65YPACXX150129:7:2211:17877:95356/1	101	1	101	smNRPS-1/2	5910	1533	1633	96.04	1.75e-37
C65YPACXX150129:6:1208:18500:40820/2	98	2	96	smNRPS-1/2	5910	2203	2297	97.895	1.75e-37
C65YPACXX150129:8:1312:9457:2944/1	101	1	101	smNRPS-1/2	5910	3548	3648	96.04	1.75e-37
C65YPACXX150129:8:1112:2612:7876/1	101	1	91	smNRPS-1/2	5910	5785	5875	100	1.35e-38
C65YPACXX150129:8:2116:11644:7177/2	100	1	100	smNRPS-1/2	5910	2187	2286	97	1.35e-38
C65YPACXX150129:8:2216:4796:45551/1	101	1	101	smNRPS-1/2	5910	2305	2405	97.03	3.76e-39
C65YPACXX150129:8:2216:8774:60181/2	101	101	1	smNRPS-1/2	5910	2449	2549	97.03	3.76e-39
C65YPACXX150129:7:2306:8076:100822/2	101	1	101	smNRPS-1/2	5910	2305	2405	97.03	3.76e-39
C65YPACXX150129:7:1203:14503:2490/2	101	1	101	smNRPS-1/2	5910	1168	1268	97.03	3.76e-39
C65YPACXX150129:6:1107:18227:90395/1	101	101	1	smNRPS-1/2	5910	1243	1343	97.03	3.76e-39
C65YPACXX150129:6:1305:18877:50986/1	101	101	1	smNRPS-1/2	5910	2094	2194	97.03	3.76e-39
C65YPACXX150129:7:2211:5043:5334/2	101	101	1	smNRPS-1/2	5910	2893	2993	97.03	3.76e-39
C65YPACXX150129:6:2202:2952:80342/2	97	1	97	smNRPS-1/2	5910	2735	2831	98.969	2.91e-40
C65YPACXX150129:7:1312:16022:86288/1	100	100	1	smNRPS-1/2	5910	4878	4977	98	2.91e-40
C65YPACXX150129:6:2110:8644:63788/1	101	101	1	smNRPS-1/2	5910	498	598	98.02	8.09e-41
C65YPACXX150129:8:1114:1090:37033/1	101	1	101	smNRPS-1/2	5910	1797	1897	98.02	8.09e-41
C65YPACXX150129:6:1203:12352:38640/1	101	1	101	smNRPS-1/2	5910	5352	5452	98.02	8.09e-41
C65YPACXX150129:6:1203:12352:38640/2	101	101	1	smNRPS-1/2	5910	5361	5461	98.02	8.09e-41
C65YPACXX150129:8:2312:16700:6250/1	101	101	1	smNRPS-1/2	5910	1192	1292	98.02	8.09e-41
C65YPACXX150129:8:1316:5470:55505/2	101	101	1	smNRPS-1/2	5910	3980	4080	98.02	8.09e-41
C65YPACXX150129:8:1301:9705:56034/1	101	1	101	smNRPS-1/2	5910	403	503	98.02	8.09e-41
C65YPACXX150129:8:1212:6315:15689/1	95	95	1	smNRPS-1/2	5910	2828	2922	100	8.09e-41
C65YPACXX150129:8:1201:4485:54402/2	101	101	1	smNRPS-1/2	5910	4142	4242	98.02	8.09e-41
C65YPACXX150129:8:2201:10056:93402/2	101	101	1	smNRPS-1/2	5910	4079	4179	98.02	8.09e-41
C65YPACXX150129:8:2104:13522:26256/1	101	101	1	smNRPS-1/2	5910	1196	1296	98.02	8.09e-41
C65YPACXX150129:8:2104:13522:26256/2	101	1	101	smNRPS-1/2	5910	1189	1289	98.02	8.09e-41
C65YPACXX150129:8:2116:19573:37709/1	101	1	101	smNRPS-1/2	5910	1177	1277	98.02	8.09e-41
C65YPACXX150129:6:1313:9551:8035/1	101	101	1	smNRPS-1/2	5910	1238	1338	98.02	8.09e-41
C65YPACXX150129:8:1309:6642:82753/2	101	101	1	smNRPS-1/2	5910	2439	2539	98.02	8.09e-41
C65YPACXX150129:8:2102:20038:40074/2	96	96	1	smNRPS-1/2	5910	2997	3092	100	2.25e-41
C65YPACXX150129:7:2312:7647:12473/1	99	99	1	smNRPS-1/2	5910	454	552	98.99	2.25e-41
C65YPACXX150129:8:1312:8687:48964/1	101	96	1	smNRPS-1/2	5910	5163	5258	100	2.25e-41
C65YPACXX150129:8:1312:8687:48964/2	101	1	96	smNRPS-1/2	5910	5163	5258	100	2.25e-41
C65YPACXX150129:7:2310:12743:52332/2	101	2	101	smNRPS-1/2	5910	2708	2807	99	6.25e-42
C65YPACXX150129:6:2310:11684:67614/1	101	101	1	smNRPS-1/2	5910	458	558	99.01	1.74e-42
C65YPACXX150129:6:1302:6293:67772/1	101	101	1	smNRPS-1/2	5910	1228	1328	99.01	1.74e-42
C65YPACXX150129:7:2116:5628:9282/1	101	101	1	smNRPS-1/2	5910	1228	1328	99.01	1.74e-42
C65YPACXX150129:7:2213:4510:48023/1	101	1	101	smNRPS-1/2	5910	1137	1237	99.01	1.74e-42
C65YPACXX150129:7:2111:16352:96577/1	101	101	1	smNRPS-1/2	5910	2355	2455	99.01	1.74e-42
C65YPACXX150129:7:2115:18658:2663/2	101	1	101	smNRPS-1/2	5910	1211	1311	99.01	1.74e-42
C65YPACXX150129:7:1307:15603:93282/1	101	1	101	smNRPS-1/2	5910	3843	3943	99.01	1.74e-42
C65YPACXX150129:8:1212:6315:15689/2	98	1	98	smNRPS-1/2	5910	2603	2700	100	1.74e-42
C65YPACXX150129:6:1311:20084:13069/2	98	98	1	smNRPS-1/2	5910	3560	3657	100	1.74e-42
C65YPACXX150129:8:2106:10450:10553/2	101	1	101	smNRPS-1/2	5910	4138	4238	99.01	1.74e-42
C65YPACXX150129:6:1313:3204:13477/1	101	101	1	smNRPS-1/2	5910	4407	4507	99.01	1.74e-42
C65YPACXX150129:8:2116:11726:21551/1	98	98	1	smNRPS-1/2	5910	3923	4020	100	1.74e-42
C65YPACXX150129:6:1315:20473:48648/1	99	99	1	smNRPS-1/2	5910	1635	1733	100	4.83e-43
C65YPACXX150129:6:1303:1746:73106/1	99	1	99	smNRPS-1/2	5910	186	284	100	4.83e-43
C65YPACXX150129:6:1208:3634:25482/2	100	1	100	smNRPS-1/2	5910	1666	1765	100	1.34e-43
C65YPACXX150129:8:2216:15882:7628/1	101	1	101	smNRPS-1/2	5910	2311	2411	100	3.74e-44
C65YPACXX150129:8:2216:15882:7628/2	101	101	1	smNRPS-1/2	5910	2356	2456	100	3.74e-44
C65YPACXX150129:8:1114:1090:37033/2	101	101	1	smNRPS-1/2	5910	1831	1931	100	3.74e-44
C65YPACXX150129:6:2309:8604:46109/2	101	101	1	smNRPS-1/2	5910	339	439	100	3.74e-44
C65YPACXX150129:8:1315:6972:88992/1	101	101	1	smNRPS-1/2	5910	3958	4058	100	3.74e-44
C65YPACXX150129:8:1315:6972:88992/2	101	1	101	smNRPS-1/2	5910	3807	3907	100	3.74e-44
C65YPACXX150129:6:1208:3634:25482/1	101	101	1	smNRPS-1/2	5910	1799	1899	100	3.74e-44
C65YPACXX150129:6:1315:20473:48648/2	101	1	101	smNRPS-1/2	5910	1616	1716	100	3.74e-44
C65YPACXX150129:6:2312:1309:55659/1	101	1	101	smNRPS-1/2	5910	2431	2531	100	3.74e-44
C65YPACXX150129:7:2213:4510:48023/2	101	101	1	smNRPS-1/2	5910	1821	1921	100	3.74e-44
C65YPACXX150129:7:2111:16352:96577/2	101	1	101	smNRPS-1/2	5910	2187	2287	100	3.74e-44
C65YPACXX150129:8:1310:19063:10876/1	101	101	1	smNRPS-1/2	5910	5367	5467	100	3.74e-44
C65YPACXX150129:8:1310:19063:10876/2	101	1	101	smNRPS-1/2	5910	5216	5316	100	3.74e-44
C65YPACXX150129:7:1105:11272:22066/1	101	1	101	smNRPS-1/2	5910	2247	2347	100	3.74e-44
C65YPACXX150129:7:1105:11272:22066/2	101	101	1	smNRPS-1/2	5910	2270	2370	100	3.74e-44
C65YPACXX150129:8:2101:10179:40050/1	101	101	1	smNRPS-1/2	5910	4670	4770	100	3.74e-44
C65YPACXX150129:8:2101:10179:40050/2	101	1	101	smNRPS-1/2	5910	4663	4763	100	3.74e-44
C65YPACXX150129:7:2108:4882:8819/1	101	1	101	smNRPS-1/2	5910	3525	3625	100	3.74e-44
C65YPACXX150129:7:2108:4882:8819/2	101	101	1	smNRPS-1/2	5910	3756	3856	100	3.74e-44
C65YPACXX150129:7:2116:2038:79040/1	101	101	1	smNRPS-1/2	5910	2155	2255	100	3.74e-44
C65YPACXX150129:7:2116:2038:79040/2	101	1	101	smNRPS-1/2	5910	2030	2130	100	3.74e-44
C65YPACXX150129:7:1307:15603:93282/2	101	101	1	smNRPS-1/2	5910	4023	4123	100	3.74e-44
C65YPACXX150129:6:1102:2179:96568/1	101	1	101	smNRPS-1/2	5910	4389	4489	100	3.74e-44
C65YPACXX150129:8:2102:20038:40074/1	101	1	101	smNRPS-1/2	5910	2517	2617	100	3.74e-44
C65YPACXX150129:8:2101:10811:60158/1	101	1	101	smNRPS-1/2	5910	4399	4499	100	3.74e-44
C65YPACXX150129:8:2101:10811:60158/2	101	101	1	smNRPS-1/2	5910	4613	4713	100	3.74e-44
C65YPACXX150129:6:1303:1746:73106/2	101	101	1	smNRPS-1/2	5910	341	441	100	3.74e-44
C65YPACXX150129:8:1201:4485:54402/1	101	1	101	smNRPS-1/2	5910	4065	4165	100	3.74e-44
C65YPACXX150129:8:2201:10056:93402/1	101	1	101	smNRPS-1/2	5910	4012	4112	100	3.74e-44
C65YPACXX150129:7:1316:17320:48707/2	101	1	101	smNRPS-1/2	5910	833	933	100	3.74e-44
C65YPACXX150129:6:1311:20084:13069/1	101	1	101	smNRPS-1/2	5910	3504	3604	100	3.74e-44
C65YPACXX150129:7:2309:13041:19986/1	101	1	101	smNRPS-1/2	5910	2247	2347	100	3.74e-44
C65YPACXX150129:7:2309:13041:19986/2	101	101	1	smNRPS-1/2	5910	2270	2370	100	3.74e-44
C65YPACXX150129:8:2116:11719:21512/1	101	101	1	smNRPS-1/2	5910	3920	4020	100	3.74e-44
C65YPACXX150129:8:2208:8460:64326/1	101	1	101	smNRPS-1/2	5910	2468	2568	100	3.74e-44
C65YPACXX150129:7:1201:5465:73948/1	101	1	52	smNRPS-1/2	5910	5894	5945	96.154	1.42e-13
C65YPACXX150129:7:1310:20055:27821/1	70	20	70	smNRPS-1/2	5910	1	51	100	2.36e-16
C65YPACXX150129:6:2310:14635:82256/1	101	44	101	smNRPS-1/2	5910	1	58	100	3.03e-20
C65YPACXX150129:7:2202:15930:19116/2	70	1	70	smNRPS-1/2	5910	3875	3944	95.714	6.51e-22
C65YPACXX150129:6:1316:5698:42479/1	76	1	69	smNRPS-1/2	5910	2446	2514	97.101	5.03e-23
C65YPACXX150129:7:1302:9452:31879/2	64	64	1	smNRPS-1/2	5910	622	685	100	1.4e-23
C65YPACXX150129:8:1313:3532:67702/1	70	1	70	smNRPS-1/2	5910	3104	3173	97.143	1.4e-23
C65YPACXX150129:7:2202:11147:39115/1	68	1	68	smNRPS-1/2	5910	5715	5782	98.529	3.89e-24
C65YPACXX150129:8:1112:2612:7876/2	101	33	98	smNRPS-1/2	5910	1	66	100	1.08e-24
C65YPACXX150129:6:1213:17184:57928/1	72	69	1	smNRPS-1/2	5910	275	343	98.551	1.08e-24
C65YPACXX150129:7:1213:18614:53346/2	101	33	98	smNRPS-1/2	5910	1	66	100	1.08e-24
C65YPACXX150129:7:2209:19716:48500/1	66	66	1	smNRPS-1/2	5910	725	790	100	1.08e-24
C65YPACXX150129:6:2305:3156:17404/1	75	1	75	smNRPS-1/2	5910	2195	2269	97.333	2.32e-26
C65YPACXX150129:8:2205:8007:33157/2	74	74	1	smNRPS-1/2	5910	5048	5121	98.649	1.8e-27
C65YPACXX150129:7:2203:14482:82424/2	77	3	77	smNRPS-1/2	5910	4787	4861	98.667	5e-28
C65YPACXX150129:7:2205:4874:5700/2	73	1	73	smNRPS-1/2	5910	4030	4102	100	1.39e-28
C65YPACXX150129:8:2315:5259:99899/2	77	1	77	smNRPS-1/2	5910	1941	2017	98.701	3.86e-29
C65YPACXX150129:7:2211:17877:95356/2	81	1	81	smNRPS-1/2	5910	3731	3811	97.531	1.07e-29
C65YPACXX150129:8:1313:3521:37141/1	75	75	1	smNRPS-1/2	5910	1389	1463	100	1.07e-29
C65YPACXX150129:7:2202:11147:39115/2	79	79	1	smNRPS-1/2	5910	5732	5810	98.734	2.99e-30
C65YPACXX150129:8:1210:1175:17291/1	85	1	85	smNRPS-1/2	5910	4916	5000	96.471	2.99e-30
C65YPACXX150129:6:1307:15195:51121/2	79	79	1	smNRPS-1/2	5910	1481	1559	98.734	2.99e-30
C65YPACXX150129:8:1104:15690:3504/2	90	1	89	smNRPS-1/2	5910	4929	5017	95.506	8.3e-31
C65YPACXX150129:7:2111:6407:88644/2	86	86	1	smNRPS-1/2	5910	3701	3786	96.512	8.3e-31
C65YPACXX150129:8:1111:1688:66901/1	101	22	101	smNRPS-1/2	5910	1	80	98.75	8.3e-31
C65YPACXX150129:7:1108:20174:45444/1	80	80	1	smNRPS-1/2	5910	561	640	98.75	8.3e-31
C65YPACXX150129:7:1211:6209:33006/1	78	78	1	smNRPS-1/2	5910	5036	5113	100	2.31e-31
C65YPACXX150129:7:2214:14334:26093/1	87	1	87	smNRPS-1/2	5910	3822	3908	96.552	2.31e-31
C65YPACXX150129:8:1208:11699:65165/2	79	1	79	smNRPS-1/2	5910	4088	4166	100	6.42e-32
C65YPACXX150129:7:2312:1424:53798/2	88	88	1	smNRPS-1/2	5910	3556	3643	96.591	6.42e-32
C65YPACXX150129:6:1305:1392:89662/2	98	90	1	smNRPS-1/2	5910	2075	2163	96.667	1.78e-32
C65YPACXX150129:6:2108:16070:12957/1	101	1	92	smNRPS-1/2	5910	3284	3376	95.699	1.78e-32
C65YPACXX150129:7:1305:16119:88669/1	81	81	1	smNRPS-1/2	5910	2130	2210	100	4.96e-33
C65YPACXX150129:8:2115:15244:56049/2	93	1	93	smNRPS-1/2	5910	5649	5741	96.774	1.07e-34
C65YPACXX150129:8:1116:1619:100225/2	90	1	90	smNRPS-1/2	5910	1962	2051	97.778	1.07e-34
C65YPACXX150129:8:1111:15779:8207/2	96	96	1	smNRPS-1/2	5910	3829	3924	95.833	1.07e-34
C65YPACXX150129:7:2111:6407:88644/1	101	1	94	smNRPS-1/2	5910	3693	3786	96.809	2.96e-35
C65YPACXX150129:7:1202:17921:61332/2	85	1	85	smNRPS-1/2	5910	2194	2278	100	2.96e-35
C65YPACXX150129:8:1101:11665:40888/2	88	88	1	smNRPS-1/2	5910	2996	3083	98.864	2.96e-35
C65YPACXX150129:6:1107:18227:90395/2	91	91	1	smNRPS-1/2	5910	4724	4814	97.802	2.96e-35
C65YPACXX150129:8:2103:4295:46083/1	101	101	1	smNRPS-1/2	5910	3660	3760	95.05	8.24e-36
C65YPACXX150129:7:1202:13600:71250/2	101	1	101	smNRPS-1/2	5910	3523	3623	95.05	8.24e-36
C65YPACXX150129:7:2110:14147:70973/2	86	86	1	smNRPS-1/2	5910	2972	3057	100	8.24e-36
C65YPACXX150129:7:1316:14085:38785/2	94	3	94	smNRPS-1/2	5910	4723	4814	97.826	8.24e-36
C65YPACXX150129:7:1308:3389:57985/2	101	101	1	smNRPS-1/2	5910	5608	5708	95.05	8.24e-36
C65YPACXX150129:7:1112:4985:80391/2	95	1	95	smNRPS-1/2	5910	3610	3704	96.842	8.24e-36
C65YPACXX150129:8:2114:14686:82985/2	101	1	101	smNRPS-1/2	5910	3466	3566	95.05	8.24e-36
C65YPACXX150129:8:2301:13239:100736/1	101	1	101	smNRPS-1/2	5910	5612	5712	95.05	8.24e-36
C65YPACXX150129:8:2308:11472:22801/2	101	101	1	smNRPS-1/2	5910	4910	5010	95.05	8.24e-36
C65YPACXX150129:7:2312:1424:53798/1	98	1	98	smNRPS-1/2	5910	3494	3591	95.918	8.24e-36
C65YPACXX150129:6:2109:14480:22558/1	101	101	1	smNRPS-1/2	5910	4711	4811	95.05	8.24e-36
C65YPACXX150129:6:2316:4104:72863/1	101	101	1	smNRPS-1/2	5910	4693	4793	95.05	8.24e-36
C65YPACXX150129:6:1313:9551:8035/2	101	101	1	smNRPS-1/2	5910	4711	4811	95.05	8.24e-36
C65YPACXX150129:8:2202:2190:26471/2	86	1	86	smNRPS-1/2	5910	2299	2384	100	8.24e-36
C65YPACXX150129:7:1307:7913:76091/1	101	1	101	smNRPS-1/2	5910	4711	4811	95.05	8.24e-36
C65YPACXX150129:6:2201:4388:33885/1	101	101	1	smNRPS-1/2	5910	4711	4811	95.05	8.24e-36
C65YPACXX150129:6:2209:16607:27880/2	101	101	3	smNRPS-1/2	5910	316	414	95.96	2.29e-36
C65YPACXX150129:6:1206:15658:94250/1	96	96	1	smNRPS-1/2	5910	1211	1306	96.875	2.29e-36
C65YPACXX150129:6:1207:12500:76904/2	93	93	1	smNRPS-1/2	5910	3519	3611	97.849	2.29e-36
C65YPACXX150129:7:2110:14147:70973/1	93	1	93	smNRPS-1/2	5910	2831	2923	97.849	2.29e-36
C65YPACXX150129:8:1204:16846:10478/1	99	1	99	smNRPS-1/2	5910	3478	3576	95.96	2.29e-36
C65YPACXX150129:8:2213:12901:20408/2	99	99	1	smNRPS-1/2	5910	4844	4942	95.96	2.29e-36
C65YPACXX150129:7:1210:20408:83715/2	94	94	2	smNRPS-1/2	5910	1996	2088	97.849	2.29e-36
C65YPACXX150129:6:1111:3189:9869/2	99	99	1	smNRPS-1/2	5910	4844	4942	95.96	2.29e-36
C65YPACXX150129:7:1113:10419:83571/2	88	1	88	smNRPS-1/2	5910	134	221	100	6.37e-37
C65YPACXX150129:8:1209:9581:27395/2	91	91	1	smNRPS-1/2	5910	1615	1705	98.901	6.37e-37
C65YPACXX150129:8:1307:1580:18662/1	101	101	1	smNRPS-1/2	5910	1810	1908	96.04	6.37e-37
C65YPACXX150129:8:2104:17832:48119/2	101	1	101	smNRPS-1/2	5910	3471	3571	96.04	1.77e-37
C65YPACXX150129:7:1302:9452:31879/1	101	1	101	smNRPS-1/2	5910	435	535	96.04	1.77e-37
C65YPACXX150129:8:2216:4796:45551/2	98	1	98	smNRPS-1/2	5910	3283	3380	96.939	1.77e-37
C65YPACXX150129:8:2103:4295:46083/2	101	1	101	smNRPS-1/2	5910	3424	3524	96.04	1.77e-37
C65YPACXX150129:8:2301:5133:84570/1	101	1	101	smNRPS-1/2	5910	3606	3706	96.04	1.77e-37
C65YPACXX150129:6:2209:16607:27880/1	101	1	101	smNRPS-1/2	5910	314	414	96.04	1.77e-37
C65YPACXX150129:8:2202:11914:77317/1	101	101	1	smNRPS-1/2	5910	1135	1235	96.04	1.77e-37
C65YPACXX150129:6:1207:12500:76904/1	101	1	101	smNRPS-1/2	5910	3479	3579	96.04	1.77e-37
C65YPACXX150129:7:1112:18928:11617/2	101	1	101	smNRPS-1/2	5910	3424	3524	96.04	1.77e-37
C65YPACXX150129:6:2111:14269:19784/1	101	101	1	smNRPS-1/2	5910	1135	1235	96.04	1.77e-37
C65YPACXX150129:7:2211:14060:59784/1	101	1	101	smNRPS-1/2	5910	3466	3566	96.04	1.77e-37
C65YPACXX150129:7:1103:12804:93179/1	101	1	101	smNRPS-1/2	5910	5634	5734	96.04	1.77e-37
C65YPACXX150129:7:1108:4009:3651/1	101	101	1	smNRPS-1/2	5910	3533	3633	96.04	1.77e-37
C65YPACXX150129:7:1108:4009:3651/2	101	1	101	smNRPS-1/2	5910	3488	3588	96.04	1.77e-37
C65YPACXX150129:7:2306:8076:100822/1	101	1	101	smNRPS-1/2	5910	3423	3523	96.04	1.77e-37
C65YPACXX150129:7:2205:4874:5700/1	101	101	1	smNRPS-1/2	5910	4515	4615	96.04	1.77e-37
C65YPACXX150129:7:2312:19443:93506/2	101	101	1	smNRPS-1/2	5910	2078	2178	96.04	1.77e-37
C65YPACXX150129:8:1109:18890:98457/2	101	1	101	smNRPS-1/2	5910	3443	3543	96.04	1.77e-37
C65YPACXX150129:8:1206:12678:76465/2	98	98	1	smNRPS-1/2	5910	4201	4298	96.939	1.77e-37
C65YPACXX150129:7:1103:9845:25384/2	101	1	101	smNRPS-1/2	5910	3610	3710	96.04	1.77e-37
C65YPACXX150129:6:2113:17621:31433/1	101	101	1	smNRPS-1/2	5910	1130	1230	96.04	1.77e-37
C65YPACXX150129:6:2113:17621:31433/2	101	1	101	smNRPS-1/2	5910	1083	1183	96.04	1.77e-37
C65YPACXX150129:8:1206:4698:89212/1	101	95	1	smNRPS-1/2	5910	3886	3980	97.895	1.77e-37
C65YPACXX150129:8:2103:11644:79906/1	101	101	1	smNRPS-1/2	5910	3550	3650	96.04	1.77e-37
C65YPACXX150129:8:2103:11644:79906/2	101	1	101	smNRPS-1/2	5910	3434	3534	96.04	1.77e-37
C65YPACXX150129:6:2209:7700:57031/1	101	101	1	smNRPS-1/2	5910	3533	3633	96.04	1.77e-37
C65YPACXX150129:6:2209:7700:57031/2	101	1	101	smNRPS-1/2	5910	3488	3588	96.04	1.77e-37
C65YPACXX150129:6:2316:17672:23549/2	101	1	101	smNRPS-1/2	5910	4483	4583	96.04	1.77e-37
C65YPACXX150129:7:1102:20623:71317/1	101	1	101	smNRPS-1/2	5910	3423	3523	96.04	1.77e-37
C65YPACXX150129:8:1211:7693:93281/1	101	1	101	smNRPS-1/2	5910	3440	3540	96.04	1.77e-37
C65YPACXX150129:6:2113:6400:29642/2	101	1	101	smNRPS-1/2	5910	3955	4055	96.04	1.77e-37
C65YPACXX150129:7:1308:3389:57985/1	101	3	101	smNRPS-1/2	5910	5502	5600	96.97	4.93e-38
C65YPACXX150129:8:2308:11472:22801/1	100	2	100	smNRPS-1/2	5910	4720	4818	96.97	4.93e-38
C65YPACXX150129:6:2108:1935:65778/1	101	3	101	smNRPS-1/2	5910	5502	5600	96.97	4.93e-38
C65YPACXX150129:8:2202:5176:67597/1	93	1	93	smNRPS-1/2	5910	3360	3452	98.925	4.93e-38
C65YPACXX150129:6:2111:4863:9097/1	101	101	3	smNRPS-1/2	5910	3521	3619	96.97	4.93e-38
C65YPACXX150129:8:2105:4870:29949/1	90	1	90	smNRPS-1/2	5910	2642	2731	100	4.93e-38
C65YPACXX150129:8:2304:2150:101363/1	101	98	1	smNRPS-1/2	5910	524	621	96.939	4.93e-38
C65YPACXX150129:7:1112:18928:11617/1	101	100	1	smNRPS-1/2	5910	3556	3655	97	1.37e-38
C65YPACXX150129:7:2311:16476:21472/1	101	1	97	smNRPS-1/2	5910	3515	3611	97.938	1.37e-38
C65YPACXX150129:8:1109:18890:98457/1	101	101	2	smNRPS-1/2	5910	3485	3584	97	1.37e-38
C65YPACXX150129:6:1113:15040:62875/1	101	1	97	smNRPS-1/2	5910	2822	2918	97.938	1.37e-38
C65YPACXX150129:6:1113:15040:62875/2	101	97	1	smNRPS-1/2	5910	2822	2918	97.938	1.37e-38
C65YPACXX150129:8:1111:15779:8207/1	99	1	97	smNRPS-1/2	5910	3797	3893	97.938	1.37e-38
C65YPACXX150129:7:1311:18569:9390/1	97	97	1	smNRPS-1/2	5910	1967	2063	97.938	1.37e-38
C65YPACXX150129:8:1203:20484:66905/1	100	100	1	smNRPS-1/2	5910	3836	3935	97	1.37e-38
C65YPACXX150129:8:2104:17832:48119/1	101	101	1	smNRPS-1/2	5910	3700	3800	97.03	3.81e-39
C65YPACXX150129:7:1104:15598:54388/2	101	1	101	smNRPS-1/2	5910	4977	5077	97.03	3.81e-39
C65YPACXX150129:8:1107:18370:57188/2	101	101	1	smNRPS-1/2	5910	493	593	97.03	3.81e-39
C65YPACXX150129:6:2203:18287:88104/1	101	101	1	smNRPS-1/2	5910	1291	1391	97.03	3.81e-39
C65YPACXX150129:7:1202:13600:71250/1	101	101	1	smNRPS-1/2	5910	3686	3786	97.03	3.81e-39
C65YPACXX150129:8:2104:6815:58020/2	101	101	1	smNRPS-1/2	5910	4567	4667	97.03	3.81e-39
C65YPACXX150129:7:2311:2334:67909/2	101	101	1	smNRPS-1/2	5910	4565	4665	97.03	3.81e-39
C65YPACXX150129:6:1108:20561:33365/1	101	1	101	smNRPS-1/2	5910	4540	4640	97.03	3.81e-39
C65YPACXX150129:6:1108:20561:33365/2	101	101	1	smNRPS-1/2	5910	4561	4661	97.03	3.81e-39
C65YPACXX150129:6:1302:6293:67772/2	98	98	1	smNRPS-1/2	5910	4809	4906	97.959	3.81e-39
C65YPACXX150129:6:1206:15658:94250/2	101	1	101	smNRPS-1/2	5910	1183	1283	97.03	3.81e-39
C65YPACXX150129:6:1101:4478:101121/2	101	1	101	smNRPS-1/2	5910	3605	3705	97.03	3.81e-39
C65YPACXX150129:7:1103:12804:93179/2	101	101	1	smNRPS-1/2	5910	5660	5760	97.03	3.81e-39
C65YPACXX150129:6:2208:6429:74488/1	101	101	1	smNRPS-1/2	5910	4567	4667	97.03	3.81e-39
C65YPACXX150129:6:1208:2012:62636/1	101	1	101	smNRPS-1/2	5910	506	606	97.03	3.81e-39
C65YPACXX150129:7:2311:16476:21472/2	101	101	1	smNRPS-1/2	5910	3865	3965	97.03	3.81e-39
C65YPACXX150129:7:1304:1462:45532/1	101	101	1	smNRPS-1/2	5910	3298	3398	97.03	3.81e-39
C65YPACXX150129:7:1304:1462:45532/2	101	1	101	smNRPS-1/2	5910	3292	3392	97.03	3.81e-39
C65YPACXX150129:7:1103:9845:25384/1	101	101	1	smNRPS-1/2	5910	3824	3924	97.03	3.81e-39
C65YPACXX150129:8:2203:10916:64479/2	101	1	101	smNRPS-1/2	5910	4963	5063	97.03	3.81e-39
C65YPACXX150129:7:1112:4985:80391/1	101	101	1	smNRPS-1/2	5910	3824	3924	97.03	3.81e-39
C65YPACXX150129:6:2109:5566:91873/2	101	1	101	smNRPS-1/2	5910	1207	1307	97.03	3.81e-39
C65YPACXX150129:8:2215:10727:7197/2	101	101	1	smNRPS-1/2	5910	3272	3372	97.03	3.81e-39
C65YPACXX150129:6:1307:7024:59720/1	101	101	1	smNRPS-1/2	5910	1188	1288	97.03	3.81e-39
C65YPACXX150129:6:1307:7024:59720/2	101	1	101	smNRPS-1/2	5910	1085	1185	97.03	3.81e-39
C65YPACXX150129:6:2212:15269:46655/2	98	1	98	smNRPS-1/2	5910	3613	3710	97.959	3.81e-39
C65YPACXX150129:8:2116:19573:37709/2	101	1	101	smNRPS-1/2	5910	4550	4650	97.03	3.81e-39
C65YPACXX150129:7:2110:16921:41446/2	101	101	1	smNRPS-1/2	5910	4552	4652	97.03	3.81e-39
C65YPACXX150129:7:1203:15169:58072/2	101	1	101	smNRPS-1/2	5910	3862	3962	97.03	3.81e-39
C65YPACXX150129:8:1210:12679:50773/2	101	1	101	smNRPS-1/2	5910	1225	1325	97.03	3.81e-39
C65YPACXX150129:6:1106:9841:37722/2	101	1	101	smNRPS-1/2	5910	3605	3705	97.03	3.81e-39
C65YPACXX150129:6:2316:17672:23549/1	101	101	1	smNRPS-1/2	5910	4559	4659	97.03	3.81e-39
C65YPACXX150129:8:1101:16755:37880/1	101	101	1	smNRPS-1/2	5910	4567	4667	97.03	3.81e-39
C65YPACXX150129:6:2208:13741:30776/1	101	1	101	smNRPS-1/2	5910	3390	3490	97.03	3.81e-39
C65YPACXX150129:6:2202:5769:27040/1	101	1	101	smNRPS-1/2	5910	3605	3705	97.03	3.81e-39
C65YPACXX150129:8:2302:4221:42178/1	101	101	1	smNRPS-1/2	5910	1049	1149	97.03	3.81e-39
C65YPACXX150129:7:2308:1253:100909/2	96	1	96	smNRPS-1/2	5910	238	333	98.958	1.06e-39
C65YPACXX150129:7:2315:13296:5898/1	101	99	1	smNRPS-1/2	5910	4505	4603	97.98	1.06e-39
C65YPACXX150129:6:1101:4478:101121/1	101	99	1	smNRPS-1/2	5910	3613	3711	97.98	1.06e-39
C65YPACXX150129:7:2115:18658:2663/1	101	3	101	smNRPS-1/2	5910	4522	4620	97.98	1.06e-39
C65YPACXX150129:6:1307:1540:30416/2	99	99	1	smNRPS-1/2	5910	1952	2050	97.98	1.06e-39
C65YPACXX150129:8:2215:10727:7197/1	99	1	99	smNRPS-1/2	5910	3091	3189	97.98	1.06e-39
C65YPACXX150129:7:2305:19842:44901/1	101	1	99	smNRPS-1/2	5910	3795	3893	97.98	1.06e-39
C65YPACXX150129:6:1106:9841:37722/1	101	99	1	smNRPS-1/2	5910	3613	3711	97.98	1.06e-39
C65YPACXX150129:8:1109:11046:18854/2	100	100	1	smNRPS-1/2	5910	2078	2177	98	2.94e-40
C65YPACXX150129:7:2211:14060:59784/2	100	100	1	smNRPS-1/2	5910	3512	3611	98	2.94e-40
C65YPACXX150129:6:1302:16695:8954/1	100	100	1	smNRPS-1/2	5910	4825	4924	98	2.94e-40
C65YPACXX150129:8:2213:15074:52364/1	100	1	100	smNRPS-1/2	5910	2329	2428	98	2.94e-40
C65YPACXX150129:8:2114:14686:82985/1	100	100	1	smNRPS-1/2	5910	3941	4040	98	2.94e-40
C65YPACXX150129:8:2301:13239:100736/2	97	97	1	smNRPS-1/2	5910	5731	5827	98.969	2.94e-40
C65YPACXX150129:8:2213:12901:20408/1	97	1	97	smNRPS-1/2	5910	4765	4861	98.969	2.94e-40
C65YPACXX150129:7:2305:19842:44901/2	101	100	1	smNRPS-1/2	5910	3886	3985	98	2.94e-40
C65YPACXX150129:7:2112:10773:28235/2	100	100	1	smNRPS-1/2	5910	2584	2683	98	2.94e-40
C65YPACXX150129:8:2303:19855:15558/1	101	1	101	smNRPS-1/2	5910	1961	2061	98.02	8.18e-41
C65YPACXX150129:8:1211:8193:67018/2	101	101	1	smNRPS-1/2	5910	3246	3346	98.02	8.18e-41
C65YPACXX150129:7:2312:6650:57238/2	101	101	1	smNRPS-1/2	5910	3259	3359	98.02	8.18e-41
C65YPACXX150129:8:2301:5133:84570/2	101	101	1	smNRPS-1/2	5910	3940	4040	98.02	8.18e-41
C65YPACXX150129:7:1211:20242:36071/1	101	101	1	smNRPS-1/2	5910	3249	3349	98.02	8.18e-41
C65YPACXX150129:8:2107:2876:92333/2	101	101	1	smNRPS-1/2	5910	3259	3359	98.02	8.18e-41
C65YPACXX150129:8:1116:3348:62975/2	98	1	98	smNRPS-1/2	5910	5732	5829	98.98	8.18e-41
C65YPACXX150129:8:2306:1104:87873/1	101	1	101	smNRPS-1/2	5910	2568	2668	98.02	8.18e-41
C65YPACXX150129:8:2207:3445:71657/1	101	1	101	smNRPS-1/2	5910	2519	2619	98.02	8.18e-41
C65YPACXX150129:8:2307:6602:8186/1	101	1	101	smNRPS-1/2	5910	60	160	98.02	8.18e-41
C65YPACXX150129:6:2315:8899:98822/1	101	1	101	smNRPS-1/2	5910	570	670	98.02	8.18e-41
C65YPACXX150129:6:2315:8899:98822/2	98	98	1	smNRPS-1/2	5910	697	794	98.98	8.18e-41
C65YPACXX150129:7:2308:1253:100909/1	101	101	1	smNRPS-1/2	5910	540	640	98.02	8.18e-41
C65YPACXX150129:7:1202:17921:61332/1	101	101	1	smNRPS-1/2	5910	2387	2487	98.02	8.18e-41
C65YPACXX150129:8:1109:11046:18854/1	101	1	101	smNRPS-1/2	5910	2053	2153	98.02	8.18e-41
C65YPACXX150129:7:2315:1194:99054/2	101	1	101	smNRPS-1/2	5910	1316	1416	98.02	8.18e-41
C65YPACXX150129:6:1107:4843:27400/2	101	101	1	smNRPS-1/2	5910	3259	3359	98.02	8.18e-41
C65YPACXX150129:6:1212:8498:99248/1	101	101	1	smNRPS-1/2	5910	3937	4037	98.02	8.18e-41
C65YPACXX150129:6:1212:8498:99248/2	101	1	101	smNRPS-1/2	5910	3932	4032	98.02	8.18e-41
C65YPACXX150129:6:1216:10769:74327/2	101	101	1	smNRPS-1/2	5910	2424	2524	98.02	8.18e-41
C65YPACXX150129:7:2105:16640:58869/2	101	1	101	smNRPS-1/2	5910	1163	1263	98.02	8.18e-41
C65YPACXX150129:6:2310:14635:82256/2	101	101	1	smNRPS-1/2	5910	43	143	98.02	8.18e-41
C65YPACXX150129:7:1205:12933:87195/2	101	101	1	smNRPS-1/2	5910	5117	5217	98.02	8.18e-41
C65YPACXX150129:8:2107:18062:19789/1	101	1	98	smNRPS-1/2	5910	346	443	98.98	8.18e-41
C65YPACXX150129:8:2107:18062:19789/2	101	98	1	smNRPS-1/2	5910	346	443	98.98	8.18e-41
C65YPACXX150129:6:2115:20022:92002/2	101	101	1	smNRPS-1/2	5910	3951	4051	98.02	8.18e-41
C65YPACXX150129:8:1204:16846:10478/2	101	101	1	smNRPS-1/2	5910	3626	3726	98.02	8.18e-41
C65YPACXX150129:8:2309:11934:94925/1	101	1	101	smNRPS-1/2	5910	2466	2566	98.02	8.18e-41
C65YPACXX150129:8:2309:11934:94925/2	101	101	1	smNRPS-1/2	5910	2583	2683	98.02	8.18e-41
C65YPACXX150129:8:2302:11556:99348/1	101	101	1	smNRPS-1/2	5910	1963	2063	98.02	8.18e-41
C65YPACXX150129:8:2302:11556:99348/2	101	1	101	smNRPS-1/2	5910	1960	2060	98.02	8.18e-41
C65YPACXX150129:7:1201:12273:26566/1	101	101	1	smNRPS-1/2	5910	4493	4593	98.02	8.18e-41
C65YPACXX150129:6:2207:17323:98806/2	101	1	101	smNRPS-1/2	5910	435	535	98.02	8.18e-41
C65YPACXX150129:8:1206:12678:76465/1	101	1	101	smNRPS-1/2	5910	4183	4283	98.02	8.18e-41
C65YPACXX150129:8:1216:18345:67373/1	101	101	1	smNRPS-1/2	5910	3249	3349	98.02	8.18e-41
C65YPACXX150129:8:1116:1619:100225/1	101	101	1	smNRPS-1/2	5910	1970	2070	98.02	8.18e-41
C65YPACXX150129:6:1207:5775:91867/2	101	1	101	smNRPS-1/2	5910	2570	2670	98.02	8.18e-41
C65YPACXX150129:6:1303:10093:80582/1	101	1	101	smNRPS-1/2	5910	2461	2561	98.02	8.18e-41
C65YPACXX150129:6:1303:10093:80582/2	101	101	1	smNRPS-1/2	5910	2470	2570	98.02	8.18e-41
C65YPACXX150129:6:2116:18799:22100/1	101	1	101	smNRPS-1/2	5910	2055	2155	98.02	8.18e-41
C65YPACXX150129:6:2112:14067:30877/1	101	1	101	smNRPS-1/2	5910	3790	3890	98.02	8.18e-41
C65YPACXX150129:8:1316:5470:55505/1	101	101	1	smNRPS-1/2	5910	1959	2059	98.02	8.18e-41
C65YPACXX150129:8:1111:1688:66901/2	101	101	1	smNRPS-1/2	5910	333	433	98.02	8.18e-41
C65YPACXX150129:7:1305:16119:88669/2	101	1	101	smNRPS-1/2	5910	2072	2172	98.02	8.18e-41
C65YPACXX150129:6:1108:17422:2577/1	101	1	101	smNRPS-1/2	5910	1961	2061	98.02	8.18e-41
C65YPACXX150129:6:1108:17422:2577/2	95	95	1	smNRPS-1/2	5910	2116	2210	100	8.18e-41
C65YPACXX150129:8:2313:10424:7296/2	101	1	101	smNRPS-1/2	5910	2470	2570	98.02	8.18e-41
C65YPACXX150129:6:2311:13456:32385/1	101	101	1	smNRPS-1/2	5910	540	640	98.02	8.18e-41
C65YPACXX150129:7:1113:10419:83571/1	101	101	1	smNRPS-1/2	5910	452	552	98.02	8.18e-41
C65YPACXX150129:7:1313:12763:71893/2	101	1	101	smNRPS-1/2	5910	1919	2019	98.02	8.18e-41
C65YPACXX150129:6:2203:7312:33864/2	101	1	101	smNRPS-1/2	5910	435	535	98.02	8.18e-41
C65YPACXX150129:7:1309:6273:49098/2	101	101	1	smNRPS-1/2	5910	3120	3220	98.02	8.18e-41
C65YPACXX150129:8:2202:11366:68125/1	101	101	1	smNRPS-1/2	5910	5105	5205	98.02	8.18e-41
C65YPACXX150129:8:2202:11366:68125/2	101	1	101	smNRPS-1/2	5910	5104	5204	98.02	8.18e-41
C65YPACXX150129:8:1115:8915:2460/1	101	1	101	smNRPS-1/2	5910	2567	2667	98.02	8.18e-41
C65YPACXX150129:6:2212:15269:46655/1	101	101	1	smNRPS-1/2	5910	3635	3735	98.02	8.18e-41
C65YPACXX150129:8:1311:7716:96037/1	101	101	1	smNRPS-1/2	5910	2051	2151	98.02	8.18e-41
C65YPACXX150129:8:1311:7716:96037/2	101	1	101	smNRPS-1/2	5910	1826	1926	98.02	8.18e-41
C65YPACXX150129:7:2309:18557:30491/2	101	1	101	smNRPS-1/2	5910	2518	2618	98.02	8.18e-41
C65YPACXX150129:6:1102:12615:42407/1	101	1	101	smNRPS-1/2	5910	3137	3237	98.02	8.18e-41
C65YPACXX150129:8:1110:3682:78373/1	101	98	1	smNRPS-1/2	5910	5014	5111	98.98	8.18e-41
C65YPACXX150129:8:1110:3682:78373/2	101	3	100	smNRPS-1/2	5910	5014	5111	98.98	8.18e-41
C65YPACXX150129:6:1116:9988:87146/1	101	1	101	smNRPS-1/2	5910	5193	5293	98.02	8.18e-41
C65YPACXX150129:6:1213:18464:97265/2	101	101	1	smNRPS-1/2	5910	2829	2929	98.02	8.18e-41
C65YPACXX150129:6:2109:14480:22558/2	101	1	101	smNRPS-1/2	5910	4530	4630	98.02	8.18e-41
C65YPACXX150129:7:2303:14261:90220/1	101	101	1	smNRPS-1/2	5910	3124	3224	98.02	8.18e-41
C65YPACXX150129:7:2303:14261:90220/2	101	1	101	smNRPS-1/2	5910	3075	3175	98.02	8.18e-41
C65YPACXX150129:8:1209:3627:38464/1	101	1	101	smNRPS-1/2	5910	3121	3221	98.02	8.18e-41
C65YPACXX150129:7:2214:6782:24247/1	101	1	101	smNRPS-1/2	5910	786	886	98.02	8.18e-41
C65YPACXX150129:8:2114:16564:55449/1	101	1	101	smNRPS-1/2	5910	2461	2561	98.02	8.18e-41
C65YPACXX150129:8:2114:16564:55449/2	101	101	1	smNRPS-1/2	5910	2470	2570	98.02	8.18e-41
C65YPACXX150129:8:1302:9802:58734/1	101	101	1	smNRPS-1/2	5910	2064	2164	98.02	8.18e-41
C65YPACXX150129:8:1302:9802:58734/2	101	1	101	smNRPS-1/2	5910	2051	2151	98.02	8.18e-41
C65YPACXX150129:7:1210:20408:83715/1	101	1	101	smNRPS-1/2	5910	1957	2057	98.02	8.18e-41
C65YPACXX150129:7:2112:10773:28235/1	101	1	101	smNRPS-1/2	5910	2466	2566	98.02	8.18e-41
C65YPACXX150129:7:1213:18614:53346/1	101	101	1	smNRPS-1/2	5910	32	132	98.02	8.18e-41
C65YPACXX150129:7:2214:16451:81202/1	101	1	101	smNRPS-1/2	5910	5099	5199	98.02	8.18e-41
C65YPACXX150129:7:2214:16451:81202/2	101	101	1	smNRPS-1/2	5910	5117	5217	98.02	8.18e-41
C65YPACXX150129:7:1209:2049:60295/1	101	1	101	smNRPS-1/2	5910	3932	4032	98.02	8.18e-41
C65YPACXX150129:8:2301:15485:28600/1	101	1	101	smNRPS-1/2	5910	1986	2086	98.02	8.18e-41
C65YPACXX150129:7:2310:18204:54435/1	101	1	101	smNRPS-1/2	5910	1931	2031	98.02	8.18e-41
C65YPACXX150129:7:1203:11150:82485/1	101	1	101	smNRPS-1/2	5910	3079	3179	98.02	8.18e-41
C65YPACXX150129:6:2206:15096:30634/1	101	1	101	smNRPS-1/2	5910	454	554	98.02	8.18e-41
C65YPACXX150129:6:1302:20006:76008/1	101	1	101	smNRPS-1/2	5910	2043	2143	98.02	8.18e-41
C65YPACXX150129:6:1210:3404:6732/1	101	1	101	smNRPS-1/2	5910	3104	3204	98.02	8.18e-41
C65YPACXX150129:8:2115:7254:24409/2	101	3	101	smNRPS-1/2	5910	5014	5112	98.99	2.28e-41
C65YPACXX150129:6:1204:20660:83985/2	99	99	1	smNRPS-1/2	5910	2789	2887	98.99	2.28e-41
C65YPACXX150129:6:1116:9988:87146/2	96	96	1	smNRPS-1/2	5910	5268	5363	100	2.28e-41
C65YPACXX150129:6:2214:19598:81904/1	99	99	1	smNRPS-1/2	5910	2801	2899	98.99	2.28e-41
C65YPACXX150129:7:2114:20955:2619/1	101	1	101	smNRPS-1/2	5910	1699	1798	99.01	6.33e-42
C65YPACXX150129:6:2113:3399:70249/2	97	1	97	smNRPS-1/2	5910	2231	2327	100	6.33e-42
C65YPACXX150129:7:2215:16929:63951/2	100	100	1	smNRPS-1/2	5910	624	723	99	6.33e-42
C65YPACXX150129:6:2205:9313:6900/1	100	1	100	smNRPS-1/2	5910	2325	2424	99	6.33e-42
C65YPACXX150129:6:2105:12252:93781/1	101	100	1	smNRPS-1/2	5910	3333	3432	99	6.33e-42
C65YPACXX150129:8:1309:8859:63587/1	100	1	100	smNRPS-1/2	5910	1640	1739	99	6.33e-42
C65YPACXX150129:6:1213:17184:57928/2	100	1	100	smNRPS-1/2	5910	223	322	99	6.33e-42
C65YPACXX150129:8:2114:12968:44862/1	97	97	1	smNRPS-1/2	5910	2970	3066	100	6.33e-42
C65YPACXX150129:8:1308:20011:71488/1	100	100	1	smNRPS-1/2	5910	2386	2485	99	6.33e-42
C65YPACXX150129:8:2303:19855:15558/2	101	101	1	smNRPS-1/2	5910	2330	2430	99.01	1.76e-42
C65YPACXX150129:8:2315:5259:99899/1	101	101	1	smNRPS-1/2	5910	2772	2872	99.01	1.76e-42
C65YPACXX150129:8:1114:9457:8617/1	101	1	101	smNRPS-1/2	5910	1445	1545	99.01	1.76e-42
C65YPACXX150129:8:1114:9457:8617/2	101	101	1	smNRPS-1/2	5910	1628	1728	99.01	1.76e-42
C65YPACXX150129:8:1107:18370:57188/1	101	1	101	smNRPS-1/2	5910	346	446	99.01	1.76e-42
C65YPACXX150129:8:2116:17651:65477/1	101	1	101	smNRPS-1/2	5910	2620	2720	99.01	1.76e-42
C65YPACXX150129:8:2116:17651:65477/2	101	101	1	smNRPS-1/2	5910	2715	2815	99.01	1.76e-42
C65YPACXX150129:7:2201:5603:23239/1	101	101	1	smNRPS-1/2	5910	5092	5192	99.01	1.76e-42
C65YPACXX150129:7:2201:5603:23239/2	101	1	101	smNRPS-1/2	5910	5054	5154	99.01	1.76e-42
C65YPACXX150129:6:2310:11684:67614/2	101	101	1	smNRPS-1/2	5910	5709	5809	99.01	1.76e-42
C65YPACXX150129:7:2203:14482:82424/1	101	101	1	smNRPS-1/2	5910	5063	5163	99.01	1.76e-42
C65YPACXX150129:7:1216:6460:50205/1	101	1	101	smNRPS-1/2	5910	2911	3011	99.01	1.76e-42
C65YPACXX150129:7:1216:6460:50205/2	101	101	1	smNRPS-1/2	5910	3019	3119	99.01	1.76e-42
C65YPACXX150129:8:2306:1104:87873/2	101	101	1	smNRPS-1/2	5910	2751	2851	99.01	1.76e-42
C65YPACXX150129:7:2116:5628:9282/2	101	101	1	smNRPS-1/2	5910	4806	4906	99.01	1.76e-42
C65YPACXX150129:6:1301:18684:74962/1	101	101	1	smNRPS-1/2	5910	179	279	99.01	1.76e-42
C65YPACXX150129:6:1301:18684:74962/2	101	1	101	smNRPS-1/2	5910	73	173	99.01	1.76e-42
C65YPACXX150129:8:2207:3445:71657/2	101	101	1	smNRPS-1/2	5910	2665	2765	99.01	1.76e-42
C65YPACXX150129:7:1201:17761:36425/1	101	101	1	smNRPS-1/2	5910	1970	2070	99.01	1.76e-42
C65YPACXX150129:7:1202:17903:61334/1	101	101	1	smNRPS-1/2	5910	2387	2487	99.01	1.76e-42
C65YPACXX150129:8:2307:6602:8186/2	101	101	1	smNRPS-1/2	5910	94	194	99.01	1.76e-42
C65YPACXX150129:7:1209:18057:66223/1	101	1	101	smNRPS-1/2	5910	1554	1654	99.01	1.76e-42
C65YPACXX150129:7:1209:18057:66223/2	101	101	1	smNRPS-1/2	5910	1637	1737	99.01	1.76e-42
C65YPACXX150129:6:1310:17084:28769/1	101	101	1	smNRPS-1/2	5910	1630	1730	99.01	1.76e-42
C65YPACXX150129:6:1310:17084:28769/2	101	1	101	smNRPS-1/2	5910	1547	1647	99.01	1.76e-42
C65YPACXX150129:7:2315:1194:99054/1	101	101	1	smNRPS-1/2	5910	1387	1487	99.01	1.76e-42
C65YPACXX150129:6:1216:10769:74327/1	101	1	101	smNRPS-1/2	5910	2325	2425	99.01	1.76e-42
C65YPACXX150129:7:1205:12933:87195/1	101	1	101	smNRPS-1/2	5910	4784	4884	99.01	1.76e-42
C65YPACXX150129:7:2315:13296:5898/2	101	1	101	smNRPS-1/2	5910	4173	4273	99.01	1.76e-42
C65YPACXX150129:6:2111:14269:19784/2	101	1	101	smNRPS-1/2	5910	822	922	99.01	1.76e-42
C65YPACXX150129:8:1208:14926:39637/1	101	101	1	smNRPS-1/2	5910	4081	4181	99.01	1.76e-42
C65YPACXX150129:8:1208:14926:39637/2	101	1	101	smNRPS-1/2	5910	4007	4107	99.01	1.76e-42
C65YPACXX150129:6:2115:20022:92002/1	101	1	101	smNRPS-1/2	5910	3917	4017	99.01	1.76e-42
C65YPACXX150129:7:2302:1372:47964/1	101	1	101	smNRPS-1/2	5910	1346	1446	99.01	1.76e-42
C65YPACXX150129:6:1302:16695:8954/2	101	1	101	smNRPS-1/2	5910	4760	4860	99.01	1.76e-42
C65YPACXX150129:8:1101:11665:40888/1	101	1	101	smNRPS-1/2	5910	2892	2992	99.01	1.76e-42
C65YPACXX150129:8:1302:2198:99105/1	101	1	101	smNRPS-1/2	5910	2980	3080	99.01	1.76e-42
C65YPACXX150129:8:1302:2198:99105/2	101	101	1	smNRPS-1/2	5910	3046	3146	99.01	1.76e-42
C65YPACXX150129:7:2313:20222:51965/1	101	101	1	smNRPS-1/2	5910	2676	2776	99.01	1.76e-42
C65YPACXX150129:7:1201:12273:26566/2	101	1	101	smNRPS-1/2	5910	4119	4219	99.01	1.76e-42
C65YPACXX150129:8:2310:19594:41146/1	101	1	101	smNRPS-1/2	5910	2872	2972	99.01	1.76e-42
C65YPACXX150129:8:2310:19594:41146/2	101	101	1	smNRPS-1/2	5910	3153	3253	99.01	1.76e-42
C65YPACXX150129:7:2103:13358:99525/2	101	101	1	smNRPS-1/2	5910	2335	2435	99.01	1.76e-42
C65YPACXX150129:8:2305:13081:66177/1	101	101	1	smNRPS-1/2	5910	942	1042	99.01	1.76e-42
C65YPACXX150129:7:1203:11613:84672/1	101	1	101	smNRPS-1/2	5910	4779	4879	99.01	1.76e-42
C65YPACXX150129:7:1203:11613:84672/2	101	101	1	smNRPS-1/2	5910	4780	4880	99.01	1.76e-42
C65YPACXX150129:7:2215:16929:63951/1	101	1	101	smNRPS-1/2	5910	392	492	99.01	1.76e-42
C65YPACXX150129:8:1205:8477:85428/2	101	101	1	smNRPS-1/2	5910	981	1081	99.01	1.76e-42
C65YPACXX150129:6:2207:6767:93033/2	101	101	1	smNRPS-1/2	5910	1443	1543	99.01	1.76e-42
C65YPACXX150129:8:2213:15074:52364/2	101	101	1	smNRPS-1/2	5910	2369	2469	99.01	1.76e-42
C65YPACXX150129:6:2116:18799:22100/2	101	101	1	smNRPS-1/2	5910	2348	2448	99.01	1.76e-42
C65YPACXX150129:7:1116:11277:66591/1	101	1	101	smNRPS-1/2	5910	2620	2720	99.01	1.76e-42
C65YPACXX150129:7:1116:11277:66591/2	101	101	1	smNRPS-1/2	5910	2715	2815	99.01	1.76e-42
C65YPACXX150129:8:2105:4625:10444/2	101	101	1	smNRPS-1/2	5910	2384	2484	99.01	1.76e-42
C65YPACXX150129:8:2115:7254:24409/1	101	101	1	smNRPS-1/2	5910	5050	5150	99.01	1.76e-42
C65YPACXX150129:6:2205:9313:6900/2	101	101	1	smNRPS-1/2	5910	2847	2947	99.01	1.76e-42
C65YPACXX150129:8:1301:9705:56034/2	101	1	101	smNRPS-1/2	5910	5094	5194	99.01	1.76e-42
C65YPACXX150129:6:1304:10315:59609/1	101	1	101	smNRPS-1/2	5910	203	303	99.01	1.76e-42
C65YPACXX150129:6:1304:10315:59609/2	101	101	1	smNRPS-1/2	5910	284	384	99.01	1.76e-42
C65YPACXX150129:8:2108:19789:68151/1	101	101	1	smNRPS-1/2	5910	3375	3475	99.01	1.76e-42
C65YPACXX150129:6:1204:20660:83985/1	101	1	101	smNRPS-1/2	5910	2713	2813	99.01	1.76e-42
C65YPACXX150129:8:2313:10424:7296/1	101	101	1	smNRPS-1/2	5910	2780	2880	99.01	1.76e-42
C65YPACXX150129:6:1102:6611:59811/1	101	101	1	smNRPS-1/2	5910	1331	1431	99.01	1.76e-42
C65YPACXX150129:7:2302:9498:63170/1	101	101	1	smNRPS-1/2	5910	2875	2975	99.01	1.76e-42
C65YPACXX150129:7:2302:9498:63170/2	101	1	101	smNRPS-1/2	5910	2715	2815	99.01	1.76e-42
C65YPACXX150129:6:2311:13456:32385/2	101	1	101	smNRPS-1/2	5910	414	514	99.01	1.76e-42
C65YPACXX150129:8:1206:4698:89212/2	101	1	101	smNRPS-1/2	5910	3759	3859	99.01	1.76e-42
C65YPACXX150129:6:2112:12103:46836/1	101	101	1	smNRPS-1/2	5910	679	779	99.01	1.76e-42
C65YPACXX150129:6:2112:12103:46836/2	101	1	101	smNRPS-1/2	5910	408	508	99.01	1.76e-42
C65YPACXX150129:8:2115:3978:17678/2	101	101	1	smNRPS-1/2	5910	217	317	99.01	1.76e-42
C65YPACXX150129:8:1309:8859:63587/2	101	101	1	smNRPS-1/2	5910	1667	1767	99.01	1.76e-42
C65YPACXX150129:8:1115:8915:2460/2	101	101	1	smNRPS-1/2	5910	2609	2709	99.01	1.76e-42
C65YPACXX150129:7:2309:18557:30491/1	101	101	1	smNRPS-1/2	5910	2665	2765	99.01	1.76e-42
C65YPACXX150129:7:2313:17775:39760/1	101	101	1	smNRPS-1/2	5910	1630	1730	99.01	1.76e-42
C65YPACXX150129:7:2313:17775:39760/2	101	1	101	smNRPS-1/2	5910	1547	1647	99.01	1.76e-42
C65YPACXX150129:7:2109:14133:72497/1	101	101	1	smNRPS-1/2	5910	3044	3144	99.01	1.76e-42
C65YPACXX150129:7:2109:14133:72497/2	101	1	101	smNRPS-1/2	5910	2848	2948	99.01	1.76e-42
C65YPACXX150129:7:2207:3694:61607/2	101	1	101	smNRPS-1/2	5910	1445	1545	99.01	1.76e-42
C65YPACXX150129:8:1209:5087:46806/1	101	101	1	smNRPS-1/2	5910	186	286	99.01	1.76e-42
C65YPACXX150129:8:1209:5087:46806/2	101	1	101	smNRPS-1/2	5910	185	285	99.01	1.76e-42
C65YPACXX150129:6:1213:18464:97265/1	101	1	101	smNRPS-1/2	5910	2703	2803	99.01	1.76e-42
C65YPACXX150129:7:1203:15169:58072/1	101	101	1	smNRPS-1/2	5910	3910	4010	99.01	1.76e-42
C65YPACXX150129:6:2307:18239:30453/2	101	1	101	smNRPS-1/2	5910	5337	5437	99.01	1.76e-42
C65YPACXX150129:8:1105:15254:35997/2	101	1	101	smNRPS-1/2	5910	2861	2961	99.01	1.76e-42
C65YPACXX150129:8:1210:12679:50773/1	101	101	1	smNRPS-1/2	5910	1457	1557	99.01	1.76e-42
C65YPACXX150129:6:1206:6375:31947/1	101	101	1	smNRPS-1/2	5910	942	1042	99.01	1.76e-42
C65YPACXX150129:8:1209:9581:27395/1	101	1	101	smNRPS-1/2	5910	1333	1433	99.01	1.76e-42
C65YPACXX150129:6:1312:12759:66788/1	101	101	1	smNRPS-1/2	5910	1645	1745	99.01	1.76e-42
C65YPACXX150129:6:1312:12759:66788/2	101	1	101	smNRPS-1/2	5910	1552	1652	99.01	1.76e-42
C65YPACXX150129:8:2202:2190:26471/1	101	101	1	smNRPS-1/2	5910	2718	2818	99.01	1.76e-42
C65YPACXX150129:7:2106:3743:14317/1	101	1	101	smNRPS-1/2	5910	860	960	99.01	1.76e-42
C65YPACXX150129:7:2106:3743:14317/2	101	101	1	smNRPS-1/2	5910	1348	1448	99.01	1.76e-42
C65YPACXX150129:6:1205:20305:61474/1	101	101	1	smNRPS-1/2	5910	694	794	99.01	1.76e-42
C65YPACXX150129:6:1205:20305:61474/2	101	1	101	smNRPS-1/2	5910	679	779	99.01	1.76e-42
C65YPACXX150129:6:2305:3374:85322/2	101	101	1	smNRPS-1/2	5910	938	1038	99.01	1.76e-42
C65YPACXX150129:6:1316:19987:26973/1	101	1	101	smNRPS-1/2	5910	2618	2718	99.01	1.76e-42
C65YPACXX150129:8:2115:20365:13968/1	101	101	1	smNRPS-1/2	5910	623	723	99.01	1.76e-42
C65YPACXX150129:6:1213:13436:34058/1	101	1	101	smNRPS-1/2	5910	5747	5847	99.01	1.76e-42
C65YPACXX150129:7:1212:16174:15795/1	101	1	101	smNRPS-1/2	5910	1400	1500	99.01	1.76e-42
C65YPACXX150129:7:1213:6863:57467/2	101	1	101	smNRPS-1/2	5910	2758	2858	99.01	1.76e-42
C65YPACXX150129:6:2113:3990:52694/2	101	101	1	smNRPS-1/2	5910	2384	2484	99.01	1.76e-42
C65YPACXX150129:7:1316:14085:38785/1	101	100	2	smNRPS-1/2	5910	4787	4885	100	4.89e-43
C65YPACXX150129:7:2110:14999:52873/1	99	99	1	smNRPS-1/2	5910	148	246	100	4.89e-43
C65YPACXX150129:6:1207:5775:91867/1	101	99	1	smNRPS-1/2	5910	2639	2737	100	4.89e-43
C65YPACXX150129:8:1108:11159:48721/2	101	101	3	smNRPS-1/2	5910	5309	5407	100	4.89e-43
C65YPACXX150129:8:2202:11914:77317/2	100	1	100	smNRPS-1/2	5910	822	921	100	1.36e-43
C65YPACXX150129:7:1115:5994:50443/1	101	100	1	smNRPS-1/2	5910	122	221	100	1.36e-43
C65YPACXX150129:8:2308:18240:78047/1	101	1	101	smNRPS-1/2	5910	581	681	100	3.78e-44
C65YPACXX150129:8:2308:18240:78047/2	101	101	1	smNRPS-1/2	5910	816	916	100	3.78e-44
C65YPACXX150129:7:1104:15598:54388/1	101	101	1	smNRPS-1/2	5910	5244	5344	100	3.78e-44
C65YPACXX150129:8:1211:8193:67018/1	101	1	101	smNRPS-1/2	5910	2919	3019	100	3.78e-44
C65YPACXX150129:7:2312:6650:57238/1	101	1	101	smNRPS-1/2	5910	3190	3290	100	3.78e-44
C65YPACXX150129:7:1211:20242:36071/2	101	1	101	smNRPS-1/2	5910	2922	3022	100	3.78e-44
C65YPACXX150129:6:2203:18287:88104/2	101	1	101	smNRPS-1/2	5910	771	871	100	3.78e-44
C65YPACXX150129:8:2107:2876:92333/1	101	1	101	smNRPS-1/2	5910	3190	3290	100	3.78e-44
C65YPACXX150129:8:2115:15244:56049/1	101	101	1	smNRPS-1/2	5910	5778	5878	100	3.78e-44
C65YPACXX150129:6:2309:15996:64633/1	101	101	1	smNRPS-1/2	5910	2254	2354	100	3.78e-44
C65YPACXX150129:6:2309:15996:64633/2	101	1	101	smNRPS-1/2	5910	2202	2302	100	3.78e-44
C65YPACXX150129:7:1202:17903:61334/2	101	1	101	smNRPS-1/2	5910	2194	2294	100	3.78e-44
C65YPACXX150129:6:1107:4843:27400/1	101	1	101	smNRPS-1/2	5910	3190	3290	100	3.78e-44
C65YPACXX150129:7:2105:16640:58869/1	101	101	1	smNRPS-1/2	5910	1384	1484	100	3.78e-44
C65YPACXX150129:7:2208:11843:81431/1	101	1	101	smNRPS-1/2	5910	2921	3021	100	3.78e-44
C65YPACXX150129:7:2208:11843:81431/2	101	101	1	smNRPS-1/2	5910	3171	3271	100	3.78e-44
C65YPACXX150129:7:2302:1372:47964/2	101	101	1	smNRPS-1/2	5910	1861	1961	100	3.78e-44
C65YPACXX150129:6:1208:2012:62636/2	101	101	1	smNRPS-1/2	5910	585	685	100	3.78e-44
C65YPACXX150129:8:2104:1538:20966/2	101	101	1	smNRPS-1/2	5910	131	231	100	3.78e-44
C65YPACXX150129:7:2313:20222:51965/2	101	1	101	smNRPS-1/2	5910	2301	2401	100	3.78e-44
C65YPACXX150129:6:2207:17323:98806/1	101	101	1	smNRPS-1/2	5910	721	821	100	3.78e-44
C65YPACXX150129:7:2103:13358:99525/1	101	1	101	smNRPS-1/2	5910	2205	2305	100	3.78e-44
C65YPACXX150129:6:2113:3399:70249/1	101	101	1	smNRPS-1/2	5910	2281	2381	100	3.78e-44
C65YPACXX150129:8:2305:13081:66177/2	101	1	101	smNRPS-1/2	5910	871	971	100	3.78e-44
C65YPACXX150129:8:1216:18345:67373/2	101	1	101	smNRPS-1/2	5910	3154	3254	100	3.78e-44
C65YPACXX150129:8:1205:8477:85428/1	101	1	101	smNRPS-1/2	5910	822	922	100	3.78e-44
C65YPACXX150129:6:2207:6767:93033/1	101	1	101	smNRPS-1/2	5910	1384	1484	100	3.78e-44
C65YPACXX150129:8:2203:10916:64479/1	101	101	1	smNRPS-1/2	5910	5307	5407	100	3.78e-44
C65YPACXX150129:6:2306:1813:60423/1	101	1	101	smNRPS-1/2	5910	771	871	100	3.78e-44
C65YPACXX150129:6:2306:1813:60423/2	101	101	1	smNRPS-1/2	5910	858	958	100	3.78e-44
C65YPACXX150129:8:2105:4625:10444/1	101	1	101	smNRPS-1/2	5910	2163	2263	100	3.78e-44
C65YPACXX150129:6:2105:12252:93781/2	101	1	101	smNRPS-1/2	5910	2934	3034	100	3.78e-44
C65YPACXX150129:8:2114:4835:2374/1	101	1	101	smNRPS-1/2	5910	2127	2227	100	3.78e-44
C65YPACXX150129:8:2114:4835:2374/2	101	101	1	smNRPS-1/2	5910	2150	2250	100	3.78e-44
C65YPACXX150129:8:2108:19789:68151/2	101	1	101	smNRPS-1/2	5910	3154	3254	100	3.78e-44
C65YPACXX150129:6:1102:6611:59811/2	101	1	101	smNRPS-1/2	5910	792	892	100	3.78e-44
C65YPACXX150129:6:1307:1540:30416/1	101	1	101	smNRPS-1/2	5910	1890	1990	100	3.78e-44
C65YPACXX150129:7:1313:12763:71893/1	101	101	1	smNRPS-1/2	5910	2150	2250	100	3.78e-44
C65YPACXX150129:6:2203:7312:33864/1	101	101	1	smNRPS-1/2	5910	721	821	100	3.78e-44
C65YPACXX150129:8:2115:3978:17678/1	101	1	101	smNRPS-1/2	5910	160	260	100	3.78e-44
C65YPACXX150129:7:1309:6273:49098/1	101	1	101	smNRPS-1/2	5910	2919	3019	100	3.78e-44
C65YPACXX150129:7:1311:18569:9390/2	101	1	101	smNRPS-1/2	5910	1891	1991	100	3.78e-44
C65YPACXX150129:6:1102:12615:42407/2	101	101	1	smNRPS-1/2	5910	3192	3292	100	3.78e-44
C65YPACXX150129:8:2101:2512:19648/1	101	101	1	smNRPS-1/2	5910	821	921	100	3.78e-44
C65YPACXX150129:8:2101:2512:19648/2	101	1	101	smNRPS-1/2	5910	762	862	100	3.78e-44
C65YPACXX150129:7:2207:3694:61607/1	101	101	1	smNRPS-1/2	5910	1563	1663	100	3.78e-44
C65YPACXX150129:6:2307:18239:30453/1	101	101	1	smNRPS-1/2	5910	5753	5853	100	3.78e-44
C65YPACXX150129:8:2114:12968:44862/2	101	1	101	smNRPS-1/2	5910	2919	3019	100	3.78e-44
C65YPACXX150129:8:1105:15254:35997/1	101	101	1	smNRPS-1/2	5910	2924	3024	100	3.78e-44
C65YPACXX150129:6:1206:6375:31947/2	101	1	101	smNRPS-1/2	5910	786	886	100	3.78e-44
C65YPACXX150129:8:1209:3627:38464/2	101	101	1	smNRPS-1/2	5910	3173	3273	100	3.78e-44
C65YPACXX150129:8:1108:11159:48721/1	101	1	101	smNRPS-1/2	5910	5283	5383	100	3.78e-44
C65YPACXX150129:7:2108:7666:76150/1	101	101	1	smNRPS-1/2	5910	2299	2399	100	3.78e-44
C65YPACXX150129:7:2108:7666:76150/2	101	1	101	smNRPS-1/2	5910	2297	2397	100	3.78e-44
C65YPACXX150129:8:1308:20011:71488/2	101	1	101	smNRPS-1/2	5910	2137	2237	100	3.78e-44
C65YPACXX150129:6:2305:3374:85322/1	101	1	101	smNRPS-1/2	5910	793	893	100	3.78e-44
C65YPACXX150129:8:2207:16103:82801/1	101	101	1	smNRPS-1/2	5910	5263	5363	100	3.78e-44
C65YPACXX150129:8:2316:11215:17959/1	101	101	1	smNRPS-1/2	5910	3173	3273	100	3.78e-44
C65YPACXX150129:8:1201:16034:21306/1	101	101	1	smNRPS-1/2	5910	2188	2288	100	3.78e-44
