C662FACXX150129:2:2313:6701:31619/2	69	1	69	smNRPS-1/2	5910	5556	5624	100	1.9e-26
C662FACXX150129:3:2311:13652:26240/2	79	1	79	smNRPS-1/2	5910	1172	1250	96.203	5.29e-27
C662FACXX150129:4:1213:4449:24397/1	101	1	98	smNRPS-1/2	5910	1263	1360	96.939	1.45e-37
C662FACXX150129:3:2105:5062:68708/1	92	1	92	smNRPS-1/2	5910	655	746	98.913	1.45e-37
C662FACXX150129:5:1211:17009:76646/2	98	1	98	smNRPS-1/2	5910	411	508	97.959	3.12e-39
C662FACXX150129:4:1206:15252:33757/1	101	1	101	smNRPS-1/2	5910	4871	4971	98.02	6.7e-41
C662FACXX150129:3:2207:6599:77280/1	101	1	101	smNRPS-1/2	5910	1846	1946	100	3.1e-44
C662FACXX150129:3:2207:6599:77280/2	101	101	1	smNRPS-1/2	5910	1931	2031	100	3.1e-44
C662FACXX150129:2:2313:6701:31619/1	101	32	101	smNRPS-1/2	5910	1	70	98.571	2.49e-25
C662FACXX150129:6:2316:2204:81355/1	83	1	83	smNRPS-1/2	5910	5819	5901	100	3.18e-34
C662FACXX150129:7:2303:1195:61645/1	101	93	1	smNRPS-1/2	5910	3857	3949	96.774	8.84e-35
C662FACXX150129:7:2104:20189:24649/1	101	93	1	smNRPS-1/2	5910	3857	3949	96.774	8.84e-35
C662FACXX150129:6:2113:15069:69798/2	84	84	1	smNRPS-1/2	5910	5024	5107	100	8.84e-35
C662FACXX150129:7:2303:1195:61645/2	101	1	94	smNRPS-1/2	5910	3857	3950	96.809	2.46e-35
C662FACXX150129:7:2104:20189:24649/2	101	1	94	smNRPS-1/2	5910	3857	3950	96.809	2.46e-35
C662FACXX150129:4:2109:16145:5668/1	91	1	91	smNRPS-1/2	5910	2552	2642	97.802	2.46e-35
C662FACXX150129:7:2212:9763:78082/2	92	92	1	smNRPS-1/2	5910	3467	3558	98.913	1.47e-37
C662FACXX150129:4:1213:4449:24397/2	101	1	101	smNRPS-1/2	5910	4550	4650	96.04	1.47e-37
C662FACXX150129:5:2312:10820:81142/1	101	101	1	smNRPS-1/2	5910	1630	1730	96.04	1.47e-37
C662FACXX150129:2:2210:11376:10169/1	101	1	93	smNRPS-1/2	5910	3396	3488	98.925	4.08e-38
C662FACXX150129:7:1208:19272:43411/1	101	101	1	smNRPS-1/2	5910	2736	2836	97.03	3.16e-39
C662FACXX150129:3:1201:7074:87410/2	101	1	101	smNRPS-1/2	5910	3849	3949	97.03	3.16e-39
C662FACXX150129:7:2306:6500:81966/2	101	1	101	smNRPS-1/2	5910	3849	3949	97.03	3.16e-39
C662FACXX150129:3:1201:7074:87410/1	100	99	1	smNRPS-1/2	5910	3895	3993	97.98	8.77e-40
C662FACXX150129:7:2306:6500:81966/1	101	99	1	smNRPS-1/2	5910	3895	3993	97.98	8.77e-40
C662FACXX150129:2:2210:11376:10169/2	101	93	1	smNRPS-1/2	5910	3396	3488	100	8.77e-40
C662FACXX150129:5:1108:2834:10581/1	101	101	1	smNRPS-1/2	5910	3601	3701	98.02	6.78e-41
C662FACXX150129:6:2113:15069:69798/1	101	1	101	smNRPS-1/2	5910	4522	4622	98.02	6.78e-41
C662FACXX150129:3:2114:10640:25882/2	101	101	1	smNRPS-1/2	5910	5066	5166	98.02	6.78e-41
C662FACXX150129:6:1109:12708:65331/1	101	101	1	smNRPS-1/2	5910	84	184	98.02	6.78e-41
C662FACXX150129:6:1109:12708:65331/2	101	1	101	smNRPS-1/2	5910	33	133	98.02	6.78e-41
C662FACXX150129:3:1312:3767:92231/2	99	99	1	smNRPS-1/2	5910	2888	2986	98.99	1.89e-41
C662FACXX150129:3:1312:3767:92231/1	101	1	101	smNRPS-1/2	5910	2376	2476	99.01	1.46e-42
C662FACXX150129:5:1108:2834:10581/2	101	1	101	smNRPS-1/2	5910	3506	3606	99.01	1.46e-42
C662FACXX150129:5:1211:17009:76646/1	101	1	101	smNRPS-1/2	5910	5323	5423	99.01	1.46e-42
C662FACXX150129:3:2114:10640:25882/1	101	1	101	smNRPS-1/2	5910	4785	4885	99.01	1.46e-42
C662FACXX150129:7:1208:19272:43411/2	101	1	100	smNRPS-1/2	5910	2639	2738	100	1.13e-43
C662FACXX150129:6:1101:17299:21161/1	101	101	1	smNRPS-1/2	5910	2254	2354	100	3.13e-44
C662FACXX150129:6:1101:17299:21161/2	101	1	101	smNRPS-1/2	5910	2189	2289	100	3.13e-44
C662FACXX150129:5:2212:14673:50175/1	101	1	101	smNRPS-1/2	5910	5819	5919	100	3.13e-44
C662FACXX150129:7:2212:9763:78082/1	101	1	101	smNRPS-1/2	5910	3453	3553	100	3.13e-44
C662FACXX150129:4:1315:11035:18825/1	101	1	101	smNRPS-1/2	5910	2103	2203	100	3.13e-44
C662FACXX150129:4:1315:11035:18825/2	101	101	1	smNRPS-1/2	5910	2113	2213	100	3.13e-44
C662FACXX150129:2:2201:16178:14203/1	101	1	101	smNRPS-1/2	5910	827	927	100	3.13e-44
C662FACXX150129:5:2205:6301:41421/2	101	1	101	smNRPS-1/2	5910	2264	2364	100	3.13e-44
