C662FACXX150129:3:1202:10138:33343/1	64	1	64	smNRPS-1/2	5910	2187	2250	100	6.07e-24
C662FACXX150129:7:1204:20066:53809/1	77	1	77	smNRPS-1/2	5910	4206	4282	100	3.6e-31
C662FACXX150129:6:1214:5065:97546/2	91	1	90	smNRPS-1/2	5910	1101	1190	100	2.14e-38
C662FACXX150129:6:1214:5065:97546/1	101	92	1	smNRPS-1/2	5910	1099	1190	100	1.65e-39
C662FACXX150129:7:1204:20066:53809/2	97	97	1	smNRPS-1/2	5910	4439	4535	100	2.75e-42
C662FACXX150129:3:2210:13446:43447/1	101	1	101	smNRPS-1/2	5910	1777	1877	100	1.64e-44
C662FACXX150129:7:1309:12224:77771/1	80	80	1	smNRPS-1/2	5910	716	795	98.75	3.64e-31
C662FACXX150129:2:2111:18923:50422/1	101	101	1	smNRPS-1/2	5910	3558	3658	99.01	7.72e-43
C662FACXX150129:6:2102:5027:79635/1	101	101	1	smNRPS-1/2	5910	2961	3061	100	1.66e-44
C662FACXX150129:6:2102:5027:79635/2	101	1	101	smNRPS-1/2	5910	2857	2957	100	1.66e-44
C662FACXX150129:6:2304:13404:95751/1	101	101	1	smNRPS-1/2	5910	2961	3061	100	1.66e-44
C662FACXX150129:6:2304:13404:95751/2	101	1	101	smNRPS-1/2	5910	2857	2957	100	1.66e-44
