C65YPACXX150129:7:1306:20324:15935/1	101	49	101	smNRPS-1/2	5910	1	53	100	1.96e-17
C65YPACXX150129:6:1215:13564:26055/1	67	1	67	smNRPS-1/2	5910	3882	3948	97.015	7.01e-22
C65YPACXX150129:8:2215:5856:25822/1	69	1	69	smNRPS-1/2	5910	3148	3216	100	2.5e-26
C65YPACXX150129:6:2204:4185:72700/2	76	1	76	smNRPS-1/2	5910	2359	2434	97.368	6.96e-27
C65YPACXX150129:8:1205:12814:59552/2	76	1	76	smNRPS-1/2	5910	3815	3890	98.684	1.5e-28
C65YPACXX150129:7:2308:10326:47143/2	79	1	79	smNRPS-1/2	5910	665	743	100	6.91e-32
C65YPACXX150129:8:2103:15318:94314/2	82	1	82	smNRPS-1/2	5910	3321	3402	100	1.49e-33
C65YPACXX150129:6:1310:8918:58636/1	91	1	91	smNRPS-1/2	5910	2569	2659	97.802	3.19e-35
C65YPACXX150129:8:1109:3140:33178/2	101	1	101	smNRPS-1/2	5910	3256	3356	95.05	8.88e-36
C65YPACXX150129:8:2103:15318:94314/1	91	91	1	smNRPS-1/2	5910	3402	3492	98.901	6.86e-37
C65YPACXX150129:8:1109:3140:33178/1	101	101	1	smNRPS-1/2	5910	3632	3732	96.04	1.91e-37
C65YPACXX150129:8:2114:9962:53880/1	98	1	98	smNRPS-1/2	5910	3650	3747	96.939	1.91e-37
C65YPACXX150129:8:2114:14161:76629/1	101	1	101	smNRPS-1/2	5910	3236	3336	96.04	1.91e-37
C65YPACXX150129:8:1213:6025:60549/1	101	101	10	smNRPS-1/2	5910	1556	1647	98.913	1.91e-37
C65YPACXX150129:8:1309:7494:16184/1	101	1	93	smNRPS-1/2	5910	3207	3299	98.925	5.31e-38
C65YPACXX150129:8:1309:7494:16184/2	101	93	1	smNRPS-1/2	5910	3207	3299	98.925	5.31e-38
C65YPACXX150129:7:2105:7531:98473/2	101	101	1	smNRPS-1/2	5910	5259	5359	97.03	4.1e-39
C65YPACXX150129:7:1116:3478:69723/1	101	1	101	smNRPS-1/2	5910	4745	4845	97.03	4.1e-39
C65YPACXX150129:7:2304:19063:48668/2	101	101	1	smNRPS-1/2	5910	1196	1296	97.03	4.1e-39
C65YPACXX150129:6:1106:2045:34427/2	92	1	92	smNRPS-1/2	5910	833	924	100	4.1e-39
C65YPACXX150129:8:1113:7165:9017/2	101	1	101	smNRPS-1/2	5910	1172	1272	97.03	4.1e-39
C65YPACXX150129:6:2204:4185:72700/1	98	98	1	smNRPS-1/2	5910	2371	2468	97.959	4.1e-39
C65YPACXX150129:8:2308:10962:32300/1	101	1	95	smNRPS-1/2	5910	1177	1271	98.947	4.1e-39
C65YPACXX150129:6:2102:20871:48604/1	101	1	92	smNRPS-1/2	5910	1082	1173	100	4.1e-39
C65YPACXX150129:8:2308:10962:32300/2	101	96	1	smNRPS-1/2	5910	1176	1271	98.958	1.14e-39
C65YPACXX150129:6:2102:20871:48604/2	101	93	1	smNRPS-1/2	5910	1081	1173	100	1.14e-39
C65YPACXX150129:6:2114:18632:76439/1	96	96	1	smNRPS-1/2	5910	94	189	98.958	1.14e-39
C65YPACXX150129:7:1311:9521:67059/1	101	1	98	smNRPS-1/2	5910	663	759	98.98	3.17e-40
C65YPACXX150129:7:1311:9521:67059/2	101	100	3	smNRPS-1/2	5910	663	759	98.98	3.17e-40
C65YPACXX150129:6:2309:11503:2510/1	101	1	97	smNRPS-1/2	5910	3502	3598	98.969	3.17e-40
C65YPACXX150129:6:2309:11503:2510/2	101	97	1	smNRPS-1/2	5910	3502	3598	98.969	3.17e-40
C65YPACXX150129:6:2308:19995:64386/1	101	97	1	smNRPS-1/2	5910	5459	5555	98.969	3.17e-40
C65YPACXX150129:8:2105:8391:91906/2	98	98	1	smNRPS-1/2	5910	2278	2375	98.98	8.82e-41
C65YPACXX150129:8:2306:5008:27289/1	101	101	1	smNRPS-1/2	5910	4668	4768	98.02	8.82e-41
C65YPACXX150129:8:2306:5008:27289/2	101	1	101	smNRPS-1/2	5910	4653	4753	98.02	8.82e-41
C65YPACXX150129:8:2114:9962:53880/2	101	101	1	smNRPS-1/2	5910	3842	3942	98.02	8.82e-41
C65YPACXX150129:6:1115:20630:35622/2	101	101	1	smNRPS-1/2	5910	5508	5608	98.02	8.82e-41
C65YPACXX150129:8:1115:8655:87141/1	101	1	101	smNRPS-1/2	5910	5299	5399	98.02	8.82e-41
C65YPACXX150129:8:1115:8655:87141/2	101	101	1	smNRPS-1/2	5910	5361	5461	98.02	8.82e-41
C65YPACXX150129:6:1203:7510:54505/1	101	101	1	smNRPS-1/2	5910	5249	5349	98.02	8.82e-41
C65YPACXX150129:6:1203:7510:54505/2	101	1	101	smNRPS-1/2	5910	5250	5350	98.02	8.82e-41
C65YPACXX150129:7:1306:20324:15935/2	101	101	1	smNRPS-1/2	5910	138	238	98.02	8.82e-41
C65YPACXX150129:6:2213:3049:91747/2	101	101	1	smNRPS-1/2	5910	2724	2824	98.02	8.82e-41
C65YPACXX150129:7:2308:10326:47143/1	101	101	1	smNRPS-1/2	5910	751	851	98.02	8.82e-41
C65YPACXX150129:8:1103:14721:85107/2	101	101	1	smNRPS-1/2	5910	2669	2769	98.02	8.82e-41
C65YPACXX150129:7:1213:7886:93186/1	101	1	99	smNRPS-1/2	5910	2846	2944	98.99	2.45e-41
C65YPACXX150129:7:1213:7886:93186/2	101	100	1	smNRPS-1/2	5910	2913	3012	99	6.82e-42
C65YPACXX150129:6:1105:1899:60955/2	101	101	1	smNRPS-1/2	5910	4571	4671	99.01	1.9e-42
C65YPACXX150129:8:2314:8524:84088/1	101	1	101	smNRPS-1/2	5910	4012	4112	99.01	1.9e-42
C65YPACXX150129:8:1202:11199:23967/1	101	101	1	smNRPS-1/2	5910	367	467	99.01	1.9e-42
C65YPACXX150129:6:1215:20663:74458/1	101	101	1	smNRPS-1/2	5910	3229	3329	99.01	1.9e-42
C65YPACXX150129:8:1204:12406:67218/2	101	1	101	smNRPS-1/2	5910	2829	2929	99.01	1.9e-42
C65YPACXX150129:7:1207:4813:63328/1	101	1	101	smNRPS-1/2	5910	5301	5401	99.01	1.9e-42
C65YPACXX150129:8:1306:5456:30153/1	101	1	101	smNRPS-1/2	5910	5341	5441	99.01	1.9e-42
C65YPACXX150129:7:2303:10969:27573/2	101	101	1	smNRPS-1/2	5910	3424	3524	99.01	1.9e-42
C65YPACXX150129:6:1115:20630:35622/1	101	1	101	smNRPS-1/2	5910	5341	5441	99.01	1.9e-42
C65YPACXX150129:6:2115:12065:86807/1	101	1	101	smNRPS-1/2	5910	2802	2902	99.01	1.9e-42
C65YPACXX150129:6:2213:3049:91747/1	101	1	101	smNRPS-1/2	5910	2624	2724	99.01	1.9e-42
C65YPACXX150129:6:1213:4615:16981/1	101	1	101	smNRPS-1/2	5910	2919	3019	99.01	1.9e-42
C65YPACXX150129:6:1213:4615:16981/2	101	101	1	smNRPS-1/2	5910	3025	3125	99.01	1.9e-42
C65YPACXX150129:6:1111:12547:27429/1	101	101	1	smNRPS-1/2	5910	3414	3514	99.01	1.9e-42
C65YPACXX150129:8:1202:11365:19561/1	101	101	1	smNRPS-1/2	5910	367	467	99.01	1.9e-42
C65YPACXX150129:6:1215:20663:74458/2	101	1	99	smNRPS-1/2	5910	3147	3245	100	5.27e-43
C65YPACXX150129:8:2215:13420:71865/1	101	1	99	smNRPS-1/2	5910	4992	5090	100	5.27e-43
C65YPACXX150129:8:2215:13420:71865/2	101	99	1	smNRPS-1/2	5910	4992	5090	100	5.27e-43
C65YPACXX150129:8:1315:13310:39215/2	100	1	100	smNRPS-1/2	5910	4481	4580	100	1.47e-43
C65YPACXX150129:7:2214:13352:100463/1	100	1	100	smNRPS-1/2	5910	3084	3183	100	1.47e-43
C65YPACXX150129:7:2105:7531:98473/1	101	1	101	smNRPS-1/2	5910	5039	5139	100	4.07e-44
C65YPACXX150129:8:1315:13310:39215/1	101	101	1	smNRPS-1/2	5910	4603	4703	100	4.07e-44
C65YPACXX150129:6:1105:1899:60955/1	101	1	101	smNRPS-1/2	5910	4527	4627	100	4.07e-44
C65YPACXX150129:8:2314:8524:84088/2	101	101	1	smNRPS-1/2	5910	4095	4195	100	4.07e-44
C65YPACXX150129:8:2105:8391:91906/1	101	1	101	smNRPS-1/2	5910	1923	2023	100	4.07e-44
C65YPACXX150129:7:1116:3478:69723/2	101	101	1	smNRPS-1/2	5910	4954	5054	100	4.07e-44
C65YPACXX150129:8:1205:12814:59552/1	101	101	1	smNRPS-1/2	5910	4095	4195	100	4.07e-44
C65YPACXX150129:8:1204:12406:67218/1	101	101	1	smNRPS-1/2	5910	2947	3047	100	4.07e-44
C65YPACXX150129:7:1207:4813:63328/2	101	101	1	smNRPS-1/2	5910	5367	5467	100	4.07e-44
C65YPACXX150129:8:1213:7229:59287/1	101	1	101	smNRPS-1/2	5910	1745	1845	100	4.07e-44
C65YPACXX150129:8:1213:7229:59287/2	101	101	1	smNRPS-1/2	5910	2213	2313	100	4.07e-44
C65YPACXX150129:8:2305:15309:101068/1	101	1	101	smNRPS-1/2	5910	1488	1588	100	4.07e-44
C65YPACXX150129:8:2305:15309:101068/2	101	101	1	smNRPS-1/2	5910	1551	1651	100	4.07e-44
C65YPACXX150129:8:1116:12731:29177/1	101	1	101	smNRPS-1/2	5910	4499	4599	100	4.07e-44
C65YPACXX150129:8:1116:12731:29177/2	101	101	1	smNRPS-1/2	5910	4534	4634	100	4.07e-44
C65YPACXX150129:6:1106:2045:34427/1	101	101	1	smNRPS-1/2	5910	835	935	100	4.07e-44
C65YPACXX150129:7:2303:10969:27573/1	101	1	101	smNRPS-1/2	5910	3293	3393	100	4.07e-44
C65YPACXX150129:6:2115:12065:86807/2	101	101	1	smNRPS-1/2	5910	2947	3047	100	4.07e-44
C65YPACXX150129:7:1301:15820:69780/1	101	1	101	smNRPS-1/2	5910	483	583	100	4.07e-44
C65YPACXX150129:7:1301:15820:69780/2	101	101	1	smNRPS-1/2	5910	493	593	100	4.07e-44
C65YPACXX150129:7:2214:13352:100463/2	101	101	1	smNRPS-1/2	5910	3098	3198	100	4.07e-44
C65YPACXX150129:6:1115:4593:15780/1	101	101	1	smNRPS-1/2	5910	5686	5786	100	4.07e-44
C65YPACXX150129:6:1115:4593:15780/2	101	1	101	smNRPS-1/2	5910	5600	5700	100	4.07e-44
C65YPACXX150129:7:1216:11397:69858/1	101	1	101	smNRPS-1/2	5910	2431	2531	100	4.07e-44
C65YPACXX150129:7:1216:11397:69858/2	101	101	1	smNRPS-1/2	5910	2438	2538	100	4.07e-44
C65YPACXX150129:7:1303:1617:72943/1	101	1	101	smNRPS-1/2	5910	981	1081	100	4.07e-44
C65YPACXX150129:7:1303:1617:72943/2	101	101	1	smNRPS-1/2	5910	995	1095	100	4.07e-44
C65YPACXX150129:8:1103:14721:85107/1	101	1	101	smNRPS-1/2	5910	2432	2532	100	4.07e-44
C65YPACXX150129:7:1104:17783:34792/1	101	1	101	smNRPS-1/2	5910	4445	4545	100	4.07e-44
C65YPACXX150129:7:1104:17783:34792/2	101	101	1	smNRPS-1/2	5910	4447	4547	100	4.07e-44
C65YPACXX150129:6:1111:12547:27429/2	101	1	101	smNRPS-1/2	5910	3321	3421	100	4.07e-44
C65YPACXX150129:8:2216:15832:24308/1	101	1	101	smNRPS-1/2	5910	1745	1845	100	4.07e-44
C65YPACXX150129:6:2105:16247:85083/1	70	70	1	smNRPS-1/2	5910	393	462	98.571	3.28e-25
C65YPACXX150129:8:2214:17442:37562/1	101	1	75	smNRPS-1/2	5910	5871	5945	97.333	2.53e-26
C65YPACXX150129:8:2214:17442:37562/2	101	97	23	smNRPS-1/2	5910	5871	5945	97.333	2.53e-26
C65YPACXX150129:8:1203:9056:49767/2	81	81	1	smNRPS-1/2	5910	4844	4924	97.531	1.17e-29
C65YPACXX150129:6:2112:20707:6282/1	78	78	1	smNRPS-1/2	5910	1526	1603	98.718	1.17e-29
C65YPACXX150129:6:2316:5188:14457/1	77	77	1	smNRPS-1/2	5910	759	835	100	9.05e-31
C65YPACXX150129:7:1105:16384:81655/2	101	100	1	smNRPS-1/2	5910	5619	5718	95	3.23e-35
C65YPACXX150129:7:2112:13993:29227/2	101	1	101	smNRPS-1/2	5910	4916	5016	95.05	8.99e-36
C65YPACXX150129:8:2114:14161:76629/2	101	1	101	smNRPS-1/2	5910	2079	2179	95.05	8.99e-36
C65YPACXX150129:8:2107:11571:85238/1	98	92	1	smNRPS-1/2	5910	3886	3977	97.826	8.99e-36
C65YPACXX150129:6:1203:16571:25486/2	101	101	1	smNRPS-1/2	5910	4515	4615	95.05	8.99e-36
C65YPACXX150129:8:2104:4732:24101/2	90	90	1	smNRPS-1/2	5910	3786	3875	98.889	2.5e-36
C65YPACXX150129:8:2303:17791:92002/1	92	1	92	smNRPS-1/2	5910	976	1067	98.913	1.93e-37
C65YPACXX150129:7:2113:5421:27870/1	101	1	101	smNRPS-1/2	5910	4711	4811	96.04	1.93e-37
C65YPACXX150129:7:1304:10158:35822/1	101	101	1	smNRPS-1/2	5910	3667	3767	96.04	1.93e-37
C65YPACXX150129:8:2109:6694:38955/1	101	101	1	smNRPS-1/2	5910	3660	3760	96.04	1.93e-37
C65YPACXX150129:6:2304:11241:12633/1	101	101	1	smNRPS-1/2	5910	3797	3897	96.04	1.93e-37
C65YPACXX150129:7:2105:7318:46018/1	101	1	101	smNRPS-1/2	5910	4550	4650	96.04	1.93e-37
C65YPACXX150129:7:2105:7318:46018/2	101	101	1	smNRPS-1/2	5910	4582	4682	96.04	1.93e-37
C65YPACXX150129:7:2114:12509:85617/1	101	1	101	smNRPS-1/2	5910	1088	1188	96.04	1.93e-37
C65YPACXX150129:7:2114:12509:85617/2	101	101	1	smNRPS-1/2	5910	1101	1201	96.04	1.93e-37
C65YPACXX150129:7:2308:4006:47729/1	101	1	101	smNRPS-1/2	5910	1089	1189	96.04	1.93e-37
C65YPACXX150129:7:2206:5969:92516/1	100	100	1	smNRPS-1/2	5910	3545	3644	97	1.49e-38
C65YPACXX150129:7:2306:20892:77517/1	97	97	1	smNRPS-1/2	5910	2471	2567	97.938	1.49e-38
C65YPACXX150129:8:2205:17486:70354/1	99	1	97	smNRPS-1/2	5910	3620	3716	97.938	1.49e-38
C65YPACXX150129:8:2303:17791:92002/2	101	101	1	smNRPS-1/2	5910	1024	1124	97.03	4.15e-39
C65YPACXX150129:7:2101:4114:59888/2	101	1	101	smNRPS-1/2	5910	4994	5094	97.03	4.15e-39
C65YPACXX150129:6:1301:15758:17026/1	101	101	1	smNRPS-1/2	5910	3863	3963	97.03	4.15e-39
C65YPACXX150129:6:1105:8260:25980/1	101	101	1	smNRPS-1/2	5910	5504	5604	97.03	4.15e-39
C65YPACXX150129:8:1113:7165:9017/1	101	1	101	smNRPS-1/2	5910	4535	4635	97.03	4.15e-39
C65YPACXX150129:7:2112:13993:29227/1	101	101	1	smNRPS-1/2	5910	5136	5236	97.03	4.15e-39
C65YPACXX150129:8:2207:7178:4511/1	101	98	1	smNRPS-1/2	5910	4171	4268	97.959	4.15e-39
C65YPACXX150129:7:1105:16384:81655/1	101	1	101	smNRPS-1/2	5910	5529	5629	97.03	4.15e-39
C65YPACXX150129:7:2308:4006:47729/2	101	101	1	smNRPS-1/2	5910	1203	1303	97.03	4.15e-39
C65YPACXX150129:7:2112:20052:69350/2	101	1	101	smNRPS-1/2	5910	2017	2117	97.03	4.15e-39
C65YPACXX150129:8:2313:1153:92565/2	96	1	96	smNRPS-1/2	5910	3511	3606	98.958	1.15e-39
C65YPACXX150129:6:1308:16087:73725/1	96	96	1	smNRPS-1/2	5910	2389	2484	98.958	1.15e-39
C65YPACXX150129:7:1304:10158:35822/2	101	1	101	smNRPS-1/2	5910	3615	3715	98.02	8.92e-41
C65YPACXX150129:6:1212:19577:91118/1	101	1	101	smNRPS-1/2	5910	3138	3238	98.02	8.92e-41
C65YPACXX150129:6:1314:19127:74510/1	101	101	1	smNRPS-1/2	5910	3556	3656	98.02	8.92e-41
C65YPACXX150129:8:2109:6694:38955/2	101	1	101	smNRPS-1/2	5910	3642	3742	98.02	8.92e-41
C65YPACXX150129:6:2304:11241:12633/2	101	1	101	smNRPS-1/2	5910	3731	3831	98.02	8.92e-41
C65YPACXX150129:6:1206:14079:101075/2	101	1	101	smNRPS-1/2	5910	1292	1392	98.02	8.92e-41
C65YPACXX150129:8:2104:4732:24101/1	101	1	101	smNRPS-1/2	5910	3627	3727	98.02	8.92e-41
C65YPACXX150129:8:2107:11571:85238/2	101	1	98	smNRPS-1/2	5910	3785	3882	98.98	8.92e-41
C65YPACXX150129:8:2207:7178:4511/2	101	1	101	smNRPS-1/2	5910	4141	4241	98.02	8.92e-41
C65YPACXX150129:8:1209:6649:53448/1	101	1	101	smNRPS-1/2	5910	2026	2126	98.02	8.92e-41
C65YPACXX150129:8:1209:6649:53448/2	98	98	1	smNRPS-1/2	5910	2390	2487	98.98	8.92e-41
C65YPACXX150129:8:2313:1153:92565/1	101	101	1	smNRPS-1/2	5910	3574	3674	98.02	8.92e-41
C65YPACXX150129:6:1101:3936:65945/1	101	1	101	smNRPS-1/2	5910	3275	3375	98.02	8.92e-41
C65YPACXX150129:8:2315:11101:52591/1	101	101	1	smNRPS-1/2	5910	2479	2579	98.02	8.92e-41
C65YPACXX150129:6:2204:1958:35402/1	101	1	101	smNRPS-1/2	5910	3636	3736	98.02	8.92e-41
C65YPACXX150129:6:1105:8260:25980/2	100	1	100	smNRPS-1/2	5910	5350	5449	99	6.9e-42
C65YPACXX150129:7:2305:16427:3894/1	101	101	1	smNRPS-1/2	5910	3506	3606	99.01	1.92e-42
C65YPACXX150129:7:2305:16427:3894/2	101	1	101	smNRPS-1/2	5910	3358	3458	99.01	1.92e-42
C65YPACXX150129:8:1203:9056:49767/1	101	1	101	smNRPS-1/2	5910	4811	4911	99.01	1.92e-42
C65YPACXX150129:7:2101:4114:59888/1	101	101	1	smNRPS-1/2	5910	5319	5419	99.01	1.92e-42
C65YPACXX150129:7:2301:12471:41026/1	101	101	1	smNRPS-1/2	5910	2387	2487	99.01	1.92e-42
C65YPACXX150129:7:2206:5969:92516/2	101	1	101	smNRPS-1/2	5910	3483	3583	99.01	1.92e-42
C65YPACXX150129:7:2308:8045:50515/1	101	101	1	smNRPS-1/2	5910	4795	4895	99.01	1.92e-42
C65YPACXX150129:7:2113:5421:27870/2	101	101	1	smNRPS-1/2	5910	4795	4895	99.01	1.92e-42
C65YPACXX150129:7:2304:19063:48668/1	101	101	1	smNRPS-1/2	5910	5084	5184	99.01	1.92e-42
C65YPACXX150129:6:1301:15758:17026/2	101	1	101	smNRPS-1/2	5910	3778	3878	99.01	1.92e-42
C65YPACXX150129:6:2105:16247:85083/2	101	1	101	smNRPS-1/2	5910	186	286	99.01	1.92e-42
C65YPACXX150129:6:1206:14079:101075/1	101	101	1	smNRPS-1/2	5910	1355	1455	99.01	1.92e-42
C65YPACXX150129:6:2112:20707:6282/2	101	1	101	smNRPS-1/2	5910	1347	1447	99.01	1.92e-42
C65YPACXX150129:7:2301:12695:32984/2	101	1	101	smNRPS-1/2	5910	3326	3426	99.01	1.92e-42
C65YPACXX150129:6:1101:3936:65945/2	101	101	1	smNRPS-1/2	5910	3337	3437	99.01	1.92e-42
C65YPACXX150129:7:1110:15323:26927/1	101	101	1	smNRPS-1/2	5910	2790	2890	99.01	1.92e-42
C65YPACXX150129:7:1110:15323:26927/2	101	1	101	smNRPS-1/2	5910	2517	2617	99.01	1.92e-42
C65YPACXX150129:6:2316:5188:14457/2	101	1	101	smNRPS-1/2	5910	727	827	99.01	1.92e-42
C65YPACXX150129:8:1307:8564:16677/1	101	101	1	smNRPS-1/2	5910	5084	5184	99.01	1.92e-42
C65YPACXX150129:7:2210:3191:96183/1	101	101	1	smNRPS-1/2	5910	3012	3112	99.01	1.92e-42
C65YPACXX150129:7:2301:12471:41026/2	101	1	101	smNRPS-1/2	5910	2230	2330	100	4.12e-44
C65YPACXX150129:7:2308:8045:50515/2	101	1	101	smNRPS-1/2	5910	4765	4865	100	4.12e-44
C65YPACXX150129:7:1113:13908:89701/1	101	1	101	smNRPS-1/2	5910	2185	2285	100	4.12e-44
C65YPACXX150129:7:1113:13908:89701/2	101	101	1	smNRPS-1/2	5910	2209	2309	100	4.12e-44
C65YPACXX150129:6:1212:19577:91118/2	101	101	1	smNRPS-1/2	5910	3190	3290	100	4.12e-44
C65YPACXX150129:6:1314:19127:74510/2	101	1	101	smNRPS-1/2	5910	3453	3553	100	4.12e-44
C65YPACXX150129:7:2301:12695:32984/1	101	101	1	smNRPS-1/2	5910	3381	3481	100	4.12e-44
C65YPACXX150129:8:2315:11101:52591/2	101	1	101	smNRPS-1/2	5910	2301	2401	100	4.12e-44
C65YPACXX150129:7:1310:5424:59103/1	101	101	1	smNRPS-1/2	5910	2303	2403	100	4.12e-44
C65YPACXX150129:7:1310:5424:59103/2	101	1	101	smNRPS-1/2	5910	2225	2325	100	4.12e-44
