C90P4ANXX160330:3:1209:6509:57941/1	80	1	80	smNRPS-1/2	5910	438	517	98.75	4.16e-31
C90P4ANXX160330:4:1107:15606:52592/2	101	101	1	smNRPS-1/2	5910	4733	4833	97.03	1.91e-39
C90P4ANXX160330:4:1107:15606:52592/1	100	1	100	smNRPS-1/2	5910	4711	4810	98	1.48e-40
C90P4ANXX160330:2:2303:9061:77106/1	100	99	1	smNRPS-1/2	5910	453	551	98.99	1.14e-41
C90P4ANXX160330:2:2303:9061:77106/2	101	1	100	smNRPS-1/2	5910	453	552	99	3.17e-42
C90P4ANXX160330:1:1103:20822:10393/1	100	100	1	smNRPS-1/2	5910	5464	5563	99	3.17e-42
C90P4ANXX160330:3:1209:6509:57941/2	101	101	1	smNRPS-1/2	5910	458	558	99.01	8.82e-43
C90P4ANXX160330:1:1103:20822:10393/2	101	1	101	smNRPS-1/2	5910	5433	5533	100	1.9e-44
C90P4ANXX160330:3:1113:4908:2458/1	101	97	1	smNRPS-1/2	5910	4034	4129	95.876	5.41e-35
C90P4ANXX160330:6:2311:4865:13141/1	100	1	100	smNRPS-1/2	5910	3529	3628	98	1.49e-40
C90P4ANXX160330:6:2311:4865:13141/2	100	100	1	smNRPS-1/2	5910	3567	3666	98	1.49e-40
