C8G6HANXX160303:8:2215:16085:19251/1	86	86	1	smNRPS-1/2	5910	5145	5231	97.701	1.49e-32
C8G6HANXX160303:8:1310:15529:74334/1	99	1	99	smNRPS-1/2	5910	5839	5937	98.99	1.9e-41
C8G6HANXX160303:5:2211:14375:67981/1	101	1	97	smNRPS-1/2	5910	4581	4677	100	5.28e-42
C8G6HANXX160303:5:2211:14375:67981/2	101	97	1	smNRPS-1/2	5910	4581	4677	100	5.28e-42
C8G6HANXX160303:5:1313:7280:51448/1	101	1	97	smNRPS-1/2	5910	4581	4677	100	5.28e-42
C8G6HANXX160303:5:1313:7280:51448/2	101	97	1	smNRPS-1/2	5910	4581	4677	100	5.28e-42
C8G6HANXX160303:7:2111:16573:18516/1	98	1	98	smNRPS-1/2	5910	4485	4582	100	1.47e-42
C8G6HANXX160303:8:2110:18724:14538/1	101	1	101	smNRPS-1/2	5910	2826	2926	99.01	1.47e-42
C8G6HANXX160303:3:2203:4131:16199/2	101	1	101	smNRPS-1/2	5910	2245	2345	99.01	1.47e-42
C8G6HANXX160303:8:2215:16085:19251/2	101	1	101	smNRPS-1/2	5910	5005	5105	99.01	1.47e-42
C8G6HANXX160303:7:2213:17463:64323/1	100	1	100	smNRPS-1/2	5910	408	507	100	1.14e-43
C8G6HANXX160303:7:2213:17463:64323/2	100	100	1	smNRPS-1/2	5910	614	713	100	1.14e-43
C8G6HANXX160303:4:2205:8305:24162/1	100	100	1	smNRPS-1/2	5910	5198	5297	100	1.14e-43
C8G6HANXX160303:3:2209:19884:65718/1	100	100	1	smNRPS-1/2	5910	5363	5462	100	1.14e-43
C8G6HANXX160303:6:2312:13882:64822/1	100	1	100	smNRPS-1/2	5910	4296	4395	100	1.14e-43
C8G6HANXX160303:7:2111:16573:18516/2	101	101	1	smNRPS-1/2	5910	4562	4662	100	3.16e-44
C8G6HANXX160303:4:2205:8305:24162/2	101	1	101	smNRPS-1/2	5910	5183	5283	100	3.16e-44
C8G6HANXX160303:8:2110:18724:14538/2	101	101	1	smNRPS-1/2	5910	2839	2939	100	3.16e-44
C8G6HANXX160303:3:2203:4131:16199/1	101	101	1	smNRPS-1/2	5910	2358	2458	100	3.16e-44
C8G6HANXX160303:3:2209:19884:65718/2	101	1	101	smNRPS-1/2	5910	5207	5307	100	3.16e-44
C8G6HANXX160303:5:2215:6056:7935/1	101	101	1	smNRPS-1/2	5910	1925	2025	100	3.16e-44
C8G6HANXX160303:5:2215:6056:7935/2	101	1	101	smNRPS-1/2	5910	1887	1987	100	3.16e-44
