C662FACXX150129:2:2204:7734:7275/1	62	1	62	smNRPS-1/2	5910	1382	1443	100	9.59e-23
C662FACXX150129:6:1202:9090:31106/1	63	1	63	smNRPS-1/2	5910	2614	2676	100	2.67e-23
C662FACXX150129:2:2303:2588:63652/2	72	1	72	smNRPS-1/2	5910	3869	3940	97.222	5.73e-25
C662FACXX150129:4:1204:19191:92553/2	73	73	1	smNRPS-1/2	5910	4256	4328	97.26	1.59e-25
C662FACXX150129:7:1209:17252:55287/1	68	68	1	smNRPS-1/2	5910	3488	3555	100	4.43e-26
C662FACXX150129:4:2310:17059:94559/2	71	3	71	smNRPS-1/2	5910	3913	3981	100	1.23e-26
C662FACXX150129:5:2304:11957:16157/2	101	1	69	smNRPS-1/2	5910	5807	5875	100	1.23e-26
C662FACXX150129:4:1216:17234:23224/1	72	72	1	smNRPS-1/2	5910	2998	3069	98.611	1.23e-26
C662FACXX150129:3:2201:15835:54003/1	72	1	72	smNRPS-1/2	5910	5570	5641	98.611	1.23e-26
C662FACXX150129:2:2304:2775:42763/1	73	73	1	smNRPS-1/2	5910	2594	2666	98.63	3.42e-27
C662FACXX150129:6:2116:11277:42228/2	70	1	70	smNRPS-1/2	5910	1928	1997	100	3.42e-27
C662FACXX150129:4:2305:6552:46678/1	70	1	70	smNRPS-1/2	5910	1159	1228	100	3.42e-27
C662FACXX150129:6:2211:5276:56923/2	74	1	74	smNRPS-1/2	5910	1936	2009	98.649	9.52e-28
C662FACXX150129:6:2307:5898:73825/1	71	71	1	smNRPS-1/2	5910	1949	2019	100	9.52e-28
C662FACXX150129:6:2302:20472:76967/1	74	74	1	smNRPS-1/2	5910	518	591	98.649	9.52e-28
C662FACXX150129:7:2206:6983:83057/2	79	1	76	smNRPS-1/2	5910	685	759	98.684	2.65e-28
C662FACXX150129:7:2310:20599:26932/2	83	83	1	smNRPS-1/2	5910	722	803	96.386	7.36e-29
C662FACXX150129:2:2307:1828:34404/2	77	1	77	smNRPS-1/2	5910	4654	4730	98.701	2.05e-29
C662FACXX150129:7:1102:6465:88046/2	77	77	1	smNRPS-1/2	5910	3026	3102	98.701	2.05e-29
C662FACXX150129:2:2216:10537:63998/2	78	1	78	smNRPS-1/2	5910	4695	4772	98.718	5.69e-30
C662FACXX150129:6:1211:19176:32442/2	77	1	77	smNRPS-1/2	5910	426	502	100	4.4e-31
C662FACXX150129:7:1208:19102:20353/1	80	80	1	smNRPS-1/2	5910	4332	4412	98.765	4.4e-31
C662FACXX150129:2:2303:2588:63652/1	78	78	1	smNRPS-1/2	5910	4215	4292	100	1.22e-31
C662FACXX150129:2:2212:15208:86497/2	78	78	1	smNRPS-1/2	5910	5705	5782	100	1.22e-31
C662FACXX150129:2:2304:2775:42763/2	85	1	85	smNRPS-1/2	5910	2401	2485	97.647	3.4e-32
C662FACXX150129:7:2302:15246:27108/1	80	1	80	smNRPS-1/2	5910	4203	4282	100	9.45e-33
C662FACXX150129:2:1215:19074:98793/2	83	83	1	smNRPS-1/2	5910	5478	5560	98.795	9.45e-33
C662FACXX150129:3:2301:7863:80422/1	83	83	1	smNRPS-1/2	5910	3050	3132	98.795	9.45e-33
C662FACXX150129:2:1109:12069:61201/1	83	83	1	smNRPS-1/2	5910	5267	5349	98.795	9.45e-33
C662FACXX150129:7:2302:15246:27108/2	87	87	1	smNRPS-1/2	5910	4674	4760	97.701	2.63e-33
C662FACXX150129:6:1211:19176:32442/1	82	82	1	smNRPS-1/2	5910	1210	1291	100	7.31e-34
C662FACXX150129:3:1206:3279:69591/2	82	82	1	smNRPS-1/2	5910	281	362	100	7.31e-34
C662FACXX150129:2:1307:14113:57209/2	89	1	89	smNRPS-1/2	5910	3664	3752	97.753	2.03e-34
C662FACXX150129:5:1102:11510:42609/1	93	93	1	smNRPS-1/2	5910	700	791	96.774	2.03e-34
C662FACXX150129:7:1306:4743:89587/2	83	1	83	smNRPS-1/2	5910	1373	1455	100	2.03e-34
C662FACXX150129:3:1111:8997:3482/2	86	1	86	smNRPS-1/2	5910	2170	2255	98.837	2.03e-34
C662FACXX150129:4:1312:7801:52848/2	86	1	86	smNRPS-1/2	5910	926	1011	98.837	2.03e-34
C662FACXX150129:4:2305:6552:46678/2	83	83	1	smNRPS-1/2	5910	1864	1946	100	2.03e-34
C662FACXX150129:4:1313:18874:48564/2	93	1	93	smNRPS-1/2	5910	2335	2427	96.774	5.65e-35
C662FACXX150129:3:2203:19405:71761/1	90	1	90	smNRPS-1/2	5910	5021	5110	97.778	5.65e-35
C662FACXX150129:7:1316:5192:73915/1	93	1	93	smNRPS-1/2	5910	3648	3740	96.774	5.65e-35
C662FACXX150129:3:1111:10027:94492/2	85	1	85	smNRPS-1/2	5910	4096	4180	100	1.57e-35
C662FACXX150129:3:1111:10662:83771/2	97	12	97	smNRPS-1/2	5910	1	86	100	4.37e-36
C662FACXX150129:3:2309:16194:68371/2	86	86	1	smNRPS-1/2	5910	5432	5517	100	4.37e-36
C662FACXX150129:7:2208:9860:54167/2	90	90	1	smNRPS-1/2	5910	1525	1614	98.889	1.21e-36
C662FACXX150129:6:2116:6875:79122/2	93	93	1	smNRPS-1/2	5910	5518	5610	97.849	1.21e-36
C662FACXX150129:4:2104:9991:76737/2	87	1	87	smNRPS-1/2	5910	1036	1122	100	1.21e-36
C662FACXX150129:4:1214:11229:80601/2	97	1	97	smNRPS-1/2	5910	685	780	96.907	1.21e-36
C662FACXX150129:2:1307:14113:57209/1	91	91	1	smNRPS-1/2	5910	3787	3877	98.901	3.38e-37
C662FACXX150129:2:2108:10817:99039/2	91	91	1	smNRPS-1/2	5910	5369	5459	98.901	3.38e-37
C662FACXX150129:4:1202:10774:7560/2	88	88	1	smNRPS-1/2	5910	5148	5235	100	3.38e-37
C662FACXX150129:5:2304:12286:79259/1	94	91	1	smNRPS-1/2	5910	2332	2422	98.901	3.38e-37
C662FACXX150129:2:2104:7180:66589/1	88	88	1	smNRPS-1/2	5910	1205	1292	100	3.38e-37
C662FACXX150129:6:2206:4616:41527/2	92	92	1	smNRPS-1/2	5910	891	982	98.913	9.38e-38
C662FACXX150129:7:1312:16885:63795/2	92	92	1	smNRPS-1/2	5910	2796	2887	98.913	9.38e-38
C662FACXX150129:6:2116:5331:20418/1	89	89	1	smNRPS-1/2	5910	2121	2209	100	9.38e-38
C662FACXX150129:5:1106:11214:97680/1	89	1	89	smNRPS-1/2	5910	4152	4240	100	9.38e-38
C662FACXX150129:6:2211:5276:56923/1	90	90	1	smNRPS-1/2	5910	2524	2613	100	2.61e-38
C662FACXX150129:5:2214:9979:60337/2	101	93	1	smNRPS-1/2	5910	5660	5752	98.925	2.61e-38
C662FACXX150129:2:2105:17234:74731/2	93	93	1	smNRPS-1/2	5910	948	1040	98.925	2.61e-38
C662FACXX150129:4:1109:8996:75031/1	94	1	94	smNRPS-1/2	5910	343	436	98.936	7.25e-39
C662FACXX150129:3:2101:17774:65766/2	97	97	1	smNRPS-1/2	5910	3603	3699	97.938	7.25e-39
C662FACXX150129:4:1111:18197:88722/1	94	1	94	smNRPS-1/2	5910	81	174	98.936	7.25e-39
C662FACXX150129:3:1316:13581:61378/2	91	1	91	smNRPS-1/2	5910	4063	4153	100	7.25e-39
C662FACXX150129:7:1109:12996:42148/2	100	1	100	smNRPS-1/2	5910	4274	4374	97.03	7.25e-39
C662FACXX150129:6:1105:6797:89597/2	91	91	1	smNRPS-1/2	5910	3400	3490	100	7.25e-39
C662FACXX150129:4:2213:17555:3844/2	97	1	97	smNRPS-1/2	5910	3764	3860	97.938	7.25e-39
C662FACXX150129:7:1203:14158:61527/2	97	1	97	smNRPS-1/2	5910	2802	2898	97.938	7.25e-39
C662FACXX150129:2:2303:13163:35264/1	91	1	91	smNRPS-1/2	5910	2022	2112	100	7.25e-39
C662FACXX150129:4:1310:13570:77628/1	91	1	91	smNRPS-1/2	5910	2187	2277	100	7.25e-39
C662FACXX150129:2:2207:16647:9692/1	101	1	95	smNRPS-1/2	5910	4324	4419	98.958	2.02e-39
C662FACXX150129:2:2207:16647:9692/2	101	95	1	smNRPS-1/2	5910	4324	4419	98.958	2.02e-39
C662FACXX150129:7:2306:14180:12725/2	101	1	92	smNRPS-1/2	5910	5696	5787	100	2.02e-39
C662FACXX150129:2:1312:2589:91725/2	101	101	1	smNRPS-1/2	5910	3688	3788	97.03	2.02e-39
C662FACXX150129:2:2302:13278:12197/1	98	1	98	smNRPS-1/2	5910	4705	4802	97.959	2.02e-39
C662FACXX150129:3:1213:2006:12065/1	98	98	1	smNRPS-1/2	5910	5217	5314	97.959	2.02e-39
C662FACXX150129:6:2314:18868:47672/2	101	1	101	smNRPS-1/2	5910	4290	4391	97.059	2.02e-39
C662FACXX150129:3:1313:7614:41630/1	101	1	101	smNRPS-1/2	5910	2739	2839	97.03	2.02e-39
C662FACXX150129:3:2110:20215:25902/2	98	95	1	smNRPS-1/2	5910	4324	4419	98.958	2.02e-39
C662FACXX150129:2:1108:8825:51100/1	101	1	101	smNRPS-1/2	5910	3648	3748	97.03	2.02e-39
C662FACXX150129:2:2212:10480:48195/1	98	1	98	smNRPS-1/2	5910	3884	3981	97.959	2.02e-39
C662FACXX150129:2:2212:10480:48195/2	101	101	1	smNRPS-1/2	5910	4287	4388	97.059	2.02e-39
C662FACXX150129:2:2207:13242:92971/2	101	1	101	smNRPS-1/2	5910	3655	3755	97.03	2.02e-39
C662FACXX150129:7:2311:4183:33261/2	101	101	1	smNRPS-1/2	5910	4287	4388	97.059	2.02e-39
C662FACXX150129:4:1204:19191:92553/1	98	1	98	smNRPS-1/2	5910	3857	3954	97.959	2.02e-39
C662FACXX150129:6:2209:14019:18842/2	95	95	1	smNRPS-1/2	5910	2998	3092	98.947	2.02e-39
C662FACXX150129:7:2208:17585:74026/1	101	1	92	smNRPS-1/2	5910	4008	4099	100	2.02e-39
C662FACXX150129:7:2208:17585:74026/2	101	92	1	smNRPS-1/2	5910	4008	4099	100	2.02e-39
C662FACXX150129:3:2309:6038:28524/1	101	101	1	smNRPS-1/2	5910	4286	4387	97.059	2.02e-39
C662FACXX150129:4:2211:11396:26597/1	101	1	101	smNRPS-1/2	5910	3648	3748	97.03	2.02e-39
C662FACXX150129:2:1213:14769:99662/1	99	99	1	smNRPS-1/2	5910	901	999	97.98	5.61e-40
C662FACXX150129:7:2306:14180:12725/1	101	100	1	smNRPS-1/2	5910	5689	5787	98	5.61e-40
C662FACXX150129:7:1115:7402:36449/1	99	1	99	smNRPS-1/2	5910	4315	4414	98	5.61e-40
C662FACXX150129:6:2206:4616:41527/1	101	1	101	smNRPS-1/2	5910	562	664	97.087	5.61e-40
C662FACXX150129:5:2214:9979:60337/1	101	1	93	smNRPS-1/2	5910	5660	5752	100	5.61e-40
C662FACXX150129:3:2210:1637:80308/2	101	101	1	smNRPS-1/2	5910	561	663	97.087	5.61e-40
C662FACXX150129:5:1316:13200:91088/1	96	1	96	smNRPS-1/2	5910	5739	5834	98.958	5.61e-40
C662FACXX150129:4:2115:20899:50127/1	96	1	96	smNRPS-1/2	5910	3808	3903	98.958	5.61e-40
C662FACXX150129:6:1215:4418:14453/1	96	1	96	smNRPS-1/2	5910	2530	2625	98.958	5.61e-40
C662FACXX150129:3:2102:4005:2078/1	96	96	1	smNRPS-1/2	5910	1191	1286	98.958	5.61e-40
C662FACXX150129:7:1311:15025:52899/1	96	96	1	smNRPS-1/2	5910	2584	2679	98.958	5.61e-40
C662FACXX150129:3:2207:17641:17606/1	97	97	1	smNRPS-1/2	5910	3437	3533	98.969	1.56e-40
C662FACXX150129:4:1310:7513:51954/2	98	1	97	smNRPS-1/2	5910	138	234	98.969	1.56e-40
C662FACXX150129:6:1111:14522:18874/1	100	1	100	smNRPS-1/2	5910	2359	2458	98	1.56e-40
C662FACXX150129:2:1212:12027:95977/2	101	101	2	smNRPS-1/2	5910	3812	3911	98	1.56e-40
C662FACXX150129:5:2315:19890:12801/2	101	101	1	smNRPS-1/2	5910	5276	5376	98.02	4.34e-41
C662FACXX150129:2:1114:7892:81987/1	101	101	1	smNRPS-1/2	5910	3736	3836	98.02	4.34e-41
C662FACXX150129:4:1110:17040:64758/2	101	101	1	smNRPS-1/2	5910	4718	4818	98.02	4.34e-41
C662FACXX150129:4:1204:9840:15513/2	101	98	1	smNRPS-1/2	5910	2618	2715	98.98	4.34e-41
C662FACXX150129:4:1310:7513:51954/1	101	101	1	smNRPS-1/2	5910	141	241	98.02	4.34e-41
C662FACXX150129:4:1111:18197:88722/2	101	101	1	smNRPS-1/2	5910	156	256	98.02	4.34e-41
C662FACXX150129:2:1312:2589:91725/1	101	1	101	smNRPS-1/2	5910	3616	3716	98.02	4.34e-41
C662FACXX150129:3:1307:18964:72985/1	101	101	1	smNRPS-1/2	5910	4228	4328	98.02	4.34e-41
C662FACXX150129:4:1101:6692:71130/2	95	1	95	smNRPS-1/2	5910	3843	3937	100	4.34e-41
C662FACXX150129:2:1212:12027:95977/1	101	1	101	smNRPS-1/2	5910	3808	3908	98.02	4.34e-41
C662FACXX150129:6:2314:18868:47672/1	101	101	1	smNRPS-1/2	5910	4340	4441	98.039	4.34e-41
C662FACXX150129:4:2316:13061:77773/1	101	1	101	smNRPS-1/2	5910	4327	4428	98.039	4.34e-41
C662FACXX150129:3:1310:17284:81943/1	101	1	101	smNRPS-1/2	5910	3664	3764	98.02	4.34e-41
C662FACXX150129:3:1310:17284:81943/2	101	101	1	smNRPS-1/2	5910	3716	3816	98.02	4.34e-41
C662FACXX150129:2:2108:16529:12517/2	101	101	1	smNRPS-1/2	5910	5224	5324	98.02	4.34e-41
C662FACXX150129:4:1110:5038:48899/2	101	101	1	smNRPS-1/2	5910	3704	3804	98.02	4.34e-41
C662FACXX150129:3:2207:12268:68919/1	101	1	101	smNRPS-1/2	5910	2201	2301	98.02	4.34e-41
C662FACXX150129:2:2112:16098:58374/1	101	101	1	smNRPS-1/2	5910	141	241	98.02	4.34e-41
C662FACXX150129:7:2311:4183:33261/1	101	1	101	smNRPS-1/2	5910	3884	3984	98.02	4.34e-41
C662FACXX150129:5:2104:6636:78272/2	101	101	1	smNRPS-1/2	5910	3667	3767	98.02	4.34e-41
C662FACXX150129:7:2106:19518:91005/1	101	101	1	smNRPS-1/2	5910	3215	3315	98.02	4.34e-41
C662FACXX150129:3:1105:15530:28602/2	101	1	101	smNRPS-1/2	5910	5271	5371	98.02	4.34e-41
C662FACXX150129:7:2113:10393:97887/2	101	1	101	smNRPS-1/2	5910	4844	4944	98.02	4.34e-41
C662FACXX150129:2:2101:14761:86404/1	101	101	1	smNRPS-1/2	5910	967	1067	98.02	4.34e-41
C662FACXX150129:4:1316:15320:50921/1	101	95	1	smNRPS-1/2	5910	879	973	100	4.34e-41
C662FACXX150129:4:1316:15320:50921/2	101	1	95	smNRPS-1/2	5910	879	973	100	4.34e-41
C662FACXX150129:7:2206:6983:83057/1	101	101	1	smNRPS-1/2	5910	753	853	98.02	4.34e-41
C662FACXX150129:5:2301:10185:98743/1	101	1	101	smNRPS-1/2	5910	2606	2706	98.02	4.34e-41
C662FACXX150129:6:2209:3513:27571/1	101	101	1	smNRPS-1/2	5910	4889	4989	98.02	4.34e-41
C662FACXX150129:7:2113:7345:95555/2	95	95	1	smNRPS-1/2	5910	802	896	100	4.34e-41
C662FACXX150129:2:2307:1828:34404/1	101	101	1	smNRPS-1/2	5910	4772	4872	98.02	4.34e-41
C662FACXX150129:7:2208:14594:89966/1	98	1	98	smNRPS-1/2	5910	4550	4647	98.98	4.34e-41
C662FACXX150129:2:2212:15208:86497/1	101	1	101	smNRPS-1/2	5910	5227	5327	98.02	4.34e-41
C662FACXX150129:6:1111:11383:35176/2	101	101	1	smNRPS-1/2	5910	4769	4869	98.02	4.34e-41
C662FACXX150129:7:2105:2881:47943/2	101	1	101	smNRPS-1/2	5910	2604	2704	98.02	4.34e-41
C662FACXX150129:6:1306:7379:26321/1	98	98	1	smNRPS-1/2	5910	2957	3054	98.98	4.34e-41
C662FACXX150129:3:1113:14827:91873/1	101	3	101	smNRPS-1/2	5910	5549	5647	98.99	1.21e-41
C662FACXX150129:5:1102:11510:42609/2	99	1	99	smNRPS-1/2	5910	328	426	98.99	1.21e-41
C662FACXX150129:7:2106:11706:94564/2	96	96	1	smNRPS-1/2	5910	2006	2101	100	1.21e-41
C662FACXX150129:6:2116:6875:79122/1	96	1	96	smNRPS-1/2	5910	4986	5081	100	1.21e-41
C662FACXX150129:4:1105:12969:46712/2	101	99	1	smNRPS-1/2	5910	1669	1767	98.99	1.21e-41
C662FACXX150129:3:2207:12268:68919/2	96	96	1	smNRPS-1/2	5910	2297	2392	100	1.21e-41
C662FACXX150129:2:1108:8825:51100/2	96	96	1	smNRPS-1/2	5910	3925	4020	100	1.21e-41
C662FACXX150129:7:1215:10961:26672/1	96	1	96	smNRPS-1/2	5910	2067	2162	100	1.21e-41
C662FACXX150129:3:2204:17770:37296/1	96	1	96	smNRPS-1/2	5910	2067	2162	100	1.21e-41
C662FACXX150129:2:2313:5467:63419/1	99	99	1	smNRPS-1/2	5910	5705	5803	98.99	1.21e-41
C662FACXX150129:3:1310:2138:35972/1	96	96	1	smNRPS-1/2	5910	210	305	100	1.21e-41
C662FACXX150129:2:1213:14769:99662/2	101	1	101	smNRPS-1/2	5910	655	754	99.01	3.35e-42
C662FACXX150129:7:2310:20599:26932/1	101	1	101	smNRPS-1/2	5910	654	753	99.01	3.35e-42
C662FACXX150129:3:1313:7614:41630/2	100	100	1	smNRPS-1/2	5910	2824	2923	99	3.35e-42
C662FACXX150129:3:1305:6458:14701/2	97	1	97	smNRPS-1/2	5910	2865	2961	100	3.35e-42
C662FACXX150129:7:2102:6062:90318/2	97	97	1	smNRPS-1/2	5910	399	495	100	3.35e-42
C662FACXX150129:6:2209:14019:18842/1	100	1	100	smNRPS-1/2	5910	2829	2928	99	3.35e-42
C662FACXX150129:6:2209:3513:27571/2	101	1	100	smNRPS-1/2	5910	4839	4938	99	3.35e-42
C662FACXX150129:6:2103:6796:52201/1	100	100	1	smNRPS-1/2	5910	968	1067	99	3.35e-42
C662FACXX150129:7:2105:2881:47943/1	101	100	1	smNRPS-1/2	5910	2618	2717	99	3.35e-42
C662FACXX150129:7:2201:14347:88483/1	97	1	97	smNRPS-1/2	5910	5149	5245	100	3.35e-42
C662FACXX150129:7:2303:20264:3257/2	98	98	1	smNRPS-1/2	5910	241	338	100	9.32e-43
C662FACXX150129:2:1114:7892:81987/2	101	1	101	smNRPS-1/2	5910	3392	3492	99.01	9.32e-43
C662FACXX150129:4:2313:7942:85327/1	101	101	1	smNRPS-1/2	5910	82	182	99.01	9.32e-43
C662FACXX150129:7:1115:7402:36449/2	101	101	1	smNRPS-1/2	5910	4392	4492	99.01	9.32e-43
C662FACXX150129:4:1110:17040:64758/1	101	1	101	smNRPS-1/2	5910	4213	4313	99.01	9.32e-43
C662FACXX150129:7:1105:6546:57675/1	101	1	101	smNRPS-1/2	5910	233	333	99.01	9.32e-43
C662FACXX150129:4:1204:9840:15513/1	101	1	101	smNRPS-1/2	5910	2537	2637	99.01	9.32e-43
C662FACXX150129:3:2101:17774:65766/1	101	1	101	smNRPS-1/2	5910	3190	3290	99.01	9.32e-43
C662FACXX150129:7:2208:9860:54167/1	101	1	101	smNRPS-1/2	5910	926	1026	99.01	9.32e-43
C662FACXX150129:6:1111:14522:18874/2	101	101	1	smNRPS-1/2	5910	2635	2735	99.01	9.32e-43
C662FACXX150129:3:1316:13581:61378/1	101	101	1	smNRPS-1/2	5910	4222	4322	99.01	9.32e-43
C662FACXX150129:7:1312:16885:63795/1	101	1	101	smNRPS-1/2	5910	2536	2636	99.01	9.32e-43
C662FACXX150129:7:2106:11706:94564/1	98	1	98	smNRPS-1/2	5910	1801	1898	100	9.32e-43
C662FACXX150129:3:2109:16634:44928/1	101	101	1	smNRPS-1/2	5910	2094	2194	99.01	9.32e-43
C662FACXX150129:3:2109:16634:44928/2	101	1	101	smNRPS-1/2	5910	1958	2058	99.01	9.32e-43
C662FACXX150129:3:1111:10662:83771/1	101	101	1	smNRPS-1/2	5910	126	226	99.01	9.32e-43
C662FACXX150129:7:2110:12738:6196/1	101	101	1	smNRPS-1/2	5910	2747	2847	99.01	9.32e-43
C662FACXX150129:7:2110:12738:6196/2	101	1	101	smNRPS-1/2	5910	2683	2783	99.01	9.32e-43
C662FACXX150129:3:1213:2006:12065/2	101	1	101	smNRPS-1/2	5910	4830	4930	99.01	9.32e-43
C662FACXX150129:7:2213:13794:51819/1	101	101	1	smNRPS-1/2	5910	5724	5824	99.01	9.32e-43
C662FACXX150129:2:1101:8341:55319/1	101	101	1	smNRPS-1/2	5910	5207	5307	99.01	9.32e-43
C662FACXX150129:7:1109:12996:42148/1	98	98	1	smNRPS-1/2	5910	4461	4558	100	9.32e-43
C662FACXX150129:3:1109:8728:49591/1	101	1	101	smNRPS-1/2	5910	5414	5514	99.01	9.32e-43
C662FACXX150129:7:1306:4743:89587/1	101	101	1	smNRPS-1/2	5910	1635	1735	99.01	9.32e-43
C662FACXX150129:2:2113:4923:75986/1	101	101	1	smNRPS-1/2	5910	1146	1246	99.01	9.32e-43
C662FACXX150129:2:1311:5963:9001/1	101	101	1	smNRPS-1/2	5910	5714	5814	99.01	9.32e-43
C662FACXX150129:2:1311:5963:9001/2	101	1	101	smNRPS-1/2	5910	5341	5441	99.01	9.32e-43
C662FACXX150129:2:2312:11928:92974/1	101	1	101	smNRPS-1/2	5910	3208	3308	99.01	9.32e-43
C662FACXX150129:2:2312:11928:92974/2	101	101	1	smNRPS-1/2	5910	3212	3312	99.01	9.32e-43
C662FACXX150129:4:2316:13061:77773/2	101	101	1	smNRPS-1/2	5910	4351	4451	99.01	9.32e-43
C662FACXX150129:7:2311:17609:8909/2	98	98	1	smNRPS-1/2	5910	2722	2819	100	9.32e-43
C662FACXX150129:6:1113:12330:70291/1	101	1	101	smNRPS-1/2	5910	4380	4480	99.01	9.32e-43
C662FACXX150129:6:1113:12330:70291/2	101	101	1	smNRPS-1/2	5910	4618	4718	99.01	9.32e-43
C662FACXX150129:4:1110:5038:48899/1	101	1	101	smNRPS-1/2	5910	3543	3643	99.01	9.32e-43
C662FACXX150129:3:1305:6458:14701/1	101	101	1	smNRPS-1/2	5910	3139	3239	99.01	9.32e-43
C662FACXX150129:3:1111:8997:3482/1	101	101	1	smNRPS-1/2	5910	2284	2384	99.01	9.32e-43
C662FACXX150129:4:1313:18874:48564/1	101	101	1	smNRPS-1/2	5910	2591	2691	99.01	9.32e-43
C662FACXX150129:5:2104:6636:78272/1	101	1	101	smNRPS-1/2	5910	3506	3606	99.01	9.32e-43
C662FACXX150129:6:2116:11277:42228/1	101	101	1	smNRPS-1/2	5910	2544	2644	99.01	9.32e-43
C662FACXX150129:2:2107:7856:76875/1	101	1	101	smNRPS-1/2	5910	4380	4480	99.01	9.32e-43
C662FACXX150129:2:2107:7856:76875/2	101	101	1	smNRPS-1/2	5910	4618	4718	99.01	9.32e-43
C662FACXX150129:3:1105:15530:28602/1	101	101	1	smNRPS-1/2	5910	5498	5598	99.01	9.32e-43
C662FACXX150129:4:2213:17555:3844/1	101	101	1	smNRPS-1/2	5910	3801	3901	99.01	9.32e-43
C662FACXX150129:2:1114:9346:22709/1	101	101	1	smNRPS-1/2	5910	2747	2847	99.01	9.32e-43
C662FACXX150129:2:1114:9346:22709/2	101	1	101	smNRPS-1/2	5910	2683	2783	99.01	9.32e-43
C662FACXX150129:4:1205:13709:94151/1	98	98	1	smNRPS-1/2	5910	3138	3235	100	9.32e-43
C662FACXX150129:6:2110:11758:59941/1	101	101	1	smNRPS-1/2	5910	5178	5278	99.01	9.32e-43
C662FACXX150129:6:1114:11334:53412/1	101	101	1	smNRPS-1/2	5910	1138	1238	99.01	9.32e-43
C662FACXX150129:5:1305:4061:77710/1	101	101	1	smNRPS-1/2	5910	3423	3523	99.01	9.32e-43
C662FACXX150129:5:2301:10185:98743/2	101	101	1	smNRPS-1/2	5910	2759	2859	99.01	9.32e-43
C662FACXX150129:4:1104:7151:84950/1	101	101	1	smNRPS-1/2	5910	3209	3309	99.01	9.32e-43
C662FACXX150129:7:1102:6465:88046/1	101	1	101	smNRPS-1/2	5910	2522	2622	99.01	9.32e-43
C662FACXX150129:6:1111:11383:35176/1	101	1	101	smNRPS-1/2	5910	4621	4721	99.01	9.32e-43
C662FACXX150129:4:1104:17906:47325/1	101	1	101	smNRPS-1/2	5910	5317	5417	99.01	9.32e-43
C662FACXX150129:2:2104:10739:19066/2	101	98	1	smNRPS-1/2	5910	236	333	100	9.32e-43
C662FACXX150129:4:1114:16190:71389/1	98	1	98	smNRPS-1/2	5910	991	1088	100	9.32e-43
C662FACXX150129:7:1305:15113:63411/1	101	1	101	smNRPS-1/2	5910	3163	3263	99.01	9.32e-43
C662FACXX150129:3:1104:2782:96522/1	101	101	1	smNRPS-1/2	5910	2092	2192	99.01	9.32e-43
C662FACXX150129:4:2102:17193:35655/1	101	101	1	smNRPS-1/2	5910	3200	3300	99.01	9.32e-43
C662FACXX150129:2:2206:7171:14990/1	101	101	1	smNRPS-1/2	5910	3528	3628	99.01	9.32e-43
C662FACXX150129:6:1114:8625:29940/1	98	1	98	smNRPS-1/2	5910	1015	1112	100	9.32e-43
C662FACXX150129:5:2313:16222:31519/2	101	101	1	smNRPS-1/2	5910	3212	3312	99.01	9.32e-43
C662FACXX150129:6:2305:9769:88691/1	101	1	99	smNRPS-1/2	5910	4011	4109	100	2.59e-43
C662FACXX150129:6:2305:9769:88691/2	101	99	1	smNRPS-1/2	5910	4011	4109	100	2.59e-43
C662FACXX150129:2:2302:13278:12197/2	99	99	1	smNRPS-1/2	5910	5137	5235	100	2.59e-43
C662FACXX150129:2:2113:4923:75986/2	99	1	99	smNRPS-1/2	5910	1023	1121	100	2.59e-43
C662FACXX150129:6:1105:6797:89597/1	99	1	99	smNRPS-1/2	5910	2915	3013	100	2.59e-43
C662FACXX150129:2:1113:6041:77235/1	99	1	99	smNRPS-1/2	5910	5632	5730	100	2.59e-43
C662FACXX150129:7:2110:11106:90771/2	100	1	100	smNRPS-1/2	5910	3869	3968	100	7.2e-44
C662FACXX150129:6:1110:18442:63887/1	100	100	1	smNRPS-1/2	5910	5001	5100	100	7.2e-44
C662FACXX150129:2:2207:13242:92971/1	101	100	1	smNRPS-1/2	5910	3913	4012	100	7.2e-44
C662FACXX150129:6:2116:16040:64097/1	101	2	101	smNRPS-1/2	5910	639	738	100	7.2e-44
C662FACXX150129:7:2304:19937:29714/1	100	100	1	smNRPS-1/2	5910	3456	3555	100	7.2e-44
C662FACXX150129:5:2104:17874:53436/1	101	101	2	smNRPS-1/2	5910	2517	2616	100	7.2e-44
C662FACXX150129:5:2315:19890:12801/1	101	1	101	smNRPS-1/2	5910	5097	5197	100	2e-44
C662FACXX150129:3:2207:17641:17606/2	101	1	101	smNRPS-1/2	5910	3333	3433	100	2e-44
C662FACXX150129:7:1105:6546:57675/2	101	101	1	smNRPS-1/2	5910	266	366	100	2e-44
C662FACXX150129:4:1109:8996:75031/2	101	101	1	smNRPS-1/2	5910	809	909	100	2e-44
C662FACXX150129:2:2216:10537:63998/1	101	101	1	smNRPS-1/2	5910	4990	5090	100	2e-44
C662FACXX150129:4:2310:17059:94559/1	101	101	1	smNRPS-1/2	5910	3994	4094	100	2e-44
C662FACXX150129:6:1108:17926:63104/1	101	101	1	smNRPS-1/2	5910	2499	2599	100	2e-44
C662FACXX150129:6:1108:17926:63104/2	101	1	101	smNRPS-1/2	5910	2257	2357	100	2e-44
C662FACXX150129:2:2108:10817:99039/1	101	1	101	smNRPS-1/2	5910	5081	5181	100	2e-44
C662FACXX150129:3:1307:18964:72985/2	101	1	101	smNRPS-1/2	5910	4063	4163	100	2e-44
C662FACXX150129:7:2308:5159:18166/1	101	1	101	smNRPS-1/2	5910	4679	4779	100	2e-44
C662FACXX150129:7:2308:5159:18166/2	101	101	1	smNRPS-1/2	5910	4981	5081	100	2e-44
C662FACXX150129:4:1101:6692:71130/1	101	101	1	smNRPS-1/2	5910	4114	4214	100	2e-44
C662FACXX150129:6:1205:20454:58683/1	101	1	101	smNRPS-1/2	5910	37	137	100	2e-44
C662FACXX150129:6:1205:20454:58683/2	101	101	1	smNRPS-1/2	5910	263	363	100	2e-44
C662FACXX150129:2:1315:12080:15632/1	101	1	101	smNRPS-1/2	5910	4468	4568	100	2e-44
C662FACXX150129:2:1315:12080:15632/2	101	101	1	smNRPS-1/2	5910	4561	4661	100	2e-44
C662FACXX150129:7:2213:13794:51819/2	101	1	101	smNRPS-1/2	5910	5678	5778	100	2e-44
C662FACXX150129:2:1101:8341:55319/2	101	1	101	smNRPS-1/2	5910	5046	5146	100	2e-44
C662FACXX150129:3:1111:10027:94492/1	101	101	1	smNRPS-1/2	5910	4140	4240	100	2e-44
C662FACXX150129:7:2110:11106:90771/1	101	101	1	smNRPS-1/2	5910	4198	4298	100	2e-44
C662FACXX150129:6:2312:5527:91590/1	101	1	101	smNRPS-1/2	5910	2191	2291	100	2e-44
C662FACXX150129:6:2312:5527:91590/2	101	101	1	smNRPS-1/2	5910	2430	2530	100	2e-44
C662FACXX150129:7:2311:17609:8909/1	101	1	101	smNRPS-1/2	5910	2477	2577	100	2e-44
C662FACXX150129:3:2110:20215:25902/1	101	1	101	smNRPS-1/2	5910	4012	4112	100	2e-44
C662FACXX150129:2:2108:16529:12517/1	101	1	101	smNRPS-1/2	5910	5021	5121	100	2e-44
C662FACXX150129:3:2203:3993:38845/1	101	1	101	smNRPS-1/2	5910	3124	3224	100	2e-44
C662FACXX150129:3:2203:3993:38845/2	101	101	1	smNRPS-1/2	5910	3390	3490	100	2e-44
C662FACXX150129:6:1110:18442:63887/2	101	1	101	smNRPS-1/2	5910	4983	5083	100	2e-44
C662FACXX150129:5:1313:6325:65219/1	101	101	1	smNRPS-1/2	5910	1569	1669	100	2e-44
C662FACXX150129:5:1313:6325:65219/2	101	1	101	smNRPS-1/2	5910	1387	1487	100	2e-44
C662FACXX150129:5:2302:4180:79849/1	101	1	101	smNRPS-1/2	5910	1530	1630	100	2e-44
C662FACXX150129:5:2302:4180:79849/2	101	101	1	smNRPS-1/2	5910	1613	1713	100	2e-44
C662FACXX150129:6:2116:16040:64097/2	101	101	1	smNRPS-1/2	5910	786	886	100	2e-44
C662FACXX150129:7:2102:6062:90318/1	101	1	101	smNRPS-1/2	5910	13	113	100	2e-44
C662FACXX150129:4:2104:9991:76737/1	101	101	1	smNRPS-1/2	5910	1738	1838	100	2e-44
C662FACXX150129:4:1206:14387:88379/1	101	101	1	smNRPS-1/2	5910	2033	2133	100	2e-44
C662FACXX150129:4:1206:14387:88379/2	101	1	101	smNRPS-1/2	5910	1958	2058	100	2e-44
C662FACXX150129:7:2106:19518:91005/2	101	1	101	smNRPS-1/2	5910	3086	3186	100	2e-44
C662FACXX150129:7:2113:10393:97887/1	101	101	1	smNRPS-1/2	5910	4949	5049	100	2e-44
C662FACXX150129:4:1205:13709:94151/2	101	1	101	smNRPS-1/2	5910	3094	3194	100	2e-44
C662FACXX150129:7:1203:14158:61527/1	101	101	1	smNRPS-1/2	5910	3135	3235	100	2e-44
C662FACXX150129:7:1209:17252:55287/2	101	1	101	smNRPS-1/2	5910	3355	3455	100	2e-44
C662FACXX150129:6:2110:11758:59941/2	101	1	101	smNRPS-1/2	5910	4988	5088	100	2e-44
C662FACXX150129:7:1215:10961:26672/2	101	101	1	smNRPS-1/2	5910	2083	2183	100	2e-44
C662FACXX150129:2:1215:19074:98793/1	101	1	101	smNRPS-1/2	5910	5149	5249	100	2e-44
C662FACXX150129:3:2204:17770:37296/2	101	101	1	smNRPS-1/2	5910	2083	2183	100	2e-44
C662FACXX150129:6:1114:11334:53412/2	101	1	101	smNRPS-1/2	5910	998	1098	100	2e-44
C662FACXX150129:3:1311:17109:54664/1	101	1	101	smNRPS-1/2	5910	4297	4397	100	2e-44
C662FACXX150129:3:1311:17109:54664/2	101	101	1	smNRPS-1/2	5910	4429	4529	100	2e-44
C662FACXX150129:5:1305:4061:77710/2	101	1	101	smNRPS-1/2	5910	3109	3209	100	2e-44
C662FACXX150129:4:1104:7151:84950/2	101	1	101	smNRPS-1/2	5910	3094	3194	100	2e-44
C662FACXX150129:7:2113:7345:95555/1	101	1	101	smNRPS-1/2	5910	648	748	100	2e-44
C662FACXX150129:5:2304:12286:79259/2	101	1	101	smNRPS-1/2	5910	2187	2287	100	2e-44
C662FACXX150129:3:2210:1637:80308/1	101	1	101	smNRPS-1/2	5910	455	555	100	2e-44
C662FACXX150129:7:2208:14594:89966/2	101	101	1	smNRPS-1/2	5910	4990	5090	100	2e-44
C662FACXX150129:2:1214:3166:9147/1	101	101	1	smNRPS-1/2	5910	3204	3304	100	2e-44
C662FACXX150129:2:1214:3166:9147/2	101	1	101	smNRPS-1/2	5910	3148	3248	100	2e-44
C662FACXX150129:3:2309:16194:68371/1	101	1	101	smNRPS-1/2	5910	5021	5121	100	2e-44
C662FACXX150129:7:1306:7503:72232/1	101	1	101	smNRPS-1/2	5910	814	914	100	2e-44
C662FACXX150129:7:1306:7503:72232/2	101	101	1	smNRPS-1/2	5910	822	922	100	2e-44
C662FACXX150129:4:1104:17906:47325/2	101	101	1	smNRPS-1/2	5910	5417	5517	100	2e-44
C662FACXX150129:2:2104:10739:19066/1	101	1	101	smNRPS-1/2	5910	29	129	100	2e-44
C662FACXX150129:4:1114:16190:71389/2	101	101	1	smNRPS-1/2	5910	1054	1154	100	2e-44
C662FACXX150129:7:2304:19937:29714/2	101	1	101	smNRPS-1/2	5910	3355	3455	100	2e-44
C662FACXX150129:5:2211:6017:21532/1	101	1	101	smNRPS-1/2	5910	2047	2147	100	2e-44
C662FACXX150129:7:1207:14828:25608/1	101	1	101	smNRPS-1/2	5910	1284	1384	100	2e-44
C662FACXX150129:6:2105:16127:92169/2	101	101	1	smNRPS-1/2	5910	1734	1834	100	2e-44
C662FACXX150129:7:1308:2250:40264/1	101	32	101	smNRPS-1/2	5910	1	70	98.571	1.61e-25
C662FACXX150129:2:1206:6954:27750/1	80	80	2	smNRPS-1/2	5910	2987	3065	98.734	1.6e-30
C662FACXX150129:6:2103:6796:52201/2	88	88	1	smNRPS-1/2	5910	5254	5343	97.778	2.06e-34
C662FACXX150129:3:1113:14827:91873/2	101	12	101	smNRPS-1/2	5910	1	90	97.778	5.72e-35
C662FACXX150129:4:1114:3477:28755/2	100	100	1	smNRPS-1/2	5910	3672	3771	96	3.42e-37
C662FACXX150129:4:1114:3477:28755/1	101	1	101	smNRPS-1/2	5910	3424	3524	98.02	4.39e-41
C662FACXX150129:2:2101:14761:86404/2	101	101	1	smNRPS-1/2	5910	5241	5343	98.058	1.22e-41
C662FACXX150129:2:1205:16806:88735/2	101	101	1	smNRPS-1/2	5910	3268	3368	99.01	9.43e-43
C662FACXX150129:6:2313:18964:73232/1	101	101	1	smNRPS-1/2	5910	2778	2878	99.01	9.43e-43
C662FACXX150129:2:1205:16806:88735/1	101	1	101	smNRPS-1/2	5910	3181	3281	100	2.03e-44
