C65YPACXX150129:8:1311:1757:62064/2	82	18	82	smNRPS-1/2	5910	1	65	100	4.02e-24
C65YPACXX150129:6:1304:4458:3678/2	70	1	70	smNRPS-1/2	5910	3914	3983	100	6.68e-27
C65YPACXX150129:8:1304:18105:53903/1	80	80	1	smNRPS-1/2	5910	4714	4793	96.25	1.86e-27
C65YPACXX150129:8:2112:11838:32590/2	74	74	1	smNRPS-1/2	5910	3344	3417	100	3.99e-29
C65YPACXX150129:7:2113:8193:14353/1	83	82	1	smNRPS-1/2	5910	5282	5363	98.78	6.64e-32
C65YPACXX150129:8:1109:9431:49061/2	79	79	1	smNRPS-1/2	5910	4500	4578	100	6.64e-32
C65YPACXX150129:6:1211:1944:72859/1	100	92	1	smNRPS-1/2	5910	3660	3750	96.739	1.43e-33
C65YPACXX150129:6:1311:3480:3976/2	85	85	1	smNRPS-1/2	5910	1187	1271	98.824	1.43e-33
C65YPACXX150129:7:1308:1573:99294/1	85	85	1	smNRPS-1/2	5910	4955	5039	100	3.07e-35
C65YPACXX150129:7:1101:13848:13548/2	101	16	101	smNRPS-1/2	5910	1	86	100	8.52e-36
C65YPACXX150129:6:1115:16606:39613/2	86	1	86	smNRPS-1/2	5910	1726	1811	100	8.52e-36
C65YPACXX150129:6:2112:7761:43047/2	89	1	89	smNRPS-1/2	5910	926	1014	98.876	8.52e-36
C65YPACXX150129:7:1206:3651:47954/2	96	1	96	smNRPS-1/2	5910	4266	4362	96.907	2.37e-36
C65YPACXX150129:7:2113:8193:14353/2	93	1	93	smNRPS-1/2	5910	5244	5336	97.849	2.37e-36
C65YPACXX150129:7:2214:16076:14384/1	101	1	93	smNRPS-1/2	5910	5339	5431	97.849	2.37e-36
C65YPACXX150129:7:1203:11873:100505/1	93	93	1	smNRPS-1/2	5910	1131	1223	97.849	2.37e-36
C65YPACXX150129:8:2112:11838:32590/1	92	1	92	smNRPS-1/2	5910	3112	3203	98.913	1.83e-37
C65YPACXX150129:8:1109:8250:99596/1	96	89	1	smNRPS-1/2	5910	2949	3037	100	1.83e-37
C65YPACXX150129:6:2213:18076:86554/1	101	1	93	smNRPS-1/2	5910	5339	5431	98.925	5.09e-38
C65YPACXX150129:6:1103:5122:83498/2	93	93	1	smNRPS-1/2	5910	3580	3672	98.925	5.09e-38
C65YPACXX150129:8:1116:14750:63003/1	101	101	1	smNRPS-1/2	5910	703	802	97.03	1.42e-38
C65YPACXX150129:8:2308:11999:40992/2	101	1	101	smNRPS-1/2	5910	705	804	97.03	1.42e-38
C65YPACXX150129:6:2213:18076:86554/2	101	94	1	smNRPS-1/2	5910	5338	5431	98.936	1.42e-38
C65YPACXX150129:6:1211:10382:20743/1	101	1	91	smNRPS-1/2	5910	5382	5472	100	1.42e-38
C65YPACXX150129:7:2214:16076:14384/2	101	94	1	smNRPS-1/2	5910	5338	5431	98.936	1.42e-38
C65YPACXX150129:8:1115:17034:98053/1	101	1	94	smNRPS-1/2	5910	949	1042	98.936	1.42e-38
C65YPACXX150129:7:1104:20660:54451/1	94	1	94	smNRPS-1/2	5910	4830	4923	98.936	1.42e-38
C65YPACXX150129:6:1211:16299:100020/1	97	1	97	smNRPS-1/2	5910	2886	2982	97.938	1.42e-38
C65YPACXX150129:7:1316:9524:30727/2	101	1	101	smNRPS-1/2	5910	3654	3754	97.03	3.94e-39
C65YPACXX150129:7:2115:14689:19633/2	101	1	101	smNRPS-1/2	5910	4289	4390	97.059	3.94e-39
C65YPACXX150129:8:2215:7027:21497/1	101	101	1	smNRPS-1/2	5910	4343	4443	97.03	3.94e-39
C65YPACXX150129:8:2215:7027:21497/2	101	1	98	smNRPS-1/2	5910	4298	4395	97.959	3.94e-39
C65YPACXX150129:7:1111:11748:73522/2	101	1	101	smNRPS-1/2	5910	3685	3785	97.03	3.94e-39
C65YPACXX150129:7:2110:6411:41104/2	101	101	1	smNRPS-1/2	5910	4742	4842	97.03	3.94e-39
C65YPACXX150129:6:1304:4458:3678/1	101	101	1	smNRPS-1/2	5910	4296	4397	97.059	3.94e-39
C65YPACXX150129:6:1211:10382:20743/2	101	92	1	smNRPS-1/2	5910	5381	5472	100	3.94e-39
C65YPACXX150129:7:2203:19695:81120/1	101	101	1	smNRPS-1/2	5910	2454	2554	97.03	3.94e-39
C65YPACXX150129:7:2203:19695:81120/2	101	1	101	smNRPS-1/2	5910	2450	2550	97.03	3.94e-39
C65YPACXX150129:7:2207:6257:16706/2	92	92	1	smNRPS-1/2	5910	4462	4553	100	3.94e-39
C65YPACXX150129:8:2204:5036:93892/1	101	101	1	smNRPS-1/2	5910	2454	2554	97.03	3.94e-39
C65YPACXX150129:8:2204:5036:93892/2	101	1	101	smNRPS-1/2	5910	2450	2550	97.03	3.94e-39
C65YPACXX150129:8:1115:17034:98053/2	101	95	1	smNRPS-1/2	5910	948	1042	98.947	3.94e-39
C65YPACXX150129:7:2104:19407:99552/2	101	1	101	smNRPS-1/2	5910	3654	3754	97.03	3.94e-39
C65YPACXX150129:8:2308:14391:36110/2	92	1	92	smNRPS-1/2	5910	1107	1198	100	3.94e-39
C65YPACXX150129:6:1316:9024:36264/1	92	1	92	smNRPS-1/2	5910	3143	3234	100	3.94e-39
C65YPACXX150129:8:2115:11845:27155/1	96	96	1	smNRPS-1/2	5910	5332	5427	98.958	1.09e-39
C65YPACXX150129:8:1116:14750:63003/2	101	1	101	smNRPS-1/2	5910	544	646	97.087	1.09e-39
C65YPACXX150129:6:2212:15781:70443/1	99	99	1	smNRPS-1/2	5910	4892	4990	97.98	1.09e-39
C65YPACXX150129:7:2209:9249:94012/2	101	1	96	smNRPS-1/2	5910	5780	5875	98.958	1.09e-39
C65YPACXX150129:8:2312:9520:60739/1	101	1	93	smNRPS-1/2	5910	2178	2270	100	1.09e-39
C65YPACXX150129:8:2312:9520:60739/2	101	93	1	smNRPS-1/2	5910	2178	2270	100	1.09e-39
C65YPACXX150129:8:2211:8832:73924/1	101	1	101	smNRPS-1/2	5910	550	652	97.087	1.09e-39
C65YPACXX150129:8:1212:20467:53653/2	100	100	1	smNRPS-1/2	5910	4236	4335	98	3.04e-40
C65YPACXX150129:6:2311:2253:61481/1	97	97	1	smNRPS-1/2	5910	4183	4279	98.969	3.04e-40
C65YPACXX150129:7:2212:2347:35197/1	100	100	1	smNRPS-1/2	5910	3571	3670	98	3.04e-40
C65YPACXX150129:7:1208:6581:86231/2	101	1	97	smNRPS-1/2	5910	5779	5875	98.969	3.04e-40
C65YPACXX150129:7:2110:18215:87397/2	99	6	99	smNRPS-1/2	5910	1	94	100	3.04e-40
C65YPACXX150129:6:1215:6428:40615/1	100	1	100	smNRPS-1/2	5910	2362	2461	98	3.04e-40
C65YPACXX150129:7:1101:9021:92586/2	101	100	1	smNRPS-1/2	5910	3819	3918	98	3.04e-40
C65YPACXX150129:7:2215:7086:36731/1	101	100	1	smNRPS-1/2	5910	3819	3918	98	3.04e-40
C65YPACXX150129:8:2302:19869:27553/1	94	1	94	smNRPS-1/2	5910	653	746	100	3.04e-40
C65YPACXX150129:6:1202:5740:32109/2	101	95	1	smNRPS-1/2	5910	1962	2056	100	8.46e-41
C65YPACXX150129:7:1316:9524:30727/1	101	101	1	smNRPS-1/2	5910	3678	3778	98.02	8.46e-41
C65YPACXX150129:7:2105:6547:73203/2	101	95	1	smNRPS-1/2	5910	1780	1874	100	8.46e-41
C65YPACXX150129:7:2303:3609:50892/1	101	1	101	smNRPS-1/2	5910	4777	4877	98.02	8.46e-41
C65YPACXX150129:8:2111:9227:59164/1	101	1	98	smNRPS-1/2	5910	3807	3904	98.98	8.46e-41
C65YPACXX150129:7:1114:4715:73237/1	101	1	101	smNRPS-1/2	5910	3620	3720	98.02	8.46e-41
C65YPACXX150129:7:1114:4715:73237/2	101	101	1	smNRPS-1/2	5910	3677	3777	98.02	8.46e-41
C65YPACXX150129:7:1206:3651:47954/1	101	101	1	smNRPS-1/2	5910	4318	4419	98.039	8.46e-41
C65YPACXX150129:7:1213:6583:95784/2	101	1	101	smNRPS-1/2	5910	3869	3969	98.02	8.46e-41
C65YPACXX150129:6:1111:20131:93010/1	101	101	1	smNRPS-1/2	5910	2747	2847	98.02	8.46e-41
C65YPACXX150129:6:1111:20131:93010/2	101	1	101	smNRPS-1/2	5910	2607	2707	98.02	8.46e-41
C65YPACXX150129:6:1303:9784:56552/1	101	1	101	smNRPS-1/2	5910	4890	4990	98.02	8.46e-41
C65YPACXX150129:7:1212:20142:74380/1	101	1	101	smNRPS-1/2	5910	5306	5406	98.02	8.46e-41
C65YPACXX150129:7:1111:11748:73522/1	101	101	1	smNRPS-1/2	5910	3695	3795	98.02	8.46e-41
C65YPACXX150129:6:1211:9124:26428/2	101	1	101	smNRPS-1/2	5910	4784	4884	98.02	8.46e-41
C65YPACXX150129:6:2212:15781:70443/2	101	1	101	smNRPS-1/2	5910	4844	4944	98.02	8.46e-41
C65YPACXX150129:8:2106:16103:14423/1	101	1	101	smNRPS-1/2	5910	4851	4951	98.02	8.46e-41
C65YPACXX150129:8:1209:15194:78819/1	101	1	101	smNRPS-1/2	5910	3620	3720	98.02	8.46e-41
C65YPACXX150129:8:1209:15194:78819/2	101	101	1	smNRPS-1/2	5910	3677	3777	98.02	8.46e-41
C65YPACXX150129:7:2110:6411:41104/1	101	1	101	smNRPS-1/2	5910	4705	4805	98.02	8.46e-41
C65YPACXX150129:8:2302:3791:73668/1	101	1	101	smNRPS-1/2	5910	5306	5406	98.02	8.46e-41
C65YPACXX150129:7:2306:19291:49560/1	101	1	101	smNRPS-1/2	5910	4307	4408	98.039	8.46e-41
C65YPACXX150129:6:1106:9677:89069/1	101	101	1	smNRPS-1/2	5910	2724	2824	98.02	8.46e-41
C65YPACXX150129:6:1106:9677:89069/2	101	1	101	smNRPS-1/2	5910	2601	2701	98.02	8.46e-41
C65YPACXX150129:7:1311:3271:91488/2	95	1	95	smNRPS-1/2	5910	4804	4898	100	8.46e-41
C65YPACXX150129:7:1304:11273:48639/1	101	101	1	smNRPS-1/2	5910	5225	5325	98.02	8.46e-41
C65YPACXX150129:7:2304:9646:16047/1	101	101	1	smNRPS-1/2	5910	2735	2835	98.02	8.46e-41
C65YPACXX150129:6:1214:10592:78187/2	101	101	1	smNRPS-1/2	5910	2858	2958	98.02	8.46e-41
C65YPACXX150129:6:1105:17477:58490/2	98	98	1	smNRPS-1/2	5910	3465	3562	98.98	8.46e-41
C65YPACXX150129:7:2305:3723:51365/1	101	1	101	smNRPS-1/2	5910	5306	5406	98.02	8.46e-41
C65YPACXX150129:7:1214:8202:67430/2	101	1	101	smNRPS-1/2	5910	3827	3927	98.02	8.46e-41
C65YPACXX150129:8:1114:14210:54267/1	101	1	101	smNRPS-1/2	5910	2907	3007	98.02	8.46e-41
C65YPACXX150129:7:1201:5011:98428/1	101	1	101	smNRPS-1/2	5910	2606	2706	98.02	8.46e-41
C65YPACXX150129:7:1201:5011:98428/2	101	101	1	smNRPS-1/2	5910	2608	2708	98.02	8.46e-41
C65YPACXX150129:8:2314:10604:73214/1	101	1	101	smNRPS-1/2	5910	1142	1242	98.02	8.46e-41
C65YPACXX150129:8:2314:10604:73214/2	101	101	1	smNRPS-1/2	5910	1655	1755	98.02	8.46e-41
C65YPACXX150129:8:1111:11073:38886/1	101	1	101	smNRPS-1/2	5910	4777	4877	98.02	8.46e-41
C65YPACXX150129:6:2116:9001:34010/1	101	101	1	smNRPS-1/2	5910	2932	3032	98.02	8.46e-41
C65YPACXX150129:7:1308:7937:32038/1	101	101	1	smNRPS-1/2	5910	4685	4785	98.02	8.46e-41
C65YPACXX150129:6:2311:2253:61481/2	101	1	101	smNRPS-1/2	5910	3663	3763	98.02	8.46e-41
C65YPACXX150129:8:1114:7509:5910/1	101	101	1	smNRPS-1/2	5910	3738	3838	98.02	8.46e-41
C65YPACXX150129:8:1114:7509:5910/2	101	1	101	smNRPS-1/2	5910	3664	3764	98.02	8.46e-41
C65YPACXX150129:8:2214:3589:94120/1	101	1	101	smNRPS-1/2	5910	4388	4488	98.02	8.46e-41
C65YPACXX150129:8:1301:12819:98117/1	101	101	1	smNRPS-1/2	5910	3671	3771	98.02	8.46e-41
C65YPACXX150129:8:1108:4933:94401/2	101	101	1	smNRPS-1/2	5910	4858	4958	98.02	8.46e-41
C65YPACXX150129:6:2108:12959:25091/2	101	101	1	smNRPS-1/2	5910	4235	4335	98.02	8.46e-41
C65YPACXX150129:6:2104:13406:27176/1	101	101	1	smNRPS-1/2	5910	5198	5298	98.02	8.46e-41
C65YPACXX150129:6:1101:17116:78546/1	101	1	101	smNRPS-1/2	5910	4849	4949	98.02	8.46e-41
C65YPACXX150129:6:1305:9096:58557/1	101	101	1	smNRPS-1/2	5910	5227	5327	98.02	8.46e-41
C65YPACXX150129:7:2104:19407:99552/1	101	101	1	smNRPS-1/2	5910	3678	3778	98.02	8.46e-41
C65YPACXX150129:8:1207:19639:7000/1	101	101	1	smNRPS-1/2	5910	5745	5845	98.02	8.46e-41
C65YPACXX150129:7:1316:9119:99647/2	101	101	1	smNRPS-1/2	5910	3666	3766	98.02	8.46e-41
C65YPACXX150129:8:2313:18684:3075/1	101	1	101	smNRPS-1/2	5910	2683	2783	98.02	8.46e-41
C65YPACXX150129:8:2313:18684:3075/2	101	101	1	smNRPS-1/2	5910	2851	2951	98.02	8.46e-41
C65YPACXX150129:8:2110:1412:53304/1	101	1	101	smNRPS-1/2	5910	2670	2770	98.02	8.46e-41
C65YPACXX150129:6:2207:7237:16482/2	101	1	101	smNRPS-1/2	5910	3758	3858	98.02	8.46e-41
C65YPACXX150129:6:1202:5740:32109/1	101	1	96	smNRPS-1/2	5910	1962	2057	100	2.35e-41
C65YPACXX150129:7:2105:6547:73203/1	101	1	96	smNRPS-1/2	5910	1780	1875	100	2.35e-41
C65YPACXX150129:8:1114:14210:54267/2	99	99	1	smNRPS-1/2	5910	2984	3082	98.99	2.35e-41
C65YPACXX150129:8:2313:1297:77991/2	96	96	1	smNRPS-1/2	5910	3925	4020	100	2.35e-41
C65YPACXX150129:6:2108:12959:25091/1	96	1	96	smNRPS-1/2	5910	4029	4124	100	2.35e-41
C65YPACXX150129:7:2213:7681:26940/2	101	1	99	smNRPS-1/2	5910	136	234	98.99	2.35e-41
C65YPACXX150129:8:2211:8832:73924/2	101	101	1	smNRPS-1/2	5910	613	715	98.058	2.35e-41
C65YPACXX150129:8:1301:14498:27828/2	96	1	96	smNRPS-1/2	5910	1959	2054	100	2.35e-41
C65YPACXX150129:8:1102:2956:20678/1	101	101	1	smNRPS-1/2	5910	660	759	99.01	6.54e-42
C65YPACXX150129:8:1211:14967:62812/2	100	100	1	smNRPS-1/2	5910	2259	2358	99	6.54e-42
C65YPACXX150129:7:2303:3609:50892/2	101	101	1	smNRPS-1/2	5910	4924	5024	99.01	1.82e-42
C65YPACXX150129:6:2214:12109:85791/1	101	101	1	smNRPS-1/2	5910	296	396	99.01	1.82e-42
C65YPACXX150129:6:1107:8491:42428/1	101	1	101	smNRPS-1/2	5910	927	1027	99.01	1.82e-42
C65YPACXX150129:6:2210:15205:22004/1	101	101	1	smNRPS-1/2	5910	3026	3126	99.01	1.82e-42
C65YPACXX150129:6:2210:15205:22004/2	101	1	101	smNRPS-1/2	5910	3021	3121	99.01	1.82e-42
C65YPACXX150129:7:1101:13848:13548/1	101	101	1	smNRPS-1/2	5910	377	477	99.01	1.82e-42
C65YPACXX150129:7:2306:19291:49560/2	101	101	1	smNRPS-1/2	5910	4370	4470	99.01	1.82e-42
C65YPACXX150129:7:1309:3909:2683/1	101	1	101	smNRPS-1/2	5910	3461	3561	99.01	1.82e-42
C65YPACXX150129:7:1309:3909:2683/2	101	101	1	smNRPS-1/2	5910	3574	3674	99.01	1.82e-42
C65YPACXX150129:8:1102:15716:27202/1	101	1	101	smNRPS-1/2	5910	3504	3604	99.01	1.82e-42
C65YPACXX150129:8:1102:15716:27202/2	101	101	1	smNRPS-1/2	5910	3533	3633	99.01	1.82e-42
C65YPACXX150129:8:1102:2956:20678/2	101	1	101	smNRPS-1/2	5910	196	296	99.01	1.82e-42
C65YPACXX150129:7:2214:15690:33265/1	101	101	1	smNRPS-1/2	5910	3172	3272	99.01	1.82e-42
C65YPACXX150129:7:2304:9646:16047/2	101	1	101	smNRPS-1/2	5910	2701	2801	99.01	1.82e-42
C65YPACXX150129:6:2105:20386:7982/2	101	101	1	smNRPS-1/2	5910	5327	5427	99.01	1.82e-42
C65YPACXX150129:6:1214:10592:78187/1	101	1	101	smNRPS-1/2	5910	2624	2724	99.01	1.82e-42
C65YPACXX150129:7:1213:3717:71186/2	101	1	101	smNRPS-1/2	5910	2414	2514	99.01	1.82e-42
C65YPACXX150129:7:1214:8202:67430/1	101	101	1	smNRPS-1/2	5910	3971	4071	99.01	1.82e-42
C65YPACXX150129:8:1213:10071:40288/1	101	1	101	smNRPS-1/2	5910	3941	4041	99.01	1.82e-42
C65YPACXX150129:8:1213:10071:40288/2	101	101	1	smNRPS-1/2	5910	4206	4306	99.01	1.82e-42
C65YPACXX150129:7:2104:7991:73832/2	101	101	1	smNRPS-1/2	5910	1141	1241	99.01	1.82e-42
C65YPACXX150129:7:2101:9823:48014/2	101	101	1	smNRPS-1/2	5910	2087	2187	99.01	1.82e-42
C65YPACXX150129:8:1111:11073:38886/2	101	101	1	smNRPS-1/2	5910	4924	5024	99.01	1.82e-42
C65YPACXX150129:7:1311:7918:62047/1	101	101	1	smNRPS-1/2	5910	2267	2367	99.01	1.82e-42
C65YPACXX150129:7:2207:6257:16706/1	101	1	101	smNRPS-1/2	5910	4388	4488	99.01	1.82e-42
C65YPACXX150129:8:2313:1297:77991/1	101	1	101	smNRPS-1/2	5910	3575	3675	99.01	1.82e-42
C65YPACXX150129:8:1216:7031:4421/1	101	1	101	smNRPS-1/2	5910	4588	4688	99.01	1.82e-42
C65YPACXX150129:8:1216:7031:4421/2	101	101	1	smNRPS-1/2	5910	4613	4713	99.01	1.82e-42
C65YPACXX150129:8:1205:8375:98931/1	101	101	1	smNRPS-1/2	5910	296	396	99.01	1.82e-42
C65YPACXX150129:8:1301:12819:98117/2	101	1	101	smNRPS-1/2	5910	3392	3492	99.01	1.82e-42
C65YPACXX150129:8:1108:4933:94401/1	101	1	101	smNRPS-1/2	5910	4611	4711	99.01	1.82e-42
C65YPACXX150129:7:1214:3696:44166/1	101	101	1	smNRPS-1/2	5910	2268	2368	99.01	1.82e-42
C65YPACXX150129:7:1214:3696:44166/2	101	1	101	smNRPS-1/2	5910	2238	2338	99.01	1.82e-42
C65YPACXX150129:7:2212:2347:35197/2	101	1	101	smNRPS-1/2	5910	3504	3604	99.01	1.82e-42
C65YPACXX150129:7:2213:7681:26940/1	101	101	1	smNRPS-1/2	5910	215	315	99.01	1.82e-42
C65YPACXX150129:7:1115:2368:51782/1	101	101	1	smNRPS-1/2	5910	2024	2124	99.01	1.82e-42
C65YPACXX150129:8:1205:2503:87801/1	101	1	101	smNRPS-1/2	5910	5329	5429	99.01	1.82e-42
C65YPACXX150129:6:2112:7761:43047/1	101	101	1	smNRPS-1/2	5910	1176	1276	99.01	1.82e-42
C65YPACXX150129:6:1215:6428:40615/2	101	101	1	smNRPS-1/2	5910	2544	2644	99.01	1.82e-42
C65YPACXX150129:8:1102:13969:62137/1	101	101	1	smNRPS-1/2	5910	2265	2365	99.01	1.82e-42
C65YPACXX150129:8:1102:13969:62137/2	101	1	101	smNRPS-1/2	5910	2257	2357	99.01	1.82e-42
C65YPACXX150129:7:1101:9021:92586/1	101	1	101	smNRPS-1/2	5910	3795	3895	99.01	1.82e-42
C65YPACXX150129:7:2214:17109:98365/1	101	1	101	smNRPS-1/2	5910	3049	3149	99.01	1.82e-42
C65YPACXX150129:7:2214:17109:98365/2	101	101	1	smNRPS-1/2	5910	3406	3506	99.01	1.82e-42
C65YPACXX150129:8:1207:19639:7000/2	101	1	101	smNRPS-1/2	5910	5708	5808	99.01	1.82e-42
C65YPACXX150129:7:2311:6616:77965/2	101	1	101	smNRPS-1/2	5910	4936	5036	99.01	1.82e-42
C65YPACXX150129:7:1316:9119:99647/1	101	1	101	smNRPS-1/2	5910	3583	3683	99.01	1.82e-42
C65YPACXX150129:8:2116:5629:70903/2	101	1	101	smNRPS-1/2	5910	4430	4530	99.01	1.82e-42
C65YPACXX150129:8:2110:1412:53304/2	101	101	1	smNRPS-1/2	5910	2701	2801	99.01	1.82e-42
C65YPACXX150129:8:2308:14391:36110/1	101	101	1	smNRPS-1/2	5910	1134	1234	99.01	1.82e-42
C65YPACXX150129:6:2207:7237:16482/1	101	101	1	smNRPS-1/2	5910	3795	3895	99.01	1.82e-42
C65YPACXX150129:8:1312:5117:69198/1	101	101	1	smNRPS-1/2	5910	5745	5845	99.01	1.82e-42
C65YPACXX150129:8:1312:5117:69198/2	101	1	101	smNRPS-1/2	5910	5708	5808	99.01	1.82e-42
C65YPACXX150129:8:1212:13142:13527/1	101	1	101	smNRPS-1/2	5910	233	333	99.01	1.82e-42
C65YPACXX150129:8:1212:13142:13527/2	101	101	1	smNRPS-1/2	5910	297	397	99.01	1.82e-42
C65YPACXX150129:7:2212:15464:12245/1	101	101	1	smNRPS-1/2	5910	5315	5415	99.01	1.82e-42
C65YPACXX150129:6:1209:4215:75888/1	101	101	1	smNRPS-1/2	5910	3942	4042	99.01	1.82e-42
C65YPACXX150129:6:2302:16651:57641/1	101	1	101	smNRPS-1/2	5910	4443	4543	99.01	1.82e-42
C65YPACXX150129:6:1310:15516:87911/1	101	101	1	smNRPS-1/2	5910	4905	5005	99.01	1.82e-42
C65YPACXX150129:8:1212:11851:32331/1	101	101	1	smNRPS-1/2	5910	3009	3109	99.01	1.82e-42
C65YPACXX150129:8:1103:20042:25065/2	99	99	1	smNRPS-1/2	5910	4116	4214	100	5.06e-43
C65YPACXX150129:6:2105:20386:7982/1	101	1	99	smNRPS-1/2	5910	5164	5262	100	5.06e-43
C65YPACXX150129:6:1105:17477:58490/1	99	1	99	smNRPS-1/2	5910	3084	3182	100	5.06e-43
C65YPACXX150129:8:2312:2158:92470/2	99	99	1	smNRPS-1/2	5910	2013	2111	100	5.06e-43
C65YPACXX150129:6:1303:9784:56552/2	100	100	1	smNRPS-1/2	5910	4948	5047	100	1.41e-43
C65YPACXX150129:7:1311:3271:91488/1	101	100	1	smNRPS-1/2	5910	4804	4903	100	1.41e-43
C65YPACXX150129:8:2208:15452:74893/1	101	1	100	smNRPS-1/2	5910	1787	1886	100	1.41e-43
C65YPACXX150129:8:2208:15452:74893/2	101	100	1	smNRPS-1/2	5910	1786	1885	100	1.41e-43
C65YPACXX150129:8:2116:5629:70903/1	101	100	1	smNRPS-1/2	5910	4940	5039	100	1.41e-43
C65YPACXX150129:8:2216:2434:19841/1	100	100	1	smNRPS-1/2	5910	5617	5716	100	1.41e-43
C65YPACXX150129:8:2115:11845:27155/2	101	1	101	smNRPS-1/2	5910	5081	5181	100	3.91e-44
C65YPACXX150129:7:2115:14689:19633/1	101	101	1	smNRPS-1/2	5910	4443	4543	100	3.91e-44
C65YPACXX150129:8:2308:11999:40992/1	101	101	1	smNRPS-1/2	5910	786	886	100	3.91e-44
C65YPACXX150129:8:2111:9227:59164/2	101	101	1	smNRPS-1/2	5910	4159	4259	100	3.91e-44
C65YPACXX150129:6:1205:3647:27345/1	101	101	1	smNRPS-1/2	5910	2225	2325	100	3.91e-44
C65YPACXX150129:6:1205:3647:27345/2	101	1	101	smNRPS-1/2	5910	1923	2023	100	3.91e-44
C65YPACXX150129:7:1213:6583:95784/1	101	101	1	smNRPS-1/2	5910	3916	4016	100	3.91e-44
C65YPACXX150129:6:1209:20631:86890/1	101	101	1	smNRPS-1/2	5910	5083	5183	100	3.91e-44
C65YPACXX150129:6:1209:20631:86890/2	101	1	101	smNRPS-1/2	5910	5014	5114	100	3.91e-44
C65YPACXX150129:6:1211:9124:26428/1	101	101	1	smNRPS-1/2	5910	4990	5090	100	3.91e-44
C65YPACXX150129:8:1212:20467:53653/1	101	1	101	smNRPS-1/2	5910	4029	4129	100	3.91e-44
C65YPACXX150129:6:1107:8491:42428/2	101	101	1	smNRPS-1/2	5910	1009	1109	100	3.91e-44
C65YPACXX150129:6:2214:4886:84982/1	101	1	101	smNRPS-1/2	5910	264	364	100	3.91e-44
C65YPACXX150129:6:2214:4886:84982/2	101	101	1	smNRPS-1/2	5910	270	370	100	3.91e-44
C65YPACXX150129:8:1205:9248:33479/2	101	1	101	smNRPS-1/2	5910	976	1076	100	3.91e-44
C65YPACXX150129:8:2106:16103:14423/2	101	101	1	smNRPS-1/2	5910	5005	5105	100	3.91e-44
C65YPACXX150129:7:2204:6373:60595/1	101	101	1	smNRPS-1/2	5910	4954	5054	100	3.91e-44
C65YPACXX150129:7:2204:6373:60595/2	101	1	101	smNRPS-1/2	5910	4950	5050	100	3.91e-44
C65YPACXX150129:7:1111:3203:39952/1	101	1	101	smNRPS-1/2	5910	1034	1134	100	3.91e-44
C65YPACXX150129:8:1103:20042:25065/1	101	1	101	smNRPS-1/2	5910	4075	4175	100	3.91e-44
C65YPACXX150129:7:1304:11273:48639/2	101	1	101	smNRPS-1/2	5910	5042	5142	100	3.91e-44
C65YPACXX150129:7:2214:15690:33265/2	101	1	101	smNRPS-1/2	5910	3122	3222	100	3.91e-44
C65YPACXX150129:8:1316:2383:96565/1	101	101	1	smNRPS-1/2	5910	1727	1827	100	3.91e-44
C65YPACXX150129:8:1316:2383:96565/2	101	1	101	smNRPS-1/2	5910	1694	1794	100	3.91e-44
C65YPACXX150129:8:2315:6917:82604/1	101	1	101	smNRPS-1/2	5910	4983	5083	100	3.91e-44
C65YPACXX150129:8:2315:6917:82604/2	101	101	1	smNRPS-1/2	5910	4990	5090	100	3.91e-44
C65YPACXX150129:7:1213:3717:71186/1	101	101	1	smNRPS-1/2	5910	2467	2567	100	3.91e-44
C65YPACXX150129:7:2306:13233:80603/1	101	1	101	smNRPS-1/2	5910	5699	5799	100	3.91e-44
C65YPACXX150129:7:2104:7991:73832/1	101	1	101	smNRPS-1/2	5910	1034	1134	100	3.91e-44
C65YPACXX150129:8:2312:2158:92470/1	101	1	101	smNRPS-1/2	5910	1958	2058	100	3.91e-44
C65YPACXX150129:6:1103:5122:83498/1	101	1	101	smNRPS-1/2	5910	3143	3243	100	3.91e-44
C65YPACXX150129:7:2101:9823:48014/1	101	1	101	smNRPS-1/2	5910	1938	2038	100	3.91e-44
C65YPACXX150129:8:2205:8133:27838/1	101	1	101	smNRPS-1/2	5910	2861	2961	100	3.91e-44
C65YPACXX150129:8:2205:8133:27838/2	101	101	1	smNRPS-1/2	5910	2944	3044	100	3.91e-44
C65YPACXX150129:7:1311:7918:62047/2	101	1	101	smNRPS-1/2	5910	2224	2324	100	3.91e-44
C65YPACXX150129:7:2302:12230:69832/2	101	101	1	smNRPS-1/2	5910	1831	1931	100	3.91e-44
C65YPACXX150129:7:1308:7937:32038/2	101	1	101	smNRPS-1/2	5910	4469	4569	100	3.91e-44
C65YPACXX150129:8:2214:3589:94120/2	101	101	1	smNRPS-1/2	5910	4453	4553	100	3.91e-44
C65YPACXX150129:8:1216:9086:59750/1	101	1	101	smNRPS-1/2	5910	4075	4175	100	3.91e-44
C65YPACXX150129:8:1216:9086:59750/2	101	101	1	smNRPS-1/2	5910	4114	4214	100	3.91e-44
C65YPACXX150129:8:2108:20035:80766/1	101	1	101	smNRPS-1/2	5910	1710	1810	100	3.91e-44
C65YPACXX150129:8:2108:20035:80766/2	101	101	1	smNRPS-1/2	5910	1818	1918	100	3.91e-44
C65YPACXX150129:6:2104:13406:27176/2	101	1	101	smNRPS-1/2	5910	5081	5181	100	3.91e-44
C65YPACXX150129:7:2207:17367:93617/2	101	1	101	smNRPS-1/2	5910	5640	5740	100	3.91e-44
C65YPACXX150129:8:1211:14967:62812/1	101	1	101	smNRPS-1/2	5910	2175	2275	100	3.91e-44
C65YPACXX150129:7:2110:18215:87397/1	101	101	1	smNRPS-1/2	5910	26	126	100	3.91e-44
C65YPACXX150129:8:1205:2503:87801/2	101	101	1	smNRPS-1/2	5910	5616	5716	100	3.91e-44
C65YPACXX150129:6:1115:16606:39613/1	101	101	1	smNRPS-1/2	5910	1958	2058	100	3.91e-44
C65YPACXX150129:6:2207:20393:58620/1	101	101	1	smNRPS-1/2	5910	1812	1912	100	3.91e-44
C65YPACXX150129:6:2207:20393:58620/2	101	1	101	smNRPS-1/2	5910	1785	1885	100	3.91e-44
C65YPACXX150129:6:1101:17116:78546/2	101	101	1	smNRPS-1/2	5910	5057	5157	100	3.91e-44
C65YPACXX150129:6:1305:9096:58557/2	101	1	101	smNRPS-1/2	5910	5076	5176	100	3.91e-44
C65YPACXX150129:6:1101:15906:67344/1	101	1	101	smNRPS-1/2	5910	4780	4880	100	3.91e-44
C65YPACXX150129:6:1101:15906:67344/2	101	101	1	smNRPS-1/2	5910	4922	5022	100	3.91e-44
C65YPACXX150129:7:1210:8324:76066/1	101	101	1	smNRPS-1/2	5910	1511	1611	100	3.91e-44
C65YPACXX150129:7:1210:8324:76066/2	101	1	101	smNRPS-1/2	5910	1462	1562	100	3.91e-44
C65YPACXX150129:7:2311:6616:77965/1	101	101	1	smNRPS-1/2	5910	4990	5090	100	3.91e-44
C65YPACXX150129:8:1109:9431:49061/1	101	1	101	smNRPS-1/2	5910	4466	4566	100	3.91e-44
C65YPACXX150129:6:1311:3480:3976/1	101	1	101	smNRPS-1/2	5910	1021	1121	100	3.91e-44
C65YPACXX150129:7:2212:5589:35261/1	101	101	1	smNRPS-1/2	5910	472	572	100	3.91e-44
C65YPACXX150129:7:2212:5589:35261/2	101	1	101	smNRPS-1/2	5910	445	545	100	3.91e-44
C65YPACXX150129:7:2212:15464:12245/2	101	1	101	smNRPS-1/2	5910	5040	5140	100	3.91e-44
C65YPACXX150129:7:2212:15755:63510/1	101	1	101	smNRPS-1/2	5910	1034	1134	100	3.91e-44
C65YPACXX150129:6:2315:18088:40158/1	101	101	1	smNRPS-1/2	5910	4447	4547	100	3.91e-44
C65YPACXX150129:7:2108:10420:92379/1	101	101	1	smNRPS-1/2	5910	263	363	100	3.91e-44
C65YPACXX150129:8:1215:16625:99296/1	101	1	101	smNRPS-1/2	5910	2204	2304	100	3.91e-44
C65YPACXX150129:8:2315:14304:85691/2	67	1	67	smNRPS-1/2	5910	2871	2937	97.015	6.81e-22
C65YPACXX150129:7:1214:14956:23518/2	70	1	70	smNRPS-1/2	5910	3787	3856	98.571	3.15e-25
C65YPACXX150129:7:1214:14956:23518/1	74	74	1	smNRPS-1/2	5910	4131	4204	98.649	1.88e-27
C65YPACXX150129:6:2101:12662:17183/2	80	80	1	smNRPS-1/2	5910	1478	1557	97.5	4.04e-29
C65YPACXX150129:7:2306:13233:80603/2	101	22	101	smNRPS-1/2	5910	1	80	97.5	4.04e-29
C65YPACXX150129:6:1306:18414:43019/2	101	101	1	smNRPS-1/2	5910	5628	5728	95.05	8.62e-36
C65YPACXX150129:7:1215:12858:27795/1	96	1	96	smNRPS-1/2	5910	1192	1287	96.875	2.4e-36
C65YPACXX150129:6:2305:18280:12059/1	101	101	1	smNRPS-1/2	5910	1049	1149	96.04	1.85e-37
C65YPACXX150129:8:2315:14304:85691/1	99	99	1	smNRPS-1/2	5910	3059	3157	96.97	5.15e-38
C65YPACXX150129:6:1306:18414:43019/1	101	1	101	smNRPS-1/2	5910	5529	5629	97.03	3.98e-39
C65YPACXX150129:7:1215:12858:27795/2	101	101	1	smNRPS-1/2	5910	1219	1319	97.03	3.98e-39
C65YPACXX150129:6:1213:10944:42835/2	98	98	1	smNRPS-1/2	5910	3638	3735	97.959	3.98e-39
C65YPACXX150129:7:2108:8156:40502/2	101	98	1	smNRPS-1/2	5910	3624	3721	97.959	3.98e-39
C65YPACXX150129:7:2110:9309:54039/2	98	1	98	smNRPS-1/2	5910	4065	4162	97.959	3.98e-39
C65YPACXX150129:7:1116:8538:68499/1	101	101	1	smNRPS-1/2	5910	3702	3802	97.03	3.98e-39
C65YPACXX150129:6:2101:12662:17183/1	101	1	101	smNRPS-1/2	5910	1447	1547	98.02	8.56e-41
C65YPACXX150129:6:1213:10944:42835/1	101	1	101	smNRPS-1/2	5910	3635	3735	98.02	8.56e-41
C65YPACXX150129:8:2215:5882:31463/1	101	99	2	smNRPS-1/2	5910	3785	3882	98.98	8.56e-41
C65YPACXX150129:8:2215:5882:31463/2	101	1	98	smNRPS-1/2	5910	3785	3882	98.98	8.56e-41
C65YPACXX150129:7:2108:8156:40502/1	101	1	101	smNRPS-1/2	5910	3502	3602	98.02	8.56e-41
C65YPACXX150129:7:2110:9309:54039/1	98	98	1	smNRPS-1/2	5910	4068	4165	98.98	8.56e-41
C65YPACXX150129:8:2209:17626:53089/2	101	101	1	smNRPS-1/2	5910	2584	2684	98.02	8.56e-41
C65YPACXX150129:8:2214:14798:48232/1	101	1	101	smNRPS-1/2	5910	2325	2425	98.02	8.56e-41
C65YPACXX150129:8:2316:13874:41607/1	101	101	1	smNRPS-1/2	5910	721	821	98.02	8.56e-41
C65YPACXX150129:8:2316:13874:41607/2	101	1	101	smNRPS-1/2	5910	361	461	98.02	8.56e-41
C65YPACXX150129:7:2115:9495:20742/1	101	101	1	smNRPS-1/2	5910	2449	2549	98.02	8.56e-41
C65YPACXX150129:7:2115:9495:20742/2	101	1	101	smNRPS-1/2	5910	2400	2500	98.02	8.56e-41
C65YPACXX150129:8:1302:5767:81829/1	101	1	101	smNRPS-1/2	5910	46	146	98.02	8.56e-41
C65YPACXX150129:7:2104:8619:88031/1	101	101	1	smNRPS-1/2	5910	1287	1387	98.02	8.56e-41
C65YPACXX150129:6:2204:5127:23599/1	101	1	101	smNRPS-1/2	5910	2997	3097	99.01	1.84e-42
C65YPACXX150129:6:2204:5127:23599/2	101	101	1	smNRPS-1/2	5910	3032	3132	99.01	1.84e-42
C65YPACXX150129:6:2102:7523:94219/1	101	101	1	smNRPS-1/2	5910	3256	3356	99.01	1.84e-42
C65YPACXX150129:6:2102:7523:94219/2	101	1	101	smNRPS-1/2	5910	3256	3356	99.01	1.84e-42
C65YPACXX150129:7:1212:20142:74380/2	101	1	101	smNRPS-1/2	5910	420	520	99.01	1.84e-42
C65YPACXX150129:8:2302:3791:73668/2	101	1	101	smNRPS-1/2	5910	420	520	99.01	1.84e-42
C65YPACXX150129:7:1110:8184:87628/2	101	1	101	smNRPS-1/2	5910	4734	4834	99.01	1.84e-42
C65YPACXX150129:8:1101:14349:58592/1	101	101	1	smNRPS-1/2	5910	2858	2958	99.01	1.84e-42
C65YPACXX150129:8:1101:14349:58592/2	101	1	101	smNRPS-1/2	5910	2775	2875	99.01	1.84e-42
C65YPACXX150129:8:2315:7184:96186/1	101	1	101	smNRPS-1/2	5910	1340	1440	99.01	1.84e-42
C65YPACXX150129:8:2315:7184:96186/2	101	101	1	smNRPS-1/2	5910	1390	1490	99.01	1.84e-42
C65YPACXX150129:7:2305:3723:51365/2	101	1	101	smNRPS-1/2	5910	420	520	99.01	1.84e-42
C65YPACXX150129:6:2213:9394:9887/1	101	101	1	smNRPS-1/2	5910	972	1072	99.01	1.84e-42
C65YPACXX150129:7:2204:1144:35352/1	101	101	1	smNRPS-1/2	5910	1003	1103	99.01	1.84e-42
C65YPACXX150129:8:1103:16783:23311/1	101	1	101	smNRPS-1/2	5910	2654	2754	99.01	1.84e-42
C65YPACXX150129:8:1103:16783:23311/2	101	101	1	smNRPS-1/2	5910	2770	2870	99.01	1.84e-42
C65YPACXX150129:8:2214:14798:48232/2	101	101	1	smNRPS-1/2	5910	2389	2489	99.01	1.84e-42
C65YPACXX150129:7:1110:16043:46239/1	101	101	1	smNRPS-1/2	5910	2358	2458	99.01	1.84e-42
C65YPACXX150129:6:1214:6211:25541/2	101	101	1	smNRPS-1/2	5910	2389	2489	99.01	1.84e-42
C65YPACXX150129:7:1213:7802:21315/1	101	1	101	smNRPS-1/2	5910	1914	2014	99.01	1.84e-42
C65YPACXX150129:7:1110:8184:87628/1	101	99	1	smNRPS-1/2	5910	4746	4844	100	5.12e-43
C65YPACXX150129:6:2213:9394:9887/2	101	1	101	smNRPS-1/2	5910	607	707	100	3.96e-44
C65YPACXX150129:8:2107:10189:19876/1	101	1	101	smNRPS-1/2	5910	5785	5885	100	3.96e-44
C65YPACXX150129:8:2107:10189:19876/2	101	101	1	smNRPS-1/2	5910	5796	5896	100	3.96e-44
C65YPACXX150129:7:2204:1144:35352/2	101	1	101	smNRPS-1/2	5910	860	960	100	3.96e-44
C65YPACXX150129:8:2209:17626:53089/1	101	1	101	smNRPS-1/2	5910	2222	2322	100	3.96e-44
C65YPACXX150129:7:1116:8538:68499/2	101	1	101	smNRPS-1/2	5910	3424	3524	100	3.96e-44
C65YPACXX150129:7:1110:16043:46239/2	101	1	101	smNRPS-1/2	5910	2169	2269	100	3.96e-44
C65YPACXX150129:6:1214:6211:25541/1	101	1	101	smNRPS-1/2	5910	2301	2401	100	3.96e-44
