C662FACXX150129:7:1302:1755:43920/1	79	1	56	smNRPS-1/2	5910	5820	5875	100	3.87e-19
C662FACXX150129:7:1302:1755:43920/2	96	57	2	smNRPS-1/2	5910	5820	5875	100	3.87e-19
C662FACXX150129:7:1207:17741:43656/1	60	60	1	smNRPS-1/2	5910	1587	1646	98.333	1.08e-19
C662FACXX150129:6:1303:4588:26058/2	61	1	61	smNRPS-1/2	5910	1254	1314	100	6.43e-22
C662FACXX150129:7:2214:11521:28943/2	101	1	68	smNRPS-1/2	5910	5808	5875	100	8.25e-26
C662FACXX150129:3:1116:1901:5094/2	77	1	68	smNRPS-1/2	5910	5808	5875	100	8.25e-26
C662FACXX150129:6:2209:2337:63706/1	78	78	1	smNRPS-1/2	5910	1194	1271	97.436	4.93e-28
C662FACXX150129:7:1104:2732:40241/1	82	1	82	smNRPS-1/2	5910	1189	1270	97.561	2.95e-30
C662FACXX150129:2:1206:11548:65677/1	82	82	1	smNRPS-1/2	5910	4241	4322	97.561	2.95e-30
C662FACXX150129:6:1209:18701:31365/1	87	87	1	smNRPS-1/2	5910	1274	1360	96.552	2.28e-31
C662FACXX150129:7:1213:18374:9497/1	101	1	79	smNRPS-1/2	5910	5797	5875	100	6.34e-32
C662FACXX150129:6:1116:2420:40320/2	92	1	92	smNRPS-1/2	5910	2305	2396	95.652	1.76e-32
C662FACXX150129:4:2301:14291:73066/2	89	1	89	smNRPS-1/2	5910	1263	1351	96.629	1.76e-32
C662FACXX150129:5:1212:16985:2318/2	87	1	87	smNRPS-1/2	5910	1177	1263	97.701	4.9e-33
C662FACXX150129:3:2104:20739:89800/1	90	1	90	smNRPS-1/2	5910	5306	5395	96.667	4.9e-33
C662FACXX150129:4:1312:10548:93266/1	101	1	101	smNRPS-1/2	5910	2305	2405	96.04	1.75e-37
C662FACXX150129:2:2112:18680:82486/2	100	1	100	smNRPS-1/2	5910	5288	5387	97	1.35e-38
C662FACXX150129:2:1101:1964:26353/1	97	97	1	smNRPS-1/2	5910	1247	1343	97.938	1.35e-38
C662FACXX150129:5:1113:4057:29970/2	101	101	1	smNRPS-1/2	5910	397	497	97.03	3.76e-39
C662FACXX150129:2:2306:2108:68484/2	101	101	1	smNRPS-1/2	5910	397	497	97.03	3.76e-39
C662FACXX150129:4:1304:4551:58588/1	101	1	101	smNRPS-1/2	5910	1164	1264	97.03	3.76e-39
C662FACXX150129:5:2307:20063:82926/1	101	101	1	smNRPS-1/2	5910	1171	1271	97.03	3.76e-39
C662FACXX150129:5:1302:18893:37130/1	100	1	92	smNRPS-1/2	5910	5784	5875	100	3.76e-39
C662FACXX150129:6:2109:11279:7657/2	101	1	101	smNRPS-1/2	5910	5288	5388	97.03	3.76e-39
C662FACXX150129:7:1103:5678:53002/2	101	1	101	smNRPS-1/2	5910	2305	2405	97.03	3.76e-39
C662FACXX150129:4:1304:4551:58588/2	101	101	3	smNRPS-1/2	5910	1249	1347	97.98	1.05e-39
C662FACXX150129:5:1202:4746:52358/1	101	1	100	smNRPS-1/2	5910	4289	4388	98	2.91e-40
C662FACXX150129:5:1202:4746:52358/2	101	100	1	smNRPS-1/2	5910	4289	4388	98	2.91e-40
C662FACXX150129:3:1301:8360:80430/1	101	101	1	smNRPS-1/2	5910	5301	5401	98.02	8.08e-41
C662FACXX150129:3:2303:6753:53778/2	101	101	1	smNRPS-1/2	5910	4288	4388	98.02	8.08e-41
C662FACXX150129:7:1109:9055:70788/1	98	1	98	smNRPS-1/2	5910	1205	1302	98.98	8.08e-41
C662FACXX150129:7:2104:18130:21412/2	101	101	1	smNRPS-1/2	5910	4287	4387	98.02	8.08e-41
C662FACXX150129:5:1106:8770:36849/1	101	101	1	smNRPS-1/2	5910	4288	4388	98.02	8.08e-41
C662FACXX150129:4:1102:17922:83810/1	101	101	1	smNRPS-1/2	5910	5301	5401	98.02	8.08e-41
C662FACXX150129:6:2111:17869:37648/1	101	101	1	smNRPS-1/2	5910	5321	5421	98.02	8.08e-41
C662FACXX150129:2:2304:3730:15356/2	101	101	1	smNRPS-1/2	5910	4288	4388	98.02	8.08e-41
C662FACXX150129:6:1304:14703:54230/1	101	1	101	smNRPS-1/2	5910	1189	1289	98.02	8.08e-41
C662FACXX150129:6:1211:13377:15598/1	101	1	101	smNRPS-1/2	5910	1192	1292	98.02	8.08e-41
C662FACXX150129:6:1211:13377:15598/2	101	101	1	smNRPS-1/2	5910	1196	1296	98.02	8.08e-41
C662FACXX150129:2:1205:5982:62205/2	101	101	4	smNRPS-1/2	5910	5778	5875	98.98	8.08e-41
C662FACXX150129:2:2201:16901:81150/1	101	1	101	smNRPS-1/2	5910	1189	1289	98.02	8.08e-41
C662FACXX150129:5:2211:4150:23486/1	101	1	101	smNRPS-1/2	5910	4289	4389	98.02	8.08e-41
C662FACXX150129:4:1215:20507:54097/1	101	1	101	smNRPS-1/2	5910	4289	4389	98.02	8.08e-41
C662FACXX150129:3:2314:7333:6874/1	101	101	1	smNRPS-1/2	5910	1194	1294	98.02	8.08e-41
C662FACXX150129:7:2214:4011:30091/1	101	101	1	smNRPS-1/2	5910	452	552	98.02	8.08e-41
C662FACXX150129:4:1309:10958:3992/1	101	101	1	smNRPS-1/2	5910	4288	4388	98.02	8.08e-41
C662FACXX150129:6:2110:14627:75326/1	101	1	100	smNRPS-1/2	5910	459	558	99	6.25e-42
C662FACXX150129:4:1216:7749:62912/1	97	97	1	smNRPS-1/2	5910	616	712	100	6.25e-42
C662FACXX150129:7:1105:11643:85480/1	101	101	1	smNRPS-1/2	5910	452	552	99.01	1.74e-42
C662FACXX150129:7:1105:11643:85480/2	101	1	101	smNRPS-1/2	5910	433	533	99.01	1.74e-42
C662FACXX150129:5:1215:5284:40726/1	101	101	1	smNRPS-1/2	5910	447	547	99.01	1.74e-42
C662FACXX150129:6:1108:14199:11516/1	101	1	101	smNRPS-1/2	5910	457	557	99.01	1.74e-42
C662FACXX150129:6:1108:14199:11516/2	101	101	1	smNRPS-1/2	5910	630	730	99.01	1.74e-42
C662FACXX150129:6:2102:19737:36715/2	101	1	101	smNRPS-1/2	5910	638	738	99.01	1.74e-42
C662FACXX150129:2:2212:2830:38395/1	68	1	50	smNRPS-1/2	5910	5896	5945	96	1.83e-12
C662FACXX150129:5:2216:20408:88261/2	81	1	52	smNRPS-1/2	5910	5894	5945	96.154	1.42e-13
C662FACXX150129:3:1308:8256:27240/2	95	1	52	smNRPS-1/2	5910	5894	5945	96.154	1.42e-13
C662FACXX150129:2:2103:13855:56875/2	51	1	51	smNRPS-1/2	5910	4101	4151	100	2.36e-16
C662FACXX150129:5:2316:12336:40823/2	101	50	101	smNRPS-1/2	5910	1	52	100	6.55e-17
C662FACXX150129:3:2110:3803:82119/1	101	48	101	smNRPS-1/2	5910	1	54	100	5.06e-18
C662FACXX150129:7:2304:6538:11863/1	101	48	101	smNRPS-1/2	5910	1	54	100	5.06e-18
C662FACXX150129:7:1314:18675:50282/2	55	55	1	smNRPS-1/2	5910	2997	3051	100	1.41e-18
C662FACXX150129:7:2112:20202:46721/2	57	1	57	smNRPS-1/2	5910	2176	2232	100	1.09e-19
C662FACXX150129:3:2113:2643:28124/1	65	65	2	smNRPS-1/2	5910	3521	3584	96.875	3.03e-20
C662FACXX150129:7:2208:4422:30709/1	68	68	1	smNRPS-1/2	5910	3268	3335	97.059	1.81e-22
C662FACXX150129:3:1303:15019:57099/1	62	62	1	smNRPS-1/2	5910	1028	1089	100	1.81e-22
C662FACXX150129:3:1115:1319:42757/1	69	69	1	smNRPS-1/2	5910	2477	2545	97.101	5.03e-23
C662FACXX150129:3:2212:14138:63539/1	75	3	75	smNRPS-1/2	5910	3556	3628	95.89	1.4e-23
C662FACXX150129:4:1110:20394:89026/2	64	64	1	smNRPS-1/2	5910	3000	3063	100	1.4e-23
C662FACXX150129:5:1304:10575:78403/2	67	1	67	smNRPS-1/2	5910	3346	3412	98.507	1.4e-23
C662FACXX150129:2:2108:14160:12610/2	68	68	1	smNRPS-1/2	5910	1553	1620	98.529	3.89e-24
C662FACXX150129:2:2213:16498:87428/2	74	74	1	smNRPS-1/2	5910	3851	3924	95.946	3.89e-24
C662FACXX150129:3:1212:19814:77025/1	71	71	1	smNRPS-1/2	5910	3533	3603	97.183	3.89e-24
C662FACXX150129:4:1314:2912:6175/2	72	1	72	smNRPS-1/2	5910	3733	3804	97.222	1.08e-24
C662FACXX150129:5:2214:2114:20719/2	73	1	73	smNRPS-1/2	5910	4856	4928	97.26	3e-25
C662FACXX150129:6:2316:9243:9907/1	76	76	1	smNRPS-1/2	5910	4894	4969	96.053	3e-25
C662FACXX150129:7:1302:1525:67257/2	68	68	1	smNRPS-1/2	5910	4057	4124	100	8.35e-26
C662FACXX150129:7:1101:5222:39500/1	72	72	1	smNRPS-1/2	5910	1671	1742	98.611	2.32e-26
C662FACXX150129:7:2201:19722:3706/1	72	1	72	smNRPS-1/2	5910	2634	2705	98.611	2.32e-26
C662FACXX150129:3:1206:17914:83753/1	75	75	1	smNRPS-1/2	5910	2568	2642	97.333	2.32e-26
C662FACXX150129:4:2115:4329:68930/2	72	1	72	smNRPS-1/2	5910	2776	2847	98.611	2.32e-26
C662FACXX150129:3:1301:8360:80430/2	74	73	1	smNRPS-1/2	5910	548	620	98.63	6.46e-27
C662FACXX150129:5:1204:9513:34816/2	76	1	76	smNRPS-1/2	5910	2888	2963	97.368	6.46e-27
C662FACXX150129:7:1314:7389:41226/2	70	70	1	smNRPS-1/2	5910	3766	3835	100	6.46e-27
C662FACXX150129:5:1315:1327:4423/2	73	1	73	smNRPS-1/2	5910	1476	1548	98.63	6.46e-27
C662FACXX150129:5:1312:18837:101269/2	74	73	1	smNRPS-1/2	5910	2006	2078	98.63	6.46e-27
C662FACXX150129:5:1304:10575:78403/1	70	70	1	smNRPS-1/2	5910	3374	3443	100	6.46e-27
C662FACXX150129:5:1302:16337:57931/1	79	1	76	smNRPS-1/2	5910	3678	3753	97.368	6.46e-27
C662FACXX150129:4:2104:16547:38242/1	83	76	1	smNRPS-1/2	5910	4723	4798	97.368	6.46e-27
C662FACXX150129:3:2215:6090:22997/2	72	72	2	smNRPS-1/2	5910	2997	3067	100	1.8e-27
C662FACXX150129:4:2204:4651:8201/2	71	1	71	smNRPS-1/2	5910	2741	2811	100	1.8e-27
C662FACXX150129:3:1210:17011:57987/1	74	74	1	smNRPS-1/2	5910	2612	2685	98.649	1.8e-27
C662FACXX150129:7:2214:13689:67366/1	72	72	1	smNRPS-1/2	5910	1592	1663	100	4.99e-28
C662FACXX150129:4:1208:20172:38390/2	76	76	2	smNRPS-1/2	5910	2422	2496	98.667	4.99e-28
C662FACXX150129:6:1102:7029:30190/2	81	81	1	smNRPS-1/2	5910	1135	1215	96.296	4.99e-28
C662FACXX150129:4:1206:13094:10922/1	90	81	1	smNRPS-1/2	5910	4723	4803	96.296	4.99e-28
C662FACXX150129:3:1111:7351:76956/1	72	72	1	smNRPS-1/2	5910	2982	3053	100	4.99e-28
C662FACXX150129:3:2202:19756:95587/1	76	76	1	smNRPS-1/2	5910	5081	5156	98.684	1.39e-28
C662FACXX150129:4:1216:7749:62912/2	73	73	1	smNRPS-1/2	5910	5517	5589	100	1.39e-28
C662FACXX150129:7:2102:15974:42753/2	76	76	1	smNRPS-1/2	5910	4176	4251	98.684	1.39e-28
C662FACXX150129:7:1313:19414:34776/1	85	1	85	smNRPS-1/2	5910	3479	3563	95.294	1.39e-28
C662FACXX150129:6:1301:3351:61473/2	77	77	1	smNRPS-1/2	5910	3004	3080	98.701	3.86e-29
C662FACXX150129:2:2307:12643:10337/2	80	80	1	smNRPS-1/2	5910	1953	2032	97.5	3.86e-29
C662FACXX150129:6:2303:13973:80242/2	80	1	80	smNRPS-1/2	5910	1095	1174	97.5	3.86e-29
C662FACXX150129:3:2112:19598:26852/1	80	80	1	smNRPS-1/2	5910	4765	4844	97.5	3.86e-29
C662FACXX150129:4:1111:6255:78548/1	80	1	80	smNRPS-1/2	5910	3322	3401	97.5	3.86e-29
C662FACXX150129:6:2114:2825:59271/1	77	1	77	smNRPS-1/2	5910	1430	1506	98.701	3.86e-29
C662FACXX150129:7:1110:7671:29710/1	75	1	75	smNRPS-1/2	5910	3226	3300	100	1.07e-29
C662FACXX150129:4:1314:2912:6175/1	75	75	1	smNRPS-1/2	5910	4063	4137	100	1.07e-29
C662FACXX150129:4:1110:20394:89026/1	78	1	78	smNRPS-1/2	5910	2909	2986	98.718	1.07e-29
C662FACXX150129:3:1303:18418:85965/1	79	78	1	smNRPS-1/2	5910	5517	5594	98.718	1.07e-29
C662FACXX150129:2:2108:1725:81048/2	78	78	1	smNRPS-1/2	5910	1421	1498	98.718	1.07e-29
C662FACXX150129:3:1307:11220:5981/2	84	84	1	smNRPS-1/2	5910	4900	4983	96.429	1.07e-29
C662FACXX150129:7:2108:14317:29852/2	79	1	79	smNRPS-1/2	5910	3351	3429	98.734	2.98e-30
C662FACXX150129:2:2101:19449:77959/2	79	1	79	smNRPS-1/2	5910	430	508	98.734	2.98e-30
C662FACXX150129:5:2107:17877:17681/2	76	1	76	smNRPS-1/2	5910	2096	2171	100	2.98e-30
C662FACXX150129:4:1105:17660:4722/2	79	1	79	smNRPS-1/2	5910	409	487	98.734	2.98e-30
C662FACXX150129:4:1202:9260:28412/1	85	85	1	smNRPS-1/2	5910	4947	5031	96.471	2.98e-30
C662FACXX150129:3:2307:6594:43236/1	88	88	1	smNRPS-1/2	5910	3477	3564	95.455	2.98e-30
C662FACXX150129:5:2212:20427:17344/2	83	1	83	smNRPS-1/2	5910	3104	3186	97.59	8.29e-31
C662FACXX150129:2:2108:14160:12610/1	80	1	80	smNRPS-1/2	5910	1038	1117	98.75	8.29e-31
C662FACXX150129:6:1313:13274:55354/2	80	80	1	smNRPS-1/2	5910	3928	4007	98.75	8.29e-31
C662FACXX150129:6:2103:11749:24055/2	101	22	101	smNRPS-1/2	5910	1	80	98.75	8.29e-31
C662FACXX150129:4:1208:20541:66980/1	77	77	1	smNRPS-1/2	5910	5031	5107	100	8.29e-31
C662FACXX150129:6:1315:5023:86905/2	101	101	10	smNRPS-1/2	5910	1736	1823	95.652	2.31e-31
C662FACXX150129:3:2307:5614:22133/1	90	1	90	smNRPS-1/2	5910	4483	4572	95.556	2.31e-31
C662FACXX150129:6:1310:4914:49555/2	98	1	90	smNRPS-1/2	5910	3453	3542	95.556	2.31e-31
C662FACXX150129:7:2206:6142:67756/2	101	101	10	smNRPS-1/2	5910	1736	1823	95.652	2.31e-31
C662FACXX150129:5:2103:14763:62717/2	82	1	82	smNRPS-1/2	5910	5797	5878	98.78	6.41e-32
C662FACXX150129:3:2107:13352:8960/1	79	79	1	smNRPS-1/2	5910	5036	5114	100	6.41e-32
C662FACXX150129:3:1310:6325:73977/2	86	1	86	smNRPS-1/2	5910	3102	3187	97.674	1.78e-32
C662FACXX150129:3:2308:10127:35688/2	101	1	86	smNRPS-1/2	5910	5860	5945	97.674	1.78e-32
C662FACXX150129:5:2205:4635:69806/2	80	80	1	smNRPS-1/2	5910	756	835	100	1.78e-32
C662FACXX150129:6:1304:4874:14896/2	86	86	1	smNRPS-1/2	5910	3358	3443	97.674	1.78e-32
C662FACXX150129:5:2309:18105:48784/1	86	1	86	smNRPS-1/2	5910	562	647	97.674	1.78e-32
C662FACXX150129:7:2313:10388:54093/2	101	1	92	smNRPS-1/2	5910	4941	5032	95.652	1.78e-32
C662FACXX150129:2:1105:19010:77990/2	89	89	3	smNRPS-1/2	5910	5510	5596	97.701	4.96e-33
C662FACXX150129:4:2114:10866:26606/1	87	87	1	smNRPS-1/2	5910	417	503	97.701	4.96e-33
C662FACXX150129:7:2110:5708:94515/1	84	1	84	smNRPS-1/2	5910	5505	5588	98.81	4.96e-33
C662FACXX150129:4:2310:17149:26795/1	87	87	1	smNRPS-1/2	5910	2459	2545	97.701	4.96e-33
C662FACXX150129:7:1110:5586:17220/1	88	1	88	smNRPS-1/2	5910	3957	4044	97.727	1.38e-33
C662FACXX150129:4:1207:19718:69632/2	85	85	1	smNRPS-1/2	5910	1502	1586	98.824	1.38e-33
C662FACXX150129:6:1311:7604:38485/2	88	88	1	smNRPS-1/2	5910	3098	3185	97.727	1.38e-33
C662FACXX150129:6:1312:10167:93873/1	94	1	94	smNRPS-1/2	5910	3448	3541	95.745	1.38e-33
C662FACXX150129:7:2203:9587:53677/2	85	1	85	smNRPS-1/2	5910	5694	5778	98.824	1.38e-33
C662FACXX150129:3:2105:18310:81028/1	85	85	1	smNRPS-1/2	5910	363	447	98.824	1.38e-33
C662FACXX150129:4:2113:18222:95123/1	101	1	96	smNRPS-1/2	5910	1732	1823	95.833	1.38e-33
C662FACXX150129:3:2212:14138:63539/2	91	91	1	smNRPS-1/2	5910	3842	3932	96.703	1.38e-33
C662FACXX150129:4:2304:15015:52822/1	101	1	91	smNRPS-1/2	5910	2562	2652	96.703	1.38e-33
C662FACXX150129:7:1113:10485:20560/2	91	1	91	smNRPS-1/2	5910	3494	3584	96.703	1.38e-33
C662FACXX150129:5:2212:17376:96833/1	88	1	88	smNRPS-1/2	5910	2423	2510	97.727	1.38e-33
C662FACXX150129:5:2309:16702:54096/1	86	1	86	smNRPS-1/2	5910	1556	1641	98.837	3.83e-34
C662FACXX150129:2:1203:18081:98662/1	101	92	1	smNRPS-1/2	5910	3281	3372	96.739	3.83e-34
C662FACXX150129:2:1203:18081:98662/2	101	1	95	smNRPS-1/2	5910	3281	3376	95.833	3.83e-34
C662FACXX150129:2:1307:4907:16322/1	92	92	1	smNRPS-1/2	5910	5674	5765	96.739	3.83e-34
C662FACXX150129:7:1313:9658:63602/2	89	89	1	smNRPS-1/2	5910	437	525	97.753	3.83e-34
C662FACXX150129:2:1106:13079:93723/2	95	1	95	smNRPS-1/2	5910	3606	3700	95.789	3.83e-34
C662FACXX150129:4:1110:18960:2507/1	101	101	5	smNRPS-1/2	5910	1731	1823	95.876	3.83e-34
C662FACXX150129:4:1304:17189:36718/1	83	1	83	smNRPS-1/2	5910	901	983	100	3.83e-34
C662FACXX150129:4:2301:19726:80560/1	86	1	86	smNRPS-1/2	5910	3027	3112	98.837	3.83e-34
C662FACXX150129:3:1309:7362:72374/2	87	84	1	smNRPS-1/2	5910	1861	1944	100	1.07e-34
C662FACXX150129:7:1108:20586:40941/2	84	1	84	smNRPS-1/2	5910	2320	2403	100	1.07e-34
C662FACXX150129:2:1308:16459:18289/2	96	96	1	smNRPS-1/2	5910	3828	3923	95.833	1.07e-34
C662FACXX150129:4:2312:1828:5542/1	87	1	87	smNRPS-1/2	5910	968	1054	98.851	1.07e-34
C662FACXX150129:3:1115:20667:62106/1	95	95	3	smNRPS-1/2	5910	1268	1360	96.774	1.07e-34
C662FACXX150129:2:1111:6424:61744/1	84	84	1	smNRPS-1/2	5910	3787	3870	100	1.07e-34
C662FACXX150129:5:2314:11574:17587/2	91	91	1	smNRPS-1/2	5910	3261	3351	97.802	2.96e-35
C662FACXX150129:7:2106:7884:91636/1	101	101	2	smNRPS-1/2	5910	4918	5017	95	2.96e-35
C662FACXX150129:2:2115:7193:73817/2	100	1	100	smNRPS-1/2	5910	5605	5704	95	2.96e-35
C662FACXX150129:2:2212:2398:80342/2	97	1	97	smNRPS-1/2	5910	3469	3565	95.876	2.96e-35
C662FACXX150129:2:1116:16803:82141/2	97	97	1	smNRPS-1/2	5910	1134	1230	95.876	2.96e-35
C662FACXX150129:3:2314:7333:6874/2	100	100	1	smNRPS-1/2	5910	4704	4803	95	2.96e-35
C662FACXX150129:2:2108:17524:45701/1	85	85	1	smNRPS-1/2	5910	2254	2338	100	2.96e-35
C662FACXX150129:5:1105:13789:100849/1	100	1	100	smNRPS-1/2	5910	4706	4805	95	2.96e-35
C662FACXX150129:5:1111:6360:66707/1	101	1	101	smNRPS-1/2	5910	5580	5680	95.05	8.24e-36
C662FACXX150129:2:1101:15907:91773/1	101	101	1	smNRPS-1/2	5910	4701	4801	95.05	8.24e-36
C662FACXX150129:2:2213:16498:87428/1	101	1	98	smNRPS-1/2	5910	3827	3924	95.918	8.24e-36
C662FACXX150129:5:1310:5457:70550/2	101	1	100	smNRPS-1/2	5910	1728	1823	96	8.24e-36
C662FACXX150129:7:2314:18425:86557/2	101	1	100	smNRPS-1/2	5910	1728	1823	96	8.24e-36
C662FACXX150129:4:2207:9582:73469/2	101	1	101	smNRPS-1/2	5910	4699	4799	95.05	8.24e-36
C662FACXX150129:2:2102:14960:6896/1	101	1	101	smNRPS-1/2	5910	4882	4982	95.05	8.24e-36
C662FACXX150129:7:1116:11525:22542/2	101	1	100	smNRPS-1/2	5910	1728	1823	96	8.24e-36
C662FACXX150129:3:2215:6090:22997/1	92	1	92	smNRPS-1/2	5910	2862	2953	97.826	8.24e-36
C662FACXX150129:6:2316:9243:9907/2	101	1	98	smNRPS-1/2	5910	4872	4969	95.918	8.24e-36
C662FACXX150129:5:1306:18055:61633/2	92	92	1	smNRPS-1/2	5910	1154	1245	97.826	8.24e-36
C662FACXX150129:7:1101:8920:20716/1	101	1	101	smNRPS-1/2	5910	4706	4806	95.05	8.24e-36
C662FACXX150129:5:2303:12290:68966/2	89	89	1	smNRPS-1/2	5910	4103	4191	98.876	8.24e-36
C662FACXX150129:7:2214:13689:67366/2	96	1	96	smNRPS-1/2	5910	1192	1287	96.875	2.29e-36
C662FACXX150129:2:2115:2010:80363/1	96	96	1	smNRPS-1/2	5910	3287	3382	96.875	2.29e-36
C662FACXX150129:2:1303:12295:22788/2	90	1	90	smNRPS-1/2	5910	4099	4188	98.889	2.29e-36
C662FACXX150129:5:1209:14390:50740/1	99	99	1	smNRPS-1/2	5910	3427	3525	95.96	2.29e-36
C662FACXX150129:3:2116:4506:45566/1	101	99	1	smNRPS-1/2	5910	3466	3564	95.96	2.29e-36
C662FACXX150129:5:2116:3932:2482/2	96	96	1	smNRPS-1/2	5910	3851	3946	96.875	2.29e-36
C662FACXX150129:6:2316:11213:42037/2	96	96	1	smNRPS-1/2	5910	5141	5236	96.875	2.29e-36
C662FACXX150129:7:1103:5678:53002/1	96	1	96	smNRPS-1/2	5910	3556	3651	96.875	2.29e-36
C662FACXX150129:2:2304:1686:97155/2	96	96	1	smNRPS-1/2	5910	5138	5233	96.875	2.29e-36
C662FACXX150129:3:2205:12454:53540/2	90	1	90	smNRPS-1/2	5910	3364	3453	98.889	2.29e-36
C662FACXX150129:7:1206:3927:25026/2	94	91	1	smNRPS-1/2	5910	5196	5286	98.901	6.37e-37
C662FACXX150129:5:1212:4867:73904/2	97	1	97	smNRPS-1/2	5910	3823	3919	96.907	6.37e-37
C662FACXX150129:4:1201:9762:28302/2	97	97	1	smNRPS-1/2	5910	3844	3940	96.907	6.37e-37
C662FACXX150129:5:1106:8770:36849/2	91	91	1	smNRPS-1/2	5910	1502	1592	98.901	6.37e-37
C662FACXX150129:4:2114:12773:62345/2	91	91	1	smNRPS-1/2	5910	624	714	98.901	6.37e-37
C662FACXX150129:5:2212:11498:28324/1	101	97	1	smNRPS-1/2	5910	4935	5031	96.907	6.37e-37
C662FACXX150129:5:1314:8458:11056/2	100	1	100	smNRPS-1/2	5910	3528	3627	96	6.37e-37
C662FACXX150129:7:2203:13244:42728/1	94	94	1	smNRPS-1/2	5910	3273	3366	97.872	6.37e-37
C662FACXX150129:2:2203:7024:72547/2	101	101	1	smNRPS-1/2	5910	1801	1899	96.04	6.37e-37
C662FACXX150129:4:1209:14965:67230/1	88	88	1	smNRPS-1/2	5910	758	845	100	6.37e-37
C662FACXX150129:2:2212:2398:80342/1	101	101	2	smNRPS-1/2	5910	3485	3584	96	6.37e-37
C662FACXX150129:2:2103:19205:28358/1	101	1	91	smNRPS-1/2	5910	4178	4268	98.901	6.37e-37
C662FACXX150129:2:2103:19205:28358/2	92	91	1	smNRPS-1/2	5910	4178	4268	98.901	6.37e-37
C662FACXX150129:6:1313:3130:22366/2	88	1	88	smNRPS-1/2	5910	786	873	100	6.37e-37
C662FACXX150129:7:2103:5227:32073/2	91	1	91	smNRPS-1/2	5910	2528	2618	98.901	6.37e-37
C662FACXX150129:6:1314:10338:3219/1	101	101	1	smNRPS-1/2	5910	1214	1314	96.04	1.77e-37
C662FACXX150129:5:1204:9513:34816/1	101	101	1	smNRPS-1/2	5910	3523	3623	96.04	1.77e-37
C662FACXX150129:6:2215:14669:12894/1	101	101	1	smNRPS-1/2	5910	4910	5010	96.04	1.77e-37
C662FACXX150129:3:1303:10207:33704/1	101	1	101	smNRPS-1/2	5910	4218	4318	96.04	1.77e-37
C662FACXX150129:3:1301:17532:29102/2	101	1	101	smNRPS-1/2	5910	4855	4955	96.04	1.77e-37
C662FACXX150129:7:1305:4658:3079/2	101	1	101	smNRPS-1/2	5910	3467	3567	96.04	1.77e-37
C662FACXX150129:4:2210:18222:86651/1	101	1	101	smNRPS-1/2	5910	3448	3548	96.04	1.77e-37
C662FACXX150129:3:1216:2609:101123/1	101	101	1	smNRPS-1/2	5910	4880	4980	96.04	1.77e-37
C662FACXX150129:3:1216:2609:101123/2	101	1	101	smNRPS-1/2	5910	4867	4967	96.04	1.77e-37
C662FACXX150129:3:2312:20006:53747/1	101	101	1	smNRPS-1/2	5910	4910	5010	96.04	1.77e-37
C662FACXX150129:2:2311:17977:26606/1	101	1	101	smNRPS-1/2	5910	1136	1236	96.04	1.77e-37
C662FACXX150129:2:2311:17977:26606/2	101	101	1	smNRPS-1/2	5910	1255	1355	96.04	1.77e-37
C662FACXX150129:2:1302:19437:39959/2	101	1	101	smNRPS-1/2	5910	3443	3543	96.04	1.77e-37
C662FACXX150129:2:2309:9552:76639/2	101	101	1	smNRPS-1/2	5910	3662	3762	96.04	1.77e-37
C662FACXX150129:5:2214:2114:20719/1	89	89	1	smNRPS-1/2	5910	5022	5110	100	1.77e-37
C662FACXX150129:3:2113:2643:28124/2	101	1	101	smNRPS-1/2	5910	3469	3569	96.04	1.77e-37
C662FACXX150129:3:2116:4506:45566/2	101	1	101	smNRPS-1/2	5910	3443	3543	96.04	1.77e-37
C662FACXX150129:4:2316:19105:10431/2	101	101	1	smNRPS-1/2	5910	3662	3762	96.04	1.77e-37
C662FACXX150129:5:2210:14208:55474/2	101	1	101	smNRPS-1/2	5910	4856	4956	96.04	1.77e-37
C662FACXX150129:6:2215:18200:30729/1	101	101	1	smNRPS-1/2	5910	3451	3551	96.04	1.77e-37
C662FACXX150129:6:2215:18200:30729/2	101	1	101	smNRPS-1/2	5910	3429	3529	96.04	1.77e-37
C662FACXX150129:3:1113:6459:63313/1	101	1	101	smNRPS-1/2	5910	3491	3591	96.04	1.77e-37
C662FACXX150129:2:2207:14964:54657/1	101	1	101	smNRPS-1/2	5910	3478	3578	96.04	1.77e-37
C662FACXX150129:6:2102:19211:7486/1	101	1	101	smNRPS-1/2	5910	4218	4318	96.04	1.77e-37
C662FACXX150129:3:1212:19814:77025/2	101	1	101	smNRPS-1/2	5910	3493	3593	96.04	1.77e-37
C662FACXX150129:7:1210:15726:75938/1	95	95	1	smNRPS-1/2	5910	1161	1255	97.895	1.77e-37
C662FACXX150129:6:2213:13930:48476/1	101	1	101	smNRPS-1/2	5910	3678	3778	96.04	1.77e-37
C662FACXX150129:5:1306:20777:98940/1	101	1	101	smNRPS-1/2	5910	4862	4962	96.04	1.77e-37
C662FACXX150129:5:2306:12202:16266/2	92	1	92	smNRPS-1/2	5910	4810	4901	98.913	1.77e-37
C662FACXX150129:3:1311:5811:68053/2	101	101	1	smNRPS-1/2	5910	3671	3771	96.04	1.77e-37
C662FACXX150129:6:2109:16296:63592/2	98	1	98	smNRPS-1/2	5910	1064	1161	96.939	1.77e-37
C662FACXX150129:7:1110:5586:17220/2	93	93	1	smNRPS-1/2	5910	4032	4124	98.925	4.92e-38
C662FACXX150129:7:1110:7671:29710/2	96	96	1	smNRPS-1/2	5910	3310	3405	97.917	4.92e-38
C662FACXX150129:7:1110:7113:65285/2	93	93	1	smNRPS-1/2	5910	1625	1717	98.925	4.92e-38
C662FACXX150129:2:2115:2010:80363/2	99	1	99	smNRPS-1/2	5910	3281	3379	96.97	4.92e-38
C662FACXX150129:2:1216:16462:46923/1	93	93	1	smNRPS-1/2	5910	980	1072	98.925	4.92e-38
C662FACXX150129:4:2114:12773:62345/1	96	1	96	smNRPS-1/2	5910	223	318	97.917	4.92e-38
C662FACXX150129:4:2201:19303:89270/2	90	1	90	smNRPS-1/2	5910	3792	3881	100	4.92e-38
C662FACXX150129:6:1113:15629:26919/1	90	1	90	smNRPS-1/2	5910	160	249	100	4.92e-38
C662FACXX150129:6:1303:4588:26058/1	99	1	99	smNRPS-1/2	5910	4548	4646	96.97	4.92e-38
C662FACXX150129:2:1313:2630:6367/2	99	1	99	smNRPS-1/2	5910	3705	3803	96.97	4.92e-38
C662FACXX150129:7:1314:11314:16479/2	101	3	101	smNRPS-1/2	5910	3556	3654	96.97	4.92e-38
C662FACXX150129:6:1213:10256:5137/1	101	1	93	smNRPS-1/2	5910	4099	4191	98.925	4.92e-38
C662FACXX150129:7:2110:5708:94515/2	101	99	1	smNRPS-1/2	5910	5505	5603	96.97	4.92e-38
C662FACXX150129:3:2209:19995:8706/1	101	1	93	smNRPS-1/2	5910	4099	4191	98.925	4.92e-38
C662FACXX150129:3:1106:9196:93997/2	100	1	100	smNRPS-1/2	5910	3822	3921	97	1.37e-38
C662FACXX150129:2:1108:5543:90042/2	99	3	99	smNRPS-1/2	5910	5646	5742	97.938	1.37e-38
C662FACXX150129:2:1213:8672:21512/1	97	97	1	smNRPS-1/2	5910	3739	3835	97.938	1.37e-38
C662FACXX150129:7:2301:2884:50968/2	98	2	98	smNRPS-1/2	5910	1093	1189	97.938	1.37e-38
C662FACXX150129:4:2210:18222:86651/2	97	97	1	smNRPS-1/2	5910	3639	3735	97.938	1.37e-38
C662FACXX150129:7:1112:10460:63280/2	94	94	1	smNRPS-1/2	5910	2796	2889	98.936	1.37e-38
C662FACXX150129:7:2203:13244:42728/2	97	1	97	smNRPS-1/2	5910	3262	3358	97.938	1.37e-38
C662FACXX150129:7:1112:14866:22579/2	94	1	94	smNRPS-1/2	5910	2734	2827	98.936	1.37e-38
C662FACXX150129:2:2309:9552:76639/1	101	2	101	smNRPS-1/2	5910	3502	3601	97	1.37e-38
C662FACXX150129:4:2316:19105:10431/1	101	2	101	smNRPS-1/2	5910	3502	3601	97	1.37e-38
C662FACXX150129:4:2114:10866:26606/2	97	1	97	smNRPS-1/2	5910	359	455	97.938	1.37e-38
C662FACXX150129:6:1314:10070:30065/2	91	91	1	smNRPS-1/2	5910	3373	3463	100	1.37e-38
C662FACXX150129:5:2104:15095:44829/2	97	97	1	smNRPS-1/2	5910	2062	2158	97.938	1.37e-38
C662FACXX150129:6:1213:10256:5137/2	101	94	1	smNRPS-1/2	5910	4098	4191	98.936	1.37e-38
C662FACXX150129:6:1207:15622:50737/1	97	1	97	smNRPS-1/2	5910	2858	2954	97.938	1.37e-38
C662FACXX150129:3:2209:19995:8706/2	101	94	1	smNRPS-1/2	5910	4098	4191	98.936	1.37e-38
C662FACXX150129:3:2312:20481:80949/1	95	94	1	smNRPS-1/2	5910	2834	2927	98.936	1.37e-38
C662FACXX150129:3:1307:18851:76542/1	91	91	1	smNRPS-1/2	5910	5806	5896	100	1.37e-38
C662FACXX150129:7:1215:9799:72153/1	97	1	97	smNRPS-1/2	5910	5517	5613	97.938	1.37e-38
C662FACXX150129:2:2104:12406:80974/1	94	1	94	smNRPS-1/2	5910	4007	4100	98.936	1.37e-38
C662FACXX150129:4:2216:3507:77179/1	97	97	1	smNRPS-1/2	5910	2066	2162	97.938	1.37e-38
C662FACXX150129:7:2311:19753:44149/2	97	97	1	smNRPS-1/2	5910	4793	4889	97.938	1.37e-38
C662FACXX150129:7:1206:3927:25026/1	101	1	101	smNRPS-1/2	5910	4994	5094	97.03	3.8e-39
C662FACXX150129:6:1116:2420:40320/1	101	1	101	smNRPS-1/2	5910	3284	3384	97.03	3.8e-39
C662FACXX150129:6:1215:17739:50041/2	101	1	101	smNRPS-1/2	5910	3287	3387	97.03	3.8e-39
C662FACXX150129:6:1211:17349:50547/2	101	101	1	smNRPS-1/2	5910	4567	4667	97.03	3.8e-39
C662FACXX150129:6:1314:10338:3219/2	101	1	101	smNRPS-1/2	5910	1110	1210	97.03	3.8e-39
C662FACXX150129:4:1114:9503:100264/1	101	101	1	smNRPS-1/2	5910	4552	4652	97.03	3.8e-39
C662FACXX150129:3:1106:9196:93997/1	101	101	1	smNRPS-1/2	5910	3826	3926	97.03	3.8e-39
C662FACXX150129:5:1212:16985:2318/1	101	1	101	smNRPS-1/2	5910	4548	4648	97.03	3.8e-39
C662FACXX150129:3:2315:16561:86832/2	101	101	1	smNRPS-1/2	5910	5524	5624	97.03	3.8e-39
C662FACXX150129:7:1301:8674:35922/2	101	1	101	smNRPS-1/2	5910	3065	3165	97.03	3.8e-39
C662FACXX150129:2:1115:20038:71946/2	101	1	101	smNRPS-1/2	5910	3275	3375	97.03	3.8e-39
C662FACXX150129:2:1315:1720:10147/2	101	101	1	smNRPS-1/2	5910	478	578	97.03	3.8e-39
C662FACXX150129:5:1316:19118:68227/1	101	101	1	smNRPS-1/2	5910	3857	3957	97.03	3.8e-39
C662FACXX150129:5:1316:19118:68227/2	101	1	101	smNRPS-1/2	5910	3693	3793	97.03	3.8e-39
C662FACXX150129:3:2209:1620:77739/1	101	1	101	smNRPS-1/2	5910	4951	5051	97.03	3.8e-39
C662FACXX150129:7:1107:2547:25225/1	101	101	1	smNRPS-1/2	5910	3581	3681	97.03	3.8e-39
C662FACXX150129:3:1316:15355:9654/2	101	101	1	smNRPS-1/2	5910	3292	3392	97.03	3.8e-39
C662FACXX150129:3:2316:12112:25909/2	101	1	101	smNRPS-1/2	5910	4986	5086	97.03	3.8e-39
C662FACXX150129:7:1104:2732:40241/2	101	1	101	smNRPS-1/2	5910	4519	4619	97.03	3.8e-39
C662FACXX150129:7:2303:11668:87876/2	98	1	98	smNRPS-1/2	5910	1957	2054	97.959	3.8e-39
C662FACXX150129:7:2301:2884:50968/1	101	101	1	smNRPS-1/2	5910	1306	1406	97.03	3.8e-39
C662FACXX150129:5:1205:11919:14987/1	101	1	101	smNRPS-1/2	5910	4889	4989	97.03	3.8e-39
C662FACXX150129:7:1305:4658:3079/1	101	101	1	smNRPS-1/2	5910	3686	3786	97.03	3.8e-39
C662FACXX150129:2:2201:20129:16976/2	101	1	101	smNRPS-1/2	5910	1281	1381	97.03	3.8e-39
C662FACXX150129:4:1201:9762:28302/1	101	1	101	smNRPS-1/2	5910	3594	3694	97.03	3.8e-39
C662FACXX150129:3:2307:5614:22133/2	101	101	1	smNRPS-1/2	5910	4567	4667	97.03	3.8e-39
C662FACXX150129:3:2313:1740:63978/2	101	101	1	smNRPS-1/2	5910	1303	1403	97.03	3.8e-39
C662FACXX150129:5:1215:5284:40726/2	101	101	1	smNRPS-1/2	5910	5534	5634	97.03	3.8e-39
C662FACXX150129:5:2215:13623:34662/1	95	95	1	smNRPS-1/2	5910	4154	4248	98.947	3.8e-39
C662FACXX150129:2:2303:11213:70753/1	101	101	1	smNRPS-1/2	5910	2492	2592	97.03	3.8e-39
C662FACXX150129:4:1110:8479:7329/1	101	101	1	smNRPS-1/2	5910	3235	3335	97.03	3.8e-39
C662FACXX150129:4:2209:6962:34804/1	101	101	1	smNRPS-1/2	5910	1113	1213	97.03	3.8e-39
C662FACXX150129:4:2209:6962:34804/2	101	1	101	smNRPS-1/2	5910	1112	1212	97.03	3.8e-39
C662FACXX150129:7:1314:7389:41226/1	101	1	101	smNRPS-1/2	5910	3515	3615	97.03	3.8e-39
C662FACXX150129:4:1316:7736:93427/1	101	1	101	smNRPS-1/2	5910	4961	5061	97.03	3.8e-39
C662FACXX150129:6:2110:14627:75326/2	92	1	92	smNRPS-1/2	5910	5049	5140	100	3.8e-39
C662FACXX150129:7:1112:6833:24519/2	101	101	1	smNRPS-1/2	5910	3267	3367	97.03	3.8e-39
C662FACXX150129:5:1314:8458:11056/1	101	101	1	smNRPS-1/2	5910	3686	3786	97.03	3.8e-39
C662FACXX150129:6:2206:10199:8621/1	101	1	101	smNRPS-1/2	5910	4951	5051	97.03	3.8e-39
C662FACXX150129:3:2305:15503:12991/2	101	1	101	smNRPS-1/2	5910	4986	5086	97.03	3.8e-39
C662FACXX150129:4:2201:19303:89270/1	98	98	1	smNRPS-1/2	5910	3947	4044	97.959	3.8e-39
C662FACXX150129:6:1304:14703:54230/2	101	1	101	smNRPS-1/2	5910	4555	4655	97.03	3.8e-39
C662FACXX150129:5:2307:16991:53594/2	101	1	101	smNRPS-1/2	5910	3862	3962	97.03	3.8e-39
C662FACXX150129:5:1212:3863:37685/1	101	101	1	smNRPS-1/2	5910	4582	4682	97.03	3.8e-39
C662FACXX150129:3:1314:8740:37725/2	101	1	101	smNRPS-1/2	5910	3065	3165	97.03	3.8e-39
C662FACXX150129:5:1212:17193:18191/1	101	1	101	smNRPS-1/2	5910	5003	5103	97.03	3.8e-39
C662FACXX150129:6:2202:11931:73349/1	101	1	101	smNRPS-1/2	5910	5522	5622	97.03	3.8e-39
C662FACXX150129:7:1207:16860:54017/1	98	1	98	smNRPS-1/2	5910	2578	2675	97.959	3.8e-39
C662FACXX150129:5:2307:20063:82926/2	101	101	1	smNRPS-1/2	5910	5002	5102	97.03	3.8e-39
C662FACXX150129:6:1109:12743:89126/1	101	1	101	smNRPS-1/2	5910	4969	5069	97.03	3.8e-39
C662FACXX150129:6:1109:12743:89126/2	101	101	1	smNRPS-1/2	5910	5134	5234	97.03	3.8e-39
C662FACXX150129:3:2107:7050:55982/1	101	101	1	smNRPS-1/2	5910	4525	4625	97.03	3.8e-39
C662FACXX150129:2:2315:2172:85650/2	101	101	1	smNRPS-1/2	5910	1236	1336	97.03	3.8e-39
C662FACXX150129:4:1112:13829:8613/1	101	1	101	smNRPS-1/2	5910	4994	5094	97.03	3.8e-39
C662FACXX150129:6:1104:10359:97551/2	101	101	1	smNRPS-1/2	5910	5521	5621	97.03	3.8e-39
C662FACXX150129:2:2201:16901:81150/2	101	1	101	smNRPS-1/2	5910	4519	4619	97.03	3.8e-39
C662FACXX150129:4:2204:12225:13348/2	95	1	95	smNRPS-1/2	5910	837	931	98.947	3.8e-39
C662FACXX150129:4:1206:13094:10922/2	101	1	101	smNRPS-1/2	5910	4584	4684	97.03	3.8e-39
C662FACXX150129:2:1309:14848:43114/2	95	95	1	smNRPS-1/2	5910	2336	2430	98.947	3.8e-39
C662FACXX150129:2:1305:14929:58014/1	101	101	1	smNRPS-1/2	5910	4575	4675	97.03	3.8e-39
C662FACXX150129:4:1313:7176:19802/1	101	101	1	smNRPS-1/2	5910	1080	1180	97.03	3.8e-39
C662FACXX150129:7:1316:12808:8006/1	101	101	1	smNRPS-1/2	5910	4202	4302	97.03	3.8e-39
C662FACXX150129:4:2210:15492:64714/1	101	1	101	smNRPS-1/2	5910	5003	5103	97.03	3.8e-39
C662FACXX150129:7:1209:17524:59322/1	101	101	1	smNRPS-1/2	5910	3702	3802	97.03	3.8e-39
C662FACXX150129:3:2307:3108:28967/1	101	101	1	smNRPS-1/2	5910	4552	4652	97.03	3.8e-39
C662FACXX150129:2:2207:14964:54657/2	101	101	1	smNRPS-1/2	5910	3515	3615	97.03	3.8e-39
C662FACXX150129:5:2116:3932:2482/1	101	1	101	smNRPS-1/2	5910	3606	3706	97.03	3.8e-39
C662FACXX150129:4:1212:14090:82522/1	97	95	1	smNRPS-1/2	5910	2498	2592	98.947	3.8e-39
C662FACXX150129:3:1114:12159:12023/2	101	101	1	smNRPS-1/2	5910	1085	1185	97.03	3.8e-39
C662FACXX150129:6:2316:11213:42037/1	101	1	101	smNRPS-1/2	5910	4550	4650	97.03	3.8e-39
C662FACXX150129:4:2308:14731:22136/1	100	98	1	smNRPS-1/2	5910	5517	5614	97.959	3.8e-39
C662FACXX150129:4:1308:8017:38462/1	101	95	1	smNRPS-1/2	5910	2373	2467	98.947	3.8e-39
C662FACXX150129:4:1308:8017:38462/2	101	1	95	smNRPS-1/2	5910	2373	2467	98.947	3.8e-39
C662FACXX150129:7:2315:8686:39379/2	101	101	1	smNRPS-1/2	5910	1115	1215	97.03	3.8e-39
C662FACXX150129:7:1211:10875:60295/2	101	1	101	smNRPS-1/2	5910	3606	3706	97.03	3.8e-39
C662FACXX150129:2:1308:16459:18289/1	101	1	101	smNRPS-1/2	5910	3605	3705	97.03	3.8e-39
C662FACXX150129:5:2316:5234:98333/2	101	101	1	smNRPS-1/2	5910	3062	3162	97.03	3.8e-39
C662FACXX150129:7:2309:16477:98501/1	101	1	101	smNRPS-1/2	5910	5125	5225	97.03	3.8e-39
C662FACXX150129:2:1307:3682:95881/2	101	101	1	smNRPS-1/2	5910	506	606	97.03	3.8e-39
C662FACXX150129:7:1105:12163:78970/1	101	1	101	smNRPS-1/2	5910	1070	1170	97.03	3.8e-39
C662FACXX150129:6:1313:3130:22366/1	95	95	1	smNRPS-1/2	5910	948	1042	98.947	3.8e-39
C662FACXX150129:5:1109:7967:97538/1	101	1	101	smNRPS-1/2	5910	4994	5094	97.03	3.8e-39
C662FACXX150129:5:2116:10480:32942/1	101	1	101	smNRPS-1/2	5910	4565	4665	97.03	3.8e-39
C662FACXX150129:4:1301:14035:93290/1	101	1	101	smNRPS-1/2	5910	3812	3912	97.03	3.8e-39
C662FACXX150129:6:1210:6849:65760/1	101	1	101	smNRPS-1/2	5910	4540	4640	97.03	3.8e-39
C662FACXX150129:6:1101:16207:85529/1	101	1	101	smNRPS-1/2	5910	1053	1153	97.03	3.8e-39
C662FACXX150129:3:2211:20287:77417/1	101	1	101	smNRPS-1/2	5910	3606	3706	97.03	3.8e-39
C662FACXX150129:4:2302:1936:39032/1	95	95	1	smNRPS-1/2	5910	950	1044	98.947	3.8e-39
C662FACXX150129:5:2102:16908:79618/1	101	1	101	smNRPS-1/2	5910	4519	4619	97.03	3.8e-39
C662FACXX150129:3:2302:14978:85511/1	101	1	101	smNRPS-1/2	5910	3813	3913	97.03	3.8e-39
C662FACXX150129:7:2313:18571:99715/2	101	3	101	smNRPS-1/2	5910	2024	2122	97.98	1.06e-39
C662FACXX150129:4:1211:19531:50312/2	99	99	1	smNRPS-1/2	5910	5096	5194	97.98	1.06e-39
C662FACXX150129:5:2309:17928:89077/1	99	1	99	smNRPS-1/2	5910	1837	1935	97.98	1.06e-39
C662FACXX150129:6:2111:17869:37648/2	96	96	1	smNRPS-1/2	5910	765	860	98.958	1.06e-39
C662FACXX150129:6:1105:12618:82606/2	99	1	99	smNRPS-1/2	5910	2416	2514	97.98	1.06e-39
C662FACXX150129:2:1302:19437:39959/1	101	101	3	smNRPS-1/2	5910	3513	3611	97.98	1.06e-39
C662FACXX150129:6:2107:7587:44823/1	99	99	1	smNRPS-1/2	5910	355	453	97.98	1.06e-39
C662FACXX150129:6:1108:2715:8769/1	101	1	93	smNRPS-1/2	5910	2264	2356	100	1.06e-39
C662FACXX150129:6:2104:18444:52442/1	96	96	1	smNRPS-1/2	5910	4114	4209	98.958	1.06e-39
C662FACXX150129:5:2314:11574:17587/1	93	1	93	smNRPS-1/2	5910	3177	3269	100	1.06e-39
C662FACXX150129:4:2114:6386:2136/2	101	101	3	smNRPS-1/2	5910	3513	3611	97.98	1.06e-39
C662FACXX150129:2:2116:6350:13291/2	96	96	1	smNRPS-1/2	5910	4086	4181	98.958	1.06e-39
C662FACXX150129:3:1113:6459:63313/2	101	101	3	smNRPS-1/2	5910	3513	3611	97.98	1.06e-39
C662FACXX150129:7:1210:13337:64131/2	96	96	1	smNRPS-1/2	5910	700	795	98.958	1.06e-39
C662FACXX150129:5:2316:12336:40823/1	97	97	2	smNRPS-1/2	5910	25	120	98.958	1.06e-39
C662FACXX150129:4:1311:14236:100029/1	100	1	99	smNRPS-1/2	5910	2078	2176	97.98	1.06e-39
C662FACXX150129:4:1311:14236:100029/2	101	99	1	smNRPS-1/2	5910	2078	2176	97.98	1.06e-39
C662FACXX150129:3:1210:11627:9373/1	99	99	1	smNRPS-1/2	5910	527	625	97.98	1.06e-39
C662FACXX150129:6:2205:2515:59629/1	95	95	3	smNRPS-1/2	5910	2740	2832	100	1.06e-39
C662FACXX150129:7:1314:7452:7088/1	99	99	1	smNRPS-1/2	5910	44	142	97.98	1.06e-39
C662FACXX150129:7:1110:7113:65285/1	97	1	97	smNRPS-1/2	5910	1534	1630	98.969	2.94e-40
C662FACXX150129:5:2309:16702:54096/2	97	97	1	smNRPS-1/2	5910	1848	1944	98.969	2.94e-40
C662FACXX150129:5:2112:11705:91600/2	94	1	94	smNRPS-1/2	5910	4042	4135	100	2.94e-40
C662FACXX150129:7:1107:2547:25225/2	100	1	100	smNRPS-1/2	5910	3507	3606	98	2.94e-40
C662FACXX150129:6:2202:7996:26776/2	100	100	1	smNRPS-1/2	5910	3086	3185	98	2.94e-40
C662FACXX150129:5:2213:12067:84993/2	100	1	100	smNRPS-1/2	5910	2568	2667	98	2.94e-40
C662FACXX150129:7:1210:17751:45314/2	100	1	100	smNRPS-1/2	5910	3903	4002	98	2.94e-40
C662FACXX150129:5:1210:8224:11616/1	101	2	101	smNRPS-1/2	5910	3621	3720	98	2.94e-40
C662FACXX150129:5:1310:5457:70550/1	101	101	2	smNRPS-1/2	5910	1989	2088	98	2.94e-40
C662FACXX150129:6:1114:6603:54434/2	101	2	101	smNRPS-1/2	5910	1093	1192	98	2.94e-40
C662FACXX150129:6:2302:8718:14310/2	101	1	100	smNRPS-1/2	5910	5846	5945	98	2.94e-40
C662FACXX150129:5:2109:6026:4264/1	101	1	97	smNRPS-1/2	5910	1676	1772	98.969	2.94e-40
C662FACXX150129:5:1215:16439:38524/1	101	1	100	smNRPS-1/2	5910	2461	2560	98	2.94e-40
C662FACXX150129:5:1215:16439:38524/2	101	100	1	smNRPS-1/2	5910	2461	2560	98	2.94e-40
C662FACXX150129:3:2211:11387:22760/2	97	1	97	smNRPS-1/2	5910	1547	1643	98.969	2.94e-40
C662FACXX150129:3:2204:7324:31397/1	101	2	101	smNRPS-1/2	5910	3621	3720	98	2.94e-40
C662FACXX150129:3:2204:7324:31397/2	100	100	1	smNRPS-1/2	5910	3628	3727	98	2.94e-40
C662FACXX150129:5:2107:17877:17681/1	97	97	1	smNRPS-1/2	5910	2793	2889	98.969	2.94e-40
C662FACXX150129:7:1107:5951:57136/2	100	1	100	smNRPS-1/2	5910	1953	2052	98	2.94e-40
C662FACXX150129:7:1312:12402:77711/2	101	101	2	smNRPS-1/2	5910	4537	4636	98	2.94e-40
C662FACXX150129:7:2207:13642:73183/1	101	1	100	smNRPS-1/2	5910	2461	2560	98	2.94e-40
C662FACXX150129:7:2207:13642:73183/2	101	100	1	smNRPS-1/2	5910	2461	2560	98	2.94e-40
C662FACXX150129:3:2305:17591:79836/1	100	1	100	smNRPS-1/2	5910	1539	1638	98	2.94e-40
C662FACXX150129:4:1209:3170:88981/1	101	1	94	smNRPS-1/2	5910	1874	1967	100	2.94e-40
C662FACXX150129:4:1209:3170:88981/2	96	94	1	smNRPS-1/2	5910	1874	1967	100	2.94e-40
C662FACXX150129:4:2308:14731:22136/2	101	1	100	smNRPS-1/2	5910	5491	5590	98	2.94e-40
C662FACXX150129:7:1204:20071:91787/1	101	100	1	smNRPS-1/2	5910	1479	1578	98	2.94e-40
C662FACXX150129:7:1204:20071:91787/2	101	1	100	smNRPS-1/2	5910	1479	1578	98	2.94e-40
C662FACXX150129:7:2309:16477:98501/2	100	100	1	smNRPS-1/2	5910	5489	5588	98	2.94e-40
C662FACXX150129:2:1201:14875:59086/2	101	94	1	smNRPS-1/2	5910	3214	3307	100	2.94e-40
C662FACXX150129:2:1107:18181:8966/2	94	94	1	smNRPS-1/2	5910	613	706	100	2.94e-40
C662FACXX150129:5:1109:7608:10630/1	100	1	100	smNRPS-1/2	5910	3506	3605	98	2.94e-40
C662FACXX150129:4:1209:19896:68240/1	101	1	100	smNRPS-1/2	5910	1369	1469	98.02	2.94e-40
C662FACXX150129:7:2205:17453:55236/2	100	1	100	smNRPS-1/2	5910	3507	3606	98	2.94e-40
C662FACXX150129:4:1207:19718:69632/1	101	1	101	smNRPS-1/2	5910	1305	1405	98.02	8.18e-41
C662FACXX150129:5:1113:4057:29970/1	101	101	1	smNRPS-1/2	5910	5488	5588	98.02	8.18e-41
C662FACXX150129:5:1309:17495:32710/2	101	101	1	smNRPS-1/2	5910	3112	3212	98.02	8.18e-41
C662FACXX150129:6:1211:17349:50547/1	101	1	101	smNRPS-1/2	5910	4493	4593	98.02	8.18e-41
C662FACXX150129:5:2212:20427:17344/1	101	101	1	smNRPS-1/2	5910	3267	3367	98.02	8.18e-41
C662FACXX150129:6:1303:14679:7384/2	101	1	101	smNRPS-1/2	5910	359	459	98.02	8.18e-41
C662FACXX150129:3:1103:6166:65284/1	101	1	101	smNRPS-1/2	5910	3015	3115	98.02	8.18e-41
C662FACXX150129:3:2315:16561:86832/1	101	1	101	smNRPS-1/2	5910	5061	5161	98.02	8.18e-41
C662FACXX150129:5:1208:8644:12338/1	101	1	101	smNRPS-1/2	5910	5176	5276	98.02	8.18e-41
C662FACXX150129:5:1208:8644:12338/2	101	101	1	smNRPS-1/2	5910	5181	5281	98.02	8.18e-41
C662FACXX150129:5:2307:19037:22527/1	101	1	101	smNRPS-1/2	5910	1952	2052	98.02	8.18e-41
C662FACXX150129:5:2307:19037:22527/2	101	101	1	smNRPS-1/2	5910	1970	2070	98.02	8.18e-41
C662FACXX150129:4:1105:19100:51894/1	101	101	1	smNRPS-1/2	5910	1963	2063	98.02	8.18e-41
C662FACXX150129:5:2112:11705:91600/1	101	101	1	smNRPS-1/2	5910	4526	4626	98.02	8.18e-41
C662FACXX150129:5:1306:2856:91467/1	101	101	1	smNRPS-1/2	5910	1480	1580	98.02	8.18e-41
C662FACXX150129:5:1306:2856:91467/2	101	1	101	smNRPS-1/2	5910	1476	1576	98.02	8.18e-41
C662FACXX150129:4:1208:20172:38390/1	101	1	101	smNRPS-1/2	5910	1953	2053	98.02	8.18e-41
C662FACXX150129:5:1109:6802:87721/1	101	1	101	smNRPS-1/2	5910	1479	1579	98.02	8.18e-41
C662FACXX150129:3:1316:15355:9654/1	101	1	101	smNRPS-1/2	5910	3258	3358	98.02	8.18e-41
C662FACXX150129:3:1306:1715:71163/1	101	1	101	smNRPS-1/2	5910	1305	1405	98.02	8.18e-41
C662FACXX150129:5:2213:12067:84993/1	101	101	1	smNRPS-1/2	5910	2829	2929	98.02	8.18e-41
C662FACXX150129:4:1211:19531:50312/1	101	1	101	smNRPS-1/2	5910	5010	5110	98.02	8.18e-41
C662FACXX150129:2:1213:8672:21512/2	101	1	101	smNRPS-1/2	5910	3615	3715	98.02	8.18e-41
C662FACXX150129:6:1312:10167:93873/2	101	101	1	smNRPS-1/2	5910	3635	3735	98.02	8.18e-41
C662FACXX150129:4:1103:6901:94185/1	101	1	101	smNRPS-1/2	5910	2578	2678	98.02	8.18e-41
C662FACXX150129:2:1105:12448:61133/1	101	101	1	smNRPS-1/2	5910	2050	2150	98.02	8.18e-41
C662FACXX150129:2:1105:12448:61133/2	101	1	101	smNRPS-1/2	5910	1953	2053	98.02	8.18e-41
C662FACXX150129:2:1203:19132:17293/2	99	2	99	smNRPS-1/2	5910	2528	2625	98.98	8.18e-41
C662FACXX150129:6:1205:19838:60991/1	101	101	1	smNRPS-1/2	5910	42	142	98.02	8.18e-41
C662FACXX150129:2:2306:2108:68484/1	101	101	1	smNRPS-1/2	5910	5488	5588	98.02	8.18e-41
C662FACXX150129:3:1301:17532:29102/1	101	101	1	smNRPS-1/2	5910	5186	5286	98.02	8.18e-41
C662FACXX150129:5:2205:5451:76154/2	101	101	1	smNRPS-1/2	5910	898	998	98.02	8.18e-41
C662FACXX150129:2:1109:19500:59678/1	101	101	1	smNRPS-1/2	5910	3946	4046	98.02	8.18e-41
C662FACXX150129:2:1109:19500:59678/2	101	1	101	smNRPS-1/2	5910	3738	3838	98.02	8.18e-41
C662FACXX150129:5:1210:8224:11616/2	101	101	1	smNRPS-1/2	5910	3627	3727	98.02	8.18e-41
C662FACXX150129:5:2309:17928:89077/2	101	101	1	smNRPS-1/2	5910	1939	2039	98.02	8.18e-41
C662FACXX150129:6:2101:12176:56078/1	101	101	1	smNRPS-1/2	5910	2409	2509	98.02	8.18e-41
C662FACXX150129:7:2301:14915:50315/1	101	101	1	smNRPS-1/2	5910	2634	2734	98.02	8.18e-41
C662FACXX150129:6:2303:6024:27981/1	101	1	101	smNRPS-1/2	5910	2449	2549	98.02	8.18e-41
C662FACXX150129:6:2303:6024:27981/2	101	101	1	smNRPS-1/2	5910	2542	2642	98.02	8.18e-41
C662FACXX150129:5:2104:6028:81358/1	101	101	1	smNRPS-1/2	5910	2068	2168	98.02	8.18e-41
C662FACXX150129:5:2104:6028:81358/2	101	1	101	smNRPS-1/2	5910	1963	2063	98.02	8.18e-41
C662FACXX150129:7:1314:18675:50282/1	101	1	101	smNRPS-1/2	5910	2476	2576	98.02	8.18e-41
C662FACXX150129:5:2211:8323:76379/1	101	1	101	smNRPS-1/2	5910	5517	5617	98.02	8.18e-41
C662FACXX150129:6:1312:9402:84443/1	101	1	101	smNRPS-1/2	5910	1305	1405	98.02	8.18e-41
C662FACXX150129:6:1114:6603:54434/1	101	101	1	smNRPS-1/2	5910	1306	1406	98.02	8.18e-41
C662FACXX150129:7:2213:5720:66567/1	101	101	1	smNRPS-1/2	5910	2043	2143	98.02	8.18e-41
C662FACXX150129:7:2213:5720:66567/2	101	1	101	smNRPS-1/2	5910	2036	2136	98.02	8.18e-41
C662FACXX150129:6:2102:19737:36715/1	101	1	101	smNRPS-1/2	5910	5104	5204	98.02	8.18e-41
C662FACXX150129:7:1112:10460:63280/1	101	1	101	smNRPS-1/2	5910	2436	2536	98.02	8.18e-41
C662FACXX150129:2:1105:19010:77990/1	101	1	101	smNRPS-1/2	5910	5158	5258	98.02	8.18e-41
C662FACXX150129:3:1107:16970:92833/1	101	101	1	smNRPS-1/2	5910	3263	3363	98.02	8.18e-41
C662FACXX150129:3:1107:16970:92833/2	101	1	101	smNRPS-1/2	5910	3075	3175	98.02	8.18e-41
C662FACXX150129:2:2201:6342:42957/2	98	1	98	smNRPS-1/2	5910	1556	1653	98.98	8.18e-41
C662FACXX150129:6:1105:12618:82606/1	101	98	1	smNRPS-1/2	5910	2606	2703	98.98	8.18e-41
C662FACXX150129:2:1302:9683:81886/1	101	101	1	smNRPS-1/2	5910	2582	2682	98.02	8.18e-41
C662FACXX150129:2:1302:9683:81886/2	101	1	101	smNRPS-1/2	5910	2476	2576	98.02	8.18e-41
C662FACXX150129:5:1204:17188:93376/1	101	101	1	smNRPS-1/2	5910	1155	1255	98.02	8.18e-41
C662FACXX150129:5:1106:20326:98662/2	101	1	101	smNRPS-1/2	5910	62	162	98.02	8.18e-41
C662FACXX150129:3:1313:14478:91293/1	101	1	101	smNRPS-1/2	5910	2576	2676	98.02	8.18e-41
C662FACXX150129:3:2211:11387:22760/1	101	101	1	smNRPS-1/2	5910	1689	1789	98.02	8.18e-41
C662FACXX150129:5:2311:5536:4717/1	101	101	1	smNRPS-1/2	5910	1480	1580	98.02	8.18e-41
C662FACXX150129:5:2311:5536:4717/2	101	1	101	smNRPS-1/2	5910	1476	1576	98.02	8.18e-41
C662FACXX150129:5:1315:1327:4423/1	101	101	1	smNRPS-1/2	5910	1480	1580	98.02	8.18e-41
C662FACXX150129:7:1112:14866:22579/1	101	101	1	smNRPS-1/2	5910	3081	3181	98.02	8.18e-41
C662FACXX150129:2:2212:10288:81128/2	101	1	101	smNRPS-1/2	5910	359	459	98.02	8.18e-41
C662FACXX150129:5:1315:3078:86600/2	101	1	101	smNRPS-1/2	5910	1953	2053	98.02	8.18e-41
C662FACXX150129:7:1103:1542:36728/1	101	98	1	smNRPS-1/2	5910	1847	1944	98.98	8.18e-41
C662FACXX150129:7:1103:1542:36728/2	101	1	101	smNRPS-1/2	5910	1831	1931	98.02	8.18e-41
C662FACXX150129:7:1107:5951:57136/1	101	101	1	smNRPS-1/2	5910	1986	2086	98.02	8.18e-41
C662FACXX150129:6:1113:15629:26919/2	101	101	1	smNRPS-1/2	5910	285	385	98.02	8.18e-41
C662FACXX150129:7:2104:4033:57875/1	101	1	101	smNRPS-1/2	5910	2450	2550	98.02	8.18e-41
C662FACXX150129:7:2104:4033:57875/2	101	101	1	smNRPS-1/2	5910	2476	2576	98.02	8.18e-41
C662FACXX150129:4:2113:18222:95123/2	101	101	1	smNRPS-1/2	5910	1937	2037	98.02	8.18e-41
C662FACXX150129:4:2215:2935:24599/2	101	1	101	smNRPS-1/2	5910	1145	1245	98.02	8.18e-41
C662FACXX150129:4:2114:6386:2136/1	101	1	101	smNRPS-1/2	5910	3397	3497	98.02	8.18e-41
C662FACXX150129:3:2213:5159:6432/2	98	98	1	smNRPS-1/2	5910	1019	1116	98.98	8.18e-41
C662FACXX150129:3:2107:7050:55982/2	101	1	101	smNRPS-1/2	5910	4522	4622	98.02	8.18e-41
C662FACXX150129:6:1102:7098:80255/1	101	1	101	smNRPS-1/2	5910	38	138	98.02	8.18e-41
C662FACXX150129:6:1102:7098:80255/2	101	101	1	smNRPS-1/2	5910	51	151	98.02	8.18e-41
C662FACXX150129:4:1112:13829:8613/2	101	101	1	smNRPS-1/2	5910	5186	5286	98.02	8.18e-41
C662FACXX150129:4:2303:14146:63457/2	101	1	101	smNRPS-1/2	5910	2578	2678	98.02	8.18e-41
C662FACXX150129:4:2206:10238:27522/1	101	101	1	smNRPS-1/2	5910	2558	2658	98.02	8.18e-41
C662FACXX150129:2:1307:4907:16322/2	101	1	101	smNRPS-1/2	5910	5477	5577	98.02	8.18e-41
C662FACXX150129:4:1314:8443:16884/1	101	1	101	smNRPS-1/2	5910	3731	3831	98.02	8.18e-41
C662FACXX150129:4:1314:8443:16884/2	101	101	1	smNRPS-1/2	5910	3791	3891	98.02	8.18e-41
C662FACXX150129:7:2206:6142:67756/1	98	1	98	smNRPS-1/2	5910	1603	1700	98.98	8.18e-41
C662FACXX150129:7:1302:1525:67257/1	101	1	101	smNRPS-1/2	5910	3957	4057	98.02	8.18e-41
C662FACXX150129:5:2210:14208:55474/1	101	101	1	smNRPS-1/2	5910	5010	5110	98.02	8.18e-41
C662FACXX150129:2:1309:14848:43114/1	101	1	101	smNRPS-1/2	5910	1946	2046	98.02	8.18e-41
C662FACXX150129:2:1316:14339:51859/1	101	1	101	smNRPS-1/2	5910	5104	5204	98.02	8.18e-41
C662FACXX150129:2:1316:14339:51859/2	101	101	1	smNRPS-1/2	5910	5181	5281	98.02	8.18e-41
C662FACXX150129:2:2301:9647:24935/1	101	101	1	smNRPS-1/2	5910	3935	4035	98.02	8.18e-41
C662FACXX150129:7:1209:17524:59322/2	101	1	101	smNRPS-1/2	5910	3646	3746	98.02	8.18e-41
C662FACXX150129:2:2101:8104:49281/1	101	1	101	smNRPS-1/2	5910	3102	3202	98.02	8.18e-41
C662FACXX150129:2:2101:8104:49281/2	101	101	1	smNRPS-1/2	5910	3112	3212	98.02	8.18e-41
C662FACXX150129:7:2315:8686:39379/1	95	1	95	smNRPS-1/2	5910	992	1086	100	8.18e-41
C662FACXX150129:4:1109:11093:22104/1	101	101	1	smNRPS-1/2	5910	3266	3366	98.02	8.18e-41
C662FACXX150129:4:1109:11093:22104/2	101	1	101	smNRPS-1/2	5910	3075	3175	98.02	8.18e-41
C662FACXX150129:7:1211:10875:60295/1	101	101	1	smNRPS-1/2	5910	3649	3749	98.02	8.18e-41
C662FACXX150129:5:2308:16339:59309/1	101	101	1	smNRPS-1/2	5910	2576	2676	98.02	8.18e-41
C662FACXX150129:5:2308:16339:59309/2	101	1	101	smNRPS-1/2	5910	2417	2517	98.02	8.18e-41
C662FACXX150129:4:1304:20393:51014/1	101	1	101	smNRPS-1/2	5910	3648	3748	98.02	8.18e-41
C662FACXX150129:5:2313:10422:52379/1	101	1	101	smNRPS-1/2	5910	5010	5110	98.02	8.18e-41
C662FACXX150129:2:1306:13995:82380/1	101	1	101	smNRPS-1/2	5910	3073	3173	98.02	8.18e-41
C662FACXX150129:2:2214:1912:43825/1	101	101	1	smNRPS-1/2	5910	2347	2447	98.02	8.18e-41
C662FACXX150129:2:1201:14875:59086/1	101	1	95	smNRPS-1/2	5910	3214	3308	100	8.18e-41
C662FACXX150129:2:1106:13079:93723/1	101	101	1	smNRPS-1/2	5910	3649	3749	98.02	8.18e-41
C662FACXX150129:2:1101:14946:11870/1	101	1	101	smNRPS-1/2	5910	899	999	98.02	8.18e-41
C662FACXX150129:7:2202:3181:10071/2	101	101	1	smNRPS-1/2	5910	2058	2158	98.02	8.18e-41
C662FACXX150129:6:2208:19502:51306/1	98	98	1	smNRPS-1/2	5910	4096	4193	98.98	8.18e-41
C662FACXX150129:7:1207:7987:99336/1	101	1	101	smNRPS-1/2	5910	3635	3735	98.02	8.18e-41
C662FACXX150129:7:1204:2210:18641/1	101	101	1	smNRPS-1/2	5910	1303	1403	98.02	8.18e-41
C662FACXX150129:7:2208:20842:8885/1	101	1	101	smNRPS-1/2	5910	3635	3735	98.02	8.18e-41
C662FACXX150129:7:2104:2889:80966/1	101	1	101	smNRPS-1/2	5910	3506	3606	98.02	8.18e-41
C662FACXX150129:7:2201:20603:94074/1	101	101	1	smNRPS-1/2	5910	2472	2572	98.02	8.18e-41
C662FACXX150129:2:2306:1661:81190/1	101	98	1	smNRPS-1/2	5910	4171	4268	98.98	8.18e-41
C662FACXX150129:2:1109:4320:20297/1	98	98	1	smNRPS-1/2	5910	200	297	98.98	8.18e-41
C662FACXX150129:4:1306:3354:10788/1	101	101	1	smNRPS-1/2	5910	3390	3490	98.02	8.18e-41
C662FACXX150129:7:2315:19776:98958/1	101	1	101	smNRPS-1/2	5910	4533	4633	98.02	8.18e-41
C662FACXX150129:6:1106:19580:32783/1	101	101	1	smNRPS-1/2	5910	525	625	98.02	8.18e-41
C662FACXX150129:6:2215:3308:15779/1	95	95	1	smNRPS-1/2	5910	5037	5131	100	8.18e-41
C662FACXX150129:2:2306:18752:86521/2	99	99	1	smNRPS-1/2	5910	416	514	98.99	2.27e-41
C662FACXX150129:7:2215:7966:19653/1	99	1	99	smNRPS-1/2	5910	310	408	98.99	2.27e-41
C662FACXX150129:7:2215:7966:19653/2	99	99	1	smNRPS-1/2	5910	345	443	98.99	2.27e-41
C662FACXX150129:2:2104:5200:25801/1	101	99	1	smNRPS-1/2	5910	3370	3468	98.99	2.27e-41
C662FACXX150129:2:2104:5200:25801/2	99	1	99	smNRPS-1/2	5910	3351	3449	98.99	2.27e-41
C662FACXX150129:2:1315:1720:10147/1	101	3	101	smNRPS-1/2	5910	379	477	98.99	2.27e-41
C662FACXX150129:3:2202:19756:95587/2	96	1	96	smNRPS-1/2	5910	5041	5136	100	2.27e-41
C662FACXX150129:3:2213:8341:16635/1	99	99	1	smNRPS-1/2	5910	200	298	98.99	2.27e-41
C662FACXX150129:7:2108:14317:29852/1	101	99	1	smNRPS-1/2	5910	3370	3468	98.99	2.27e-41
C662FACXX150129:6:1311:17723:4428/2	96	96	1	smNRPS-1/2	5910	735	830	100	2.27e-41
C662FACXX150129:7:1108:20586:40941/1	101	96	1	smNRPS-1/2	5910	2320	2415	100	2.27e-41
C662FACXX150129:4:2111:2661:97224/2	100	2	100	smNRPS-1/2	5910	548	646	98.99	2.27e-41
C662FACXX150129:2:2115:7193:73817/1	101	99	1	smNRPS-1/2	5910	5694	5792	98.99	2.27e-41
C662FACXX150129:7:2102:15974:42753/1	99	1	99	smNRPS-1/2	5910	4006	4104	98.99	2.27e-41
C662FACXX150129:6:1314:10070:30065/1	99	1	99	smNRPS-1/2	5910	3358	3456	98.99	2.27e-41
C662FACXX150129:3:2211:14936:5806/1	101	96	1	smNRPS-1/2	5910	3780	3875	100	2.27e-41
C662FACXX150129:6:2103:11749:24055/1	101	99	1	smNRPS-1/2	5910	68	166	98.99	2.27e-41
C662FACXX150129:7:2309:13046:80817/1	99	99	1	smNRPS-1/2	5910	3024	3122	98.99	2.27e-41
C662FACXX150129:3:2306:9842:69931/2	96	1	96	smNRPS-1/2	5910	2919	3014	100	2.27e-41
C662FACXX150129:5:2213:11618:29663/2	100	100	1	smNRPS-1/2	5910	1017	1116	99	6.32e-42
C662FACXX150129:2:2311:7267:76018/1	101	1	100	smNRPS-1/2	5910	1369	1469	99.01	6.32e-42
C662FACXX150129:6:1107:11064:72346/2	100	1	100	smNRPS-1/2	5910	2758	2857	99	6.32e-42
C662FACXX150129:5:1316:14107:92646/2	100	100	1	smNRPS-1/2	5910	943	1042	99	6.32e-42
C662FACXX150129:6:1303:14679:7384/1	97	97	1	smNRPS-1/2	5910	770	866	100	6.32e-42
C662FACXX150129:3:1309:7362:72374/1	100	1	100	smNRPS-1/2	5910	1556	1655	99	6.32e-42
C662FACXX150129:3:2209:1620:77739/2	100	100	1	smNRPS-1/2	5910	5050	5149	99	6.32e-42
C662FACXX150129:7:1210:6115:59636/2	97	97	1	smNRPS-1/2	5910	1869	1965	100	6.32e-42
C662FACXX150129:5:2109:6026:4264/2	101	100	1	smNRPS-1/2	5910	1673	1772	99	6.32e-42
C662FACXX150129:5:2212:11498:28324/2	100	1	100	smNRPS-1/2	5910	4793	4892	99	6.32e-42
C662FACXX150129:5:1106:20326:98662/1	97	97	1	smNRPS-1/2	5910	170	266	100	6.32e-42
C662FACXX150129:6:2206:10199:8621/2	100	100	1	smNRPS-1/2	5910	5050	5149	99	6.32e-42
C662FACXX150129:5:1312:18837:101269/1	100	1	100	smNRPS-1/2	5910	1508	1607	99	6.32e-42
C662FACXX150129:5:2205:4635:69806/1	100	1	100	smNRPS-1/2	5910	346	445	99	6.32e-42
C662FACXX150129:6:1111:14145:45285/2	101	1	100	smNRPS-1/2	5910	2768	2867	99	6.32e-42
C662FACXX150129:4:1312:10548:93266/2	100	1	100	smNRPS-1/2	5910	3364	3463	99	6.32e-42
C662FACXX150129:2:2307:12643:10337/1	101	1	100	smNRPS-1/2	5910	1923	2022	99	6.32e-42
C662FACXX150129:4:1106:6491:53939/1	101	100	1	smNRPS-1/2	5910	1847	1946	99	6.32e-42
C662FACXX150129:2:1208:8055:34591/1	100	1	100	smNRPS-1/2	5910	346	445	99	6.32e-42
C662FACXX150129:3:2211:14936:5806/2	101	1	97	smNRPS-1/2	5910	3780	3876	100	6.32e-42
C662FACXX150129:5:2303:5284:90759/1	101	2	101	smNRPS-1/2	5910	4023	4122	99	6.32e-42
C662FACXX150129:2:2210:11709:63285/1	101	101	1	smNRPS-1/2	5910	694	794	99.01	1.76e-42
C662FACXX150129:2:2210:11709:63285/2	101	1	101	smNRPS-1/2	5910	575	675	99.01	1.76e-42
C662FACXX150129:5:2213:11618:29663/1	101	1	101	smNRPS-1/2	5910	899	999	99.01	1.76e-42
C662FACXX150129:7:2215:11484:29892/2	101	1	101	smNRPS-1/2	5910	695	795	99.01	1.76e-42
C662FACXX150129:4:2105:6384:41903/1	101	101	1	smNRPS-1/2	5910	347	447	99.01	1.76e-42
C662FACXX150129:2:2311:7267:76018/2	101	98	1	smNRPS-1/2	5910	1368	1465	100	1.76e-42
C662FACXX150129:5:1309:17495:32710/1	101	1	101	smNRPS-1/2	5910	2974	3074	99.01	1.76e-42
C662FACXX150129:2:2306:18752:86521/1	101	1	101	smNRPS-1/2	5910	409	509	99.01	1.76e-42
C662FACXX150129:7:1101:5222:39500/2	101	1	101	smNRPS-1/2	5910	1634	1734	99.01	1.76e-42
C662FACXX150129:7:2313:18571:99715/1	101	101	1	smNRPS-1/2	5910	2109	2209	99.01	1.76e-42
C662FACXX150129:6:1215:17739:50041/1	101	101	1	smNRPS-1/2	5910	3370	3470	99.01	1.76e-42
C662FACXX150129:6:1107:11064:72346/1	101	101	1	smNRPS-1/2	5910	2847	2947	99.01	1.76e-42
C662FACXX150129:6:2215:14669:12894/2	101	1	101	smNRPS-1/2	5910	4760	4860	99.01	1.76e-42
C662FACXX150129:7:1301:8674:35922/1	101	101	1	smNRPS-1/2	5910	3229	3329	99.01	1.76e-42
C662FACXX150129:2:1115:20038:71946/1	101	101	1	smNRPS-1/2	5910	3343	3443	99.01	1.76e-42
C662FACXX150129:2:1114:15884:47468/1	101	101	1	smNRPS-1/2	5910	318	418	99.01	1.76e-42
C662FACXX150129:2:1114:15884:47468/2	101	1	101	smNRPS-1/2	5910	271	371	99.01	1.76e-42
C662FACXX150129:6:1311:7604:38485/1	101	1	101	smNRPS-1/2	5910	2864	2964	99.01	1.76e-42
C662FACXX150129:2:1304:17741:95974/1	101	1	101	smNRPS-1/2	5910	624	724	99.01	1.76e-42
C662FACXX150129:4:1105:19100:51894/2	101	1	101	smNRPS-1/2	5910	1921	2021	99.01	1.76e-42
C662FACXX150129:5:2306:2008:85839/2	101	1	101	smNRPS-1/2	5910	5716	5816	99.01	1.76e-42
C662FACXX150129:3:1306:1715:71163/2	101	101	1	smNRPS-1/2	5910	1398	1498	99.01	1.76e-42
C662FACXX150129:3:2303:6753:53778/1	101	101	1	smNRPS-1/2	5910	1512	1612	99.01	1.76e-42
C662FACXX150129:6:2202:7996:26776/1	101	1	101	smNRPS-1/2	5910	2864	2964	99.01	1.76e-42
C662FACXX150129:6:2314:2264:4562/1	101	1	101	smNRPS-1/2	5910	1554	1654	99.01	1.76e-42
C662FACXX150129:6:2314:2264:4562/2	101	101	1	smNRPS-1/2	5910	1673	1773	99.01	1.76e-42
C662FACXX150129:7:1210:17751:45314/1	101	101	1	smNRPS-1/2	5910	4086	4186	99.01	1.76e-42
C662FACXX150129:4:1103:6901:94185/2	101	101	1	smNRPS-1/2	5910	2678	2778	99.01	1.76e-42
C662FACXX150129:2:1203:19132:17293/1	101	101	1	smNRPS-1/2	5910	2725	2825	99.01	1.76e-42
C662FACXX150129:5:1209:14390:50740/2	101	1	101	smNRPS-1/2	5910	3370	3470	99.01	1.76e-42
C662FACXX150129:5:2302:7886:8036/2	101	1	101	smNRPS-1/2	5910	5710	5810	99.01	1.76e-42
C662FACXX150129:5:1308:9053:71367/1	101	101	1	smNRPS-1/2	5910	5056	5156	99.01	1.76e-42
C662FACXX150129:5:1205:11919:14987/2	101	101	1	smNRPS-1/2	5910	5066	5166	99.01	1.76e-42
C662FACXX150129:3:1110:6432:50100/1	101	101	1	smNRPS-1/2	5910	1457	1557	99.01	1.76e-42
C662FACXX150129:3:1110:6432:50100/2	101	1	101	smNRPS-1/2	5910	1430	1530	99.01	1.76e-42
C662FACXX150129:6:1315:5023:86905/1	101	1	101	smNRPS-1/2	5910	1636	1736	99.01	1.76e-42
C662FACXX150129:5:2205:5451:76154/1	101	1	101	smNRPS-1/2	5910	567	667	99.01	1.76e-42
C662FACXX150129:6:1102:15227:89880/2	101	1	101	smNRPS-1/2	5910	5066	5166	99.01	1.76e-42
C662FACXX150129:2:2201:20129:16976/1	101	101	1	smNRPS-1/2	5910	1499	1599	99.01	1.76e-42
C662FACXX150129:6:2101:12176:56078/2	101	1	101	smNRPS-1/2	5910	2349	2449	99.01	1.76e-42
C662FACXX150129:7:2104:18130:21412/1	101	101	1	smNRPS-1/2	5910	1512	1612	99.01	1.76e-42
C662FACXX150129:5:2116:20260:100228/1	101	1	101	smNRPS-1/2	5910	418	518	99.01	1.76e-42
C662FACXX150129:5:2116:20260:100228/2	101	101	1	smNRPS-1/2	5910	692	792	99.01	1.76e-42
C662FACXX150129:7:2301:14915:50315/2	101	1	101	smNRPS-1/2	5910	2612	2712	99.01	1.76e-42
C662FACXX150129:3:2313:1740:63978/1	101	1	101	smNRPS-1/2	5910	1012	1112	99.01	1.76e-42
C662FACXX150129:5:2215:13623:34662/2	101	1	101	smNRPS-1/2	5910	4119	4219	99.01	1.76e-42
C662FACXX150129:3:1310:6325:73977/1	101	101	1	smNRPS-1/2	5910	3343	3443	99.01	1.76e-42
C662FACXX150129:3:2312:20006:53747/2	101	1	101	smNRPS-1/2	5910	4760	4860	99.01	1.76e-42
C662FACXX150129:2:1105:8897:100558/1	101	1	101	smNRPS-1/2	5910	1554	1654	99.01	1.76e-42
C662FACXX150129:2:1105:8897:100558/2	101	101	1	smNRPS-1/2	5910	1673	1773	99.01	1.76e-42
C662FACXX150129:6:1312:9402:84443/2	101	101	1	smNRPS-1/2	5910	1346	1446	99.01	1.76e-42
C662FACXX150129:4:1110:8479:7329/2	101	1	101	smNRPS-1/2	5910	2841	2941	99.01	1.76e-42
C662FACXX150129:6:2205:15735:90239/1	101	101	1	smNRPS-1/2	5910	2331	2431	99.01	1.76e-42
C662FACXX150129:6:2205:15735:90239/2	98	1	98	smNRPS-1/2	5910	2142	2239	100	1.76e-42
C662FACXX150129:2:2304:3730:15356/1	101	101	1	smNRPS-1/2	5910	1512	1612	99.01	1.76e-42
C662FACXX150129:6:1207:8408:50304/1	101	101	1	smNRPS-1/2	5910	1570	1670	99.01	1.76e-42
C662FACXX150129:6:1207:8408:50304/2	101	1	101	smNRPS-1/2	5910	1510	1610	99.01	1.76e-42
C662FACXX150129:2:1209:14679:92584/1	101	101	1	smNRPS-1/2	5910	5060	5160	99.01	1.76e-42
C662FACXX150129:2:1209:14679:92584/2	101	1	98	smNRPS-1/2	5910	5049	5146	100	1.76e-42
C662FACXX150129:2:2201:6342:42957/1	101	101	1	smNRPS-1/2	5910	1642	1742	99.01	1.76e-42
C662FACXX150129:5:1204:17188:93376/2	101	1	101	smNRPS-1/2	5910	1034	1134	99.01	1.76e-42
C662FACXX150129:3:1313:14478:91293/2	101	101	1	smNRPS-1/2	5910	2611	2711	99.01	1.76e-42
C662FACXX150129:7:1214:8379:55451/1	101	101	1	smNRPS-1/2	5910	2334	2434	99.01	1.76e-42
C662FACXX150129:4:2111:2661:97224/1	101	101	1	smNRPS-1/2	5910	627	727	99.01	1.76e-42
C662FACXX150129:5:1105:19559:88442/1	101	1	101	smNRPS-1/2	5910	1662	1762	99.01	1.76e-42
C662FACXX150129:2:1301:11367:34899/2	101	101	1	smNRPS-1/2	5910	2760	2860	99.01	1.76e-42
C662FACXX150129:2:2212:10288:81128/1	101	101	1	smNRPS-1/2	5910	403	503	99.01	1.76e-42
C662FACXX150129:5:2307:16991:53594/1	101	101	1	smNRPS-1/2	5910	3895	3995	99.01	1.76e-42
C662FACXX150129:2:2102:14960:6896/2	98	98	1	smNRPS-1/2	5910	5258	5355	100	1.76e-42
C662FACXX150129:3:1301:13827:86810/2	98	1	98	smNRPS-1/2	5910	5828	5925	100	1.76e-42
C662FACXX150129:2:2203:7024:72547/1	101	1	101	smNRPS-1/2	5910	1554	1654	99.01	1.76e-42
C662FACXX150129:3:1314:8740:37725/1	101	101	1	smNRPS-1/2	5910	3229	3329	99.01	1.76e-42
C662FACXX150129:5:1212:17193:18191/2	101	101	1	smNRPS-1/2	5910	5084	5184	99.01	1.76e-42
C662FACXX150129:6:2206:4822:67151/1	101	1	101	smNRPS-1/2	5910	2909	3009	99.01	1.76e-42
C662FACXX150129:7:1207:16860:54017/2	101	101	1	smNRPS-1/2	5910	2678	2778	99.01	1.76e-42
C662FACXX150129:4:2215:2935:24599/1	101	101	1	smNRPS-1/2	5910	1333	1433	99.01	1.76e-42
C662FACXX150129:6:1111:14145:45285/1	101	101	1	smNRPS-1/2	5910	2767	2867	99.01	1.76e-42
C662FACXX150129:2:2310:12319:82680/2	101	101	1	smNRPS-1/2	5910	5710	5810	99.01	1.76e-42
C662FACXX150129:4:1207:14888:6137/1	101	101	1	smNRPS-1/2	5910	281	381	99.01	1.76e-42
C662FACXX150129:4:1207:14888:6137/2	101	1	101	smNRPS-1/2	5910	102	202	99.01	1.76e-42
C662FACXX150129:6:2110:11031:58975/1	101	1	101	smNRPS-1/2	5910	1533	1633	99.01	1.76e-42
C662FACXX150129:6:2110:11031:58975/2	101	101	1	smNRPS-1/2	5910	1610	1710	99.01	1.76e-42
C662FACXX150129:3:2213:5159:6432/1	101	1	101	smNRPS-1/2	5910	945	1045	99.01	1.76e-42
C662FACXX150129:2:2315:2172:85650/1	101	1	101	smNRPS-1/2	5910	1034	1134	99.01	1.76e-42
C662FACXX150129:7:2209:17203:83342/1	101	1	101	smNRPS-1/2	5910	822	922	99.01	1.76e-42
C662FACXX150129:7:2209:17203:83342/2	101	101	1	smNRPS-1/2	5910	1004	1104	99.01	1.76e-42
C662FACXX150129:2:1205:5982:62205/1	101	101	1	smNRPS-1/2	5910	94	194	99.01	1.76e-42
C662FACXX150129:2:1310:2632:34759/2	101	101	1	smNRPS-1/2	5910	2424	2524	99.01	1.76e-42
C662FACXX150129:4:2211:14231:65490/1	101	101	1	smNRPS-1/2	5910	2751	2851	99.01	1.76e-42
C662FACXX150129:4:2211:14231:65490/2	101	1	101	smNRPS-1/2	5910	2376	2476	99.01	1.76e-42
C662FACXX150129:4:2303:14146:63457/1	101	101	1	smNRPS-1/2	5910	2634	2734	99.01	1.76e-42
C662FACXX150129:6:1104:10359:97551/1	101	1	101	smNRPS-1/2	5910	5350	5450	99.01	1.76e-42
C662FACXX150129:6:1304:4874:14896/1	101	1	101	smNRPS-1/2	5910	3190	3290	99.01	1.76e-42
C662FACXX150129:3:1204:9029:68584/1	101	101	1	smNRPS-1/2	5910	1919	2019	99.01	1.76e-42
C662FACXX150129:3:1311:12914:17212/1	101	101	1	smNRPS-1/2	5910	5297	5397	99.01	1.76e-42
C662FACXX150129:3:2103:19676:70636/1	101	101	1	smNRPS-1/2	5910	2374	2474	99.01	1.76e-42
C662FACXX150129:3:2103:19676:70636/2	101	1	101	smNRPS-1/2	5910	2339	2439	99.01	1.76e-42
C662FACXX150129:7:2204:2601:88512/2	101	1	101	smNRPS-1/2	5910	5694	5794	99.01	1.76e-42
C662FACXX150129:7:1316:12808:8006/2	101	1	101	smNRPS-1/2	5910	4098	4198	99.01	1.76e-42
C662FACXX150129:5:2211:4150:23486/2	101	1	101	smNRPS-1/2	5910	1398	1498	99.01	1.76e-42
C662FACXX150129:4:2210:15492:64714/2	101	101	1	smNRPS-1/2	5910	5084	5184	99.01	1.76e-42
C662FACXX150129:3:2305:17591:79836/2	101	101	1	smNRPS-1/2	5910	1542	1642	99.01	1.76e-42
C662FACXX150129:4:2208:9791:98645/1	101	101	1	smNRPS-1/2	5910	708	808	99.01	1.76e-42
C662FACXX150129:4:2208:9791:98645/2	101	1	101	smNRPS-1/2	5910	618	718	99.01	1.76e-42
C662FACXX150129:7:1213:6261:4294/1	101	101	1	smNRPS-1/2	5910	254	354	99.01	1.76e-42
C662FACXX150129:7:1213:6261:4294/2	101	1	101	smNRPS-1/2	5910	186	286	99.01	1.76e-42
C662FACXX150129:7:1210:13337:64131/1	101	1	101	smNRPS-1/2	5910	575	675	99.01	1.76e-42
C662FACXX150129:3:1114:12159:12023/1	101	1	101	smNRPS-1/2	5910	908	1008	99.01	1.76e-42
C662FACXX150129:7:1314:3693:32961/1	101	101	1	smNRPS-1/2	5910	941	1041	99.01	1.76e-42
C662FACXX150129:7:1314:3693:32961/2	101	1	101	smNRPS-1/2	5910	870	970	99.01	1.76e-42
C662FACXX150129:4:2201:16447:85646/1	98	98	1	smNRPS-1/2	5910	2191	2288	100	1.76e-42
C662FACXX150129:6:2303:13973:80242/1	101	101	1	smNRPS-1/2	5910	1333	1433	99.01	1.76e-42
C662FACXX150129:6:2313:20064:85073/1	101	101	1	smNRPS-1/2	5910	2347	2447	99.01	1.76e-42
C662FACXX150129:7:1113:10485:20560/1	101	101	1	smNRPS-1/2	5910	3996	4096	99.01	1.76e-42
C662FACXX150129:4:1215:20507:54097/2	101	1	101	smNRPS-1/2	5910	1398	1498	99.01	1.76e-42
C662FACXX150129:6:2109:11279:7657/1	101	1	101	smNRPS-1/2	5910	409	509	99.01	1.76e-42
C662FACXX150129:2:2112:18680:82486/1	101	1	101	smNRPS-1/2	5910	409	509	99.01	1.76e-42
C662FACXX150129:3:2311:7798:33764/1	101	1	101	smNRPS-1/2	5910	573	673	99.01	1.76e-42
C662FACXX150129:3:2311:7798:33764/2	101	101	1	smNRPS-1/2	5910	694	794	99.01	1.76e-42
C662FACXX150129:5:2105:12631:89152/1	101	1	101	smNRPS-1/2	5910	5698	5798	99.01	1.76e-42
C662FACXX150129:6:2304:9195:58410/2	101	101	1	smNRPS-1/2	5910	224	324	99.01	1.76e-42
C662FACXX150129:5:2316:5234:98333/1	101	1	101	smNRPS-1/2	5910	3045	3145	99.01	1.76e-42
C662FACXX150129:5:2313:10422:52379/2	101	101	1	smNRPS-1/2	5910	5094	5194	99.01	1.76e-42
C662FACXX150129:2:1306:13995:82380/2	101	101	1	smNRPS-1/2	5910	3215	3315	99.01	1.76e-42
C662FACXX150129:2:1307:3682:95881/1	101	1	101	smNRPS-1/2	5910	250	350	99.01	1.76e-42
C662FACXX150129:5:1315:13179:46492/1	101	101	1	smNRPS-1/2	5910	695	795	99.01	1.76e-42
C662FACXX150129:5:1315:13179:46492/2	101	1	101	smNRPS-1/2	5910	549	649	99.01	1.76e-42
C662FACXX150129:4:1110:18960:2507/2	101	1	101	smNRPS-1/2	5910	1495	1595	99.01	1.76e-42
C662FACXX150129:7:1306:9767:60259/1	101	101	1	smNRPS-1/2	5910	4132	4232	99.01	1.76e-42
C662FACXX150129:7:1306:9767:60259/2	101	1	101	smNRPS-1/2	5910	4007	4107	99.01	1.76e-42
C662FACXX150129:7:1302:5092:15717/1	101	1	101	smNRPS-1/2	5910	642	742	99.01	1.76e-42
C662FACXX150129:2:2304:9661:40272/1	101	1	101	smNRPS-1/2	5910	2533	2633	99.01	1.76e-42
C662FACXX150129:2:1107:18181:8966/1	101	1	101	smNRPS-1/2	5910	314	414	99.01	1.76e-42
C662FACXX150129:7:2314:5484:37654/1	101	1	101	smNRPS-1/2	5910	218	318	99.01	1.76e-42
C662FACXX150129:5:2205:2947:53227/1	101	1	101	smNRPS-1/2	5910	5060	5160	99.01	1.76e-42
C662FACXX150129:7:2309:16034:33335/1	101	101	1	smNRPS-1/2	5910	2628	2728	99.01	1.76e-42
C662FACXX150129:2:1312:1836:44345/1	101	1	101	smNRPS-1/2	5910	3993	4093	99.01	1.76e-42
C662FACXX150129:7:1209:20786:88846/1	101	101	1	smNRPS-1/2	5910	694	794	99.01	1.76e-42
C662FACXX150129:3:1209:8322:86893/1	101	1	101	smNRPS-1/2	5910	2974	3074	99.01	1.76e-42
C662FACXX150129:2:1314:2093:22137/1	101	101	1	smNRPS-1/2	5910	2837	2937	99.01	1.76e-42
C662FACXX150129:3:1306:20379:82910/1	101	101	1	smNRPS-1/2	5910	915	1015	99.01	1.76e-42
C662FACXX150129:7:2209:19162:10144/2	101	101	1	smNRPS-1/2	5910	5049	5149	99.01	1.76e-42
C662FACXX150129:3:1103:6166:65284/2	99	99	1	smNRPS-1/2	5910	3166	3264	100	4.89e-43
C662FACXX150129:4:1209:14965:67230/2	99	1	99	smNRPS-1/2	5910	719	817	100	4.89e-43
C662FACXX150129:7:2204:2601:88512/1	101	101	3	smNRPS-1/2	5910	5828	5926	100	4.89e-43
C662FACXX150129:4:2104:15676:34591/1	99	1	99	smNRPS-1/2	5910	5762	5860	100	4.89e-43
C662FACXX150129:2:2304:9661:40272/2	101	99	1	smNRPS-1/2	5910	2639	2737	100	4.89e-43
C662FACXX150129:5:2306:2008:85839/1	101	101	2	smNRPS-1/2	5910	5803	5902	100	1.36e-43
C662FACXX150129:3:1301:16461:49462/2	100	100	1	smNRPS-1/2	5910	1388	1487	100	1.36e-43
C662FACXX150129:4:1102:17922:83810/2	100	100	1	smNRPS-1/2	5910	869	968	100	1.36e-43
C662FACXX150129:2:1301:11367:34899/1	101	1	100	smNRPS-1/2	5910	2639	2738	100	1.36e-43
C662FACXX150129:3:2104:14101:33307/1	101	100	1	smNRPS-1/2	5910	3773	3872	100	1.36e-43
C662FACXX150129:3:2104:14101:33307/2	101	1	100	smNRPS-1/2	5910	3774	3873	100	1.36e-43
C662FACXX150129:6:1313:13274:55354/1	100	1	100	smNRPS-1/2	5910	3776	3875	100	1.36e-43
C662FACXX150129:7:2203:9325:85021/1	101	100	1	smNRPS-1/2	5910	786	885	100	1.36e-43
C662FACXX150129:7:2203:9325:85021/2	101	1	100	smNRPS-1/2	5910	786	885	100	1.36e-43
C662FACXX150129:2:1310:2632:34759/1	100	1	100	smNRPS-1/2	5910	2306	2405	100	1.36e-43
C662FACXX150129:5:2211:1452:69375/1	100	100	1	smNRPS-1/2	5910	5813	5912	100	1.36e-43
C662FACXX150129:6:1207:13949:11714/1	101	100	1	smNRPS-1/2	5910	786	885	100	1.36e-43
C662FACXX150129:6:1207:13949:11714/2	101	1	100	smNRPS-1/2	5910	786	885	100	1.36e-43
C662FACXX150129:5:1211:11787:4937/1	101	100	1	smNRPS-1/2	5910	3773	3872	100	1.36e-43
C662FACXX150129:5:1211:11787:4937/2	101	1	100	smNRPS-1/2	5910	3774	3873	100	1.36e-43
C662FACXX150129:2:1116:16803:82141/1	101	1	100	smNRPS-1/2	5910	992	1091	100	1.36e-43
C662FACXX150129:2:1101:14946:11870/2	101	101	2	smNRPS-1/2	5910	992	1091	100	1.36e-43
C662FACXX150129:2:2203:19045:79666/1	101	2	101	smNRPS-1/2	5910	4023	4122	100	1.36e-43
C662FACXX150129:4:1109:11151:6672/1	100	100	1	smNRPS-1/2	5910	772	871	100	1.36e-43
C662FACXX150129:7:2215:11484:29892/1	101	101	1	smNRPS-1/2	5910	721	821	100	3.78e-44
C662FACXX150129:5:1316:14107:92646/1	101	1	101	smNRPS-1/2	5910	716	816	100	3.78e-44
C662FACXX150129:3:2304:6732:15458/2	101	1	101	smNRPS-1/2	5910	5793	5893	100	3.78e-44
C662FACXX150129:7:2202:12430:76068/1	101	1	101	smNRPS-1/2	5910	3181	3281	100	3.78e-44
C662FACXX150129:7:2202:12430:76068/2	101	101	1	smNRPS-1/2	5910	3201	3301	100	3.78e-44
C662FACXX150129:3:2110:3803:82119/2	101	101	1	smNRPS-1/2	5910	126	226	100	3.78e-44
C662FACXX150129:2:1304:17741:95974/2	101	101	1	smNRPS-1/2	5910	730	830	100	3.78e-44
C662FACXX150129:5:1109:6802:87721/2	101	101	1	smNRPS-1/2	5910	1861	1961	100	3.78e-44
C662FACXX150129:7:2304:6538:11863/2	101	101	1	smNRPS-1/2	5910	126	226	100	3.78e-44
C662FACXX150129:6:1301:3351:61473/1	101	1	101	smNRPS-1/2	5910	2950	3050	100	3.78e-44
C662FACXX150129:3:2316:12112:25909/1	101	101	1	smNRPS-1/2	5910	5033	5133	100	3.78e-44
C662FACXX150129:4:1106:2605:53604/1	101	101	1	smNRPS-1/2	5910	2153	2253	100	3.78e-44
C662FACXX150129:4:1106:2605:53604/2	101	1	101	smNRPS-1/2	5910	2118	2218	100	3.78e-44
C662FACXX150129:2:2101:19449:77959/1	101	101	1	smNRPS-1/2	5910	785	885	100	3.78e-44
C662FACXX150129:5:1211:15519:43772/1	101	1	101	smNRPS-1/2	5910	840	940	100	3.78e-44
C662FACXX150129:5:1211:15519:43772/2	101	101	1	smNRPS-1/2	5910	858	958	100	3.78e-44
C662FACXX150129:3:1301:16461:49462/1	101	1	101	smNRPS-1/2	5910	841	941	100	3.78e-44
C662FACXX150129:5:1308:9053:71367/2	101	1	101	smNRPS-1/2	5910	5041	5141	100	3.78e-44
C662FACXX150129:7:2303:11668:87876/1	101	101	1	smNRPS-1/2	5910	2131	2231	100	3.78e-44
C662FACXX150129:6:1311:17723:4428/1	101	1	101	smNRPS-1/2	5910	588	688	100	3.78e-44
C662FACXX150129:2:1216:16462:46923/2	101	1	101	smNRPS-1/2	5910	842	942	100	3.78e-44
C662FACXX150129:6:1102:15227:89880/1	101	101	1	smNRPS-1/2	5910	5258	5358	100	3.78e-44
C662FACXX150129:3:1103:19673:88159/1	101	1	101	smNRPS-1/2	5910	598	698	100	3.78e-44
C662FACXX150129:3:1103:19673:88159/2	101	101	1	smNRPS-1/2	5910	771	871	100	3.78e-44
C662FACXX150129:2:2303:11213:70753/2	101	1	101	smNRPS-1/2	5910	2301	2401	100	3.78e-44
C662FACXX150129:4:2314:5003:28212/1	101	1	101	smNRPS-1/2	5910	5755	5855	100	3.78e-44
C662FACXX150129:5:2106:5395:44031/1	101	101	1	smNRPS-1/2	5910	1885	1985	100	3.78e-44
C662FACXX150129:5:2106:5395:44031/2	101	1	101	smNRPS-1/2	5910	1879	1979	100	3.78e-44
C662FACXX150129:4:1316:7736:93427/2	101	101	1	smNRPS-1/2	5910	5258	5358	100	3.78e-44
C662FACXX150129:5:1312:11129:75484/1	101	101	1	smNRPS-1/2	5910	745	845	100	3.78e-44
C662FACXX150129:5:1312:11129:75484/2	101	1	101	smNRPS-1/2	5910	719	819	100	3.78e-44
C662FACXX150129:7:1214:8379:55451/2	101	1	101	smNRPS-1/2	5910	2096	2196	100	3.78e-44
C662FACXX150129:7:1112:6833:24519/1	101	1	101	smNRPS-1/2	5910	2919	3019	100	3.78e-44
C662FACXX150129:4:2207:9582:73469/1	101	101	1	smNRPS-1/2	5910	5033	5133	100	3.78e-44
C662FACXX150129:5:1105:19559:88442/2	101	101	1	smNRPS-1/2	5910	1876	1976	100	3.78e-44
C662FACXX150129:7:2212:17301:29594/1	101	1	101	smNRPS-1/2	5910	5784	5884	100	3.78e-44
C662FACXX150129:3:2305:15503:12991/1	101	101	1	smNRPS-1/2	5910	5033	5133	100	3.78e-44
C662FACXX150129:5:1315:3078:86600/1	101	101	1	smNRPS-1/2	5910	2127	2227	100	3.78e-44
C662FACXX150129:6:2206:4822:67151/2	101	101	1	smNRPS-1/2	5910	2963	3063	100	3.78e-44
C662FACXX150129:6:1102:7029:30190/1	101	1	101	smNRPS-1/2	5910	766	866	100	3.78e-44
C662FACXX150129:6:2104:18444:52442/2	101	1	101	smNRPS-1/2	5910	4061	4161	100	3.78e-44
C662FACXX150129:3:2107:11216:31106/1	101	101	1	smNRPS-1/2	5910	2207	2307	100	3.78e-44
C662FACXX150129:3:2107:11216:31106/2	101	1	101	smNRPS-1/2	5910	2157	2257	100	3.78e-44
C662FACXX150129:4:1105:17660:4722/1	101	101	1	smNRPS-1/2	5910	858	958	100	3.78e-44
C662FACXX150129:5:1103:6840:95495/1	101	101	1	smNRPS-1/2	5910	755	855	100	3.78e-44
C662FACXX150129:5:1103:6840:95495/2	101	1	101	smNRPS-1/2	5910	588	688	100	3.78e-44
C662FACXX150129:3:1206:11330:85515/1	101	1	101	smNRPS-1/2	5910	5817	5917	100	3.78e-44
C662FACXX150129:2:2116:6350:13291/1	101	1	101	smNRPS-1/2	5910	4037	4137	100	3.78e-44
C662FACXX150129:6:1215:10045:35713/1	101	101	1	smNRPS-1/2	5910	5817	5917	100	3.78e-44
C662FACXX150129:6:1215:10045:35713/2	101	1	101	smNRPS-1/2	5910	5784	5884	100	3.78e-44
C662FACXX150129:2:1313:2630:6367/1	101	101	1	smNRPS-1/2	5910	3770	3870	100	3.78e-44
C662FACXX150129:4:2310:14915:44804/1	101	101	1	smNRPS-1/2	5910	5802	5902	100	3.78e-44
C662FACXX150129:4:2204:12225:13348/1	101	101	1	smNRPS-1/2	5910	1365	1465	100	3.78e-44
C662FACXX150129:7:1314:11314:16479/1	101	101	1	smNRPS-1/2	5910	3779	3879	100	3.78e-44
C662FACXX150129:4:2206:10238:27522/2	101	1	101	smNRPS-1/2	5910	2315	2415	100	3.78e-44
C662FACXX150129:5:2211:1452:69375/2	101	1	101	smNRPS-1/2	5910	5775	5875	100	3.78e-44
C662FACXX150129:3:1311:12914:17212/2	101	1	101	smNRPS-1/2	5910	5290	5390	100	3.78e-44
C662FACXX150129:5:1311:13915:47946/2	101	1	101	smNRPS-1/2	5910	5802	5902	100	3.78e-44
C662FACXX150129:5:2106:7758:88235/1	101	101	1	smNRPS-1/2	5910	2245	2345	100	3.78e-44
C662FACXX150129:4:1313:7176:19802/2	101	1	101	smNRPS-1/2	5910	887	987	100	3.78e-44
C662FACXX150129:4:2104:15676:34591/2	101	101	1	smNRPS-1/2	5910	5817	5917	100	3.78e-44
C662FACXX150129:2:2301:9647:24935/2	101	1	101	smNRPS-1/2	5910	3779	3879	100	3.78e-44
C662FACXX150129:4:1212:14090:82522/2	101	1	101	smNRPS-1/2	5910	2301	2401	100	3.78e-44
C662FACXX150129:4:1111:1546:53563/1	101	1	101	smNRPS-1/2	5910	5817	5917	100	3.78e-44
C662FACXX150129:7:2212:5281:35816/2	101	1	101	smNRPS-1/2	5910	5819	5919	100	3.78e-44
C662FACXX150129:2:1208:8055:34591/2	101	101	1	smNRPS-1/2	5910	735	835	100	3.78e-44
C662FACXX150129:7:2314:15086:76456/1	101	1	101	smNRPS-1/2	5910	4042	4142	100	3.78e-44
C662FACXX150129:6:2313:20064:85073/2	101	1	101	smNRPS-1/2	5910	2157	2257	100	3.78e-44
C662FACXX150129:5:2105:12631:89152/2	101	101	1	smNRPS-1/2	5910	5796	5896	100	3.78e-44
C662FACXX150129:7:1313:9658:63602/1	101	1	101	smNRPS-1/2	5910	155	255	100	3.78e-44
C662FACXX150129:5:1306:18055:61633/1	101	1	101	smNRPS-1/2	5910	786	886	100	3.78e-44
C662FACXX150129:2:2214:1912:43825/2	101	1	101	smNRPS-1/2	5910	2157	2257	100	3.78e-44
C662FACXX150129:4:1101:2396:97588/1	101	101	1	smNRPS-1/2	5910	5802	5902	100	3.78e-44
C662FACXX150129:7:1105:12163:78970/2	101	101	1	smNRPS-1/2	5910	1372	1472	100	3.78e-44
C662FACXX150129:4:2204:4651:8201/1	101	101	1	smNRPS-1/2	5910	3166	3266	100	3.78e-44
C662FACXX150129:7:1302:5092:15717/2	101	101	1	smNRPS-1/2	5910	856	956	100	3.78e-44
C662FACXX150129:5:2101:19714:62676/1	101	1	101	smNRPS-1/2	5910	2122	2222	100	3.78e-44
C662FACXX150129:2:2305:16991:17167/1	101	101	1	smNRPS-1/2	5910	5297	5397	100	3.78e-44
C662FACXX150129:3:1203:5555:23946/1	101	1	101	smNRPS-1/2	5910	781	881	100	3.78e-44
C662FACXX150129:7:1305:14077:23470/1	101	1	101	smNRPS-1/2	5910	4027	4127	100	3.78e-44
C662FACXX150129:6:2115:3689:49590/1	101	101	1	smNRPS-1/2	5910	5792	5892	100	3.78e-44
