C662FACXX150129:5:1308:7847:49230/2	72	69	1	smNRPS-1/2	5910	1474	1542	95.652	2.02e-21
C662FACXX150129:3:2116:17737:78561/2	67	1	67	smNRPS-1/2	5910	1226	1292	97.015	5.62e-22
C662FACXX150129:3:1313:15832:80417/2	74	1	74	smNRPS-1/2	5910	2305	2378	98.649	1.55e-27
C662FACXX150129:4:1302:5351:81887/2	95	95	1	smNRPS-1/2	5910	1486	1580	95.789	3.31e-34
C662FACXX150129:7:2103:4529:87938/2	97	1	97	smNRPS-1/2	5910	1509	1605	95.876	2.56e-35
C662FACXX150129:5:1302:4918:14843/2	97	97	8	smNRPS-1/2	5910	656	745	98.889	1.98e-36
C662FACXX150129:6:2311:16154:6365/2	101	101	1	smNRPS-1/2	5910	1545	1645	96.04	1.53e-37
C662FACXX150129:2:2110:8425:32028/2	101	1	101	smNRPS-1/2	5910	1509	1609	96.04	1.53e-37
C662FACXX150129:4:1302:5351:81887/1	101	1	101	smNRPS-1/2	5910	1278	1378	96.04	1.53e-37
C662FACXX150129:7:2103:4529:87938/1	101	96	1	smNRPS-1/2	5910	1536	1631	97.917	4.25e-38
C662FACXX150129:2:2110:8425:32028/1	101	96	1	smNRPS-1/2	5910	1536	1631	97.917	4.25e-38
C662FACXX150129:4:1301:8645:21753/1	101	98	1	smNRPS-1/2	5910	4225	4322	97.959	3.29e-39
C662FACXX150129:5:2110:9208:78290/1	101	101	1	smNRPS-1/2	5910	395	495	97.03	3.29e-39
C662FACXX150129:3:2116:17737:78561/1	101	101	1	smNRPS-1/2	5910	1350	1450	97.03	3.29e-39
C662FACXX150129:5:1116:17808:59267/2	100	100	1	smNRPS-1/2	5910	638	737	98	2.54e-40
C662FACXX150129:7:2103:14632:100072/1	97	97	1	smNRPS-1/2	5910	1190	1286	98.969	2.54e-40
C662FACXX150129:6:2112:6946:17726/1	101	1	101	smNRPS-1/2	5910	5733	5833	98.02	7.06e-41
C662FACXX150129:5:2206:14527:55255/1	100	98	1	smNRPS-1/2	5910	4225	4322	98.98	7.06e-41
C662FACXX150129:6:1202:16795:28727/1	97	1	97	smNRPS-1/2	5910	4302	4398	100	5.46e-42
C662FACXX150129:5:1101:11345:39992/1	101	1	101	smNRPS-1/2	5910	643	743	99.01	1.52e-42
C662FACXX150129:6:1202:16795:28727/2	101	101	1	smNRPS-1/2	5910	4319	4419	100	3.26e-44
C662FACXX150129:6:2102:2037:44490/1	101	1	101	smNRPS-1/2	5910	3733	3833	100	3.26e-44
C662FACXX150129:6:2102:2037:44490/2	101	101	1	smNRPS-1/2	5910	4088	4188	100	3.26e-44
C662FACXX150129:4:1115:8316:28256/1	101	1	101	smNRPS-1/2	5910	4484	4584	100	3.26e-44
C662FACXX150129:4:1115:8316:28256/2	101	101	1	smNRPS-1/2	5910	4788	4888	100	3.26e-44
C662FACXX150129:3:2108:13856:11124/1	101	1	101	smNRPS-1/2	5910	4484	4584	100	3.26e-44
C662FACXX150129:3:2108:13856:11124/2	101	101	1	smNRPS-1/2	5910	4788	4888	100	3.26e-44
C662FACXX150129:7:1116:14656:93955/1	71	1	68	smNRPS-1/2	5910	5613	5680	95.588	7.35e-21
C662FACXX150129:4:2115:6387:23653/2	72	72	1	smNRPS-1/2	5910	4883	4954	95.833	4.39e-23
C662FACXX150129:4:2213:8325:66761/2	70	70	1	smNRPS-1/2	5910	3729	3798	97.143	1.22e-23
C662FACXX150129:6:1103:5409:72637/1	75	75	1	smNRPS-1/2	5910	3714	3788	96	9.44e-25
C662FACXX150129:2:2310:2394:20417/1	74	74	1	smNRPS-1/2	5910	80	153	97.297	7.3e-26
C662FACXX150129:3:2212:2520:81147/1	71	68	1	smNRPS-1/2	5910	2834	2901	100	7.3e-26
C662FACXX150129:2:1210:15249:16569/1	81	1	81	smNRPS-1/2	5910	4714	4794	95.062	2.03e-26
C662FACXX150129:5:2302:8321:70153/1	71	71	1	smNRPS-1/2	5910	1419	1489	100	1.57e-27
C662FACXX150129:5:1116:17808:59267/1	71	71	1	smNRPS-1/2	5910	5274	5344	100	1.57e-27
C662FACXX150129:5:1302:7767:48254/1	72	72	1	smNRPS-1/2	5910	4058	4129	100	4.36e-28
C662FACXX150129:5:1302:7767:48254/2	80	1	80	smNRPS-1/2	5910	3992	4071	97.5	3.37e-29
C662FACXX150129:2:1315:19871:100267/1	81	81	1	smNRPS-1/2	5910	699	779	98.765	2.02e-31
C662FACXX150129:7:1307:14779:68566/1	88	88	1	smNRPS-1/2	5910	3705	3792	96.591	5.6e-32
C662FACXX150129:6:2313:15775:46697/2	80	1	80	smNRPS-1/2	5910	2211	2290	100	1.56e-32
C662FACXX150129:3:1214:9876:15118/2	80	1	80	smNRPS-1/2	5910	829	908	100	1.56e-32
C662FACXX150129:4:2316:13812:94736/1	86	86	1	smNRPS-1/2	5910	1477	1562	97.674	1.56e-32
C662FACXX150129:5:1213:1546:76586/2	83	83	1	smNRPS-1/2	5910	3030	3112	98.795	1.56e-32
C662FACXX150129:3:2306:12055:61132/2	80	1	80	smNRPS-1/2	5910	2169	2248	100	1.56e-32
C662FACXX150129:3:1313:15832:80417/1	85	1	85	smNRPS-1/2	5910	3488	3572	98.824	1.2e-33
C662FACXX150129:5:1213:1546:76586/1	88	1	88	smNRPS-1/2	5910	2730	2817	97.727	1.2e-33
C662FACXX150129:6:2308:16400:53218/2	86	86	1	smNRPS-1/2	5910	1502	1587	98.837	3.35e-34
C662FACXX150129:3:2205:13411:24155/2	101	97	1	smNRPS-1/2	5910	2443	2538	95.876	9.31e-35
C662FACXX150129:3:2112:19133:9833/1	90	90	1	smNRPS-1/2	5910	1200	1289	97.778	9.31e-35
C662FACXX150129:5:1104:5042:89544/2	84	84	1	smNRPS-1/2	5910	5732	5815	100	9.31e-35
C662FACXX150129:6:1307:18481:44738/2	101	97	1	smNRPS-1/2	5910	2443	2538	95.876	9.31e-35
C662FACXX150129:5:1206:14042:14488/2	94	94	1	smNRPS-1/2	5910	507	600	96.809	2.59e-35
C662FACXX150129:3:1112:6979:25412/2	101	1	101	smNRPS-1/2	5910	1132	1232	95.05	7.2e-36
C662FACXX150129:4:2315:19564:57684/1	86	86	1	smNRPS-1/2	5910	5273	5358	100	7.2e-36
C662FACXX150129:4:1107:5104:23350/2	101	101	1	smNRPS-1/2	5910	5573	5673	95.05	7.2e-36
C662FACXX150129:3:2211:3664:19279/1	89	1	89	smNRPS-1/2	5910	3561	3649	98.876	7.2e-36
C662FACXX150129:2:1213:20112:83036/1	93	93	1	smNRPS-1/2	5910	950	1042	97.849	2e-36
C662FACXX150129:4:2115:6387:23653/1	96	1	96	smNRPS-1/2	5910	4851	4946	96.875	2e-36
C662FACXX150129:5:2107:13472:24679/2	90	1	90	smNRPS-1/2	5910	3985	4074	98.889	2e-36
C662FACXX150129:6:2116:11012:51882/1	101	1	100	smNRPS-1/2	5910	4219	4318	96	5.57e-37
C662FACXX150129:2:1307:9842:99645/1	91	1	91	smNRPS-1/2	5910	3613	3703	98.901	5.57e-37
C662FACXX150129:4:1209:8566:70916/1	88	1	88	smNRPS-1/2	5910	897	984	100	5.57e-37
C662FACXX150129:6:2311:16154:6365/1	101	101	1	smNRPS-1/2	5910	4530	4630	96.04	1.55e-37
C662FACXX150129:4:1301:8645:21753/2	101	101	1	smNRPS-1/2	5910	1630	1730	96.04	1.55e-37
C662FACXX150129:4:2315:19564:57684/2	89	1	89	smNRPS-1/2	5910	5255	5343	100	1.55e-37
C662FACXX150129:2:2308:8738:81151/1	95	95	1	smNRPS-1/2	5910	3541	3635	97.895	1.55e-37
C662FACXX150129:4:1213:16969:5323/2	101	1	101	smNRPS-1/2	5910	3660	3760	96.04	1.55e-37
C662FACXX150129:6:2306:9279:94660/2	101	1	101	smNRPS-1/2	5910	5125	5225	96.04	1.55e-37
C662FACXX150129:6:2111:9363:58470/1	101	1	101	smNRPS-1/2	5910	4855	4955	96.04	1.55e-37
C662FACXX150129:2:2113:15311:33352/2	93	93	1	smNRPS-1/2	5910	4890	4982	98.925	4.3e-38
C662FACXX150129:7:1111:15880:78141/1	96	96	1	smNRPS-1/2	5910	3264	3359	97.917	4.3e-38
C662FACXX150129:4:1113:12755:3028/1	94	94	1	smNRPS-1/2	5910	914	1007	98.936	1.2e-38
C662FACXX150129:4:1113:12755:3028/2	94	1	94	smNRPS-1/2	5910	637	730	98.936	1.2e-38
C662FACXX150129:3:1315:3723:51183/1	101	1	101	smNRPS-1/2	5910	1943	2042	97.03	1.2e-38
C662FACXX150129:4:1213:16969:5323/1	101	100	1	smNRPS-1/2	5910	3685	3784	97	1.2e-38
C662FACXX150129:5:1311:8540:9767/2	100	100	1	smNRPS-1/2	5910	1608	1707	97	1.2e-38
C662FACXX150129:5:2308:19027:38639/1	101	100	3	smNRPS-1/2	5910	3924	4021	97.959	3.33e-39
C662FACXX150129:5:2308:19027:38639/2	101	1	98	smNRPS-1/2	5910	3924	4021	97.959	3.33e-39
C662FACXX150129:3:2203:1703:3821/1	101	101	1	smNRPS-1/2	5910	3950	4050	97.03	3.33e-39
C662FACXX150129:3:2203:1703:3821/2	101	1	101	smNRPS-1/2	5910	3693	3793	97.03	3.33e-39
C662FACXX150129:5:2102:7456:5434/1	101	1	101	smNRPS-1/2	5910	517	617	97.03	3.33e-39
C662FACXX150129:3:1315:3723:51183/2	101	98	1	smNRPS-1/2	5910	1942	2039	97.959	3.33e-39
C662FACXX150129:4:1107:5104:23350/1	101	1	101	smNRPS-1/2	5910	4971	5071	97.03	3.33e-39
C662FACXX150129:5:1302:4918:14843/1	101	101	1	smNRPS-1/2	5910	5521	5621	97.03	3.33e-39
C662FACXX150129:3:2314:1559:24342/1	101	95	1	smNRPS-1/2	5910	786	880	98.947	3.33e-39
C662FACXX150129:4:1304:14415:52840/2	101	101	1	smNRPS-1/2	5910	3055	3155	97.03	3.33e-39
C662FACXX150129:6:2111:9363:58470/2	101	101	1	smNRPS-1/2	5910	4949	5049	97.03	3.33e-39
C662FACXX150129:4:2302:6702:12135/1	101	1	101	smNRPS-1/2	5910	4199	4299	97.03	3.33e-39
C662FACXX150129:3:2315:6677:65146/1	96	96	1	smNRPS-1/2	5910	3029	3124	98.958	9.25e-40
C662FACXX150129:5:2102:7456:5434/2	93	93	1	smNRPS-1/2	5910	847	939	100	9.25e-40
C662FACXX150129:7:2103:14632:100072/2	101	99	1	smNRPS-1/2	5910	5014	5112	97.98	9.25e-40
C662FACXX150129:3:2207:17760:66333/1	99	1	99	smNRPS-1/2	5910	3084	3182	97.98	9.25e-40
C662FACXX150129:7:1106:9986:95010/1	100	100	1	smNRPS-1/2	5910	3721	3820	98	2.57e-40
C662FACXX150129:3:1214:9876:15118/1	96	96	3	smNRPS-1/2	5910	1233	1326	100	2.57e-40
C662FACXX150129:6:1106:14297:35342/1	101	97	1	smNRPS-1/2	5910	698	794	98.969	2.57e-40
C662FACXX150129:6:1106:14297:35342/2	100	1	97	smNRPS-1/2	5910	698	794	98.969	2.57e-40
C662FACXX150129:5:1104:5042:89544/1	100	1	100	smNRPS-1/2	5910	5489	5588	98	2.57e-40
C662FACXX150129:6:2313:15775:46697/1	101	101	1	smNRPS-1/2	5910	2520	2620	98.02	7.15e-41
C662FACXX150129:7:1106:9986:95010/2	101	1	101	smNRPS-1/2	5910	3603	3703	98.02	7.15e-41
C662FACXX150129:5:1101:11345:39992/2	101	1	101	smNRPS-1/2	5910	5059	5159	98.02	7.15e-41
C662FACXX150129:6:1213:10681:39637/2	98	98	1	smNRPS-1/2	5910	4099	4196	98.98	7.15e-41
C662FACXX150129:7:1307:14779:68566/2	101	1	101	smNRPS-1/2	5910	3603	3703	98.02	7.15e-41
C662FACXX150129:7:2305:18442:85657/1	101	101	1	smNRPS-1/2	5910	2762	2862	98.02	7.15e-41
C662FACXX150129:7:2305:18442:85657/2	101	1	101	smNRPS-1/2	5910	2703	2803	98.02	7.15e-41
C662FACXX150129:2:1101:15535:33351/2	101	101	1	smNRPS-1/2	5910	2542	2642	98.02	7.15e-41
C662FACXX150129:3:2314:1559:24342/2	101	1	95	smNRPS-1/2	5910	786	880	100	7.15e-41
C662FACXX150129:4:1304:14415:52840/1	101	1	98	smNRPS-1/2	5910	3050	3147	98.98	7.15e-41
C662FACXX150129:5:1311:8540:9767/1	98	1	98	smNRPS-1/2	5910	1273	1370	98.98	7.15e-41
C662FACXX150129:5:2107:13472:24679/1	96	96	1	smNRPS-1/2	5910	4039	4134	100	1.99e-41
C662FACXX150129:3:2112:19133:9833/2	97	1	97	smNRPS-1/2	5910	837	933	100	5.53e-42
C662FACXX150129:4:1216:1991:91762/1	100	100	1	smNRPS-1/2	5910	282	381	99	5.53e-42
C662FACXX150129:4:2111:17228:91649/1	101	101	1	smNRPS-1/2	5910	5722	5822	99.01	1.54e-42
C662FACXX150129:3:2315:6677:65146/2	101	1	101	smNRPS-1/2	5910	3010	3110	99.01	1.54e-42
C662FACXX150129:3:1112:6979:25412/1	101	101	1	smNRPS-1/2	5910	1196	1296	99.01	1.54e-42
C662FACXX150129:6:2308:16400:53218/1	101	1	101	smNRPS-1/2	5910	1455	1555	99.01	1.54e-42
C662FACXX150129:6:1213:10681:39637/1	101	1	101	smNRPS-1/2	5910	4017	4117	99.01	1.54e-42
C662FACXX150129:4:2316:13812:94736/2	101	1	101	smNRPS-1/2	5910	1445	1545	99.01	1.54e-42
C662FACXX150129:2:2308:8738:81151/2	101	1	101	smNRPS-1/2	5910	3343	3443	99.01	1.54e-42
C662FACXX150129:3:2203:13950:87366/1	101	101	1	smNRPS-1/2	5910	679	779	99.01	1.54e-42
C662FACXX150129:3:2203:13950:87366/2	101	1	101	smNRPS-1/2	5910	346	446	99.01	1.54e-42
C662FACXX150129:4:1213:9866:100778/2	101	1	101	smNRPS-1/2	5910	1292	1392	99.01	1.54e-42
C662FACXX150129:5:2302:8321:70153/2	101	1	101	smNRPS-1/2	5910	1292	1392	99.01	1.54e-42
C662FACXX150129:2:2113:15311:33352/1	101	1	101	smNRPS-1/2	5910	4765	4865	99.01	1.54e-42
C662FACXX150129:3:2211:3664:19279/2	101	101	1	smNRPS-1/2	5910	3616	3716	99.01	1.54e-42
C662FACXX150129:5:1111:13117:27370/1	101	101	1	smNRPS-1/2	5910	198	298	99.01	1.54e-42
C662FACXX150129:6:1206:13292:4345/1	101	1	101	smNRPS-1/2	5910	897	997	99.01	1.54e-42
C662FACXX150129:6:1103:5409:72637/2	99	1	99	smNRPS-1/2	5910	3445	3543	100	4.27e-43
C662FACXX150129:4:1213:9866:100778/1	99	99	1	smNRPS-1/2	5910	1391	1489	100	4.27e-43
C662FACXX150129:2:1213:20112:83036/2	101	1	101	smNRPS-1/2	5910	786	886	100	3.3e-44
C662FACXX150129:4:1216:1991:91762/2	101	1	101	smNRPS-1/2	5910	166	266	100	3.3e-44
C662FACXX150129:2:1101:15535:33351/1	101	1	101	smNRPS-1/2	5910	2180	2280	100	3.3e-44
C662FACXX150129:6:2306:9279:94660/1	101	101	1	smNRPS-1/2	5910	5265	5365	100	3.3e-44
C662FACXX150129:7:2308:20500:41506/1	101	101	1	smNRPS-1/2	5910	3775	3875	100	3.3e-44
