C662FACXX150129:4:1208:10775:35146/1	101	48	101	smNRPS-1/2	5910	1	55	98.182	3.06e-16
C662FACXX150129:2:1212:18605:92083/1	70	70	2	smNRPS-1/2	5910	1474	1542	95.652	3.04e-21
C662FACXX150129:5:2112:6753:11918/2	68	1	68	smNRPS-1/2	5910	5121	5188	98.529	5.05e-24
C662FACXX150129:5:2314:11842:37376/1	71	1	71	smNRPS-1/2	5910	1885	1955	97.183	5.05e-24
C662FACXX150129:2:2206:8012:61901/2	76	1	76	smNRPS-1/2	5910	4735	4810	96.053	3.9e-25
C662FACXX150129:4:1301:6076:69557/1	76	1	76	smNRPS-1/2	5910	4230	4305	96.053	3.9e-25
C662FACXX150129:2:2308:7221:88842/1	72	1	72	smNRPS-1/2	5910	2419	2490	98.611	3.02e-26
C662FACXX150129:6:2203:13368:3371/2	76	1	76	smNRPS-1/2	5910	2359	2434	97.368	8.39e-27
C662FACXX150129:3:2206:11173:22527/2	76	1	76	smNRPS-1/2	5910	2362	2437	97.368	8.39e-27
C662FACXX150129:2:1316:6734:95966/2	73	1	73	smNRPS-1/2	5910	3740	3812	98.63	8.39e-27
C662FACXX150129:4:1107:5745:42008/2	73	1	73	smNRPS-1/2	5910	3795	3867	98.63	8.39e-27
C662FACXX150129:4:1202:16700:52564/2	97	28	97	smNRPS-1/2	5910	1	70	100	8.39e-27
C662FACXX150129:7:2212:2030:31776/1	73	1	73	smNRPS-1/2	5910	3006	3078	98.63	8.39e-27
C662FACXX150129:2:2106:20309:30869/2	71	1	71	smNRPS-1/2	5910	3934	4004	100	2.33e-27
C662FACXX150129:4:1308:15234:97416/2	72	72	1	smNRPS-1/2	5910	2963	3034	100	6.49e-28
C662FACXX150129:4:1208:1917:75330/1	78	1	78	smNRPS-1/2	5910	3759	3836	97.436	6.49e-28
C662FACXX150129:7:2302:3143:69439/2	73	73	1	smNRPS-1/2	5910	1952	2024	100	1.8e-28
C662FACXX150129:5:1308:1781:18521/1	77	77	1	smNRPS-1/2	5910	3470	3546	98.701	5.01e-29
C662FACXX150129:6:2207:13577:29215/1	77	77	1	smNRPS-1/2	5910	274	350	98.701	5.01e-29
C662FACXX150129:4:1205:17930:36403/2	80	1	78	smNRPS-1/2	5910	2775	2852	98.718	1.39e-29
C662FACXX150129:6:2116:11728:46618/1	81	1	79	smNRPS-1/2	5910	5271	5349	98.734	3.88e-30
C662FACXX150129:5:2302:7627:71842/1	101	1	81	smNRPS-1/2	5910	5795	5875	98.765	3e-31
C662FACXX150129:3:2104:10636:34577/2	81	78	1	smNRPS-1/2	5910	1213	1290	100	3e-31
C662FACXX150129:5:2112:6753:11918/1	78	78	1	smNRPS-1/2	5910	5613	5690	100	3e-31
C662FACXX150129:5:2213:15217:35630/2	81	81	1	smNRPS-1/2	5910	3797	3877	98.765	3e-31
C662FACXX150129:2:1201:3276:59755/2	82	82	1	smNRPS-1/2	5910	4538	4619	98.78	8.33e-32
C662FACXX150129:4:2311:18678:90898/1	84	82	1	smNRPS-1/2	5910	3736	3817	98.78	8.33e-32
C662FACXX150129:5:1307:18595:12235/2	88	1	88	smNRPS-1/2	5910	3821	3908	97.727	1.79e-33
C662FACXX150129:6:2106:10314:45859/1	82	82	1	smNRPS-1/2	5910	3924	4005	100	1.79e-33
C662FACXX150129:5:1303:7688:54100/2	89	1	89	smNRPS-1/2	5910	4314	4403	97.778	4.98e-34
C662FACXX150129:4:2305:12773:78340/2	86	86	1	smNRPS-1/2	5910	4586	4671	98.837	4.98e-34
C662FACXX150129:3:1210:10937:25505/2	101	95	1	smNRPS-1/2	5910	1349	1443	95.789	4.98e-34
C662FACXX150129:6:1307:1227:25912/1	89	89	1	smNRPS-1/2	5910	3722	3810	97.753	4.98e-34
C662FACXX150129:7:1313:18684:95999/2	86	86	1	smNRPS-1/2	5910	2205	2290	98.837	4.98e-34
C662FACXX150129:4:2212:5244:39319/1	96	96	1	smNRPS-1/2	5910	4458	4553	95.833	1.38e-34
C662FACXX150129:7:1202:10149:26136/1	90	1	90	smNRPS-1/2	5910	4695	4784	97.778	1.38e-34
C662FACXX150129:7:2304:13255:56699/1	94	1	94	smNRPS-1/2	5910	729	821	96.809	1.38e-34
C662FACXX150129:2:1110:18966:81330/2	89	89	3	smNRPS-1/2	5910	4236	4322	98.851	1.38e-34
C662FACXX150129:7:1101:12502:22101/1	88	1	88	smNRPS-1/2	5910	1177	1264	98.864	3.85e-35
C662FACXX150129:7:2210:15376:36768/1	88	88	1	smNRPS-1/2	5910	2764	2851	98.864	3.85e-35
C662FACXX150129:7:1207:12837:24299/2	88	88	1	smNRPS-1/2	5910	1821	1908	98.864	3.85e-35
C662FACXX150129:4:2309:16741:77224/2	91	91	1	smNRPS-1/2	5910	181	271	97.802	3.85e-35
C662FACXX150129:5:1314:5933:77291/2	89	89	1	smNRPS-1/2	5910	1131	1219	98.876	1.07e-35
C662FACXX150129:5:1112:19048:57730/2	92	1	92	smNRPS-1/2	5910	3903	3994	97.826	1.07e-35
C662FACXX150129:4:1110:10773:73445/2	101	1	101	smNRPS-1/2	5910	1509	1609	95.05	1.07e-35
C662FACXX150129:3:1104:3508:83221/1	89	89	1	smNRPS-1/2	5910	84	172	98.876	1.07e-35
C662FACXX150129:2:2304:19976:22422/1	89	1	89	smNRPS-1/2	5910	5739	5827	98.876	1.07e-35
C662FACXX150129:3:2313:5304:17383/1	101	101	1	smNRPS-1/2	5910	3309	3409	95.05	1.07e-35
C662FACXX150129:2:2301:1816:88969/1	87	87	1	smNRPS-1/2	5910	2968	3054	100	2.98e-36
C662FACXX150129:7:2108:16936:29107/2	95	95	1	smNRPS-1/2	5910	567	663	96.907	2.98e-36
C662FACXX150129:4:2113:6394:45153/1	88	88	1	smNRPS-1/2	5910	2962	3049	100	8.27e-37
C662FACXX150129:6:1316:15121:43582/1	96	91	1	smNRPS-1/2	5910	3786	3876	98.901	8.27e-37
C662FACXX150129:6:2112:5784:59677/2	94	94	1	smNRPS-1/2	5910	4215	4308	97.872	8.27e-37
C662FACXX150129:6:2109:16649:15428/2	94	94	1	smNRPS-1/2	5910	3612	3705	97.872	8.27e-37
C662FACXX150129:2:1307:13248:73113/1	101	2	101	smNRPS-1/2	5910	4469	4568	96	8.27e-37
C662FACXX150129:3:1216:14166:21633/2	88	1	88	smNRPS-1/2	5910	3914	4001	100	8.27e-37
C662FACXX150129:6:2316:16828:53643/1	100	100	1	smNRPS-1/2	5910	4299	4399	96.04	8.27e-37
C662FACXX150129:7:1316:19632:98469/1	94	94	1	smNRPS-1/2	5910	3881	3974	97.872	8.27e-37
C662FACXX150129:2:2211:7449:86400/1	101	1	101	smNRPS-1/2	5910	740	839	96.04	8.27e-37
C662FACXX150129:4:2206:12892:35213/1	94	1	94	smNRPS-1/2	5910	2607	2700	97.872	8.27e-37
C662FACXX150129:3:2114:7008:29390/1	92	1	91	smNRPS-1/2	5910	2602	2692	98.901	8.27e-37
C662FACXX150129:7:1215:2690:51443/1	95	95	1	smNRPS-1/2	5910	4893	4987	97.895	2.3e-37
C662FACXX150129:2:2114:19996:78764/1	101	1	92	smNRPS-1/2	5910	2437	2528	98.913	2.3e-37
C662FACXX150129:7:1208:9849:79923/2	92	92	1	smNRPS-1/2	5910	3784	3875	98.913	2.3e-37
C662FACXX150129:3:2114:7364:59021/1	95	95	1	smNRPS-1/2	5910	2084	2178	97.895	2.3e-37
C662FACXX150129:3:1105:2142:32792/1	101	101	1	smNRPS-1/2	5910	1774	1874	96.04	2.3e-37
C662FACXX150129:2:2304:3723:31924/2	89	89	1	smNRPS-1/2	5910	5140	5228	100	2.3e-37
C662FACXX150129:7:1215:2690:51443/2	100	1	96	smNRPS-1/2	5910	4892	4987	97.917	6.39e-38
C662FACXX150129:5:1312:12094:43023/1	96	1	96	smNRPS-1/2	5910	2601	2696	97.917	6.39e-38
C662FACXX150129:5:2313:2514:17282/1	93	1	93	smNRPS-1/2	5910	4326	4419	98.936	6.39e-38
C662FACXX150129:7:2114:16047:58994/1	96	1	96	smNRPS-1/2	5910	2601	2696	97.917	6.39e-38
C662FACXX150129:3:1212:16209:95926/1	99	99	1	smNRPS-1/2	5910	4298	4397	97	6.39e-38
C662FACXX150129:6:2302:18234:62716/1	101	1	91	smNRPS-1/2	5910	853	943	100	1.78e-38
C662FACXX150129:6:2302:18234:62716/2	101	91	1	smNRPS-1/2	5910	853	943	100	1.78e-38
C662FACXX150129:7:1206:20392:43696/1	101	1	101	smNRPS-1/2	5910	729	828	97.03	1.78e-38
C662FACXX150129:6:2115:5824:2894/1	101	1	101	smNRPS-1/2	5910	740	839	97.03	1.78e-38
C662FACXX150129:6:2307:2862:65765/1	94	1	94	smNRPS-1/2	5910	653	746	98.936	1.78e-38
C662FACXX150129:2:2209:12358:24412/1	100	100	1	smNRPS-1/2	5910	4223	4322	97	1.78e-38
C662FACXX150129:4:2111:6738:40179/2	91	91	1	smNRPS-1/2	5910	647	737	100	1.78e-38
C662FACXX150129:4:1103:11719:90824/2	101	101	2	smNRPS-1/2	5910	5448	5547	97	1.78e-38
C662FACXX150129:3:2303:12668:69955/1	101	1	101	smNRPS-1/2	5910	729	828	97.03	1.78e-38
C662FACXX150129:5:2101:11046:26267/1	100	1	100	smNRPS-1/2	5910	4273	4373	97.03	1.78e-38
C662FACXX150129:2:2307:17798:60154/1	101	1	101	smNRPS-1/2	5910	729	828	97.03	1.78e-38
C662FACXX150129:6:2212:2820:21190/2	101	97	1	smNRPS-1/2	5910	2606	2702	97.938	1.78e-38
C662FACXX150129:2:2201:13938:49204/1	94	94	1	smNRPS-1/2	5910	4625	4718	98.936	1.78e-38
C662FACXX150129:3:2202:13906:39920/1	91	1	91	smNRPS-1/2	5910	469	559	100	1.78e-38
C662FACXX150129:5:2309:17750:54531/1	101	101	1	smNRPS-1/2	5910	4788	4888	97.03	4.94e-39
C662FACXX150129:7:1315:20529:20542/2	96	95	1	smNRPS-1/2	5910	1551	1645	98.947	4.94e-39
C662FACXX150129:4:1212:20044:17685/1	101	95	1	smNRPS-1/2	5910	1551	1645	98.947	4.94e-39
C662FACXX150129:6:1316:15121:43582/2	101	1	101	smNRPS-1/2	5910	3725	3825	97.03	4.94e-39
C662FACXX150129:2:1312:9821:21739/2	101	101	1	smNRPS-1/2	5910	3688	3788	97.03	4.94e-39
C662FACXX150129:4:2207:9581:21932/2	101	1	101	smNRPS-1/2	5910	3723	3823	97.03	4.94e-39
C662FACXX150129:4:1205:5927:17006/1	101	101	1	smNRPS-1/2	5910	2466	2566	97.03	4.94e-39
C662FACXX150129:3:2202:7021:56944/1	101	101	1	smNRPS-1/2	5910	4808	4908	97.03	4.94e-39
C662FACXX150129:5:2214:15734:28356/1	101	1	101	smNRPS-1/2	5910	4289	4389	97.03	4.94e-39
C662FACXX150129:5:2101:11046:26267/2	101	101	1	smNRPS-1/2	5910	4296	4397	97.059	4.94e-39
C662FACXX150129:3:2201:2360:62302/1	101	1	101	smNRPS-1/2	5910	1172	1272	97.03	4.94e-39
C662FACXX150129:3:2302:12662:6507/1	92	92	1	smNRPS-1/2	5910	456	547	100	4.94e-39
C662FACXX150129:3:1206:17190:91430/1	101	101	1	smNRPS-1/2	5910	4736	4836	97.03	4.94e-39
C662FACXX150129:5:1113:3723:21847/1	101	101	1	smNRPS-1/2	5910	4808	4908	97.03	4.94e-39
C662FACXX150129:3:2215:12537:57387/2	96	95	1	smNRPS-1/2	5910	2913	3007	98.947	4.94e-39
C662FACXX150129:7:1202:10149:26136/2	101	101	3	smNRPS-1/2	5910	4800	4898	97.98	1.37e-39
C662FACXX150129:3:2212:11727:83310/2	101	101	3	smNRPS-1/2	5910	4800	4898	97.98	1.37e-39
C662FACXX150129:2:2114:19996:78764/2	101	93	1	smNRPS-1/2	5910	2436	2528	100	1.37e-39
C662FACXX150129:2:1316:6734:95966/1	93	93	1	smNRPS-1/2	5910	3920	4012	100	1.37e-39
C662FACXX150129:6:1107:3604:62220/1	101	101	1	smNRPS-1/2	5910	559	661	97.087	1.37e-39
C662FACXX150129:2:2108:10608:57972/2	99	1	99	smNRPS-1/2	5910	4835	4933	97.98	1.37e-39
C662FACXX150129:6:2114:9225:55017/2	93	1	93	smNRPS-1/2	5910	2474	2566	100	1.37e-39
C662FACXX150129:3:1310:13535:46662/1	93	93	1	smNRPS-1/2	5910	4206	4298	100	1.37e-39
C662FACXX150129:2:2207:6264:68815/2	98	98	1	smNRPS-1/2	5910	614	713	98	1.37e-39
C662FACXX150129:3:1106:11465:70508/2	99	1	99	smNRPS-1/2	5910	2607	2705	97.98	1.37e-39
C662FACXX150129:3:1112:20152:45998/1	99	1	99	smNRPS-1/2	5910	4413	4511	97.98	1.37e-39
C662FACXX150129:4:2212:5244:39319/2	100	1	100	smNRPS-1/2	5910	4192	4291	98	3.82e-40
C662FACXX150129:5:2115:7696:70375/1	101	1	101	smNRPS-1/2	5910	655	754	98.02	3.82e-40
C662FACXX150129:4:2110:19865:84541/2	100	100	1	smNRPS-1/2	5910	4248	4347	98	3.82e-40
C662FACXX150129:2:1109:16342:5181/1	101	100	1	smNRPS-1/2	5910	4324	4424	98.02	3.82e-40
C662FACXX150129:4:1208:10775:35146/2	97	97	1	smNRPS-1/2	5910	171	267	98.969	3.82e-40
C662FACXX150129:5:1211:10770:19706/1	101	100	1	smNRPS-1/2	5910	4324	4424	98.02	3.82e-40
C662FACXX150129:4:1301:6076:69557/2	101	101	2	smNRPS-1/2	5910	4296	4395	98	3.82e-40
C662FACXX150129:5:1314:5933:77291/1	101	1	101	smNRPS-1/2	5910	665	764	98.02	3.82e-40
C662FACXX150129:4:2207:9581:21932/1	101	100	1	smNRPS-1/2	5910	3819	3918	98	3.82e-40
C662FACXX150129:5:1306:9211:83003/2	94	1	94	smNRPS-1/2	5910	4994	5087	100	3.82e-40
C662FACXX150129:2:1201:3276:59755/1	101	1	100	smNRPS-1/2	5910	4319	4419	98.02	3.82e-40
C662FACXX150129:3:1212:6351:69112/1	101	100	1	smNRPS-1/2	5910	401	500	98	3.82e-40
C662FACXX150129:4:1103:11719:90824/1	100	1	100	smNRPS-1/2	5910	5351	5450	98	3.82e-40
C662FACXX150129:3:2104:10636:34577/1	97	1	97	smNRPS-1/2	5910	925	1021	98.969	3.82e-40
C662FACXX150129:5:2107:7077:19867/1	100	1	100	smNRPS-1/2	5910	2690	2789	98	3.82e-40
C662FACXX150129:4:2302:17654:86071/1	100	1	100	smNRPS-1/2	5910	5271	5370	98	3.82e-40
C662FACXX150129:2:2207:15447:81901/1	101	97	1	smNRPS-1/2	5910	4834	4930	98.969	3.82e-40
C662FACXX150129:4:1311:13460:14484/1	101	101	1	smNRPS-1/2	5910	670	769	98.02	3.82e-40
C662FACXX150129:3:1111:11982:51572/1	100	1	100	smNRPS-1/2	5910	4326	4426	98.02	3.82e-40
C662FACXX150129:2:1311:1704:51196/1	94	1	94	smNRPS-1/2	5910	802	895	100	3.82e-40
C662FACXX150129:4:1116:19732:58226/1	100	100	1	smNRPS-1/2	5910	4702	4801	98	3.82e-40
C662FACXX150129:7:2112:20717:17325/1	101	1	100	smNRPS-1/2	5910	4319	4419	98.02	3.82e-40
C662FACXX150129:3:2104:16722:99482/1	101	1	101	smNRPS-1/2	5910	4326	4427	98.039	1.06e-40
C662FACXX150129:3:2104:16722:99482/2	101	101	1	smNRPS-1/2	5910	4549	4649	98.02	1.06e-40
C662FACXX150129:6:1203:5765:48759/2	101	1	101	smNRPS-1/2	5910	4784	4884	98.02	1.06e-40
C662FACXX150129:5:2309:17750:54531/2	101	1	101	smNRPS-1/2	5910	4784	4884	98.02	1.06e-40
C662FACXX150129:4:2306:17645:27296/2	101	1	101	smNRPS-1/2	5910	1797	1897	98.02	1.06e-40
C662FACXX150129:6:1315:8156:27184/2	101	101	1	smNRPS-1/2	5910	4769	4869	98.02	1.06e-40
C662FACXX150129:4:1310:9869:51549/1	101	1	101	smNRPS-1/2	5910	2357	2457	98.02	1.06e-40
C662FACXX150129:4:1102:4825:67317/2	101	1	101	smNRPS-1/2	5910	1797	1897	98.02	1.06e-40
C662FACXX150129:7:1206:20392:43696/2	101	101	1	smNRPS-1/2	5910	752	852	98.02	1.06e-40
C662FACXX150129:2:1109:16342:5181/2	101	1	98	smNRPS-1/2	5910	4225	4322	98.98	1.06e-40
C662FACXX150129:3:2309:17892:9802/1	101	101	1	smNRPS-1/2	5910	2815	2915	98.02	1.06e-40
C662FACXX150129:6:1106:19287:52647/1	101	101	1	smNRPS-1/2	5910	5212	5312	98.02	1.06e-40
C662FACXX150129:2:1312:9821:21739/1	101	1	101	smNRPS-1/2	5910	3664	3764	98.02	1.06e-40
C662FACXX150129:3:2212:11727:83310/1	101	1	101	smNRPS-1/2	5910	4695	4795	98.02	1.06e-40
C662FACXX150129:2:2312:14250:26621/1	101	1	99	smNRPS-1/2	5910	2436	2533	98.99	1.06e-40
C662FACXX150129:2:2312:14250:26621/2	101	95	1	smNRPS-1/2	5910	2436	2530	100	1.06e-40
C662FACXX150129:5:1211:10770:19706/2	101	1	98	smNRPS-1/2	5910	4225	4322	98.98	1.06e-40
C662FACXX150129:6:1107:3604:62220/2	98	1	98	smNRPS-1/2	5910	204	301	98.98	1.06e-40
C662FACXX150129:5:1307:18595:12235/1	101	101	1	smNRPS-1/2	5910	3874	3974	98.02	1.06e-40
C662FACXX150129:7:2304:13255:56699/2	101	101	1	smNRPS-1/2	5910	752	852	98.02	1.06e-40
C662FACXX150129:4:1103:7226:47865/2	101	1	101	smNRPS-1/2	5910	4874	4974	98.02	1.06e-40
C662FACXX150129:2:2108:10608:57972/1	101	101	1	smNRPS-1/2	5910	5174	5274	98.02	1.06e-40
C662FACXX150129:6:1116:2129:95996/1	101	1	101	smNRPS-1/2	5910	3628	3728	98.02	1.06e-40
C662FACXX150129:6:1116:2129:95996/2	101	101	1	smNRPS-1/2	5910	3671	3771	98.02	1.06e-40
C662FACXX150129:5:1306:9211:83003/1	101	101	1	smNRPS-1/2	5910	5212	5312	98.02	1.06e-40
C662FACXX150129:6:2114:9225:55017/1	101	101	1	smNRPS-1/2	5910	2752	2852	98.02	1.06e-40
C662FACXX150129:4:1308:15234:97416/1	101	1	101	smNRPS-1/2	5910	2734	2834	98.02	1.06e-40
C662FACXX150129:7:1109:4703:71308/1	101	101	1	smNRPS-1/2	5910	4701	4801	98.02	1.06e-40
C662FACXX150129:7:1109:4703:71308/2	101	1	101	smNRPS-1/2	5910	4671	4771	98.02	1.06e-40
C662FACXX150129:7:2314:1618:53615/2	101	101	1	smNRPS-1/2	5910	4018	4118	98.02	1.06e-40
C662FACXX150129:7:2204:13128:14986/2	95	1	95	smNRPS-1/2	5910	19	113	100	1.06e-40
C662FACXX150129:4:2106:18793:76024/1	98	98	1	smNRPS-1/2	5910	3556	3653	98.98	1.06e-40
C662FACXX150129:4:2111:6738:40179/1	98	1	98	smNRPS-1/2	5910	343	440	98.98	1.06e-40
C662FACXX150129:7:1208:9849:79923/1	101	1	101	smNRPS-1/2	5910	3759	3859	98.02	1.06e-40
C662FACXX150129:5:2115:2473:52243/1	101	101	1	smNRPS-1/2	5910	2752	2852	98.02	1.06e-40
C662FACXX150129:3:2202:7021:56944/2	101	1	101	smNRPS-1/2	5910	4784	4884	98.02	1.06e-40
C662FACXX150129:3:2308:16821:84217/1	95	95	1	smNRPS-1/2	5910	4060	4154	100	1.06e-40
C662FACXX150129:5:1108:12575:89632/2	101	1	101	smNRPS-1/2	5910	4305	4406	98.039	1.06e-40
C662FACXX150129:3:1106:11465:70508/1	98	98	1	smNRPS-1/2	5910	2967	3064	98.98	1.06e-40
C662FACXX150129:3:1107:4706:7520/1	101	1	101	smNRPS-1/2	5910	3869	3969	98.02	1.06e-40
C662FACXX150129:7:1316:19632:98469/2	101	1	101	smNRPS-1/2	5910	3821	3921	98.02	1.06e-40
C662FACXX150129:6:1214:9753:32299/2	101	1	101	smNRPS-1/2	5910	4781	4881	98.02	1.06e-40
C662FACXX150129:7:2114:16047:58994/2	101	101	1	smNRPS-1/2	5910	2603	2703	98.02	1.06e-40
C662FACXX150129:3:1211:14329:84958/1	101	101	1	smNRPS-1/2	5910	3984	4084	98.02	1.06e-40
C662FACXX150129:6:1111:3416:71967/1	101	95	1	smNRPS-1/2	5910	3330	3424	100	1.06e-40
C662FACXX150129:4:2202:15336:75656/1	101	1	99	smNRPS-1/2	5910	2594	2692	98.99	2.95e-41
C662FACXX150129:4:2202:15336:75656/2	101	101	3	smNRPS-1/2	5910	2657	2755	98.99	2.95e-41
C662FACXX150129:2:2106:20309:30869/1	101	101	3	smNRPS-1/2	5910	4224	4322	98.99	2.95e-41
C662FACXX150129:3:2308:16821:84217/2	99	1	99	smNRPS-1/2	5910	4007	4105	98.99	2.95e-41
C662FACXX150129:6:2315:11809:33851/2	101	101	3	smNRPS-1/2	5910	4224	4322	98.99	2.95e-41
C662FACXX150129:2:2207:6264:68815/1	101	1	101	smNRPS-1/2	5910	602	704	98.058	2.95e-41
C662FACXX150129:5:1308:1781:18521/2	96	1	96	smNRPS-1/2	5910	3370	3465	100	2.95e-41
C662FACXX150129:6:2101:11844:57824/2	97	1	97	smNRPS-1/2	5910	2033	2129	100	8.21e-42
C662FACXX150129:5:1312:12094:43023/2	100	100	1	smNRPS-1/2	5910	3002	3101	99	8.21e-42
C662FACXX150129:4:1314:5903:33357/1	100	1	100	smNRPS-1/2	5910	457	556	99	8.21e-42
C662FACXX150129:3:2209:16151:35807/2	97	1	97	smNRPS-1/2	5910	5697	5793	100	8.21e-42
C662FACXX150129:4:1307:17547:54993/2	100	100	1	smNRPS-1/2	5910	2147	2246	99	8.21e-42
C662FACXX150129:4:1205:3445:50209/2	100	1	100	smNRPS-1/2	5910	900	999	99	8.21e-42
C662FACXX150129:2:2207:15447:81901/2	101	1	100	smNRPS-1/2	5910	4834	4933	99	8.21e-42
C662FACXX150129:3:2315:19364:88238/2	100	100	1	smNRPS-1/2	5910	2272	2371	99	8.21e-42
C662FACXX150129:3:1201:9849:87668/2	101	1	101	smNRPS-1/2	5910	900	1000	99.01	2.28e-42
C662FACXX150129:5:2111:19571:15375/1	101	1	101	smNRPS-1/2	5910	5756	5856	99.01	2.28e-42
C662FACXX150129:5:1303:7688:54100/1	101	101	1	smNRPS-1/2	5910	4382	4482	99.01	2.28e-42
C662FACXX150129:4:2306:17645:27296/1	101	101	1	smNRPS-1/2	5910	1846	1946	99.01	2.28e-42
C662FACXX150129:7:1205:3324:14163/1	101	1	101	smNRPS-1/2	5910	4022	4122	99.01	2.28e-42
C662FACXX150129:7:1205:3324:14163/2	101	101	1	smNRPS-1/2	5910	4206	4306	99.01	2.28e-42
C662FACXX150129:4:2110:1870:18493/2	101	101	1	smNRPS-1/2	5910	923	1023	99.01	2.28e-42
C662FACXX150129:6:1315:8156:27184/1	101	1	101	smNRPS-1/2	5910	4527	4627	99.01	2.28e-42
C662FACXX150129:4:1102:4825:67317/1	101	101	1	smNRPS-1/2	5910	1846	1946	99.01	2.28e-42
C662FACXX150129:4:2305:12773:78340/1	101	1	101	smNRPS-1/2	5910	4394	4494	99.01	2.28e-42
C662FACXX150129:7:2216:9460:12290/1	101	1	101	smNRPS-1/2	5910	962	1062	99.01	2.28e-42
C662FACXX150129:6:2109:8621:57932/1	101	1	101	smNRPS-1/2	5910	4022	4122	99.01	2.28e-42
C662FACXX150129:3:2309:17892:9802/2	101	1	101	smNRPS-1/2	5910	2624	2724	99.01	2.28e-42
C662FACXX150129:3:1104:10219:94251/1	101	1	101	smNRPS-1/2	5910	457	557	99.01	2.28e-42
C662FACXX150129:2:1106:8644:16315/1	101	1	101	smNRPS-1/2	5910	962	1062	99.01	2.28e-42
C662FACXX150129:4:1305:12563:33341/1	101	1	101	smNRPS-1/2	5910	2761	2861	99.01	2.28e-42
C662FACXX150129:4:1305:12563:33341/2	101	101	1	smNRPS-1/2	5910	2771	2871	99.01	2.28e-42
C662FACXX150129:6:1106:11135:61713/1	101	101	1	smNRPS-1/2	5910	4603	4703	99.01	2.28e-42
C662FACXX150129:3:2301:11724:95165/2	101	101	1	smNRPS-1/2	5910	5743	5843	99.01	2.28e-42
C662FACXX150129:6:2102:19404:22049/1	101	1	101	smNRPS-1/2	5910	2937	3037	99.01	2.28e-42
C662FACXX150129:6:2102:19404:22049/2	101	101	1	smNRPS-1/2	5910	3006	3106	99.01	2.28e-42
C662FACXX150129:4:1307:17547:54993/1	101	1	101	smNRPS-1/2	5910	2135	2235	99.01	2.28e-42
C662FACXX150129:2:2215:1414:56415/2	101	101	1	smNRPS-1/2	5910	4376	4476	99.01	2.28e-42
C662FACXX150129:7:1212:9562:15956/1	101	1	101	smNRPS-1/2	5910	3910	4010	99.01	2.28e-42
C662FACXX150129:7:1212:9562:15956/2	101	98	1	smNRPS-1/2	5910	3913	4010	100	2.28e-42
C662FACXX150129:4:1103:7226:47865/1	101	101	1	smNRPS-1/2	5910	4923	5023	99.01	2.28e-42
C662FACXX150129:3:1203:10835:36383/1	101	1	101	smNRPS-1/2	5910	4910	5010	99.01	2.28e-42
C662FACXX150129:3:1208:15810:77823/1	98	1	98	smNRPS-1/2	5910	3074	3171	100	2.28e-42
C662FACXX150129:3:1208:15810:77823/2	101	101	1	smNRPS-1/2	5910	3231	3331	99.01	2.28e-42
C662FACXX150129:5:1112:19048:57730/1	101	101	1	smNRPS-1/2	5910	3942	4042	99.01	2.28e-42
C662FACXX150129:5:1204:5673:44793/1	101	101	1	smNRPS-1/2	5910	1191	1291	99.01	2.28e-42
C662FACXX150129:6:2109:16649:15428/1	101	1	101	smNRPS-1/2	5910	3553	3653	99.01	2.28e-42
C662FACXX150129:7:2104:15938:13711/1	101	101	1	smNRPS-1/2	5910	2792	2892	99.01	2.28e-42
C662FACXX150129:7:2104:15938:13711/2	101	1	101	smNRPS-1/2	5910	2522	2622	99.01	2.28e-42
C662FACXX150129:2:2108:14597:72248/1	101	101	1	smNRPS-1/2	5910	3553	3653	99.01	2.28e-42
C662FACXX150129:2:2108:14597:72248/2	101	1	101	smNRPS-1/2	5910	3427	3527	99.01	2.28e-42
C662FACXX150129:3:2306:14778:79514/1	101	1	101	smNRPS-1/2	5910	2536	2636	99.01	2.28e-42
C662FACXX150129:3:2306:14778:79514/2	101	101	1	smNRPS-1/2	5910	2769	2869	99.01	2.28e-42
C662FACXX150129:2:1206:17529:26566/1	101	101	1	smNRPS-1/2	5910	3973	4073	99.01	2.28e-42
C662FACXX150129:2:1206:17529:26566/2	101	1	101	smNRPS-1/2	5910	3795	3895	99.01	2.28e-42
C662FACXX150129:3:2211:7462:43586/1	101	101	1	smNRPS-1/2	5910	296	396	99.01	2.28e-42
C662FACXX150129:7:1311:4098:25042/1	101	1	101	smNRPS-1/2	5910	2828	2928	99.01	2.28e-42
C662FACXX150129:7:1311:4098:25042/2	101	101	1	smNRPS-1/2	5910	2964	3064	99.01	2.28e-42
C662FACXX150129:7:2314:1618:53615/1	101	1	101	smNRPS-1/2	5910	3802	3902	99.01	2.28e-42
C662FACXX150129:3:2107:5814:43941/2	101	1	101	smNRPS-1/2	5910	2420	2520	99.01	2.28e-42
C662FACXX150129:4:2106:18793:76024/2	101	1	101	smNRPS-1/2	5910	3427	3527	99.01	2.28e-42
C662FACXX150129:6:1206:6254:94364/1	101	101	1	smNRPS-1/2	5910	1191	1291	99.01	2.28e-42
C662FACXX150129:2:2303:14096:14611/1	101	101	1	smNRPS-1/2	5910	5722	5822	99.01	2.28e-42
C662FACXX150129:4:2106:2062:33663/1	98	1	98	smNRPS-1/2	5910	2437	2534	100	2.28e-42
C662FACXX150129:7:1307:4791:98226/1	101	101	1	smNRPS-1/2	5910	2591	2691	99.01	2.28e-42
C662FACXX150129:6:2209:15834:97448/2	101	1	101	smNRPS-1/2	5910	2420	2520	99.01	2.28e-42
C662FACXX150129:7:2112:14913:68578/1	101	101	1	smNRPS-1/2	5910	2339	2439	99.01	2.28e-42
C662FACXX150129:3:1113:1984:68470/1	101	1	101	smNRPS-1/2	5910	925	1025	99.01	2.28e-42
C662FACXX150129:3:1113:1984:68470/2	101	101	1	smNRPS-1/2	5910	1192	1292	99.01	2.28e-42
C662FACXX150129:4:2310:19554:100114/2	101	1	101	smNRPS-1/2	5910	113	213	99.01	2.28e-42
C662FACXX150129:5:2214:14172:88207/1	101	1	101	smNRPS-1/2	5910	2130	2230	99.01	2.28e-42
C662FACXX150129:4:2116:9182:53869/1	101	101	1	smNRPS-1/2	5910	109	209	99.01	2.28e-42
C662FACXX150129:4:1202:16700:52564/1	101	101	1	smNRPS-1/2	5910	115	215	99.01	2.28e-42
C662FACXX150129:3:1204:5699:84197/1	98	1	98	smNRPS-1/2	5910	1746	1843	100	2.28e-42
C662FACXX150129:5:2213:15217:35630/1	101	1	101	smNRPS-1/2	5910	3574	3674	99.01	2.28e-42
C662FACXX150129:2:2203:13530:35461/1	101	101	1	smNRPS-1/2	5910	2982	3082	99.01	2.28e-42
C662FACXX150129:2:2203:13530:35461/2	101	1	101	smNRPS-1/2	5910	2973	3073	99.01	2.28e-42
C662FACXX150129:5:2204:15171:20717/1	101	101	1	smNRPS-1/2	5910	3462	3562	99.01	2.28e-42
C662FACXX150129:5:2204:15171:20717/2	101	1	101	smNRPS-1/2	5910	3042	3142	99.01	2.28e-42
C662FACXX150129:4:2108:19055:52037/2	101	101	1	smNRPS-1/2	5910	3412	3512	99.01	2.28e-42
C662FACXX150129:5:1209:12888:69750/2	101	101	1	smNRPS-1/2	5910	4376	4476	99.01	2.28e-42
C662FACXX150129:4:2214:5354:49708/1	101	101	1	smNRPS-1/2	5910	2696	2796	99.01	2.28e-42
C662FACXX150129:4:2214:5354:49708/2	101	1	101	smNRPS-1/2	5910	2569	2669	99.01	2.28e-42
C662FACXX150129:6:2315:11809:33851/1	101	1	101	smNRPS-1/2	5910	4001	4101	99.01	2.28e-42
C662FACXX150129:7:2213:4904:22980/1	101	1	101	smNRPS-1/2	5910	3787	3887	99.01	2.28e-42
C662FACXX150129:7:2108:16936:29107/1	101	1	101	smNRPS-1/2	5910	332	432	99.01	2.28e-42
C662FACXX150129:4:1311:13460:14484/2	101	1	101	smNRPS-1/2	5910	523	623	99.01	2.28e-42
C662FACXX150129:3:1116:5043:50358/2	101	1	101	smNRPS-1/2	5910	5460	5560	99.01	2.28e-42
C662FACXX150129:5:2108:13194:76220/1	101	1	98	smNRPS-1/2	5910	4076	4173	100	2.28e-42
C662FACXX150129:4:2309:3580:86389/2	101	101	1	smNRPS-1/2	5910	3927	4027	99.01	2.28e-42
C662FACXX150129:2:2209:6870:99538/2	101	101	1	smNRPS-1/2	5910	3927	4027	99.01	2.28e-42
C662FACXX150129:7:2316:5875:88685/1	99	1	99	smNRPS-1/2	5910	5351	5449	100	6.35e-43
C662FACXX150129:3:1203:10835:36383/2	99	99	1	smNRPS-1/2	5910	4952	5050	100	6.35e-43
C662FACXX150129:5:1204:5673:44793/2	100	1	100	smNRPS-1/2	5910	833	932	100	1.77e-43
C662FACXX150129:3:1310:13535:46662/2	100	1	100	smNRPS-1/2	5910	4123	4222	100	1.77e-43
C662FACXX150129:7:2213:4904:22980/2	100	100	1	smNRPS-1/2	5910	3987	4086	100	1.77e-43
C662FACXX150129:7:1314:10082:25434/1	100	1	100	smNRPS-1/2	5910	1021	1120	100	1.77e-43
C662FACXX150129:3:2308:11895:10772/1	101	101	1	smNRPS-1/2	5910	2180	2280	100	4.91e-44
C662FACXX150129:3:2308:11895:10772/2	101	1	101	smNRPS-1/2	5910	2043	2143	100	4.91e-44
C662FACXX150129:5:2115:7696:70375/2	101	101	1	smNRPS-1/2	5910	782	882	100	4.91e-44
C662FACXX150129:4:2311:3954:51891/1	101	1	101	smNRPS-1/2	5910	5648	5748	100	4.91e-44
C662FACXX150129:4:2210:11598:16270/1	101	101	1	smNRPS-1/2	5910	269	369	100	4.91e-44
C662FACXX150129:4:2210:11598:16270/2	101	1	101	smNRPS-1/2	5910	43	143	100	4.91e-44
C662FACXX150129:6:1203:5765:48759/1	101	101	1	smNRPS-1/2	5910	4954	5054	100	4.91e-44
C662FACXX150129:2:1213:1199:58115/2	101	101	1	smNRPS-1/2	5910	32	132	100	4.91e-44
C662FACXX150129:6:2101:11844:57824/1	101	101	1	smNRPS-1/2	5910	2042	2142	100	4.91e-44
C662FACXX150129:7:1306:12309:62517/1	101	101	1	smNRPS-1/2	5910	5430	5530	100	4.91e-44
C662FACXX150129:7:1306:12309:62517/2	101	1	101	smNRPS-1/2	5910	5351	5451	100	4.91e-44
C662FACXX150129:4:2110:19865:84541/1	101	1	101	smNRPS-1/2	5910	4088	4188	100	4.91e-44
C662FACXX150129:7:2102:6581:91064/1	101	1	101	smNRPS-1/2	5910	3399	3499	100	4.91e-44
C662FACXX150129:7:2102:6581:91064/2	101	101	1	smNRPS-1/2	5910	3424	3524	100	4.91e-44
C662FACXX150129:7:2316:5875:88685/2	101	101	1	smNRPS-1/2	5910	5370	5470	100	4.91e-44
C662FACXX150129:4:1310:9869:51549/2	101	101	1	smNRPS-1/2	5910	2430	2530	100	4.91e-44
C662FACXX150129:7:1308:11782:39181/1	101	1	101	smNRPS-1/2	5910	1008	1108	100	4.91e-44
C662FACXX150129:7:1308:11782:39181/2	101	101	1	smNRPS-1/2	5910	1075	1175	100	4.91e-44
C662FACXX150129:6:2115:5824:2894/2	101	101	1	smNRPS-1/2	5910	807	907	100	4.91e-44
C662FACXX150129:6:2203:13368:3371/1	101	101	1	smNRPS-1/2	5910	2439	2539	100	4.91e-44
C662FACXX150129:7:2216:9460:12290/2	101	101	1	smNRPS-1/2	5910	1052	1152	100	4.91e-44
C662FACXX150129:6:2109:8621:57932/2	101	101	1	smNRPS-1/2	5910	4134	4234	100	4.91e-44
C662FACXX150129:6:1106:19287:52647/2	101	1	101	smNRPS-1/2	5910	4989	5089	100	4.91e-44
C662FACXX150129:2:1106:8644:16315/2	101	101	1	smNRPS-1/2	5910	1052	1152	100	4.91e-44
C662FACXX150129:6:1106:11135:61713/2	101	1	101	smNRPS-1/2	5910	4466	4566	100	4.91e-44
C662FACXX150129:7:2312:4467:26866/1	101	1	101	smNRPS-1/2	5910	2671	2771	100	4.91e-44
C662FACXX150129:7:2312:4467:26866/2	101	101	1	smNRPS-1/2	5910	2719	2819	100	4.91e-44
C662FACXX150129:3:2301:11724:95165/1	101	1	101	smNRPS-1/2	5910	5682	5782	100	4.91e-44
C662FACXX150129:7:1114:19936:69138/1	101	1	101	smNRPS-1/2	5910	4839	4939	100	4.91e-44
C662FACXX150129:7:1114:19936:69138/2	101	101	1	smNRPS-1/2	5910	5367	5467	100	4.91e-44
C662FACXX150129:3:1106:18763:36310/1	101	101	1	smNRPS-1/2	5910	269	369	100	4.91e-44
C662FACXX150129:3:1106:18763:36310/2	101	1	101	smNRPS-1/2	5910	43	143	100	4.91e-44
C662FACXX150129:2:2206:8012:61901/1	101	101	1	smNRPS-1/2	5910	5142	5242	100	4.91e-44
C662FACXX150129:2:2215:1414:56415/1	101	1	101	smNRPS-1/2	5910	4169	4269	100	4.91e-44
C662FACXX150129:3:1311:5156:23931/1	101	101	1	smNRPS-1/2	5910	3994	4094	100	4.91e-44
C662FACXX150129:3:1311:5156:23931/2	101	1	101	smNRPS-1/2	5910	3787	3887	100	4.91e-44
C662FACXX150129:6:2112:5784:59677/1	101	1	101	smNRPS-1/2	5910	4195	4295	100	4.91e-44
C662FACXX150129:3:1216:14166:21633/1	101	101	1	smNRPS-1/2	5910	4032	4132	100	4.91e-44
C662FACXX150129:2:1210:9627:18471/1	101	101	1	smNRPS-1/2	5910	2021	2121	100	4.91e-44
C662FACXX150129:7:2204:13128:14986/1	101	101	1	smNRPS-1/2	5910	494	594	100	4.91e-44
C662FACXX150129:4:1316:18350:39254/1	101	1	101	smNRPS-1/2	5910	3686	3786	100	4.91e-44
C662FACXX150129:4:1316:18350:39254/2	101	101	1	smNRPS-1/2	5910	3849	3949	100	4.91e-44
C662FACXX150129:3:2107:5814:43941/1	101	101	1	smNRPS-1/2	5910	2449	2549	100	4.91e-44
C662FACXX150129:6:1206:6254:94364/2	101	1	101	smNRPS-1/2	5910	833	933	100	4.91e-44
C662FACXX150129:2:2303:14096:14611/2	101	1	101	smNRPS-1/2	5910	5645	5745	100	4.91e-44
C662FACXX150129:4:2106:2062:33663/2	101	101	1	smNRPS-1/2	5910	2450	2550	100	4.91e-44
C662FACXX150129:7:1307:4791:98226/2	101	1	101	smNRPS-1/2	5910	2436	2536	100	4.91e-44
C662FACXX150129:6:2209:15834:97448/1	101	101	1	smNRPS-1/2	5910	2449	2549	100	4.91e-44
C662FACXX150129:7:2112:14913:68578/2	101	1	101	smNRPS-1/2	5910	2292	2392	100	4.91e-44
C662FACXX150129:7:2302:3143:69439/1	101	1	101	smNRPS-1/2	5910	1819	1919	100	4.91e-44
C662FACXX150129:5:2115:2473:52243/2	101	1	101	smNRPS-1/2	5910	2474	2574	100	4.91e-44
C662FACXX150129:2:1205:5480:38408/1	101	101	1	smNRPS-1/2	5910	1901	2001	100	4.91e-44
C662FACXX150129:2:1205:5480:38408/2	101	1	101	smNRPS-1/2	5910	1787	1887	100	4.91e-44
C662FACXX150129:7:1101:12502:22101/2	101	101	1	smNRPS-1/2	5910	1695	1795	100	4.91e-44
C662FACXX150129:4:2310:19554:100114/1	101	101	1	smNRPS-1/2	5910	250	350	100	4.91e-44
C662FACXX150129:5:2214:14172:88207/2	101	101	1	smNRPS-1/2	5910	2185	2285	100	4.91e-44
C662FACXX150129:5:2107:7077:19867/2	101	101	1	smNRPS-1/2	5910	3088	3188	100	4.91e-44
C662FACXX150129:3:1204:5699:84197/2	101	101	1	smNRPS-1/2	5910	1775	1875	100	4.91e-44
C662FACXX150129:3:2303:12668:69955/2	101	101	1	smNRPS-1/2	5910	809	909	100	4.91e-44
C662FACXX150129:3:2114:7364:59021/2	101	1	101	smNRPS-1/2	5910	2048	2148	100	4.91e-44
C662FACXX150129:5:2313:2514:17282/2	101	101	1	smNRPS-1/2	5910	4429	4529	100	4.91e-44
C662FACXX150129:4:2302:17654:86071/2	101	101	1	smNRPS-1/2	5910	5430	5530	100	4.91e-44
C662FACXX150129:4:2108:19055:52037/1	101	1	101	smNRPS-1/2	5910	3312	3412	100	4.91e-44
C662FACXX150129:5:1209:12888:69750/1	101	1	101	smNRPS-1/2	5910	4169	4269	100	4.91e-44
C662FACXX150129:5:2215:11940:22329/2	101	101	1	smNRPS-1/2	5910	1774	1874	100	4.91e-44
C662FACXX150129:5:1108:12575:89632/1	101	101	1	smNRPS-1/2	5910	4430	4530	100	4.91e-44
C662FACXX150129:6:2316:16828:53643/2	101	1	101	smNRPS-1/2	5910	4086	4186	100	4.91e-44
C662FACXX150129:6:2116:11728:46618/2	101	101	1	smNRPS-1/2	5910	5371	5471	100	4.91e-44
C662FACXX150129:3:1107:4706:7520/2	101	101	1	smNRPS-1/2	5910	4140	4240	100	4.91e-44
C662FACXX150129:6:1214:9753:32299/1	101	101	1	smNRPS-1/2	5910	4963	5063	100	4.91e-44
C662FACXX150129:2:2211:7449:86400/2	101	101	1	smNRPS-1/2	5910	807	907	100	4.91e-44
C662FACXX150129:2:2307:17798:60154/2	101	101	1	smNRPS-1/2	5910	809	909	100	4.91e-44
C662FACXX150129:2:2104:8804:35180/1	101	1	101	smNRPS-1/2	5910	3312	3412	100	4.91e-44
C662FACXX150129:4:1113:19488:29829/1	101	101	1	smNRPS-1/2	5910	4095	4195	100	4.91e-44
C662FACXX150129:3:1213:9967:99725/1	101	101	1	smNRPS-1/2	5910	4990	5090	100	4.91e-44
C662FACXX150129:6:1312:11686:84660/1	101	1	101	smNRPS-1/2	5910	1746	1846	100	4.91e-44
C662FACXX150129:3:1107:19266:69134/1	101	101	1	smNRPS-1/2	5910	2043	2143	100	4.91e-44
C662FACXX150129:2:1201:13789:80290/2	101	101	1	smNRPS-1/2	5910	505	605	100	4.91e-44
C662FACXX150129:5:2307:11148:13928/2	101	101	1	smNRPS-1/2	5910	2185	2285	100	4.91e-44
C662FACXX150129:4:1113:8080:82853/2	101	101	1	smNRPS-1/2	5910	4134	4234	100	4.91e-44
C662FACXX150129:5:1108:1334:49388/2	101	101	1	smNRPS-1/2	5910	3424	3524	100	4.91e-44
C662FACXX150129:3:1301:19619:40972/1	72	20	72	smNRPS-1/2	5910	1	53	100	2.39e-17
C662FACXX150129:5:2305:17596:37567/1	60	60	3	smNRPS-1/2	5910	1164	1221	98.276	1.85e-18
C662FACXX150129:4:2311:3954:51891/2	97	41	97	smNRPS-1/2	5910	1	57	100	1.43e-19
C662FACXX150129:5:2314:11842:37376/2	62	1	60	smNRPS-1/2	5910	3962	4021	98.333	1.43e-19
C662FACXX150129:4:1203:17381:20931/1	66	1	66	smNRPS-1/2	5910	5485	5550	96.97	3.08e-21
C662FACXX150129:2:1102:13867:51243/1	68	1	68	smNRPS-1/2	5910	4029	4096	98.529	5.11e-24
C662FACXX150129:4:1114:16905:41365/1	71	71	1	smNRPS-1/2	5910	1999	2069	97.183	5.11e-24
C662FACXX150129:4:2314:10937:48104/1	72	72	1	smNRPS-1/2	5910	3964	4035	97.222	1.42e-24
C662FACXX150129:4:2113:6394:45153/2	72	72	2	smNRPS-1/2	5910	2995	3065	98.592	1.1e-25
C662FACXX150129:2:2301:1816:88969/2	73	73	2	smNRPS-1/2	5910	2994	3065	98.611	3.05e-26
C662FACXX150129:5:2111:19571:15375/2	101	25	101	smNRPS-1/2	5910	1	77	97.403	2.36e-27
C662FACXX150129:7:1109:16015:50537/1	77	77	1	smNRPS-1/2	5910	2635	2711	97.403	2.36e-27
C662FACXX150129:3:2103:8046:76770/1	78	1	78	smNRPS-1/2	5910	567	644	97.436	6.56e-28
C662FACXX150129:6:1108:12371:6285/1	82	82	1	smNRPS-1/2	5910	5136	5217	97.561	3.92e-30
C662FACXX150129:3:2205:16920:54705/2	80	80	1	smNRPS-1/2	5910	5110	5189	98.75	1.09e-30
C662FACXX150129:2:2204:12556:75861/2	80	1	80	smNRPS-1/2	5910	5336	5415	98.75	1.09e-30
C662FACXX150129:4:1110:8236:23305/2	101	22	101	smNRPS-1/2	5910	1	80	98.75	1.09e-30
C662FACXX150129:6:1303:7464:21345/2	79	79	1	smNRPS-1/2	5910	1566	1644	100	8.43e-32
C662FACXX150129:3:2308:11630:12205/1	86	1	86	smNRPS-1/2	5910	4793	4878	97.674	2.34e-32
C662FACXX150129:6:1109:5927:94724/2	80	1	80	smNRPS-1/2	5910	786	865	100	2.34e-32
C662FACXX150129:5:2214:15734:28356/2	84	2	84	smNRPS-1/2	5910	791	873	98.795	2.34e-32
C662FACXX150129:6:2110:8890:26384/2	90	90	1	smNRPS-1/2	5910	706	795	96.667	6.52e-33
C662FACXX150129:3:1210:10937:25505/1	101	95	3	smNRPS-1/2	5910	4505	4597	96.774	1.4e-34
C662FACXX150129:3:1116:5043:50358/1	101	12	101	smNRPS-1/2	5910	1	90	97.778	1.4e-34
C662FACXX150129:6:1112:16238:69260/2	101	1	97	smNRPS-1/2	5910	3832	3928	95.876	3.89e-35
C662FACXX150129:6:2110:5802:9876/2	85	1	85	smNRPS-1/2	5910	2316	2400	100	3.89e-35
C662FACXX150129:2:2205:11099:18457/2	101	1	101	smNRPS-1/2	5910	5598	5698	95.05	1.08e-35
C662FACXX150129:6:1112:16238:69260/1	101	98	1	smNRPS-1/2	5910	3831	3928	95.918	1.08e-35
C662FACXX150129:2:1310:2439:95088/1	98	98	1	smNRPS-1/2	5910	3675	3772	95.918	1.08e-35
C662FACXX150129:4:1202:13846:30713/1	87	1	87	smNRPS-1/2	5910	1578	1664	100	3.01e-36
C662FACXX150129:4:1202:13846:30713/2	96	96	1	smNRPS-1/2	5910	1639	1734	96.875	3.01e-36
C662FACXX150129:3:2105:4538:58671/2	96	96	1	smNRPS-1/2	5910	3850	3945	96.875	3.01e-36
C662FACXX150129:2:2309:16700:6497/1	87	1	87	smNRPS-1/2	5910	5275	5361	100	3.01e-36
C662FACXX150129:3:2206:17440:86596/1	101	3	101	smNRPS-1/2	5910	3685	3783	95.96	3.01e-36
C662FACXX150129:7:1308:16799:27487/2	100	100	1	smNRPS-1/2	5910	1654	1753	96	8.37e-37
C662FACXX150129:5:2116:8960:80696/2	88	1	88	smNRPS-1/2	5910	822	909	100	8.37e-37
C662FACXX150129:2:2112:15971:37488/1	101	101	1	smNRPS-1/2	5910	1644	1744	96.04	2.33e-37
C662FACXX150129:7:1312:18274:11779/2	101	101	1	smNRPS-1/2	5910	3806	3906	96.04	2.33e-37
C662FACXX150129:3:2111:12747:34144/2	101	101	1	smNRPS-1/2	5910	1653	1753	96.04	2.33e-37
C662FACXX150129:7:1313:19761:68767/1	95	1	95	smNRPS-1/2	5910	1969	2063	97.895	2.33e-37
C662FACXX150129:4:1112:6423:100947/1	101	1	101	smNRPS-1/2	5910	1106	1206	96.04	2.33e-37
C662FACXX150129:4:2314:10937:48104/2	101	1	101	smNRPS-1/2	5910	3838	3938	96.04	2.33e-37
C662FACXX150129:7:2312:11009:95216/2	101	101	1	smNRPS-1/2	5910	1665	1765	96.04	2.33e-37
C662FACXX150129:4:1110:10773:73445/1	95	1	95	smNRPS-1/2	5910	4121	4215	97.895	2.33e-37
C662FACXX150129:6:1304:4030:11284/2	98	1	98	smNRPS-1/2	5910	3276	3373	96.939	2.33e-37
C662FACXX150129:5:1311:5588:7419/1	100	3	100	smNRPS-1/2	5910	3685	3782	96.939	2.33e-37
C662FACXX150129:3:2308:11630:12205/2	93	93	1	smNRPS-1/2	5910	4806	4898	98.925	6.47e-38
C662FACXX150129:6:1303:7464:21345/1	101	1	99	smNRPS-1/2	5910	1123	1221	96.97	6.47e-38
C662FACXX150129:2:2309:16700:6497/2	99	99	1	smNRPS-1/2	5910	5490	5588	96.97	6.47e-38
C662FACXX150129:3:1211:4078:31588/2	101	99	1	smNRPS-1/2	5910	2006	2104	96.97	6.47e-38
C662FACXX150129:2:2103:18785:45503/2	99	99	1	smNRPS-1/2	5910	3062	3160	96.97	6.47e-38
C662FACXX150129:2:2112:15971:37488/2	101	1	100	smNRPS-1/2	5910	1639	1738	97	1.8e-38
C662FACXX150129:6:1314:15877:37842/2	101	1	100	smNRPS-1/2	5910	1639	1738	97	1.8e-38
C662FACXX150129:3:1207:20081:80174/1	101	1	91	smNRPS-1/2	5910	3423	3513	100	1.8e-38
C662FACXX150129:3:1207:20081:80174/2	101	91	1	smNRPS-1/2	5910	3423	3513	100	1.8e-38
C662FACXX150129:6:1108:12371:6285/2	101	1	97	smNRPS-1/2	5910	5121	5217	97.938	1.8e-38
C662FACXX150129:5:2202:12275:88161/2	97	1	97	smNRPS-1/2	5910	310	406	97.938	1.8e-38
C662FACXX150129:4:2115:5999:75392/2	101	1	100	smNRPS-1/2	5910	1639	1738	97	1.8e-38
C662FACXX150129:5:1113:4906:34072/1	101	101	1	smNRPS-1/2	5910	5650	5750	97.03	5e-39
C662FACXX150129:2:1116:2448:34446/2	101	101	1	smNRPS-1/2	5910	1831	1931	97.03	5e-39
C662FACXX150129:4:2110:1870:18493/1	97	97	1	smNRPS-1/2	5910	5251	5349	97.98	5e-39
C662FACXX150129:4:2107:2640:51284/1	101	101	1	smNRPS-1/2	5910	4164	4264	97.03	5e-39
C662FACXX150129:4:1302:13151:15278/2	101	101	1	smNRPS-1/2	5910	5503	5603	97.03	5e-39
C662FACXX150129:3:1111:1523:57520/1	101	1	101	smNRPS-1/2	5910	4889	4989	97.03	5e-39
C662FACXX150129:7:1313:20313:63042/1	101	101	1	smNRPS-1/2	5910	1969	2069	97.03	5e-39
C662FACXX150129:7:1313:20313:63042/2	101	1	101	smNRPS-1/2	5910	1831	1931	97.03	5e-39
C662FACXX150129:6:2312:3449:94619/1	101	1	101	smNRPS-1/2	5910	5001	5101	97.03	5e-39
C662FACXX150129:4:1205:5927:17006/2	101	101	1	smNRPS-1/2	5910	3555	3655	97.03	5e-39
C662FACXX150129:6:1108:1853:76927/1	101	101	1	smNRPS-1/2	5910	4894	4994	97.03	5e-39
C662FACXX150129:4:2107:8106:51099/1	101	101	1	smNRPS-1/2	5910	1831	1931	97.03	5e-39
C662FACXX150129:6:1304:4030:11284/1	98	98	1	smNRPS-1/2	5910	3559	3656	97.959	5e-39
C662FACXX150129:6:2110:5802:9876/1	95	95	1	smNRPS-1/2	5910	2805	2899	98.947	5e-39
C662FACXX150129:2:1212:5096:56851/1	101	101	1	smNRPS-1/2	5910	1262	1362	97.03	5e-39
C662FACXX150129:5:2306:14310:76506/1	101	1	101	smNRPS-1/2	5910	3862	3962	97.03	5e-39
C662FACXX150129:5:1102:12954:94098/2	96	96	1	smNRPS-1/2	5910	1360	1455	98.958	1.39e-39
C662FACXX150129:6:2307:2862:65765/2	101	3	101	smNRPS-1/2	5910	5014	5112	97.98	1.39e-39
C662FACXX150129:6:2204:13930:70848/1	99	1	99	smNRPS-1/2	5910	3649	3747	97.98	1.39e-39
C662FACXX150129:6:1109:5927:94724/1	100	100	1	smNRPS-1/2	5910	1161	1260	98	3.87e-40
C662FACXX150129:2:1204:11469:7662/1	100	100	1	smNRPS-1/2	5910	1980	2079	98	3.87e-40
C662FACXX150129:3:1111:10159:35319/1	101	101	1	smNRPS-1/2	5910	3272	3372	98.02	1.08e-40
C662FACXX150129:3:1111:10159:35319/2	101	1	101	smNRPS-1/2	5910	3104	3204	98.02	1.08e-40
C662FACXX150129:5:1113:4906:34072/2	101	1	101	smNRPS-1/2	5910	5483	5583	98.02	1.08e-40
C662FACXX150129:7:1312:18274:11779/1	101	1	101	smNRPS-1/2	5910	3615	3715	98.02	1.08e-40
C662FACXX150129:4:1314:5903:33357/2	101	1	101	smNRPS-1/2	5910	5183	5283	98.02	1.08e-40
C662FACXX150129:6:2203:12972:6100/1	101	101	1	smNRPS-1/2	5910	3284	3384	98.02	1.08e-40
C662FACXX150129:3:1205:5664:56872/1	101	1	101	smNRPS-1/2	5910	3273	3373	98.02	1.08e-40
C662FACXX150129:3:1104:10219:94251/2	101	1	101	smNRPS-1/2	5910	5183	5283	98.02	1.08e-40
C662FACXX150129:7:1313:19761:68767/2	101	101	1	smNRPS-1/2	5910	2051	2151	98.02	1.08e-40
C662FACXX150129:3:2105:4538:58671/1	101	1	98	smNRPS-1/2	5910	3785	3882	98.98	1.08e-40
C662FACXX150129:4:1112:6423:100947/2	101	101	1	smNRPS-1/2	5910	1155	1255	98.02	1.08e-40
C662FACXX150129:5:2304:18235:76980/2	101	1	101	smNRPS-1/2	5910	2573	2673	98.02	1.08e-40
C662FACXX150129:4:2105:11106:50118/2	98	98	1	smNRPS-1/2	5910	3003	3100	98.98	1.08e-40
C662FACXX150129:2:1112:12792:3213/1	101	101	1	smNRPS-1/2	5910	3639	3739	98.02	1.08e-40
C662FACXX150129:2:1112:12792:3213/2	101	1	101	smNRPS-1/2	5910	3615	3715	98.02	1.08e-40
C662FACXX150129:7:2312:11009:95216/1	101	1	101	smNRPS-1/2	5910	1547	1647	98.02	1.08e-40
C662FACXX150129:5:2202:12275:88161/1	101	101	1	smNRPS-1/2	5910	364	464	98.02	1.08e-40
C662FACXX150129:6:2204:13930:70848/2	101	101	1	smNRPS-1/2	5910	3935	4035	98.02	1.08e-40
C662FACXX150129:2:2112:5351:28004/1	101	101	1	smNRPS-1/2	5910	3897	3997	98.02	1.08e-40
C662FACXX150129:6:2307:5724:99270/1	101	1	101	smNRPS-1/2	5910	786	886	98.02	1.08e-40
C662FACXX150129:3:1106:12753:76646/2	101	101	1	smNRPS-1/2	5910	3109	3209	98.02	1.08e-40
C662FACXX150129:4:2301:14693:72974/2	101	101	1	smNRPS-1/2	5910	3109	3209	98.02	1.08e-40
C662FACXX150129:7:1114:7455:84164/1	101	101	1	smNRPS-1/2	5910	3096	3196	98.02	1.08e-40
C662FACXX150129:4:2106:10506:22125/1	101	101	1	smNRPS-1/2	5910	2343	2443	98.02	1.08e-40
C662FACXX150129:3:1211:4078:31588/1	101	1	101	smNRPS-1/2	5910	1987	2087	98.02	1.08e-40
C662FACXX150129:2:2305:9315:33975/1	101	101	1	smNRPS-1/2	5910	1173	1273	98.02	1.08e-40
C662FACXX150129:5:1109:13895:70147/1	101	101	1	smNRPS-1/2	5910	3124	3224	98.02	1.08e-40
C662FACXX150129:5:1215:15616:64531/2	101	1	101	smNRPS-1/2	5910	3763	3863	98.02	1.08e-40
C662FACXX150129:7:1308:16799:27487/1	99	1	99	smNRPS-1/2	5910	1552	1650	98.99	2.99e-41
C662FACXX150129:4:1108:5245:63103/2	101	3	101	smNRPS-1/2	5910	5014	5112	98.99	2.99e-41
C662FACXX150129:3:1105:9809:25689/2	100	1	100	smNRPS-1/2	5910	2784	2883	99	8.31e-42
C662FACXX150129:2:2112:5351:28004/2	100	1	100	smNRPS-1/2	5910	3782	3881	99	8.31e-42
C662FACXX150129:5:2116:12217:69673/1	101	100	1	smNRPS-1/2	5910	1308	1407	99	8.31e-42
C662FACXX150129:6:2203:12972:6100/2	101	1	101	smNRPS-1/2	5910	3264	3364	99.01	2.31e-42
C662FACXX150129:5:1102:12954:94098/1	101	1	101	smNRPS-1/2	5910	1318	1418	99.01	2.31e-42
C662FACXX150129:4:2107:2640:51284/2	101	1	101	smNRPS-1/2	5910	4042	4142	99.01	2.31e-42
C662FACXX150129:3:1205:5664:56872/2	101	101	1	smNRPS-1/2	5910	3334	3434	99.01	2.31e-42
C662FACXX150129:3:2111:12747:34144/1	101	1	101	smNRPS-1/2	5910	1552	1652	99.01	2.31e-42
C662FACXX150129:4:1302:13151:15278/1	101	1	101	smNRPS-1/2	5910	5355	5455	99.01	2.31e-42
C662FACXX150129:3:1105:9809:25689/1	101	101	1	smNRPS-1/2	5910	2799	2899	99.01	2.31e-42
C662FACXX150129:2:1102:13867:51243/2	100	100	3	smNRPS-1/2	5910	4072	4169	100	2.31e-42
C662FACXX150129:2:2209:12358:24412/2	101	101	1	smNRPS-1/2	5910	1937	2037	99.01	2.31e-42
C662FACXX150129:6:2312:3449:94619/2	101	101	1	smNRPS-1/2	5910	5091	5191	99.01	2.31e-42
C662FACXX150129:2:1212:12265:14103/1	101	1	101	smNRPS-1/2	5910	5814	5914	99.01	2.31e-42
C662FACXX150129:2:2309:17855:70529/1	101	101	1	smNRPS-1/2	5910	2799	2899	99.01	2.31e-42
C662FACXX150129:2:2309:17855:70529/2	101	1	101	smNRPS-1/2	5910	2784	2884	99.01	2.31e-42
C662FACXX150129:4:1108:5245:63103/1	101	101	1	smNRPS-1/2	5910	5196	5296	99.01	2.31e-42
C662FACXX150129:2:1204:11469:7662/2	101	1	101	smNRPS-1/2	5910	1891	1991	99.01	2.31e-42
C662FACXX150129:2:1207:11334:88658/1	101	101	1	smNRPS-1/2	5910	4081	4181	99.01	2.31e-42
C662FACXX150129:2:1207:11334:88658/2	101	1	101	smNRPS-1/2	5910	3921	4021	99.01	2.31e-42
C662FACXX150129:4:2106:10506:22125/2	101	1	101	smNRPS-1/2	5910	2337	2437	99.01	2.31e-42
C662FACXX150129:5:1114:5617:30677/1	101	101	1	smNRPS-1/2	5910	4081	4181	99.01	2.31e-42
C662FACXX150129:2:2101:12645:87316/1	101	1	101	smNRPS-1/2	5910	106	206	99.01	2.31e-42
C662FACXX150129:2:2306:14773:87319/1	101	1	101	smNRPS-1/2	5910	5355	5455	99.01	2.31e-42
C662FACXX150129:5:2216:7843:58015/2	101	101	1	smNRPS-1/2	5910	5066	5166	99.01	2.31e-42
C662FACXX150129:4:1110:8236:23305/1	100	100	1	smNRPS-1/2	5910	147	246	100	1.79e-43
C662FACXX150129:2:2205:11099:18457/1	101	101	1	smNRPS-1/2	5910	5773	5873	100	4.97e-44
C662FACXX150129:6:2110:8890:26384/1	101	1	101	smNRPS-1/2	5910	125	225	100	4.97e-44
C662FACXX150129:3:1111:1523:57520/2	101	101	1	smNRPS-1/2	5910	5024	5124	100	4.97e-44
C662FACXX150129:5:2304:18235:76980/1	101	101	1	smNRPS-1/2	5910	2958	3058	100	4.97e-44
C662FACXX150129:4:2105:11106:50118/1	101	1	101	smNRPS-1/2	5910	2926	3026	100	4.97e-44
C662FACXX150129:2:2312:2086:84105/1	101	101	1	smNRPS-1/2	5910	742	842	100	4.97e-44
C662FACXX150129:2:2312:2086:84105/2	101	1	101	smNRPS-1/2	5910	739	839	100	4.97e-44
C662FACXX150129:6:1108:1853:76927/2	101	1	101	smNRPS-1/2	5910	4767	4867	100	4.97e-44
C662FACXX150129:3:1212:6351:69112/2	101	101	1	smNRPS-1/2	5910	5710	5810	100	4.97e-44
C662FACXX150129:3:1106:12753:76646/1	101	1	101	smNRPS-1/2	5910	2919	3019	100	4.97e-44
C662FACXX150129:4:2301:14693:72974/1	101	1	101	smNRPS-1/2	5910	2919	3019	100	4.97e-44
C662FACXX150129:7:1114:7455:84164/2	101	1	101	smNRPS-1/2	5910	2926	3026	100	4.97e-44
C662FACXX150129:5:1316:12102:45803/1	101	1	101	smNRPS-1/2	5910	5295	5395	100	4.97e-44
C662FACXX150129:6:2216:6813:89801/1	101	1	101	smNRPS-1/2	5910	3434	3534	100	4.97e-44
