C8G6HANXX160303:5:1116:8980:41062/2	79	1	77	smNRPS-1/2	5910	1284	1360	96.104	1.19e-25
C8G6HANXX160303:3:1307:13837:71053/1	101	2	101	smNRPS-1/2	5910	1536	1635	97	1.95e-38
C8G6HANXX160303:6:1312:18043:36443/1	80	80	1	smNRPS-1/2	5910	4875	4954	95	1.2e-25
C8G6HANXX160303:8:1307:9313:85212/2	75	75	1	smNRPS-1/2	5910	2906	2980	100	1.54e-29
C8G6HANXX160303:5:2111:9602:88485/1	100	100	1	smNRPS-1/2	5910	4854	4953	96	9.16e-37
C8G6HANXX160303:7:2308:12130:50316/1	100	1	100	smNRPS-1/2	5910	3435	3534	96	9.16e-37
C8G6HANXX160303:7:2308:12130:50316/2	101	101	1	smNRPS-1/2	5910	3452	3552	96.04	2.55e-37
C8G6HANXX160303:8:1205:9150:75017/2	100	100	11	smNRPS-1/2	5910	5856	5945	100	7.08e-38
C8G6HANXX160303:7:2205:16534:50455/2	101	101	11	smNRPS-1/2	5910	5855	5945	100	1.97e-38
C8G6HANXX160303:8:1307:9313:85212/1	94	1	94	smNRPS-1/2	5910	2705	2798	98.936	1.97e-38
C8G6HANXX160303:5:1216:9454:5441/1	95	1	95	smNRPS-1/2	5910	707	801	98.947	5.47e-39
C8G6HANXX160303:5:1116:8980:41062/1	100	1	100	smNRPS-1/2	5910	4018	4117	99	9.09e-42
C8G6HANXX160303:5:2111:9602:88485/2	101	1	101	smNRPS-1/2	5910	4790	4890	99.01	2.53e-42
C8G6HANXX160303:3:1116:14780:85896/1	101	1	101	smNRPS-1/2	5910	89	189	99.01	2.53e-42
C8G6HANXX160303:3:1116:14780:85896/2	101	101	1	smNRPS-1/2	5910	99	199	99.01	2.53e-42
C8G6HANXX160303:6:1312:18043:36443/2	101	1	101	smNRPS-1/2	5910	4790	4890	99.01	2.53e-42
C8G6HANXX160303:7:1105:1419:45529/1	99	1	99	smNRPS-1/2	5910	3426	3524	100	7.03e-43
C8G6HANXX160303:3:1307:13837:71053/2	101	1	99	smNRPS-1/2	5910	4071	4169	100	7.03e-43
C8G6HANXX160303:3:2110:4956:63073/1	100	100	1	smNRPS-1/2	5910	3165	3264	100	1.95e-43
C8G6HANXX160303:7:2205:16534:50455/1	101	1	101	smNRPS-1/2	5910	5784	5884	100	5.43e-44
C8G6HANXX160303:5:1216:9454:5441/2	101	101	1	smNRPS-1/2	5910	849	949	100	5.43e-44
C8G6HANXX160303:7:1105:1419:45529/2	101	101	1	smNRPS-1/2	5910	3546	3646	100	5.43e-44
C8G6HANXX160303:8:1205:9150:75017/1	101	1	101	smNRPS-1/2	5910	5784	5884	100	5.43e-44
C8G6HANXX160303:3:2110:4956:63073/2	101	1	101	smNRPS-1/2	5910	3029	3129	100	5.43e-44
