C8G6HANXX160303:8:1112:13497:67429/2	101	101	1	smNRPS-1/2	5910	645	745	99.01	1.54e-42
C8G6HANXX160303:4:1205:4330:66530/2	101	48	101	smNRPS-1/2	5910	1	54	100	4.5e-18
C8G6HANXX160303:8:1212:13035:57736/2	89	1	89	smNRPS-1/2	5910	3494	3582	97.753	3.4e-34
C8G6HANXX160303:8:1301:16514:27146/1	100	100	1	smNRPS-1/2	5910	3412	3511	95	2.63e-35
C8G6HANXX160303:8:1301:10268:82525/1	100	1	100	smNRPS-1/2	5910	1274	1373	96	5.65e-37
C8G6HANXX160303:8:1301:10268:82525/2	101	101	1	smNRPS-1/2	5910	1290	1390	97.03	3.38e-39
C8G6HANXX160303:8:1301:16514:27146/2	101	1	101	smNRPS-1/2	5910	3358	3458	98.02	7.26e-41
C8G6HANXX160303:8:1212:13035:57736/1	101	101	1	smNRPS-1/2	5910	3581	3681	99.01	1.56e-42
C8G6HANXX160303:3:2302:17009:81246/2	101	1	101	smNRPS-1/2	5910	4007	4107	99.01	1.56e-42
C8G6HANXX160303:4:1205:4330:66530/1	101	101	1	smNRPS-1/2	5910	146	246	99.01	1.56e-42
C8G6HANXX160303:5:2308:13282:49123/1	100	1	100	smNRPS-1/2	5910	4049	4148	100	1.21e-43
C8G6HANXX160303:5:2112:3644:12748/1	101	1	101	smNRPS-1/2	5910	719	819	100	3.35e-44
C8G6HANXX160303:5:2112:3644:12748/2	101	101	1	smNRPS-1/2	5910	730	830	100	3.35e-44
C8G6HANXX160303:8:1112:13497:67429/1	101	101	1	smNRPS-1/2	5910	5258	5358	100	3.35e-44
C8G6HANXX160303:3:2302:17009:81246/1	101	101	1	smNRPS-1/2	5910	4096	4196	100	3.35e-44
