C65YPACXX150129:7:2212:14387:43931/2	101	1	94	smNRPS-1/2	5910	5782	5875	100	1.88e-40
C65YPACXX150129:6:1212:3180:50754/2	101	100	1	smNRPS-1/2	5910	2708	2807	99	4.03e-42
C65YPACXX150129:6:1110:1461:15902/1	70	69	1	smNRPS-1/2	5910	1096	1164	100	1.5e-26
C65YPACXX150129:7:2102:4672:42327/1	72	1	72	smNRPS-1/2	5910	1096	1167	98.611	1.5e-26
C65YPACXX150129:8:2115:12279:21385/2	74	1	74	smNRPS-1/2	5910	3238	3311	98.649	1.16e-27
C65YPACXX150129:8:2205:2767:27797/2	75	75	1	smNRPS-1/2	5910	2971	3045	98.667	3.22e-28
C65YPACXX150129:7:2102:4672:42327/2	77	77	1	smNRPS-1/2	5910	1643	1719	98.701	2.49e-29
C65YPACXX150129:7:1110:9032:17285/2	85	85	1	smNRPS-1/2	5910	3962	4046	98.824	8.89e-34
C65YPACXX150129:6:2206:7308:91561/1	92	92	1	smNRPS-1/2	5910	4971	5062	98.913	1.14e-37
C65YPACXX150129:6:2206:7308:91561/2	94	1	93	smNRPS-1/2	5910	4659	4751	100	6.83e-40
C65YPACXX150129:6:1107:20244:4371/1	101	101	6	smNRPS-1/2	5910	3052	3147	98.958	6.83e-40
C65YPACXX150129:7:1107:19142:82599/1	101	1	93	smNRPS-1/2	5910	5844	5936	100	6.83e-40
C65YPACXX150129:7:1107:19142:82599/2	101	93	1	smNRPS-1/2	5910	5844	5936	100	6.83e-40
C65YPACXX150129:6:2115:20818:17204/1	96	1	96	smNRPS-1/2	5910	5493	5588	98.958	6.83e-40
C65YPACXX150129:7:2114:10798:101263/2	100	100	1	smNRPS-1/2	5910	5284	5383	98	1.9e-40
C65YPACXX150129:8:1314:17003:38613/2	101	101	1	smNRPS-1/2	5910	186	286	98.02	5.28e-41
C65YPACXX150129:6:1214:13617:47845/1	101	1	101	smNRPS-1/2	5910	259	359	98.02	5.28e-41
C65YPACXX150129:7:2110:4333:45376/1	101	95	1	smNRPS-1/2	5910	4255	4349	100	5.28e-41
C65YPACXX150129:7:2110:4333:45376/2	101	1	97	smNRPS-1/2	5910	4255	4351	100	4.08e-42
C65YPACXX150129:6:2312:7143:46036/2	97	97	1	smNRPS-1/2	5910	1222	1318	100	4.08e-42
C65YPACXX150129:7:1111:12426:78566/1	101	1	101	smNRPS-1/2	5910	359	459	99.01	1.13e-42
C65YPACXX150129:6:2308:5747:10369/2	98	1	98	smNRPS-1/2	5910	2678	2775	100	1.13e-42
C65YPACXX150129:8:2304:11373:5088/1	101	1	101	smNRPS-1/2	5910	3938	4038	99.01	1.13e-42
C65YPACXX150129:7:2307:6425:17576/1	101	98	1	smNRPS-1/2	5910	5517	5614	100	1.13e-42
C65YPACXX150129:7:2307:6425:17576/2	101	1	101	smNRPS-1/2	5910	5445	5545	99.01	1.13e-42
C65YPACXX150129:8:2216:18425:96703/1	101	1	101	smNRPS-1/2	5910	3938	4038	99.01	1.13e-42
C65YPACXX150129:6:1308:17600:89861/1	101	1	101	smNRPS-1/2	5910	4855	4955	99.01	1.13e-42
C65YPACXX150129:8:1205:10054:96377/1	101	1	101	smNRPS-1/2	5910	4855	4955	99.01	1.13e-42
C65YPACXX150129:8:1205:10054:96377/2	101	101	1	smNRPS-1/2	5910	4957	5057	99.01	1.13e-42
C65YPACXX150129:7:1107:15043:44566/1	101	1	101	smNRPS-1/2	5910	3813	3913	99.01	1.13e-42
C65YPACXX150129:7:1107:15043:44566/2	101	101	1	smNRPS-1/2	5910	3996	4096	99.01	1.13e-42
C65YPACXX150129:8:1216:15731:96695/2	101	1	101	smNRPS-1/2	5910	468	568	99.01	1.13e-42
C65YPACXX150129:8:1111:1409:44559/2	101	1	101	smNRPS-1/2	5910	1476	1576	99.01	1.13e-42
C65YPACXX150129:6:1302:2252:19282/1	101	101	1	smNRPS-1/2	5910	4567	4667	99.01	1.13e-42
C65YPACXX150129:6:1302:2252:19282/2	101	1	101	smNRPS-1/2	5910	4533	4633	99.01	1.13e-42
C65YPACXX150129:8:2115:12279:21385/1	101	101	1	smNRPS-1/2	5910	3601	3701	99.01	1.13e-42
C65YPACXX150129:7:1309:16075:52138/1	101	101	1	smNRPS-1/2	5910	35	135	99.01	1.13e-42
C65YPACXX150129:8:1111:17310:95531/1	101	1	101	smNRPS-1/2	5910	3813	3913	99.01	1.13e-42
C65YPACXX150129:8:1111:17310:95531/2	101	101	1	smNRPS-1/2	5910	3996	4096	99.01	1.13e-42
C65YPACXX150129:7:2211:19940:97930/1	101	1	101	smNRPS-1/2	5910	359	459	99.01	1.13e-42
C65YPACXX150129:6:2316:20111:9047/1	101	1	101	smNRPS-1/2	5910	312	412	99.01	1.13e-42
C65YPACXX150129:6:1214:13617:47845/2	99	99	1	smNRPS-1/2	5910	385	483	100	3.15e-43
C65YPACXX150129:6:2213:7838:81378/1	99	99	1	smNRPS-1/2	5910	1833	1931	100	3.15e-43
C65YPACXX150129:7:2110:8507:65820/2	99	99	1	smNRPS-1/2	5910	616	714	100	3.15e-43
C65YPACXX150129:6:2308:5747:10369/1	101	101	2	smNRPS-1/2	5910	2837	2936	100	8.77e-44
C65YPACXX150129:8:2203:13337:64192/1	101	101	1	smNRPS-1/2	5910	2043	2143	100	2.44e-44
C65YPACXX150129:8:2203:13337:64192/2	101	1	101	smNRPS-1/2	5910	1922	2022	100	2.44e-44
C65YPACXX150129:7:1111:12426:78566/2	101	101	1	smNRPS-1/2	5910	736	836	100	2.44e-44
C65YPACXX150129:6:1201:4605:51964/1	101	101	1	smNRPS-1/2	5910	2426	2526	100	2.44e-44
C65YPACXX150129:6:1201:4605:51964/2	101	1	101	smNRPS-1/2	5910	2178	2278	100	2.44e-44
C65YPACXX150129:8:1208:19181:55759/1	101	1	101	smNRPS-1/2	5910	3196	3296	100	2.44e-44
C65YPACXX150129:8:1208:19181:55759/2	101	101	1	smNRPS-1/2	5910	3380	3480	100	2.44e-44
C65YPACXX150129:8:2304:11373:5088/2	101	101	1	smNRPS-1/2	5910	4060	4160	100	2.44e-44
C65YPACXX150129:6:1107:20244:4371/2	101	1	101	smNRPS-1/2	5910	2907	3007	100	2.44e-44
C65YPACXX150129:8:1312:16217:32709/1	101	101	1	smNRPS-1/2	5910	4693	4793	100	2.44e-44
C65YPACXX150129:8:1312:16217:32709/2	101	1	101	smNRPS-1/2	5910	4663	4763	100	2.44e-44
C65YPACXX150129:6:2308:5740:10352/1	101	101	1	smNRPS-1/2	5910	2837	2937	100	2.44e-44
C65YPACXX150129:6:2308:5740:10352/2	101	1	101	smNRPS-1/2	5910	2675	2775	100	2.44e-44
C65YPACXX150129:8:2216:18425:96703/2	101	101	1	smNRPS-1/2	5910	4060	4160	100	2.44e-44
C65YPACXX150129:6:1308:17600:89861/2	101	101	1	smNRPS-1/2	5910	4896	4996	100	2.44e-44
C65YPACXX150129:8:2205:2767:27797/1	101	1	101	smNRPS-1/2	5910	2185	2285	100	2.44e-44
C65YPACXX150129:7:1309:18708:46006/1	101	101	1	smNRPS-1/2	5910	2837	2937	100	2.44e-44
C65YPACXX150129:7:1309:18708:46006/2	101	1	101	smNRPS-1/2	5910	2675	2775	100	2.44e-44
C65YPACXX150129:7:1110:9032:17285/1	101	1	101	smNRPS-1/2	5910	3190	3290	100	2.44e-44
C65YPACXX150129:8:1216:15731:96695/1	101	101	1	smNRPS-1/2	5910	937	1037	100	2.44e-44
C65YPACXX150129:8:1111:1409:44559/1	101	101	1	smNRPS-1/2	5910	1636	1736	100	2.44e-44
C65YPACXX150129:7:2110:8507:65820/1	101	1	101	smNRPS-1/2	5910	593	693	100	2.44e-44
C65YPACXX150129:6:1212:5097:41214/1	101	1	101	smNRPS-1/2	5910	817	917	100	2.44e-44
C65YPACXX150129:6:1212:5097:41214/2	101	101	1	smNRPS-1/2	5910	932	1032	100	2.44e-44
C65YPACXX150129:6:1114:10624:23886/1	101	1	101	smNRPS-1/2	5910	593	693	100	2.44e-44
C65YPACXX150129:6:1114:10624:23886/2	101	101	1	smNRPS-1/2	5910	614	714	100	2.44e-44
C65YPACXX150129:6:1115:7254:26270/1	101	1	101	smNRPS-1/2	5910	719	819	100	2.44e-44
C65YPACXX150129:6:1115:7254:26270/2	101	101	1	smNRPS-1/2	5910	881	981	100	2.44e-44
C65YPACXX150129:7:2216:5997:26287/1	101	101	1	smNRPS-1/2	5910	2290	2390	100	2.44e-44
C65YPACXX150129:7:2216:5997:26287/2	101	1	101	smNRPS-1/2	5910	2113	2213	100	2.44e-44
C65YPACXX150129:6:2212:2615:7419/1	101	1	101	smNRPS-1/2	5910	383	483	100	2.44e-44
C65YPACXX150129:6:2212:2615:7419/2	101	101	1	smNRPS-1/2	5910	664	764	100	2.44e-44
C65YPACXX150129:6:2312:7143:46036/1	101	1	101	smNRPS-1/2	5910	1188	1288	100	2.44e-44
