C8G6HANXX160303:4:1307:7494:24247/1	101	101	1	smNRPS-1/2	5910	4032	4132	99.01	8.06e-43
C8G6HANXX160303:6:1213:18213:85464/2	101	1	101	smNRPS-1/2	5910	5774	5874	99.01	8.06e-43
C8G6HANXX160303:4:1307:7494:24247/2	101	1	101	smNRPS-1/2	5910	3929	4029	100	1.73e-44
C8G6HANXX160303:5:2312:2387:24801/1	80	1	80	smNRPS-1/2	5910	1265	1344	98.75	3.85e-31
C8G6HANXX160303:5:1106:18819:74012/2	88	1	88	smNRPS-1/2	5910	1373	1460	97.727	6.39e-34
C8G6HANXX160303:8:1213:16257:82672/1	101	1	91	smNRPS-1/2	5910	3764	3854	100	6.35e-39
C8G6HANXX160303:7:1208:20223:37375/1	99	98	1	smNRPS-1/2	5910	916	1013	97.959	1.77e-39
C8G6HANXX160303:5:2106:20498:3185/2	100	1	100	smNRPS-1/2	5910	2444	2543	98	1.36e-40
C8G6HANXX160303:8:2116:18001:79880/2	101	1	101	smNRPS-1/2	5910	2444	2544	98.02	3.79e-41
C8G6HANXX160303:7:2301:13514:22204/2	101	1	101	smNRPS-1/2	5910	2669	2769	98.02	3.79e-41
C8G6HANXX160303:4:1107:3751:56077/1	101	1	101	smNRPS-1/2	5910	2656	2756	98.02	3.79e-41
C8G6HANXX160303:8:2116:18001:79880/1	101	101	1	smNRPS-1/2	5910	2611	2711	99.01	8.16e-43
C8G6HANXX160303:5:2106:20498:3185/1	101	101	1	smNRPS-1/2	5910	2611	2711	99.01	8.16e-43
C8G6HANXX160303:7:2301:13514:22204/1	101	101	1	smNRPS-1/2	5910	2725	2825	99.01	8.16e-43
C8G6HANXX160303:4:1107:3751:56077/2	101	101	1	smNRPS-1/2	5910	2799	2899	99.01	8.16e-43
C8G6HANXX160303:6:1105:17199:89463/1	101	101	1	smNRPS-1/2	5910	5602	5702	100	1.75e-44
C8G6HANXX160303:6:1105:17199:89463/2	101	1	101	smNRPS-1/2	5910	5152	5252	100	1.75e-44
C8G6HANXX160303:3:1112:4866:56533/1	101	1	101	smNRPS-1/2	5910	2281	2381	100	1.75e-44
