C8G6HANXX160303:7:2102:5025:44954/1	69	1	69	smNRPS-1/2	5910	3105	3173	97.101	4.85e-23
C8G6HANXX160303:3:2204:11273:9172/1	73	1	73	smNRPS-1/2	5910	3202	3274	100	1.34e-28
C8G6HANXX160303:7:2102:5025:44954/2	84	84	1	smNRPS-1/2	5910	3163	3246	100	1.03e-34
C8G6HANXX160303:4:2311:7228:75936/2	88	88	1	smNRPS-1/2	5910	5206	5293	100	6.14e-37
C8G6HANXX160303:6:1308:3658:19523/1	100	100	1	smNRPS-1/2	5910	5629	5728	97	1.32e-38
C8G6HANXX160303:4:2311:7228:75936/1	92	1	92	smNRPS-1/2	5910	5049	5140	100	3.67e-39
C8G6HANXX160303:8:1314:13472:65726/2	101	101	1	smNRPS-1/2	5910	4780	4880	97.03	3.67e-39
C8G6HANXX160303:6:1308:3658:19523/2	101	1	100	smNRPS-1/2	5910	5566	5665	98	2.84e-40
C8G6HANXX160303:6:1312:5225:58893/1	101	1	101	smNRPS-1/2	5910	3258	3358	98.02	7.89e-41
C8G6HANXX160303:7:2306:10719:28894/1	101	1	101	smNRPS-1/2	5910	5253	5353	99.01	1.7e-42
C8G6HANXX160303:7:2306:10719:28894/2	101	101	1	smNRPS-1/2	5910	5302	5402	99.01	1.7e-42
C8G6HANXX160303:4:1107:3786:56542/2	101	101	1	smNRPS-1/2	5910	5488	5588	99.01	1.7e-42
C8G6HANXX160303:6:1312:5225:58893/2	101	101	1	smNRPS-1/2	5910	3337	3437	99.01	1.7e-42
C8G6HANXX160303:5:1214:9609:45914/1	101	1	101	smNRPS-1/2	5910	5049	5149	99.01	1.7e-42
C8G6HANXX160303:5:2313:4045:52812/1	101	1	101	smNRPS-1/2	5910	3396	3496	100	3.64e-44
C8G6HANXX160303:5:2313:4045:52812/2	101	101	1	smNRPS-1/2	5910	3396	3496	100	3.64e-44
C8G6HANXX160303:4:1107:3786:56542/1	101	1	101	smNRPS-1/2	5910	5348	5448	100	3.64e-44
C8G6HANXX160303:8:1314:13472:65726/1	101	1	101	smNRPS-1/2	5910	4741	4841	100	3.64e-44
