C65YPACXX150129:8:1110:12855:45718/2	101	1	99	smNRPS-1/2	5910	4320	4419	98	7.13e-40
C65YPACXX150129:8:1312:18145:71763/1	99	99	1	smNRPS-1/2	5910	1194	1292	97.98	7.13e-40
C65YPACXX150129:8:1110:12855:45718/1	101	101	1	smNRPS-1/2	5910	4328	4429	98.039	5.52e-41
C65YPACXX150129:7:2315:2436:64786/2	101	101	4	smNRPS-1/2	5910	5778	5875	98.98	5.52e-41
C65YPACXX150129:8:1103:8787:28276/2	101	101	1	smNRPS-1/2	5910	3994	4094	99.01	1.19e-42
C65YPACXX150129:8:1312:18145:71763/2	99	1	99	smNRPS-1/2	5910	838	936	100	3.3e-43
C65YPACXX150129:8:1103:8787:28276/1	101	1	101	smNRPS-1/2	5910	3914	4014	100	2.55e-44
C65YPACXX150129:7:2204:18344:88673/2	80	80	1	smNRPS-1/2	5910	1477	1556	97.5	2.63e-29
C65YPACXX150129:7:2306:4264:13592/2	96	96	1	smNRPS-1/2	5910	1071	1166	95.833	7.27e-35
C65YPACXX150129:6:2307:5273:55904/2	101	1	101	smNRPS-1/2	5910	4825	4925	96.04	1.21e-37
C65YPACXX150129:6:1112:4483:66469/2	101	1	101	smNRPS-1/2	5910	4825	4925	96.04	1.21e-37
C65YPACXX150129:8:2202:7081:14571/1	101	1	91	smNRPS-1/2	5910	755	845	100	9.34e-39
C65YPACXX150129:8:2202:7081:14571/2	101	95	1	smNRPS-1/2	5910	752	845	98.947	9.34e-39
C65YPACXX150129:6:1211:4543:72769/1	101	1	91	smNRPS-1/2	5910	755	845	100	9.34e-39
C65YPACXX150129:6:1211:4543:72769/2	101	95	1	smNRPS-1/2	5910	752	845	98.947	9.34e-39
C65YPACXX150129:7:2307:11010:52704/1	101	101	1	smNRPS-1/2	5910	541	641	98.02	5.58e-41
C65YPACXX150129:6:1116:2642:88675/1	101	101	1	smNRPS-1/2	5910	4780	4880	98.02	5.58e-41
C65YPACXX150129:6:1116:2642:88675/2	101	1	95	smNRPS-1/2	5910	4778	4872	100	5.58e-41
C65YPACXX150129:7:2315:2436:64786/1	101	101	1	smNRPS-1/2	5910	99	199	98.02	5.58e-41
C65YPACXX150129:6:2202:17563:75861/2	101	101	1	smNRPS-1/2	5910	1038	1138	98.02	5.58e-41
C65YPACXX150129:8:2108:11043:75127/1	101	96	1	smNRPS-1/2	5910	3150	3245	100	1.55e-41
C65YPACXX150129:8:2108:11043:75127/2	101	1	101	smNRPS-1/2	5910	2841	2941	99.01	1.2e-42
C65YPACXX150129:7:2307:11010:52704/2	101	1	101	smNRPS-1/2	5910	415	515	99.01	1.2e-42
C65YPACXX150129:7:2201:11990:97264/1	101	101	1	smNRPS-1/2	5910	2761	2861	99.01	1.2e-42
C65YPACXX150129:8:2305:13692:90148/1	101	1	101	smNRPS-1/2	5910	338	438	99.01	1.2e-42
C65YPACXX150129:8:2305:13692:90148/2	101	101	1	smNRPS-1/2	5910	400	500	99.01	1.2e-42
C65YPACXX150129:8:2104:9045:23339/1	101	1	99	smNRPS-1/2	5910	2026	2124	100	3.3400000000000002e-43
C65YPACXX150129:6:2307:5273:55904/1	101	99	1	smNRPS-1/2	5910	5014	5112	100	3.3400000000000002e-43
C65YPACXX150129:6:1112:4483:66469/1	101	99	1	smNRPS-1/2	5910	5014	5112	100	3.3400000000000002e-43
C65YPACXX150129:8:2104:9045:23339/2	100	100	1	smNRPS-1/2	5910	2115	2214	100	9.27e-44
C65YPACXX150129:8:1110:8476:15546/1	101	1	101	smNRPS-1/2	5910	827	927	100	2.58e-44
C65YPACXX150129:8:1110:8476:15546/2	101	101	1	smNRPS-1/2	5910	908	1008	100	2.58e-44
C65YPACXX150129:7:2306:4264:13592/1	101	1	101	smNRPS-1/2	5910	837	937	100	2.58e-44
C65YPACXX150129:7:2201:11990:97264/2	101	1	101	smNRPS-1/2	5910	2590	2690	100	2.58e-44
