C65YPACXX150129:6:2316:17125:87866/1	101	67	14	smNRPS-1/2	5910	5822	5875	100	2.01e-18
C65YPACXX150129:6:2316:17125:87866/2	101	1	54	smNRPS-1/2	5910	5822	5875	100	2.01e-18
C65YPACXX150129:6:2311:20135:88597/1	86	62	9	smNRPS-1/2	5910	5822	5875	100	2.01e-18
C65YPACXX150129:6:2311:20135:88597/2	80	1	54	smNRPS-1/2	5910	5822	5875	100	2.01e-18
C65YPACXX150129:8:1113:9808:76946/1	101	7	101	smNRPS-1/2	5910	1470	1564	95.789	1.52e-34
C65YPACXX150129:8:1113:9808:76946/2	101	101	1	smNRPS-1/2	5910	1480	1580	96.04	7.02e-38
C65YPACXX150129:8:2216:14052:14466/2	101	101	1	smNRPS-1/2	5910	4808	4908	96.04	7.02e-38
C65YPACXX150129:6:1207:5635:14382/1	101	1	101	smNRPS-1/2	5910	5073	5173	98.02	3.24e-41
C65YPACXX150129:6:1207:8314:91858/1	101	1	101	smNRPS-1/2	5910	1228	1328	99.01	6.97e-43
C65YPACXX150129:7:2213:4721:50843/1	101	1	101	smNRPS-1/2	5910	4029	4129	99.01	6.97e-43
C65YPACXX150129:7:1111:3127:59812/1	101	101	1	smNRPS-1/2	5910	4178	4278	100	1.5e-44
C65YPACXX150129:7:1111:3127:59812/2	101	1	101	smNRPS-1/2	5910	4134	4234	100	1.5e-44
C65YPACXX150129:8:2304:9845:21224/1	101	1	101	smNRPS-1/2	5910	4717	4817	100	1.5e-44
C65YPACXX150129:8:2304:9845:21224/2	101	101	1	smNRPS-1/2	5910	4733	4833	100	1.5e-44
C65YPACXX150129:7:2316:6804:24802/1	101	101	1	smNRPS-1/2	5910	3937	4037	100	1.5e-44
C65YPACXX150129:7:2316:6804:24802/2	101	1	101	smNRPS-1/2	5910	3593	3693	100	1.5e-44
C65YPACXX150129:6:2102:3541:35565/2	70	70	1	smNRPS-1/2	5910	1186	1255	98.571	1.21e-25
C65YPACXX150129:7:1207:18820:28711/2	101	1	75	smNRPS-1/2	5910	5871	5945	97.333	9.32e-27
C65YPACXX150129:6:1306:16486:87869/2	70	1	70	smNRPS-1/2	5910	1001	1070	100	2.59e-27
C65YPACXX150129:6:1306:16486:87869/1	101	96	1	smNRPS-1/2	5910	1145	1240	96.875	9.19e-37
C65YPACXX150129:7:2107:9824:57154/1	101	101	1	smNRPS-1/2	5910	4701	4801	96.04	7.11e-38
C65YPACXX150129:7:1203:10862:22862/1	101	1	92	smNRPS-1/2	5910	2396	2487	98.913	7.11e-38
C65YPACXX150129:6:1207:8314:91858/2	101	1	101	smNRPS-1/2	5910	4550	4650	96.04	7.11e-38
C65YPACXX150129:7:1203:10862:22862/2	101	93	1	smNRPS-1/2	5910	2395	2487	98.925	1.98e-38
C65YPACXX150129:6:1213:8611:3133/1	101	92	1	smNRPS-1/2	5910	2280	2371	100	1.53e-39
C65YPACXX150129:6:1213:8611:3133/2	101	1	92	smNRPS-1/2	5910	2280	2371	100	1.53e-39
C65YPACXX150129:6:2112:11850:92579/1	101	1	101	smNRPS-1/2	5910	3847	3947	97.03	1.53e-39
C65YPACXX150129:6:2112:11850:92579/2	101	101	1	smNRPS-1/2	5910	3849	3949	97.03	1.53e-39
C65YPACXX150129:8:1112:4749:43610/2	100	1	100	smNRPS-1/2	5910	2450	2549	98	1.18e-40
C65YPACXX150129:6:1315:14915:72248/2	101	1	101	smNRPS-1/2	5910	4732	4832	98.02	3.28e-41
C65YPACXX150129:7:2205:8764:41785/1	101	101	1	smNRPS-1/2	5910	3737	3837	98.02	3.28e-41
C65YPACXX150129:7:2205:8764:41785/2	101	1	101	smNRPS-1/2	5910	3727	3827	98.02	3.28e-41
C65YPACXX150129:7:1306:12656:28207/1	101	1	101	smNRPS-1/2	5910	3276	3376	98.02	3.28e-41
C65YPACXX150129:7:2210:11760:59087/2	101	1	101	smNRPS-1/2	5910	4732	4832	98.02	3.28e-41
C65YPACXX150129:8:1112:4749:43610/1	101	101	1	smNRPS-1/2	5910	2476	2576	98.02	3.28e-41
C65YPACXX150129:8:2307:20180:86721/1	101	101	1	smNRPS-1/2	5910	2827	2927	98.02	3.28e-41
C65YPACXX150129:8:2307:20180:86721/2	101	1	101	smNRPS-1/2	5910	2713	2813	98.02	3.28e-41
C65YPACXX150129:6:1106:10630:79990/2	101	101	3	smNRPS-1/2	5910	3513	3611	98.99	9.13e-42
C65YPACXX150129:6:1315:14915:72248/1	101	101	1	smNRPS-1/2	5910	4752	4852	99.01	7.06e-43
C65YPACXX150129:8:1106:11918:80046/2	101	101	1	smNRPS-1/2	5910	2374	2474	99.01	7.06e-43
C65YPACXX150129:7:1306:12656:28207/2	101	101	1	smNRPS-1/2	5910	3332	3432	99.01	7.06e-43
C65YPACXX150129:7:2216:16516:54417/1	101	101	1	smNRPS-1/2	5910	694	794	99.01	7.06e-43
C65YPACXX150129:7:2216:16516:54417/2	101	1	101	smNRPS-1/2	5910	618	718	99.01	7.06e-43
C65YPACXX150129:7:2210:11760:59087/1	101	101	1	smNRPS-1/2	5910	4752	4852	99.01	7.06e-43
C65YPACXX150129:7:2213:3874:27844/1	101	1	101	smNRPS-1/2	5910	2866	2966	99.01	7.06e-43
C65YPACXX150129:6:2311:18553:12178/1	101	101	1	smNRPS-1/2	5910	1308	1408	99.01	7.06e-43
C65YPACXX150129:8:1106:11918:80046/1	101	1	101	smNRPS-1/2	5910	2122	2222	100	1.52e-44
C65YPACXX150129:6:1114:15311:93917/1	101	1	101	smNRPS-1/2	5910	786	886	100	1.52e-44
C65YPACXX150129:6:1114:15311:93917/2	101	101	1	smNRPS-1/2	5910	795	895	100	1.52e-44
C65YPACXX150129:6:2115:16932:95379/1	101	101	1	smNRPS-1/2	5910	2114	2214	100	1.52e-44
C65YPACXX150129:6:2115:16932:95379/2	101	1	101	smNRPS-1/2	5910	1890	1990	100	1.52e-44
C65YPACXX150129:8:1304:16723:23142/1	101	101	1	smNRPS-1/2	5910	435	535	100	1.52e-44
C65YPACXX150129:8:1304:16723:23142/2	101	1	101	smNRPS-1/2	5910	376	476	100	1.52e-44
C65YPACXX150129:6:1106:10630:79990/1	101	1	101	smNRPS-1/2	5910	3396	3496	100	1.52e-44
C65YPACXX150129:7:2213:3874:27844/2	101	101	1	smNRPS-1/2	5910	3190	3290	100	1.52e-44
