C662FACXX150129:7:2210:14034:23105/2	71	1	71	smNRPS-1/2	5910	5288	5358	97.183	4.52e-24
C662FACXX150129:3:1216:6728:15680/2	69	1	68	smNRPS-1/2	5910	2319	2386	98.529	4.52e-24
C662FACXX150129:5:2303:19602:56936/1	83	1	83	smNRPS-1/2	5910	433	515	97.59	9.64e-31
C662FACXX150129:6:2205:1733:93581/1	82	82	1	smNRPS-1/2	5910	2315	2396	98.78	7.45e-32
C662FACXX150129:3:1216:6728:15680/1	87	87	1	smNRPS-1/2	5910	2382	2468	97.701	5.76e-33
C662FACXX150129:3:2116:8349:8436/1	85	1	85	smNRPS-1/2	5910	2103	2187	98.824	1.6e-33
C662FACXX150129:6:1306:17497:17355/1	101	101	1	smNRPS-1/2	5910	3588	3688	95.05	9.58e-36
C662FACXX150129:4:2306:17537:6758/2	92	1	92	smNRPS-1/2	5910	3953	4044	98.913	2.06e-37
C662FACXX150129:4:1201:1932:71717/2	101	1	98	smNRPS-1/2	5910	1263	1360	96.939	2.06e-37
C662FACXX150129:2:1308:11713:80705/2	96	96	1	smNRPS-1/2	5910	1243	1338	97.917	5.72e-38
C662FACXX150129:2:1105:7497:44299/1	101	1	101	smNRPS-1/2	5910	696	795	97.03	1.59e-38
C662FACXX150129:2:1105:7497:44299/2	101	101	1	smNRPS-1/2	5910	698	797	97.03	1.59e-38
C662FACXX150129:2:1206:7186:40900/2	94	1	94	smNRPS-1/2	5910	1213	1306	98.936	1.59e-38
C662FACXX150129:4:2310:16866:60188/1	101	1	101	smNRPS-1/2	5910	3723	3823	97.03	4.42e-39
C662FACXX150129:3:2216:6372:45288/2	100	1	100	smNRPS-1/2	5910	5304	5403	98	3.42e-40
C662FACXX150129:7:2209:7042:30152/1	101	1	94	smNRPS-1/2	5910	4142	4235	100	3.42e-40
C662FACXX150129:7:2209:7042:30152/2	101	94	1	smNRPS-1/2	5910	4142	4235	100	3.42e-40
C662FACXX150129:4:2310:16866:60188/2	101	101	2	smNRPS-1/2	5910	3812	3911	98	3.42e-40
C662FACXX150129:6:2108:10287:40243/2	101	1	98	smNRPS-1/2	5910	461	558	98.98	9.51e-41
C662FACXX150129:4:2101:4837:79497/2	99	99	1	smNRPS-1/2	5910	1705	1803	98.99	2.64e-41
C662FACXX150129:2:2312:8561:8006/2	101	1	101	smNRPS-1/2	5910	1230	1330	99.01	2.04e-42
C662FACXX150129:3:2116:8349:8436/2	101	101	1	smNRPS-1/2	5910	2165	2265	99.01	2.04e-42
C662FACXX150129:4:2101:4837:79497/1	99	1	99	smNRPS-1/2	5910	1035	1133	100	5.68e-43
C662FACXX150129:7:1308:3877:16366/2	101	1	101	smNRPS-1/2	5910	618	718	100	4.39e-44
C662FACXX150129:4:2306:17537:6758/1	101	101	1	smNRPS-1/2	5910	4050	4150	100	4.39e-44
C662FACXX150129:5:2303:13443:78020/2	69	1	69	smNRPS-1/2	5910	1257	1325	97.101	5.91e-23
C662FACXX150129:5:1206:8980:32779/2	66	66	1	smNRPS-1/2	5910	3556	3621	98.485	5.91e-23
C662FACXX150129:7:1111:14837:17617/2	67	67	1	smNRPS-1/2	5910	2377	2443	98.507	1.64e-23
C662FACXX150129:4:1313:4068:79367/1	69	1	69	smNRPS-1/2	5910	410	478	98.551	1.27e-24
C662FACXX150129:6:1105:2092:31931/2	74	74	1	smNRPS-1/2	5910	3971	4044	97.297	9.83e-26
C662FACXX150129:7:1111:12284:95862/1	68	1	68	smNRPS-1/2	5910	1024	1091	100	9.83e-26
C662FACXX150129:5:2103:12452:87746/1	71	1	71	smNRPS-1/2	5910	976	1046	98.592	9.83e-26
C662FACXX150129:4:1310:3322:100510/1	75	1	75	smNRPS-1/2	5910	5350	5424	97.333	2.73e-26
C662FACXX150129:4:1310:3322:100510/2	80	78	1	smNRPS-1/2	5910	5517	5594	98.718	1.26e-29
C662FACXX150129:4:1309:12498:100473/2	82	1	82	smNRPS-1/2	5910	1038	1119	97.561	3.51e-30
C662FACXX150129:2:1307:5232:4061/1	83	1	83	smNRPS-1/2	5910	2072	2154	97.59	9.76e-31
C662FACXX150129:6:1212:9893:3494/1	80	80	1	smNRPS-1/2	5910	2683	2762	98.75	9.76e-31
C662FACXX150129:2:2111:4341:28558/1	82	80	1	smNRPS-1/2	5910	2606	2685	98.75	9.76e-31
C662FACXX150129:5:2209:16044:58515/2	81	81	1	smNRPS-1/2	5910	5685	5765	98.765	2.71e-31
C662FACXX150129:2:2108:2780:99611/2	82	82	1	smNRPS-1/2	5910	2791	2872	98.78	7.54e-32
C662FACXX150129:4:1113:9713:52005/2	80	80	1	smNRPS-1/2	5910	1349	1428	100	2.1e-32
C662FACXX150129:4:1103:16183:35830/1	94	1	94	smNRPS-1/2	5910	265	358	96.809	3.49e-35
C662FACXX150129:5:1301:3584:25239/2	97	1	97	smNRPS-1/2	5910	4707	4803	95.876	3.49e-35
C662FACXX150129:4:2114:20265:97807/2	86	1	86	smNRPS-1/2	5910	2886	2971	100	9.69e-36
C662FACXX150129:5:2209:16044:58515/1	101	1	101	smNRPS-1/2	5910	5549	5649	95.05	9.69e-36
C662FACXX150129:5:1105:1767:55935/1	101	101	1	smNRPS-1/2	5910	5549	5649	95.05	9.69e-36
C662FACXX150129:7:2316:17286:9942/1	101	1	101	smNRPS-1/2	5910	3427	3527	95.05	9.69e-36
C662FACXX150129:4:1313:4068:79367/2	86	86	1	smNRPS-1/2	5910	745	830	100	9.69e-36
C662FACXX150129:3:2202:1299:65407/1	87	1	87	smNRPS-1/2	5910	124	210	100	2.69e-36
C662FACXX150129:3:2208:13833:92726/2	96	96	1	smNRPS-1/2	5910	2009	2104	96.875	2.69e-36
C662FACXX150129:4:1205:12521:9063/2	101	93	1	smNRPS-1/2	5910	186	278	97.849	2.69e-36
C662FACXX150129:7:1111:12284:95862/2	91	91	1	smNRPS-1/2	5910	1110	1200	98.901	7.49e-37
C662FACXX150129:3:1210:7970:34614/2	101	1	101	smNRPS-1/2	5910	4872	4972	96.04	2.08e-37
C662FACXX150129:7:2308:11033:94783/1	98	1	95	smNRPS-1/2	5910	2543	2637	97.895	2.08e-37
C662FACXX150129:7:2316:17286:9942/2	101	95	1	smNRPS-1/2	5910	3886	3980	97.895	2.08e-37
C662FACXX150129:2:2308:12578:9116/1	101	94	1	smNRPS-1/2	5910	1373	1465	98.936	5.79e-38
C662FACXX150129:2:2308:12578:9116/2	101	1	93	smNRPS-1/2	5910	1376	1469	98.936	5.79e-38
C662FACXX150129:4:1103:16183:35830/2	101	99	1	smNRPS-1/2	5910	269	367	96.97	5.79e-38
C662FACXX150129:3:1316:8349:80573/2	96	94	1	smNRPS-1/2	5910	4890	4983	98.936	1.61e-38
C662FACXX150129:4:1102:19330:98155/1	100	100	1	smNRPS-1/2	5910	250	349	97	1.61e-38
C662FACXX150129:3:1210:7970:34614/1	101	100	1	smNRPS-1/2	5910	4872	4971	97	1.61e-38
C662FACXX150129:3:2116:17081:46320/1	98	98	1	smNRPS-1/2	5910	3986	4083	97.959	4.48e-39
C662FACXX150129:3:2116:17081:46320/2	101	1	101	smNRPS-1/2	5910	3813	3913	97.03	4.48e-39
C662FACXX150129:3:1316:8349:80573/1	101	1	101	smNRPS-1/2	5910	4877	4977	97.03	4.48e-39
C662FACXX150129:7:1308:3877:16366/1	101	1	101	smNRPS-1/2	5910	5141	5241	97.03	4.48e-39
C662FACXX150129:4:1316:18838:10642/2	101	101	1	smNRPS-1/2	5910	3249	3349	97.03	4.48e-39
C662FACXX150129:4:1213:2064:5344/2	101	1	101	smNRPS-1/2	5910	4951	5051	97.03	4.48e-39
C662FACXX150129:2:2214:19967:74111/2	101	1	101	smNRPS-1/2	5910	1192	1292	97.03	4.48e-39
C662FACXX150129:6:2309:15672:15285/1	101	101	1	smNRPS-1/2	5910	2682	2782	97.03	4.48e-39
C662FACXX150129:2:1316:2972:24179/2	101	101	1	smNRPS-1/2	5910	2715	2815	97.03	4.48e-39
C662FACXX150129:5:2107:16636:10160/2	98	1	98	smNRPS-1/2	5910	454	551	97.959	4.48e-39
C662FACXX150129:5:1209:14614:24428/2	101	1	101	smNRPS-1/2	5910	3960	4060	97.03	4.48e-39
C662FACXX150129:6:2108:16791:80786/2	101	101	1	smNRPS-1/2	5910	1675	1775	97.03	4.48e-39
C662FACXX150129:3:1313:14471:59096/1	95	95	1	smNRPS-1/2	5910	967	1061	98.947	4.48e-39
C662FACXX150129:3:1313:14471:59096/2	92	1	92	smNRPS-1/2	5910	887	978	100	4.48e-39
C662FACXX150129:4:2113:12512:35242/2	101	101	1	smNRPS-1/2	5910	3866	3966	97.03	4.48e-39
C662FACXX150129:5:2114:4555:24581/1	101	1	101	smNRPS-1/2	5910	265	365	97.03	4.48e-39
C662FACXX150129:4:1108:13584:71528/1	101	101	1	smNRPS-1/2	5910	249	349	97.03	4.48e-39
C662FACXX150129:4:1213:2064:5344/1	99	99	1	smNRPS-1/2	5910	5009	5107	97.98	1.24e-39
C662FACXX150129:3:2208:13833:92726/1	99	1	99	smNRPS-1/2	5910	1983	2081	97.98	1.24e-39
C662FACXX150129:5:2114:4555:24581/2	101	99	1	smNRPS-1/2	5910	269	367	97.98	1.24e-39
C662FACXX150129:3:2101:12163:24311/2	94	1	94	smNRPS-1/2	5910	1862	1955	100	3.46e-40
C662FACXX150129:2:1312:6705:54428/1	100	100	1	smNRPS-1/2	5910	3512	3611	98	3.46e-40
C662FACXX150129:5:1202:3594:37529/1	94	94	1	smNRPS-1/2	5910	5742	5835	100	3.46e-40
C662FACXX150129:3:1207:9149:16059/1	97	1	97	smNRPS-1/2	5910	3473	3569	98.969	3.46e-40
C662FACXX150129:6:1314:6383:12419/2	101	1	101	smNRPS-1/2	5910	634	734	98.02	9.62e-41
C662FACXX150129:5:1301:3445:37441/2	101	101	1	smNRPS-1/2	5910	2542	2642	98.02	9.62e-41
C662FACXX150129:5:1216:14884:27594/2	101	101	1	smNRPS-1/2	5910	4729	4829	98.02	9.62e-41
C662FACXX150129:2:2214:19967:74111/1	101	101	1	smNRPS-1/2	5910	1255	1355	98.02	9.62e-41
C662FACXX150129:6:2309:15672:15285/2	101	1	101	smNRPS-1/2	5910	2460	2560	98.02	9.62e-41
C662FACXX150129:4:1112:5455:60239/1	101	1	101	smNRPS-1/2	5910	3921	4021	98.02	9.62e-41
C662FACXX150129:4:1309:12498:100473/1	101	101	1	smNRPS-1/2	5910	1160	1260	98.02	9.62e-41
C662FACXX150129:2:1316:2972:24179/1	101	1	101	smNRPS-1/2	5910	2568	2668	98.02	9.62e-41
C662FACXX150129:2:1312:6705:54428/2	101	1	101	smNRPS-1/2	5910	3396	3496	98.02	9.62e-41
C662FACXX150129:2:2108:2780:99611/1	98	1	98	smNRPS-1/2	5910	2306	2403	98.98	9.62e-41
C662FACXX150129:5:2214:19097:32119/1	101	1	101	smNRPS-1/2	5910	4007	4107	98.02	9.62e-41
C662FACXX150129:4:1102:19330:98155/2	101	1	101	smNRPS-1/2	5910	196	296	98.02	9.62e-41
C662FACXX150129:4:1313:3001:37147/2	101	1	101	smNRPS-1/2	5910	2257	2357	98.02	9.62e-41
C662FACXX150129:6:1206:2212:64230/2	96	1	96	smNRPS-1/2	5910	2919	3014	100	2.68e-41
C662FACXX150129:7:2210:14034:23105/1	99	1	99	smNRPS-1/2	5910	117	215	98.99	2.68e-41
C662FACXX150129:6:1301:12946:20473/2	96	96	1	smNRPS-1/2	5910	1336	1431	100	2.68e-41
C662FACXX150129:2:1307:5232:4061/2	99	99	1	smNRPS-1/2	5910	2367	2465	98.99	2.68e-41
C662FACXX150129:2:1206:12180:27664/1	101	101	3	smNRPS-1/2	5910	424	522	98.99	2.68e-41
C662FACXX150129:6:1314:6383:12419/1	100	100	1	smNRPS-1/2	5910	693	792	99	7.44e-42
C662FACXX150129:6:1301:12946:20473/1	100	1	100	smNRPS-1/2	5910	976	1075	99	7.44e-42
C662FACXX150129:5:1202:3594:37529/2	101	1	97	smNRPS-1/2	5910	5740	5836	100	7.44e-42
C662FACXX150129:2:1308:11713:80705/1	101	101	1	smNRPS-1/2	5910	4763	4863	99.01	2.07e-42
C662FACXX150129:5:1301:3445:37441/1	101	1	101	smNRPS-1/2	5910	2387	2487	99.01	2.07e-42
C662FACXX150129:5:2309:4068:3811/1	101	101	1	smNRPS-1/2	5910	99	199	99.01	2.07e-42
C662FACXX150129:6:1206:2212:64230/1	101	101	1	smNRPS-1/2	5910	2992	3092	99.01	2.07e-42
C662FACXX150129:4:1112:5455:60239/2	101	101	1	smNRPS-1/2	5910	4115	4215	99.01	2.07e-42
C662FACXX150129:7:1111:14837:17617/1	101	1	101	smNRPS-1/2	5910	1964	2064	99.01	2.07e-42
C662FACXX150129:3:2101:12163:24311/1	101	101	1	smNRPS-1/2	5910	2141	2241	99.01	2.07e-42
C662FACXX150129:5:2107:16636:10160/1	101	101	1	smNRPS-1/2	5910	703	803	99.01	2.07e-42
C662FACXX150129:5:1105:1767:55935/2	101	1	101	smNRPS-1/2	5910	5355	5455	99.01	2.07e-42
C662FACXX150129:5:1206:8980:32779/1	101	1	101	smNRPS-1/2	5910	3467	3567	99.01	2.07e-42
C662FACXX150129:5:1209:14614:24428/1	101	101	1	smNRPS-1/2	5910	4072	4172	99.01	2.07e-42
C662FACXX150129:7:2308:11033:94783/2	101	101	1	smNRPS-1/2	5910	2652	2752	99.01	2.07e-42
C662FACXX150129:4:1313:3001:37147/1	101	101	1	smNRPS-1/2	5910	2343	2443	99.01	2.07e-42
C662FACXX150129:5:1209:18040:11193/1	101	1	101	smNRPS-1/2	5910	1283	1383	99.01	2.07e-42
C662FACXX150129:2:1206:12180:27664/2	101	1	101	smNRPS-1/2	5910	407	507	99.01	2.07e-42
C662FACXX150129:6:2208:12771:30622/1	101	1	101	smNRPS-1/2	5910	1053	1153	99.01	2.07e-42
C662FACXX150129:6:1310:18846:50514/2	101	1	101	smNRPS-1/2	5910	4062	4162	99.01	2.07e-42
C662FACXX150129:4:1316:18838:10642/1	101	2	101	smNRPS-1/2	5910	3150	3249	100	1.6e-43
C662FACXX150129:6:1105:2092:31931/1	101	1	101	smNRPS-1/2	5910	3780	3880	100	4.44e-44
C662FACXX150129:5:2303:13443:78020/1	101	101	1	smNRPS-1/2	5910	1382	1482	100	4.44e-44
C662FACXX150129:4:2114:20265:97807/1	101	101	1	smNRPS-1/2	5910	3166	3266	100	4.44e-44
C662FACXX150129:6:2108:10287:40243/1	101	1	101	smNRPS-1/2	5910	5290	5390	100	4.44e-44
C662FACXX150129:3:2216:6372:45288/1	101	1	101	smNRPS-1/2	5910	124	224	100	4.44e-44
C662FACXX150129:3:1212:9942:9764/1	101	1	101	smNRPS-1/2	5910	786	886	100	4.44e-44
C662FACXX150129:3:1212:9942:9764/2	101	101	1	smNRPS-1/2	5910	863	963	100	4.44e-44
C662FACXX150129:6:2113:12265:84537/1	101	1	101	smNRPS-1/2	5910	124	224	100	4.44e-44
C662FACXX150129:6:2113:12265:84537/2	101	101	1	smNRPS-1/2	5910	126	226	100	4.44e-44
C662FACXX150129:6:2108:16791:80786/1	101	1	101	smNRPS-1/2	5910	1563	1663	100	4.44e-44
C662FACXX150129:4:2113:12512:35242/1	101	1	101	smNRPS-1/2	5910	3759	3859	100	4.44e-44
C662FACXX150129:2:1309:20728:66173/1	101	1	101	smNRPS-1/2	5910	2919	3019	100	4.44e-44
C662FACXX150129:6:1208:15150:20471/1	101	1	101	smNRPS-1/2	5910	3759	3859	100	4.44e-44
