C8G6HANXX160303:7:2313:17445:31880/2	100	91	1	smNRPS-1/2	5910	4375	4465	96.703	1.23e-33
C8G6HANXX160303:8:2310:19978:15361/2	67	64	1	smNRPS-1/2	5910	5014	5077	100	1.26e-23
C8G6HANXX160303:3:1215:16256:53129/1	77	1	77	smNRPS-1/2	5910	3364	3440	98.701	3.48e-29
C8G6HANXX160303:7:2202:18565:51329/2	81	81	3	smNRPS-1/2	5910	2340	2418	100	5.79e-32
C8G6HANXX160303:4:1108:20683:13524/1	98	1	98	smNRPS-1/2	5910	4914	5011	95.918	7.44e-36
C8G6HANXX160303:5:2304:14839:44291/1	96	1	96	smNRPS-1/2	5910	5112	5207	97.917	4.44e-38
C8G6HANXX160303:5:1304:14909:43636/2	90	1	90	smNRPS-1/2	5910	5052	5141	100	4.44e-38
C8G6HANXX160303:5:1213:14165:23894/1	97	1	97	smNRPS-1/2	5910	1317	1413	97.938	1.24e-38
C8G6HANXX160303:4:1108:20683:13524/2	101	101	1	smNRPS-1/2	5910	4957	5057	97.03	3.44e-39
C8G6HANXX160303:8:2311:2011:34229/1	101	1	92	smNRPS-1/2	5910	5253	5344	100	3.44e-39
C8G6HANXX160303:8:2110:8515:10821/1	101	100	1	smNRPS-1/2	5910	3951	4050	98	2.66e-40
C8G6HANXX160303:8:2110:8515:10821/2	101	1	100	smNRPS-1/2	5910	3951	4050	98	2.66e-40
C8G6HANXX160303:8:2311:2011:34229/2	101	97	1	smNRPS-1/2	5910	5248	5344	98.969	2.66e-40
C8G6HANXX160303:4:1206:14812:69938/1	101	1	101	smNRPS-1/2	5910	1313	1413	98.02	7.38e-41
C8G6HANXX160303:7:2201:11926:84949/1	98	1	98	smNRPS-1/2	5910	1088	1185	98.98	7.38e-41
C8G6HANXX160303:8:1309:8762:97506/1	99	1	99	smNRPS-1/2	5910	338	436	98.99	2.05e-41
C8G6HANXX160303:3:1306:8557:41154/1	99	99	1	smNRPS-1/2	5910	313	411	98.99	2.05e-41
C8G6HANXX160303:4:1109:5942:27538/1	101	3	101	smNRPS-1/2	5910	2528	2626	98.99	2.05e-41
C8G6HANXX160303:3:1107:19085:77785/1	100	1	100	smNRPS-1/2	5910	3876	3975	99	5.71e-42
C8G6HANXX160303:7:2306:7742:48053/1	101	101	1	smNRPS-1/2	5910	3374	3474	99.01	1.59e-42
C8G6HANXX160303:3:2204:20682:17411/1	101	101	1	smNRPS-1/2	5910	3374	3474	99.01	1.59e-42
C8G6HANXX160303:3:2316:19413:64495/1	100	1	98	smNRPS-1/2	5910	705	802	100	1.59e-42
C8G6HANXX160303:3:1107:19085:77785/2	101	101	1	smNRPS-1/2	5910	3940	4040	99.01	1.59e-42
C8G6HANXX160303:4:1109:5942:27538/2	101	101	1	smNRPS-1/2	5910	2662	2762	99.01	1.59e-42
C8G6HANXX160303:3:2316:19413:64495/2	100	99	1	smNRPS-1/2	5910	704	802	100	4.41e-43
C8G6HANXX160303:7:1205:7958:31940/1	100	100	1	smNRPS-1/2	5910	5761	5860	100	1.23e-43
C8G6HANXX160303:4:1215:4031:65920/1	101	100	1	smNRPS-1/2	5910	636	735	100	1.23e-43
C8G6HANXX160303:4:1215:4031:65920/2	101	1	100	smNRPS-1/2	5910	636	735	100	1.23e-43
C8G6HANXX160303:5:1304:14909:43636/1	100	100	1	smNRPS-1/2	5910	5198	5297	100	1.23e-43
C8G6HANXX160303:4:1206:14812:69938/2	100	100	1	smNRPS-1/2	5910	1377	1476	100	1.23e-43
C8G6HANXX160303:3:1306:8557:41154/2	101	1	100	smNRPS-1/2	5910	278	377	100	1.23e-43
C8G6HANXX160303:5:1101:11207:14863/1	100	1	100	smNRPS-1/2	5910	3217	3316	100	1.23e-43
C8G6HANXX160303:3:2103:12000:24972/2	101	1	100	smNRPS-1/2	5910	636	735	100	1.23e-43
C8G6HANXX160303:7:1205:7958:31940/2	101	1	101	smNRPS-1/2	5910	5710	5810	100	3.41e-44
C8G6HANXX160303:7:2306:7742:48053/2	101	1	101	smNRPS-1/2	5910	3204	3304	100	3.41e-44
C8G6HANXX160303:7:1113:14737:44820/1	101	1	101	smNRPS-1/2	5910	845	945	100	3.41e-44
C8G6HANXX160303:7:1113:14737:44820/2	101	101	1	smNRPS-1/2	5910	902	1002	100	3.41e-44
C8G6HANXX160303:8:1309:8762:97506/2	101	101	1	smNRPS-1/2	5910	383	483	100	3.41e-44
C8G6HANXX160303:7:2115:13248:33351/1	101	1	101	smNRPS-1/2	5910	3216	3316	100	3.41e-44
C8G6HANXX160303:7:2115:13248:33351/2	101	101	1	smNRPS-1/2	5910	3266	3366	100	3.41e-44
C8G6HANXX160303:5:2304:14839:44291/2	101	101	1	smNRPS-1/2	5910	5263	5363	100	3.41e-44
C8G6HANXX160303:3:2204:20682:17411/2	101	1	101	smNRPS-1/2	5910	3204	3304	100	3.41e-44
C8G6HANXX160303:7:2202:18565:51329/1	101	1	101	smNRPS-1/2	5910	2177	2277	100	3.41e-44
C8G6HANXX160303:6:2106:17902:62771/1	101	101	1	smNRPS-1/2	5910	863	963	100	3.41e-44
C8G6HANXX160303:5:2314:3803:90248/2	101	101	1	smNRPS-1/2	5910	4752	4852	100	3.41e-44
