C65YPACXX150129:7:1203:20465:11023/2	81	81	1	smNRPS-1/2	5910	4049	4129	100	1.69e-33
C65YPACXX150129:6:1104:14460:57567/1	83	1	83	smNRPS-1/2	5910	4674	4756	100	1.31e-34
C65YPACXX150129:6:1104:14460:57567/2	101	101	1	smNRPS-1/2	5910	4800	4900	96.04	6.03e-38
C65YPACXX150129:7:2202:6168:91150/1	101	1	96	smNRPS-1/2	5910	3658	3753	97.917	1.68e-38
C65YPACXX150129:6:1206:17548:55614/1	101	1	101	smNRPS-1/2	5910	4944	5044	98.02	2.79e-41
C65YPACXX150129:7:1304:14538:32118/1	101	1	101	smNRPS-1/2	5910	5595	5695	98.02	2.79e-41
C65YPACXX150129:7:1304:14538:32118/2	95	95	1	smNRPS-1/2	5910	5733	5827	100	2.79e-41
C65YPACXX150129:6:2208:13992:48084/1	101	1	101	smNRPS-1/2	5910	4944	5044	98.02	2.79e-41
C65YPACXX150129:7:2202:6168:91150/2	98	98	1	smNRPS-1/2	5910	3999	4096	98.98	2.79e-41
C65YPACXX150129:7:1112:13760:49055/2	97	97	1	smNRPS-1/2	5910	1588	1684	100	2.15e-42
C65YPACXX150129:8:2310:1580:59147/1	97	1	97	smNRPS-1/2	5910	2511	2607	100	2.15e-42
C65YPACXX150129:6:1206:17548:55614/2	101	101	1	smNRPS-1/2	5910	5004	5104	99.01	5.99e-43
C65YPACXX150129:6:2208:13992:48084/2	101	101	1	smNRPS-1/2	5910	5004	5104	99.01	5.99e-43
C65YPACXX150129:6:2113:17437:37755/1	101	101	1	smNRPS-1/2	5910	1076	1176	99.01	5.99e-43
C65YPACXX150129:7:1106:12988:59374/2	101	1	101	smNRPS-1/2	5910	4892	4992	99.01	5.99e-43
C65YPACXX150129:6:1310:10951:72890/1	101	101	1	smNRPS-1/2	5910	4582	4682	99.01	5.99e-43
C65YPACXX150129:6:1310:10951:72890/2	101	1	101	smNRPS-1/2	5910	4555	4655	99.01	5.99e-43
C65YPACXX150129:8:2310:1580:59147/2	101	101	1	smNRPS-1/2	5910	2704	2804	99.01	5.99e-43
C65YPACXX150129:7:1304:20197:56300/2	101	1	101	smNRPS-1/2	5910	5162	5262	99.01	5.99e-43
C65YPACXX150129:8:1104:17514:20256/1	101	101	1	smNRPS-1/2	5910	93	193	99.01	5.99e-43
C65YPACXX150129:8:1104:17514:20256/2	101	1	101	smNRPS-1/2	5910	93	193	99.01	5.99e-43
C65YPACXX150129:8:2205:2454:32606/2	98	1	98	smNRPS-1/2	5910	3729	3826	100	5.99e-43
C65YPACXX150129:7:1112:19046:38240/1	101	1	101	smNRPS-1/2	5910	1598	1698	100	1.29e-44
C65YPACXX150129:7:1112:19046:38240/2	101	101	1	smNRPS-1/2	5910	1638	1738	100	1.29e-44
C65YPACXX150129:8:1305:19496:74806/1	101	1	101	smNRPS-1/2	5910	4023	4123	100	1.29e-44
C65YPACXX150129:8:1305:19496:74806/2	101	101	1	smNRPS-1/2	5910	4029	4129	100	1.29e-44
C65YPACXX150129:7:1112:13760:49055/1	101	1	101	smNRPS-1/2	5910	1506	1606	100	1.29e-44
C65YPACXX150129:6:2113:17437:37755/2	101	1	101	smNRPS-1/2	5910	824	924	100	1.29e-44
C65YPACXX150129:7:1106:12988:59374/1	101	101	1	smNRPS-1/2	5910	5052	5152	100	1.29e-44
C65YPACXX150129:8:2313:12057:62978/1	101	1	101	smNRPS-1/2	5910	5755	5855	100	1.29e-44
C65YPACXX150129:7:1304:20197:56300/1	101	101	1	smNRPS-1/2	5910	5307	5407	100	1.29e-44
C65YPACXX150129:7:1203:20465:11023/1	101	1	101	smNRPS-1/2	5910	4023	4123	100	1.29e-44
C65YPACXX150129:6:1305:3478:51527/1	101	101	1	smNRPS-1/2	5910	1207	1307	100	1.29e-44
C65YPACXX150129:6:1305:3478:51527/2	101	1	101	smNRPS-1/2	5910	1207	1307	100	1.29e-44
C65YPACXX150129:6:2216:3803:4695/1	101	101	1	smNRPS-1/2	5910	1675	1775	100	1.29e-44
C65YPACXX150129:6:2216:3803:4695/2	101	1	101	smNRPS-1/2	5910	1226	1326	100	1.29e-44
C65YPACXX150129:6:2109:20671:41352/1	101	1	101	smNRPS-1/2	5910	2909	3009	100	1.29e-44
C65YPACXX150129:8:1208:16091:32961/2	101	1	101	smNRPS-1/2	5910	492	592	100	1.29e-44
