C662FACXX150129:3:1101:14938:78672/1	101	98	33	smNRPS-1/2	5910	5811	5875	98.485	9.7e-23
C662FACXX150129:3:1101:14938:78672/2	101	1	62	smNRPS-1/2	5910	5814	5875	100	9.7e-23
C662FACXX150129:3:2211:18361:77745/1	101	1	101	smNRPS-1/2	5910	1527	1627	95.05	4.42e-36
C662FACXX150129:4:2109:11539:79917/2	101	1	101	smNRPS-1/2	5910	1533	1633	96.04	9.5e-38
C662FACXX150129:4:1110:20468:54302/1	101	100	1	smNRPS-1/2	5910	1177	1276	99	3.39e-42
C662FACXX150129:3:2310:6241:33119/2	101	101	1	smNRPS-1/2	5910	4198	4298	99.01	9.43e-43
C662FACXX150129:6:2314:5412:19835/2	101	101	1	smNRPS-1/2	5910	1194	1294	99.01	9.43e-43
C662FACXX150129:2:2316:10907:13592/1	67	67	1	smNRPS-1/2	5910	4952	5018	97.015	3.53e-22
C662FACXX150129:6:1210:15101:57198/2	65	65	1	smNRPS-1/2	5910	2274	2338	100	2.11e-24
C662FACXX150129:4:1115:10225:26864/1	71	71	1	smNRPS-1/2	5910	3563	3633	97.183	2.11e-24
C662FACXX150129:3:1207:11490:19571/1	69	69	1	smNRPS-1/2	5910	1674	1742	98.551	5.87e-25
C662FACXX150129:7:2209:4738:89595/2	73	73	1	smNRPS-1/2	5910	3539	3611	97.26	1.63e-25
C662FACXX150129:4:1110:20468:54302/2	73	73	1	smNRPS-1/2	5910	4924	4996	97.26	1.63e-25
C662FACXX150129:2:2106:3326:51526/1	69	69	1	smNRPS-1/2	5910	2142	2210	100	1.26e-26
C662FACXX150129:7:1212:7716:87059/2	75	73	1	smNRPS-1/2	5910	2096	2168	98.63	3.51e-27
C662FACXX150129:5:2304:10365:87830/1	71	71	1	smNRPS-1/2	5910	1934	2004	100	9.75e-28
C662FACXX150129:6:1210:15101:57198/1	73	1	73	smNRPS-1/2	5910	2264	2336	100	7.54e-29
C662FACXX150129:4:1102:12752:13083/2	78	1	78	smNRPS-1/2	5910	3231	3308	100	1.25e-31
C662FACXX150129:6:2108:10863:86228/2	79	1	79	smNRPS-1/2	5910	2103	2181	100	3.48e-32
C662FACXX150129:6:2201:16092:75827/1	86	86	1	smNRPS-1/2	5910	440	525	97.674	9.68e-33
C662FACXX150129:4:2308:11602:98819/2	99	1	90	smNRPS-1/2	5910	2488	2577	96.667	2.69e-33
C662FACXX150129:6:2206:17006:52474/2	91	89	1	smNRPS-1/2	5910	3556	3644	97.753	2.08e-34
C662FACXX150129:2:1212:14253:69113/2	94	1	93	smNRPS-1/2	5910	3661	3753	96.774	5.78e-35
C662FACXX150129:5:1216:7579:12083/1	87	87	1	smNRPS-1/2	5910	4162	4248	98.851	5.78e-35
C662FACXX150129:5:2209:11449:12803/2	92	1	92	smNRPS-1/2	5910	3226	3317	97.826	4.47e-36
C662FACXX150129:2:2307:16758:23542/1	101	1	101	smNRPS-1/2	5910	3678	3778	95.05	4.47e-36
C662FACXX150129:4:1102:12752:13083/1	89	89	1	smNRPS-1/2	5910	3427	3515	98.876	4.47e-36
C662FACXX150129:3:2316:9248:38417/1	101	1	101	smNRPS-1/2	5910	3678	3778	95.05	4.47e-36
C662FACXX150129:2:1104:16648:4100/1	89	89	1	smNRPS-1/2	5910	3363	3451	98.876	4.47e-36
C662FACXX150129:3:2314:15156:16964/1	89	1	89	smNRPS-1/2	5910	218	306	98.876	4.47e-36
C662FACXX150129:7:2211:3665:99568/1	99	1	99	smNRPS-1/2	5910	1053	1151	95.96	1.24e-36
C662FACXX150129:5:2213:1348:80440/1	101	1	97	smNRPS-1/2	5910	4519	4615	96.907	3.46e-37
C662FACXX150129:5:1105:5941:88237/2	94	1	94	smNRPS-1/2	5910	1957	2050	97.872	3.46e-37
C662FACXX150129:7:1305:14788:71879/1	101	91	1	smNRPS-1/2	5910	1654	1744	98.901	3.46e-37
C662FACXX150129:7:1305:14788:71879/2	101	1	91	smNRPS-1/2	5910	1654	1744	98.901	3.46e-37
C662FACXX150129:4:2311:7100:14215/2	101	1	101	smNRPS-1/2	5910	3840	3940	96.04	9.61e-38
C662FACXX150129:5:2213:1348:80440/2	101	98	1	smNRPS-1/2	5910	4518	4615	96.939	9.61e-38
C662FACXX150129:2:2307:16758:23542/2	101	101	1	smNRPS-1/2	5910	3824	3924	96.04	9.61e-38
C662FACXX150129:6:2206:17006:52474/1	101	1	101	smNRPS-1/2	5910	3528	3628	96.04	9.61e-38
C662FACXX150129:3:1103:11327:14912/2	98	1	98	smNRPS-1/2	5910	4550	4647	96.939	9.61e-38
C662FACXX150129:3:2316:9248:38417/2	101	101	1	smNRPS-1/2	5910	3824	3924	96.04	9.61e-38
C662FACXX150129:3:2202:2425:9169/1	92	92	1	smNRPS-1/2	5910	1388	1479	98.913	9.61e-38
C662FACXX150129:6:2309:17670:53840/2	97	1	97	smNRPS-1/2	5910	1556	1652	97.938	7.43e-39
C662FACXX150129:3:2207:15827:91245/2	101	98	1	smNRPS-1/2	5910	3069	3166	97.959	2.07e-39
C662FACXX150129:6:2314:5412:19835/1	101	101	1	smNRPS-1/2	5910	4688	4788	97.03	2.07e-39
C662FACXX150129:3:1103:11327:14912/1	101	101	1	smNRPS-1/2	5910	4560	4660	97.03	2.07e-39
C662FACXX150129:7:2304:2451:71467/1	101	1	101	smNRPS-1/2	5910	3058	3158	97.03	2.07e-39
C662FACXX150129:7:1310:13514:35827/2	101	1	101	smNRPS-1/2	5910	1273	1373	97.03	2.07e-39
C662FACXX150129:3:2105:4674:73482/1	101	93	1	smNRPS-1/2	5910	2135	2227	100	5.74e-40
C662FACXX150129:3:2105:4674:73482/2	101	1	93	smNRPS-1/2	5910	2135	2227	100	5.74e-40
C662FACXX150129:6:1108:3758:70715/1	99	99	1	smNRPS-1/2	5910	1833	1931	97.98	5.74e-40
C662FACXX150129:2:2302:15815:80282/2	100	1	100	smNRPS-1/2	5910	1554	1653	98	1.6e-40
C662FACXX150129:2:1212:14253:69113/1	101	101	2	smNRPS-1/2	5910	3794	3893	98	1.6e-40
C662FACXX150129:2:2111:8557:13559/1	101	100	1	smNRPS-1/2	5910	908	1007	98	1.6e-40
C662FACXX150129:2:2111:8557:13559/2	101	1	100	smNRPS-1/2	5910	908	1007	98	1.6e-40
C662FACXX150129:6:2310:11737:41504/1	100	1	100	smNRPS-1/2	5910	83	182	98	1.6e-40
C662FACXX150129:7:2314:18103:3552/1	100	1	100	smNRPS-1/2	5910	4995	5094	98	1.6e-40
C662FACXX150129:5:2109:13026:45540/1	101	101	1	smNRPS-1/2	5910	895	995	98.02	4.44e-41
C662FACXX150129:5:2109:13026:45540/2	98	1	98	smNRPS-1/2	5910	715	812	98.98	4.44e-41
C662FACXX150129:3:2310:6241:33119/1	101	98	1	smNRPS-1/2	5910	1641	1738	98.98	4.44e-41
C662FACXX150129:7:1206:8080:97529/1	98	1	98	smNRPS-1/2	5910	83	180	98.98	4.44e-41
C662FACXX150129:4:2311:7100:14215/1	101	101	1	smNRPS-1/2	5910	3949	4049	98.02	4.44e-41
C662FACXX150129:4:2107:14312:20189/1	101	101	1	smNRPS-1/2	5910	5488	5588	98.02	4.44e-41
C662FACXX150129:7:2209:4738:89595/1	101	1	101	smNRPS-1/2	5910	3341	3441	98.02	4.44e-41
C662FACXX150129:6:2115:3003:85460/1	101	1	101	smNRPS-1/2	5910	2726	2826	98.02	4.44e-41
C662FACXX150129:6:2115:3003:85460/2	98	98	1	smNRPS-1/2	5910	3176	3273	98.98	4.44e-41
C662FACXX150129:2:2206:2842:13387/2	101	1	101	smNRPS-1/2	5910	2041	2141	98.02	4.44e-41
C662FACXX150129:2:2108:13769:78901/1	101	101	1	smNRPS-1/2	5910	910	1010	98.02	4.44e-41
C662FACXX150129:3:2211:18361:77745/2	101	1	101	smNRPS-1/2	5910	4164	4264	98.02	4.44e-41
C662FACXX150129:7:2304:2451:71467/2	101	101	1	smNRPS-1/2	5910	3080	3180	98.02	4.44e-41
C662FACXX150129:6:2112:4509:4515/1	101	1	101	smNRPS-1/2	5910	2400	2500	98.02	4.44e-41
C662FACXX150129:6:2112:4509:4515/2	101	101	1	smNRPS-1/2	5910	2445	2545	98.02	4.44e-41
C662FACXX150129:5:1216:17176:85190/1	101	101	1	smNRPS-1/2	5910	3570	3670	98.02	4.44e-41
C662FACXX150129:6:1203:13331:68259/1	101	101	1	smNRPS-1/2	5910	2751	2851	98.02	4.44e-41
C662FACXX150129:2:2213:4580:29828/1	101	3	101	smNRPS-1/2	5910	1296	1394	98.99	1.23e-41
C662FACXX150129:2:2201:2967:86571/1	99	99	1	smNRPS-1/2	5910	4008	4106	98.99	1.23e-41
C662FACXX150129:6:1108:1853:90871/2	100	1	100	smNRPS-1/2	5910	3258	3358	99.01	3.43e-42
C662FACXX150129:3:1309:8851:11003/1	100	100	1	smNRPS-1/2	5910	2111	2210	99	3.43e-42
C662FACXX150129:2:2108:13769:78901/2	97	1	97	smNRPS-1/2	5910	727	823	100	3.43e-42
C662FACXX150129:7:2310:19287:77139/2	100	1	100	smNRPS-1/2	5910	228	327	99	3.43e-42
C662FACXX150129:6:2309:17670:53840/1	100	100	1	smNRPS-1/2	5910	1568	1667	99	3.43e-42
C662FACXX150129:2:1116:12744:44425/2	100	100	1	smNRPS-1/2	5910	1370	1469	99	3.43e-42
C662FACXX150129:2:2305:6600:70595/1	100	1	100	smNRPS-1/2	5910	4090	4189	99	3.43e-42
C662FACXX150129:7:1102:20008:90504/1	100	100	1	smNRPS-1/2	5910	3416	3515	99	3.43e-42
C662FACXX150129:3:1208:1488:69389/2	101	1	101	smNRPS-1/2	5910	1879	1979	99.01	9.54e-43
C662FACXX150129:2:2213:4580:29828/2	101	101	1	smNRPS-1/2	5910	1609	1709	99.01	9.54e-43
C662FACXX150129:6:1108:1853:90871/1	101	101	1	smNRPS-1/2	5910	3332	3432	99.01	9.54e-43
C662FACXX150129:2:1213:10612:88796/1	101	101	1	smNRPS-1/2	5910	2862	2962	99.01	9.54e-43
C662FACXX150129:2:1213:10612:88796/2	101	1	101	smNRPS-1/2	5910	2759	2859	99.01	9.54e-43
C662FACXX150129:4:2107:14312:20189/2	101	1	101	smNRPS-1/2	5910	5341	5441	99.01	9.54e-43
C662FACXX150129:3:1309:8851:11003/2	101	1	101	smNRPS-1/2	5910	2096	2196	99.01	9.54e-43
C662FACXX150129:5:2209:11449:12803/1	101	101	1	smNRPS-1/2	5910	3415	3515	99.01	9.54e-43
C662FACXX150129:3:2207:15827:91245/1	101	1	101	smNRPS-1/2	5910	3001	3101	99.01	9.54e-43
C662FACXX150129:4:1105:11970:101113/1	101	1	101	smNRPS-1/2	5910	5104	5204	99.01	9.54e-43
C662FACXX150129:4:1105:11970:101113/2	101	101	1	smNRPS-1/2	5910	5263	5363	99.01	9.54e-43
C662FACXX150129:7:2310:19287:77139/1	101	101	1	smNRPS-1/2	5910	318	418	99.01	9.54e-43
C662FACXX150129:2:2201:2967:86571/2	101	1	101	smNRPS-1/2	5910	3977	4077	99.01	9.54e-43
C662FACXX150129:5:2313:4483:8784/1	98	1	98	smNRPS-1/2	5910	4066	4163	100	9.54e-43
C662FACXX150129:6:1104:10681:58512/1	101	1	101	smNRPS-1/2	5910	5104	5204	99.01	9.54e-43
C662FACXX150129:6:1104:10681:58512/2	101	101	1	smNRPS-1/2	5910	5296	5396	99.01	9.54e-43
C662FACXX150129:5:2304:10365:87830/2	101	1	101	smNRPS-1/2	5910	1879	1979	99.01	9.54e-43
C662FACXX150129:7:1310:13514:35827/1	101	101	1	smNRPS-1/2	5910	1313	1413	99.01	9.54e-43
C662FACXX150129:5:1216:17176:85190/2	101	1	101	smNRPS-1/2	5910	3443	3543	99.01	9.54e-43
C662FACXX150129:2:1116:12744:44425/1	101	1	101	smNRPS-1/2	5910	1369	1469	99.01	9.54e-43
C662FACXX150129:6:1105:17156:66344/1	101	101	1	smNRPS-1/2	5910	3343	3443	99.01	9.54e-43
C662FACXX150129:7:2116:4902:43703/1	101	101	1	smNRPS-1/2	5910	4148	4248	99.01	9.54e-43
C662FACXX150129:4:2116:13768:83577/1	101	101	1	smNRPS-1/2	5910	5282	5382	99.01	9.54e-43
C662FACXX150129:7:2105:14457:51183/1	101	1	101	smNRPS-1/2	5910	1893	1993	99.01	9.54e-43
C662FACXX150129:5:2215:7284:71376/1	101	1	101	smNRPS-1/2	5910	3781	3881	99.01	9.54e-43
C662FACXX150129:5:2106:17170:9764/1	101	1	101	smNRPS-1/2	5910	84	184	99.01	9.54e-43
C662FACXX150129:3:1208:1488:69389/1	101	101	1	smNRPS-1/2	5910	1904	2004	100	2.05e-44
C662FACXX150129:7:1206:8080:97529/2	101	101	1	smNRPS-1/2	5910	136	236	100	2.05e-44
C662FACXX150129:6:2108:10863:86228/1	101	101	1	smNRPS-1/2	5910	2103	2203	100	2.05e-44
C662FACXX150129:7:1212:7716:87059/1	101	1	101	smNRPS-1/2	5910	1688	1788	100	2.05e-44
C662FACXX150129:5:1216:7579:12083/2	101	1	101	smNRPS-1/2	5910	4056	4156	100	2.05e-44
C662FACXX150129:6:1108:3758:70715/2	101	1	101	smNRPS-1/2	5910	1369	1469	100	2.05e-44
C662FACXX150129:2:2206:2842:13387/1	101	101	1	smNRPS-1/2	5910	2188	2288	100	2.05e-44
C662FACXX150129:5:1105:5941:88237/1	101	101	1	smNRPS-1/2	5910	2103	2203	100	2.05e-44
C662FACXX150129:5:2112:17900:10148/1	101	1	101	smNRPS-1/2	5910	4173	4273	100	2.05e-44
C662FACXX150129:5:2112:17900:10148/2	101	101	1	smNRPS-1/2	5910	4273	4373	100	2.05e-44
C662FACXX150129:4:2109:11539:79917/1	101	1	101	smNRPS-1/2	5910	4030	4130	100	2.05e-44
