C662FACXX150129:7:2304:3203:53961/2	91	88	1	smNRPS-1/2	5910	1536	1623	96.591	9.6e-32
C662FACXX150129:4:1111:15331:54383/2	100	1	100	smNRPS-1/2	5910	707	805	97	7.37e-38
C662FACXX150129:4:1111:15331:54383/1	101	98	1	smNRPS-1/2	5910	744	841	97.959	5.7e-39
C662FACXX150129:3:1207:18852:52363/1	101	101	1	smNRPS-1/2	5910	5309	5409	98.02	1.22e-40
C662FACXX150129:7:2304:3203:53961/1	101	1	101	smNRPS-1/2	5910	1177	1277	98.02	1.22e-40
C662FACXX150129:6:1204:9561:70934/1	101	101	1	smNRPS-1/2	5910	2828	2928	99.01	2.63e-42
C662FACXX150129:6:1204:9561:70934/2	101	1	101	smNRPS-1/2	5910	2549	2649	99.01	2.63e-42
C662FACXX150129:4:2305:15139:34653/1	101	101	1	smNRPS-1/2	5910	2828	2928	99.01	2.63e-42
C662FACXX150129:6:1104:17988:54498/2	70	1	70	smNRPS-1/2	5910	704	773	98.571	4.55e-25
C662FACXX150129:7:2211:15449:17656/2	72	1	72	smNRPS-1/2	5910	997	1068	100	7.57e-28
C662FACXX150129:6:1104:17988:54498/1	81	81	1	smNRPS-1/2	5910	714	794	100	7.51e-33
C662FACXX150129:7:2116:8880:36247/1	100	1	100	smNRPS-1/2	5910	5580	5679	95	4.49e-35
C662FACXX150129:7:2116:8880:36247/2	101	101	1	smNRPS-1/2	5910	5602	5702	95.05	1.25e-35
C662FACXX150129:3:1207:18852:52363/2	90	90	3	smNRPS-1/2	5910	623	710	100	9.65e-37
C662FACXX150129:4:2107:19794:57304/1	101	1	101	smNRPS-1/2	5910	4946	5046	96.04	2.68e-37
C662FACXX150129:7:1104:3983:65003/2	101	101	1	smNRPS-1/2	5910	3516	3616	97.03	5.77e-39
C662FACXX150129:5:1105:18858:28793/1	101	101	1	smNRPS-1/2	5910	2016	2116	97.03	5.77e-39
C662FACXX150129:7:2115:18315:10252/1	101	3	101	smNRPS-1/2	5910	2024	2122	97.98	1.6e-39
C662FACXX150129:4:2107:19794:57304/2	101	99	1	smNRPS-1/2	5910	5014	5112	97.98	1.6e-39
C662FACXX150129:7:2211:15449:17656/1	101	101	1	smNRPS-1/2	5910	1307	1407	98.02	1.24e-40
C662FACXX150129:7:2115:18315:10252/2	101	101	1	smNRPS-1/2	5910	2086	2186	98.02	1.24e-40
C662FACXX150129:2:2114:14458:95307/1	97	97	1	smNRPS-1/2	5910	857	953	100	9.58e-42
C662FACXX150129:2:2114:14458:95307/2	100	1	100	smNRPS-1/2	5910	655	754	99	9.58e-42
C662FACXX150129:7:1104:3983:65003/1	101	1	101	smNRPS-1/2	5910	3214	3314	99.01	2.66e-42
C662FACXX150129:4:2309:8726:26568/2	101	1	101	smNRPS-1/2	5910	655	755	99.01	2.66e-42
C662FACXX150129:7:1109:14630:83763/1	101	1	101	smNRPS-1/2	5910	4007	4107	99.01	2.66e-42
C662FACXX150129:6:1116:1584:13672/1	101	101	1	smNRPS-1/2	5910	2223	2323	100	5.73e-44
C662FACXX150129:6:1116:1584:13672/2	101	1	101	smNRPS-1/2	5910	2143	2243	100	5.73e-44
C662FACXX150129:4:2309:8726:26568/1	101	101	1	smNRPS-1/2	5910	853	953	100	5.73e-44
