C662FACXX150129:5:1316:5388:70576/1	77	1	77	smNRPS-1/2	5910	1101	1177	100	8.43e-31
C662FACXX150129:4:2208:11636:54008/1	94	94	1	smNRPS-1/2	5910	2666	2759	98.936	1.39e-38
C662FACXX150129:7:2112:1635:101282/1	96	96	1	smNRPS-1/2	5910	2664	2759	98.958	1.07e-39
C662FACXX150129:7:2301:15763:89456/1	99	1	99	smNRPS-1/2	5910	1101	1199	100	4.96e-43
C662FACXX150129:2:2205:16684:6983/1	101	1	101	smNRPS-1/2	5910	3099	3199	100	3.84e-44
C662FACXX150129:6:1308:16459:81904/2	82	82	1	smNRPS-1/2	5910	2977	3058	100	1.42e-33
C662FACXX150129:4:1214:16937:7210/1	101	101	1	smNRPS-1/2	5910	3996	4096	98.02	8.41e-41
C662FACXX150129:4:2204:17739:30428/2	101	101	1	smNRPS-1/2	5910	3110	3210	98.02	8.41e-41
C662FACXX150129:6:1103:8292:20007/1	101	101	1	smNRPS-1/2	5910	3996	4096	98.02	8.41e-41
C662FACXX150129:6:1308:16459:81904/1	99	1	99	smNRPS-1/2	5910	2909	3007	98.99	2.34e-41
C662FACXX150129:4:1214:16937:7210/2	101	1	101	smNRPS-1/2	5910	3764	3864	99.01	1.81e-42
C662FACXX150129:3:1210:15035:43653/1	101	1	101	smNRPS-1/2	5910	3340	3440	99.01	1.81e-42
C662FACXX150129:6:1103:8292:20007/2	101	1	101	smNRPS-1/2	5910	3764	3864	99.01	1.81e-42
C662FACXX150129:6:2104:16094:86724/1	101	1	101	smNRPS-1/2	5910	90	190	99.01	1.81e-42
C662FACXX150129:6:2104:16094:86724/2	101	101	1	smNRPS-1/2	5910	99	199	99.01	1.81e-42
C662FACXX150129:3:1216:9249:87601/1	101	101	1	smNRPS-1/2	5910	5010	5110	99.01	1.81e-42
C662FACXX150129:4:2204:17739:30428/1	101	1	101	smNRPS-1/2	5910	2949	3049	100	3.88e-44
C662FACXX150129:3:1210:15035:43653/2	101	101	1	smNRPS-1/2	5910	3402	3502	100	3.88e-44
