C8G6HANXX160303:5:1114:16994:5395/1	101	101	1	smNRPS-1/2	5910	4509	4609	100	3.9e-44
C8G6HANXX160303:5:1114:16994:5395/2	101	1	101	smNRPS-1/2	5910	4505	4605	100	3.9e-44
C8G6HANXX160303:7:1209:6255:29032/1	100	1	100	smNRPS-1/2	5910	4710	4809	95	3.09e-35
C8G6HANXX160303:7:1209:6255:29032/2	101	96	1	smNRPS-1/2	5910	4723	4818	97.917	5.14e-38
C8G6HANXX160303:8:1305:17356:36474/2	101	1	101	smNRPS-1/2	5910	1232	1332	97.03	3.98e-39
C8G6HANXX160303:7:2304:18460:24097/1	92	92	1	smNRPS-1/2	5910	5817	5908	100	3.98e-39
C8G6HANXX160303:8:1305:17356:36474/1	100	100	1	smNRPS-1/2	5910	1318	1417	98	3.07e-40
C8G6HANXX160303:7:1302:14591:99542/2	101	101	1	smNRPS-1/2	5910	1937	2037	98.02	8.54e-41
C8G6HANXX160303:7:1302:14591:99542/1	100	1	100	smNRPS-1/2	5910	1671	1770	99	6.61e-42
C8G6HANXX160303:5:1115:7852:99262/1	100	100	1	smNRPS-1/2	5910	260	359	99	6.61e-42
C8G6HANXX160303:3:2316:2135:83963/1	101	100	1	smNRPS-1/2	5910	3370	3469	99	6.61e-42
C8G6HANXX160303:5:1115:7852:99262/2	101	1	101	smNRPS-1/2	5910	125	225	100	3.95e-44
C8G6HANXX160303:5:1206:7440:54449/2	101	1	101	smNRPS-1/2	5910	4042	4142	100	3.95e-44
