C90P4ANXX160330:4:1113:10540:77855/1	95	63	1	smNRPS-1/2	5910	5785	5847	100	4.03e-23
C90P4ANXX160330:4:2212:11054:87014/1	101	1	68	smNRPS-1/2	5910	5808	5875	100	6.7e-26
C90P4ANXX160330:4:2212:11054:87014/2	100	83	4	smNRPS-1/2	5910	5798	5875	96.25	5.18e-27
C90P4ANXX160330:6:1116:16831:6833/1	94	94	1	smNRPS-1/2	5910	4435	4528	100	2.36e-40
C90P4ANXX160330:6:2305:15088:4061/1	101	101	1	smNRPS-1/2	5910	4431	4531	100	3.03e-44
C90P4ANXX160330:6:2305:15088:4061/2	101	1	101	smNRPS-1/2	5910	4404	4504	100	3.03e-44
C90P4ANXX160330:6:1105:11554:10062/1	72	72	1	smNRPS-1/2	5910	364	435	98.611	1.89e-26
C90P4ANXX160330:2:2113:20829:64364/2	72	1	72	smNRPS-1/2	5910	2126	2197	100	4.05e-28
C90P4ANXX160330:4:1116:15282:24854/1	76	76	1	smNRPS-1/2	5910	5290	5365	98.684	1.13e-28
C90P4ANXX160330:1:2101:9920:9938/1	101	101	1	smNRPS-1/2	5910	4557	4657	95.05	6.69e-36
C90P4ANXX160330:1:2101:9920:9938/2	96	3	96	smNRPS-1/2	5910	4489	4582	97.872	5.17e-37
C90P4ANXX160330:3:1204:6820:21053/1	101	101	1	smNRPS-1/2	5910	2780	2880	96.04	1.44e-37
C90P4ANXX160330:2:2113:20829:64364/1	93	93	1	smNRPS-1/2	5910	2174	2266	98.925	4e-38
C90P4ANXX160330:6:1105:11554:10062/2	97	1	97	smNRPS-1/2	5910	346	442	97.938	1.11e-38
C90P4ANXX160330:5:1109:9424:44020/2	97	97	1	smNRPS-1/2	5910	2356	2452	97.938	1.11e-38
C90P4ANXX160330:4:2313:17094:11534/2	101	1	101	smNRPS-1/2	5910	1636	1736	97.03	3.09e-39
C90P4ANXX160330:4:1204:5910:42238/1	98	95	1	smNRPS-1/2	5910	1646	1740	98.947	3.09e-39
C90P4ANXX160330:4:2313:17094:11534/1	101	101	1	smNRPS-1/2	5910	1689	1789	98.02	6.64e-41
C90P4ANXX160330:4:2216:10181:15203/1	100	100	1	smNRPS-1/2	5910	3045	3144	99	5.13e-42
C90P4ANXX160330:2:2307:9095:77418/1	101	101	1	smNRPS-1/2	5910	348	448	99.01	1.43e-42
C90P4ANXX160330:2:2307:9095:77418/2	101	1	101	smNRPS-1/2	5910	346	446	99.01	1.43e-42
C90P4ANXX160330:4:2216:10181:15203/2	101	1	101	smNRPS-1/2	5910	3044	3144	99.01	1.43e-42
C90P4ANXX160330:5:1109:9424:44020/1	101	1	101	smNRPS-1/2	5910	2169	2269	100	3.07e-44
