C662FACXX150129:2:1105:8707:47627/1	65	65	1	smNRPS-1/2	5910	401	465	96.923	2.28e-21
C662FACXX150129:3:2212:15902:22410/2	75	73	1	smNRPS-1/2	5910	4324	4397	98.649	1.75e-27
C662FACXX150129:7:2105:6982:48431/2	100	1	100	smNRPS-1/2	5910	1283	1382	96	1.72e-37
C662FACXX150129:3:2212:15902:22410/1	99	1	99	smNRPS-1/2	5910	3997	4095	97.98	2.86e-40
C662FACXX150129:6:1205:11681:81859/2	101	100	3	smNRPS-1/2	5910	4225	4322	98.98	2.21e-41
C662FACXX150129:4:1308:6326:33560/1	95	33	95	smNRPS-1/2	5910	1	63	100	1.38e-23
C662FACXX150129:5:1210:6833:75705/1	70	70	1	smNRPS-1/2	5910	3741	3810	97.143	3.83e-24
C662FACXX150129:7:2105:6982:48431/1	93	1	90	smNRPS-1/2	5910	4508	4597	96.667	1.36e-33
C662FACXX150129:5:2206:17982:80318/1	87	4	87	smNRPS-1/2	5910	3556	3639	98.81	1.36e-33
C662FACXX150129:3:2105:2280:89115/2	98	1	90	smNRPS-1/2	5910	3700	3789	96.667	1.36e-33
C662FACXX150129:7:2212:13693:11405/2	87	1	87	smNRPS-1/2	5910	2064	2150	97.701	1.36e-33
C662FACXX150129:4:2201:3725:23263/2	82	1	82	smNRPS-1/2	5910	2914	2995	100	3.78e-34
C662FACXX150129:2:1105:8707:47627/2	101	92	1	smNRPS-1/2	5910	5481	5572	97.826	2.26e-36
C662FACXX150129:2:2211:18549:83757/2	95	95	1	smNRPS-1/2	5910	3891	3985	96.842	2.26e-36
C662FACXX150129:7:2305:7691:60688/1	92	92	1	smNRPS-1/2	5910	1533	1624	98.913	4.85e-38
C662FACXX150129:6:1206:3395:76311/1	101	101	1	smNRPS-1/2	5910	3830	3930	96.04	4.85e-38
C662FACXX150129:4:2109:14887:18602/1	101	101	1	smNRPS-1/2	5910	3830	3930	96.04	4.85e-38
C662FACXX150129:4:2109:14887:18602/2	101	1	101	smNRPS-1/2	5910	3822	3922	96.04	4.85e-38
C662FACXX150129:2:2304:16791:28738/2	97	1	97	smNRPS-1/2	5910	3502	3598	97.938	3.75e-39
C662FACXX150129:4:1308:6326:33560/2	101	101	1	smNRPS-1/2	5910	42	142	97.03	1.04e-39
C662FACXX150129:6:1206:3395:76311/2	101	1	101	smNRPS-1/2	5910	3822	3922	97.03	1.04e-39
C662FACXX150129:6:1205:11681:81859/1	101	101	1	smNRPS-1/2	5910	1607	1707	97.03	1.04e-39
C662FACXX150129:5:1210:6833:75705/2	96	1	96	smNRPS-1/2	5910	3364	3459	98.958	2.9e-40
C662FACXX150129:6:2213:13054:34039/2	101	101	1	smNRPS-1/2	5910	5482	5582	98.02	2.24e-41
C662FACXX150129:5:1106:4778:24042/2	101	1	101	smNRPS-1/2	5910	2817	2917	98.02	2.24e-41
C662FACXX150129:7:2305:7691:60688/2	101	1	101	smNRPS-1/2	5910	1482	1582	98.02	2.24e-41
C662FACXX150129:3:2214:20199:72935/1	98	98	1	smNRPS-1/2	5910	1527	1624	98.98	2.24e-41
C662FACXX150129:3:2214:20199:72935/2	101	1	101	smNRPS-1/2	5910	1482	1582	98.02	2.24e-41
C662FACXX150129:5:1111:10014:93736/1	101	101	1	smNRPS-1/2	5910	1987	2087	98.02	2.24e-41
C662FACXX150129:6:2307:4196:94765/2	101	1	101	smNRPS-1/2	5910	2063	2163	98.02	2.24e-41
C662FACXX150129:6:2213:13054:34039/1	101	1	101	smNRPS-1/2	5910	5323	5423	99.01	4.82e-43
C662FACXX150129:7:1115:18895:68531/1	101	101	1	smNRPS-1/2	5910	383	483	99.01	4.82e-43
C662FACXX150129:7:1115:18895:68531/2	101	1	101	smNRPS-1/2	5910	314	414	99.01	4.82e-43
C662FACXX150129:5:1106:4778:24042/1	101	101	1	smNRPS-1/2	5910	2864	2964	99.01	4.82e-43
C662FACXX150129:3:1305:18733:82888/2	101	101	1	smNRPS-1/2	5910	920	1020	99.01	4.82e-43
C662FACXX150129:7:2109:17013:10984/2	101	1	101	smNRPS-1/2	5910	2871	2971	99.01	4.82e-43
C662FACXX150129:5:1111:10014:93736/2	101	1	101	smNRPS-1/2	5910	1871	1971	100	1.03e-44
C662FACXX150129:6:2307:4196:94765/1	101	101	1	smNRPS-1/2	5910	2281	2381	100	1.03e-44
