C8G6HANXX160303:6:2203:7307:65042/2	83	83	1	smNRPS-1/2	5910	1134	1216	98.795	1.41e-32
C8G6HANXX160303:4:1307:6155:56536/2	101	1	91	smNRPS-1/2	5910	3407	3497	98.901	5.04e-37
C8G6HANXX160303:5:1102:3235:66275/1	98	1	98	smNRPS-1/2	5910	2759	2856	98.98	6.47e-41
C8G6HANXX160303:6:2203:7307:65042/1	96	1	96	smNRPS-1/2	5910	1092	1187	100	1.8e-41
C8G6HANXX160303:6:2104:17887:32281/1	101	2	101	smNRPS-1/2	5910	2757	2856	99	5e-42
C8G6HANXX160303:6:2104:17887:32281/2	101	101	1	smNRPS-1/2	5910	2822	2922	99.01	1.39e-42
C8G6HANXX160303:6:2216:8233:82906/2	101	101	1	smNRPS-1/2	5910	1116	1216	99.01	1.39e-42
C8G6HANXX160303:5:1102:3235:66275/2	101	101	1	smNRPS-1/2	5910	2822	2922	99.01	1.39e-42
C8G6HANXX160303:6:2216:8233:82906/1	99	1	99	smNRPS-1/2	5910	1089	1187	100	3.87e-43
C8G6HANXX160303:3:1108:2009:89000/2	78	78	1	smNRPS-1/2	5910	4532	4609	100	1.85e-31
C8G6HANXX160303:5:1208:1998:55727/2	101	1	101	smNRPS-1/2	5910	3830	3930	95.05	6.59e-36
C8G6HANXX160303:5:1208:1998:55727/1	100	100	2	smNRPS-1/2	5910	3875	3973	95.96	1.83e-36
C8G6HANXX160303:3:1108:2009:89000/1	98	2	98	smNRPS-1/2	5910	4487	4583	100	5.06e-42
C8G6HANXX160303:7:2311:18058:96731/1	101	1	101	smNRPS-1/2	5910	842	942	100	3.03e-44
C8G6HANXX160303:7:2311:18058:96731/2	101	101	1	smNRPS-1/2	5910	873	973	100	3.03e-44
