C90P4ANXX160330:4:1207:12184:72960/2	94	42	94	smNRPS-1/2	5910	1	53	100	9.87e-18
C90P4ANXX160330:4:1206:6674:95473/2	101	33	101	smNRPS-1/2	5910	1	69	100	1.26e-26
C90P4ANXX160330:5:1103:14822:27960/1	98	91	1	smNRPS-1/2	5910	101	191	97.802	1.61e-35
C90P4ANXX160330:3:2309:5262:99872/2	101	1	94	smNRPS-1/2	5910	101	194	97.872	3.45e-37
C90P4ANXX160330:5:1103:14822:27960/2	101	1	94	smNRPS-1/2	5910	101	194	97.872	3.45e-37
C90P4ANXX160330:3:2309:5262:99872/1	96	93	1	smNRPS-1/2	5910	101	193	98.925	2.67e-38
C90P4ANXX160330:4:1207:12184:72960/1	93	93	1	smNRPS-1/2	5910	99	191	98.925	2.67e-38
C90P4ANXX160330:4:1206:6674:95473/1	100	100	1	smNRPS-1/2	5910	42	141	99	3.43e-42
C90P4ANXX160330:5:2216:18797:81427/1	100	1	100	smNRPS-1/2	5910	1579	1678	99	3.43e-42
C90P4ANXX160330:6:2312:12288:2767/2	98	98	1	smNRPS-1/2	5910	4668	4765	100	9.52e-43
C90P4ANXX160330:4:2206:4567:56415/1	101	1	101	smNRPS-1/2	5910	791	891	100	2.05e-44
C90P4ANXX160330:4:2206:4567:56415/2	101	101	1	smNRPS-1/2	5910	808	908	100	2.05e-44
C90P4ANXX160330:6:2312:12288:2767/1	101	1	101	smNRPS-1/2	5910	4550	4650	100	2.05e-44
