C65YPACXX150129:7:1301:7777:79742/2	70	3	70	smNRPS-1/2	5910	1551	1618	97.059	1.09e-22
C65YPACXX150129:7:1301:5072:13718/1	101	1	101	smNRPS-1/2	5910	2236	2336	98.02	4.95e-41
C65YPACXX150129:7:1301:5072:13718/2	99	99	1	smNRPS-1/2	5910	2268	2366	98.99	1.38e-41
C65YPACXX150129:6:1309:2832:25169/1	101	1	101	smNRPS-1/2	5910	2236	2336	99.01	1.06e-42
C65YPACXX150129:6:1309:2832:25169/2	101	101	1	smNRPS-1/2	5910	2266	2366	99.01	1.06e-42
C65YPACXX150129:8:2108:16427:66778/1	101	101	1	smNRPS-1/2	5910	4990	5090	100	2.29e-44
C65YPACXX150129:8:2108:16427:66778/2	101	1	101	smNRPS-1/2	5910	4909	5009	100	2.29e-44
C65YPACXX150129:6:2103:16832:59033/1	81	1	81	smNRPS-1/2	5910	1193	1273	97.531	6.57e-30
C65YPACXX150129:6:2103:4164:84175/1	101	101	1	smNRPS-1/2	5910	5613	5713	95.05	5.05e-36
C65YPACXX150129:6:2309:8554:46855/2	101	101	2	smNRPS-1/2	5910	4219	4318	96	3.9e-37
C65YPACXX150129:7:2113:14341:64827/1	97	97	1	smNRPS-1/2	5910	4935	5031	96.907	3.9e-37
C65YPACXX150129:7:1204:13457:2551/1	101	97	1	smNRPS-1/2	5910	4935	5031	96.907	3.9e-37
C65YPACXX150129:7:2215:12446:18351/2	101	101	1	smNRPS-1/2	5910	4883	4983	96.04	1.08e-37
C65YPACXX150129:8:1105:8269:54481/2	101	1	101	smNRPS-1/2	5910	4483	4583	96.04	1.08e-37
C65YPACXX150129:6:2103:16832:59033/2	98	98	3	smNRPS-1/2	5910	1231	1326	97.917	3.01e-38
C65YPACXX150129:7:1105:12730:61028/2	100	1	100	smNRPS-1/2	5910	5529	5628	97	8.38e-39
C65YPACXX150129:7:2112:18013:4684/2	101	1	101	smNRPS-1/2	5910	3708	3808	97.03	2.33e-39
C65YPACXX150129:7:1105:12730:61028/1	101	101	1	smNRPS-1/2	5910	5665	5765	97.03	2.33e-39
C65YPACXX150129:7:2212:4025:27183/2	96	96	1	smNRPS-1/2	5910	25	120	98.958	6.48e-40
C65YPACXX150129:6:2210:12947:76850/1	101	1	101	smNRPS-1/2	5910	2053	2153	98.02	5.01e-41
C65YPACXX150129:8:1105:8269:54481/1	101	101	1	smNRPS-1/2	5910	4493	4593	98.02	5.01e-41
C65YPACXX150129:7:2112:18013:4684/1	101	101	1	smNRPS-1/2	5910	3996	4096	98.02	5.01e-41
C65YPACXX150129:7:2301:2796:76549/2	101	1	101	smNRPS-1/2	5910	2080	2180	98.02	5.01e-41
C65YPACXX150129:7:1214:3243:34810/2	101	99	1	smNRPS-1/2	5910	3370	3468	98.99	1.39e-41
C65YPACXX150129:7:2215:12446:18351/1	101	1	101	smNRPS-1/2	5910	4795	4895	99.01	1.08e-42
C65YPACXX150129:8:1103:17752:81543/1	101	101	1	smNRPS-1/2	5910	1647	1747	99.01	1.08e-42
C65YPACXX150129:8:1103:17752:81543/2	101	1	101	smNRPS-1/2	5910	1505	1605	99.01	1.08e-42
C65YPACXX150129:7:1214:3243:34810/1	101	1	101	smNRPS-1/2	5910	3364	3464	99.01	1.08e-42
C65YPACXX150129:6:2309:8554:46855/1	101	1	101	smNRPS-1/2	5910	4121	4221	99.01	1.08e-42
C65YPACXX150129:8:1112:6118:53965/2	101	101	1	smNRPS-1/2	5910	5084	5184	99.01	1.08e-42
C65YPACXX150129:6:2108:16437:88223/1	101	1	101	smNRPS-1/2	5910	5807	5907	100	2.31e-44
C65YPACXX150129:6:2210:12947:76850/2	101	101	1	smNRPS-1/2	5910	2103	2203	100	2.31e-44
C65YPACXX150129:7:2301:2796:76549/1	101	101	1	smNRPS-1/2	5910	2103	2203	100	2.31e-44
C65YPACXX150129:8:1112:6118:53965/1	101	1	101	smNRPS-1/2	5910	5046	5146	100	2.31e-44
C65YPACXX150129:7:1301:7777:79742/1	101	1	101	smNRPS-1/2	5910	3779	3879	100	2.31e-44
