C662FACXX150129:2:2315:4074:2812/2	101	101	1	smNRPS-1/2	5910	435	535	98.02	5.08e-41
C662FACXX150129:7:2309:8929:20961/1	72	1	72	smNRPS-1/2	5910	3665	3736	97.222	6.8e-25
C662FACXX150129:3:2303:11798:28940/1	89	1	89	smNRPS-1/2	5910	2759	2847	97.753	2.41e-34
C662FACXX150129:3:2213:16286:29024/2	97	1	97	smNRPS-1/2	5910	3284	3380	96.907	4.01e-37
C662FACXX150129:3:2213:16286:29024/1	101	101	1	smNRPS-1/2	5910	3412	3512	96.04	1.11e-37
C662FACXX150129:2:1303:17201:6969/1	101	101	1	smNRPS-1/2	5910	3667	3767	96.04	1.11e-37
C662FACXX150129:2:1303:17201:6969/2	97	1	97	smNRPS-1/2	5910	3512	3608	97.938	8.61e-39
C662FACXX150129:4:1213:7864:10594/2	96	96	1	smNRPS-1/2	5910	3169	3264	98.958	6.66e-40
C662FACXX150129:2:2307:4923:79806/2	93	1	93	smNRPS-1/2	5910	786	878	100	6.66e-40
C662FACXX150129:2:2203:7786:6730/1	99	1	99	smNRPS-1/2	5910	4975	5073	97.98	6.66e-40
C662FACXX150129:4:1213:7864:10594/1	97	1	97	smNRPS-1/2	5910	2871	2967	98.969	1.85e-40
C662FACXX150129:3:1210:9649:51251/1	97	1	97	smNRPS-1/2	5910	2373	2469	98.969	1.85e-40
C662FACXX150129:7:2214:15489:74663/1	97	1	97	smNRPS-1/2	5910	1632	1728	98.969	1.85e-40
C662FACXX150129:2:2315:4074:2812/1	101	101	1	smNRPS-1/2	5910	5488	5588	98.02	5.15e-41
C662FACXX150129:4:2304:18122:49491/1	101	1	101	smNRPS-1/2	5910	5152	5252	98.02	5.15e-41
C662FACXX150129:3:2112:12675:4254/2	101	1	101	smNRPS-1/2	5910	2458	2558	98.02	5.15e-41
C662FACXX150129:7:2214:15489:74663/2	101	98	1	smNRPS-1/2	5910	1847	1944	98.98	5.15e-41
C662FACXX150129:3:1210:9649:51251/2	99	99	1	smNRPS-1/2	5910	2427	2525	98.99	1.43e-41
C662FACXX150129:7:2114:13663:6265/2	100	100	1	smNRPS-1/2	5910	5731	5830	99	3.98e-42
C662FACXX150129:7:1311:19397:81106/2	101	1	101	smNRPS-1/2	5910	1459	1559	99.01	1.11e-42
C662FACXX150129:7:2309:8929:20961/2	101	101	1	smNRPS-1/2	5910	4148	4248	99.01	1.11e-42
C662FACXX150129:7:1109:16571:10052/1	101	1	101	smNRPS-1/2	5910	5319	5419	99.01	1.11e-42
C662FACXX150129:7:1109:16571:10052/2	101	101	1	smNRPS-1/2	5910	5361	5461	99.01	1.11e-42
C662FACXX150129:4:2304:18122:49491/2	101	101	1	smNRPS-1/2	5910	5311	5411	99.01	1.11e-42
C662FACXX150129:3:2112:12675:4254/1	101	101	1	smNRPS-1/2	5910	2503	2603	99.01	1.11e-42
C662FACXX150129:2:1202:8584:54421/1	101	1	101	smNRPS-1/2	5910	1476	1576	99.01	1.11e-42
C662FACXX150129:4:1301:1607:76658/2	101	1	101	smNRPS-1/2	5910	729	829	99.01	1.11e-42
C662FACXX150129:4:2303:11614:90165/1	101	1	101	smNRPS-1/2	5910	1479	1579	99.01	1.11e-42
C662FACXX150129:4:2305:15536:95815/2	99	99	1	smNRPS-1/2	5910	2067	2165	100	3.08e-43
C662FACXX150129:2:1102:17007:67700/2	99	1	99	smNRPS-1/2	5910	5752	5850	100	3.08e-43
C662FACXX150129:7:1311:19397:81106/1	101	101	1	smNRPS-1/2	5910	1550	1650	100	2.38e-44
C662FACXX150129:7:2114:13663:6265/1	101	1	101	smNRPS-1/2	5910	5242	5342	100	2.38e-44
C662FACXX150129:6:1205:18029:12859/1	101	101	1	smNRPS-1/2	5910	5818	5918	100	2.38e-44
C662FACXX150129:6:1205:18029:12859/2	101	1	101	smNRPS-1/2	5910	5810	5910	100	2.38e-44
C662FACXX150129:4:2305:15536:95815/1	101	1	101	smNRPS-1/2	5910	1953	2053	100	2.38e-44
C662FACXX150129:2:1102:17007:67700/1	101	101	1	smNRPS-1/2	5910	5828	5928	100	2.38e-44
C662FACXX150129:6:1308:3907:84051/1	101	101	1	smNRPS-1/2	5910	5828	5928	100	2.38e-44
C662FACXX150129:6:1308:3907:84051/2	101	1	101	smNRPS-1/2	5910	5752	5852	100	2.38e-44
C662FACXX150129:2:2307:4923:79806/1	101	101	1	smNRPS-1/2	5910	907	1007	100	2.38e-44
C662FACXX150129:2:1202:8584:54421/2	101	101	1	smNRPS-1/2	5910	1597	1697	100	2.38e-44
C662FACXX150129:4:1301:1607:76658/1	101	101	1	smNRPS-1/2	5910	768	868	100	2.38e-44
C662FACXX150129:6:1211:16049:4073/1	101	101	1	smNRPS-1/2	5910	1550	1650	100	2.38e-44
