C8G6HANXX160303:4:1206:10060:5307/1	101	1	101	smNRPS-1/2	5910	2257	2357	100	1.31e-44
C8G6HANXX160303:4:1206:10060:5307/2	101	101	1	smNRPS-1/2	5910	2284	2384	100	1.31e-44
C8G6HANXX160303:6:2210:7244:8550/1	101	99	1	smNRPS-1/2	5910	5238	5336	97.98	3.71e-40
C8G6HANXX160303:6:2210:7244:8550/2	101	1	96	smNRPS-1/2	5910	5242	5337	98.958	3.71e-40
C8G6HANXX160303:3:2115:4084:23555/1	101	1	94	smNRPS-1/2	5910	4377	4470	100	1.03e-40
C8G6HANXX160303:3:2107:14641:68912/1	101	1	101	smNRPS-1/2	5910	2795	2895	99.01	6.17e-43
C8G6HANXX160303:3:2107:14641:68912/2	101	101	1	smNRPS-1/2	5910	2827	2927	99.01	6.17e-43
C8G6HANXX160303:7:1103:11000:97531/2	101	101	1	smNRPS-1/2	5910	1912	2012	99.01	6.17e-43
C8G6HANXX160303:6:1310:5874:19345/1	99	99	1	smNRPS-1/2	5910	5303	5401	100	1.71e-43
C8G6HANXX160303:6:1310:5874:19345/2	101	1	101	smNRPS-1/2	5910	5260	5360	100	1.33e-44
C8G6HANXX160303:4:1316:8432:47054/1	101	101	1	smNRPS-1/2	5910	4197	4297	100	1.33e-44
C8G6HANXX160303:4:1316:8432:47054/2	101	1	101	smNRPS-1/2	5910	4062	4162	100	1.33e-44
C8G6HANXX160303:7:1103:11000:97531/1	101	1	101	smNRPS-1/2	5910	1837	1937	100	1.33e-44
C8G6HANXX160303:5:2111:20480:87545/1	101	101	1	smNRPS-1/2	5910	1861	1961	100	1.33e-44
C8G6HANXX160303:5:2111:20480:87545/2	101	1	101	smNRPS-1/2	5910	1831	1931	100	1.33e-44
