C65YPACXX150129:7:1314:16633:74719/2	70	70	1	smNRPS-1/2	5910	2291	2360	100	7e-27
C65YPACXX150129:8:1205:15095:89565/1	82	1	82	smNRPS-1/2	5910	2811	2892	98.78	6.95e-32
C65YPACXX150129:6:2111:10369:17153/2	83	83	1	smNRPS-1/2	5910	2744	2826	100	4.15e-34
C65YPACXX150129:6:2103:16856:13321/2	101	101	1	smNRPS-1/2	5910	3687	3787	97.03	4.12e-39
C65YPACXX150129:7:1312:10878:15785/2	94	1	94	smNRPS-1/2	5910	4876	4969	100	3.19e-40
C65YPACXX150129:8:2214:13599:22261/1	94	1	94	smNRPS-1/2	5910	2811	2904	100	3.19e-40
C65YPACXX150129:6:2103:16856:13321/1	101	1	101	smNRPS-1/2	5910	2861	2961	98.02	8.86e-41
C65YPACXX150129:8:2214:13599:22261/2	95	95	1	smNRPS-1/2	5910	2814	2908	100	8.86e-41
C65YPACXX150129:6:2214:17644:86163/1	101	1	96	smNRPS-1/2	5910	1666	1761	100	2.46e-41
C65YPACXX150129:6:2214:17644:86163/2	101	96	1	smNRPS-1/2	5910	1666	1761	100	2.46e-41
C65YPACXX150129:6:2111:10369:17153/1	96	1	96	smNRPS-1/2	5910	2573	2668	100	2.46e-41
C65YPACXX150129:8:2114:13140:82330/2	97	97	1	smNRPS-1/2	5910	1665	1761	100	6.85e-42
C65YPACXX150129:6:1108:1404:29827/1	101	101	1	smNRPS-1/2	5910	4690	4790	99.01	1.9e-42
C65YPACXX150129:8:2108:1219:32078/1	101	101	1	smNRPS-1/2	5910	2769	2869	99.01	1.9e-42
C65YPACXX150129:8:2108:1219:32078/2	101	1	101	smNRPS-1/2	5910	2522	2622	99.01	1.9e-42
C65YPACXX150129:6:2309:19445:47371/1	101	101	1	smNRPS-1/2	5910	4690	4790	99.01	1.9e-42
C65YPACXX150129:8:2107:19093:18067/2	98	98	1	smNRPS-1/2	5910	1664	1761	100	1.9e-42
C65YPACXX150129:8:1311:9599:71215/1	101	101	1	smNRPS-1/2	5910	4690	4790	99.01	1.9e-42
C65YPACXX150129:8:2101:6045:60674/1	101	1	101	smNRPS-1/2	5910	2103	2203	99.01	1.9e-42
C65YPACXX150129:8:2314:2591:9982/1	101	1	101	smNRPS-1/2	5910	5031	5131	100	4.09e-44
C65YPACXX150129:8:2314:2591:9982/2	101	101	1	smNRPS-1/2	5910	5174	5274	100	4.09e-44
C65YPACXX150129:6:2106:20435:33597/1	101	1	101	smNRPS-1/2	5910	4784	4884	100	4.09e-44
C65YPACXX150129:6:2106:20435:33597/2	101	101	1	smNRPS-1/2	5910	4954	5054	100	4.09e-44
C65YPACXX150129:6:1108:1404:29827/2	101	1	101	smNRPS-1/2	5910	4619	4719	100	4.09e-44
C65YPACXX150129:7:1210:4510:29187/1	101	1	101	smNRPS-1/2	5910	4044	4144	100	4.09e-44
C65YPACXX150129:7:1210:4510:29187/2	101	101	1	smNRPS-1/2	5910	4229	4329	100	4.09e-44
C65YPACXX150129:6:1315:16309:37712/1	101	101	1	smNRPS-1/2	5910	233	333	100	4.09e-44
C65YPACXX150129:6:1315:16309:37712/2	101	1	101	smNRPS-1/2	5910	43	143	100	4.09e-44
C65YPACXX150129:7:1303:14459:40519/1	101	1	101	smNRPS-1/2	5910	2118	2218	100	4.09e-44
C65YPACXX150129:7:1303:14459:40519/2	101	101	1	smNRPS-1/2	5910	2181	2281	100	4.09e-44
C65YPACXX150129:6:2309:19445:47371/2	101	1	101	smNRPS-1/2	5910	4619	4719	100	4.09e-44
C65YPACXX150129:7:1312:10878:15785/1	101	101	1	smNRPS-1/2	5910	5142	5242	100	4.09e-44
C65YPACXX150129:6:1204:11756:23565/1	101	101	1	smNRPS-1/2	5910	4123	4223	100	4.09e-44
C65YPACXX150129:6:1204:11756:23565/2	101	1	101	smNRPS-1/2	5910	4022	4122	100	4.09e-44
C65YPACXX150129:6:2301:1400:20022/1	101	1	101	smNRPS-1/2	5910	2530	2630	100	4.09e-44
C65YPACXX150129:6:2301:1400:20022/2	101	101	1	smNRPS-1/2	5910	2669	2769	100	4.09e-44
C65YPACXX150129:8:1311:9599:71215/2	101	1	101	smNRPS-1/2	5910	4619	4719	100	4.09e-44
C65YPACXX150129:7:1211:18471:80521/1	101	101	1	smNRPS-1/2	5910	2481	2581	100	4.09e-44
C65YPACXX150129:7:1312:20216:81320/1	101	1	101	smNRPS-1/2	5910	3723	3823	100	4.09e-44
C65YPACXX150129:6:2205:10023:41218/2	101	101	1	smNRPS-1/2	5910	1781	1879	96.04	6.98e-37
C65YPACXX150129:6:1108:3576:77394/2	101	101	1	smNRPS-1/2	5910	4968	5068	98.02	8.97e-41
C65YPACXX150129:6:2205:10023:41218/1	101	1	101	smNRPS-1/2	5910	1430	1530	99.01	1.93e-42
C65YPACXX150129:6:1108:3576:77394/1	101	1	101	smNRPS-1/2	5910	4760	4860	100	4.14e-44
C65YPACXX150129:7:2311:1559:7968/1	101	101	1	smNRPS-1/2	5910	2491	2591	100	4.14e-44
C65YPACXX150129:7:2311:1559:7968/2	101	1	101	smNRPS-1/2	5910	2325	2425	100	4.14e-44
