C65YPACXX150129:8:1112:20418:78692/2	101	101	1	smNRPS-1/2	5910	563	663	96.04	1.68e-37
C65YPACXX150129:8:2215:19100:77023/2	101	1	101	smNRPS-1/2	5910	2305	2405	99.01	1.67e-42
C65YPACXX150129:6:2115:9314:72630/2	101	1	101	smNRPS-1/2	5910	2305	2405	99.01	1.67e-42
C65YPACXX150129:8:2306:9045:47139/1	101	48	101	smNRPS-1/2	5910	1	54	100	4.86e-18
C65YPACXX150129:7:2315:16310:88463/2	101	48	101	smNRPS-1/2	5910	1	54	100	4.86e-18
C65YPACXX150129:8:2106:12840:25156/2	71	71	1	smNRPS-1/2	5910	1050	1120	97.183	3.73e-24
C65YPACXX150129:8:1310:6065:65452/2	72	72	1	smNRPS-1/2	5910	368	439	98.611	2.23e-26
C65YPACXX150129:8:1107:19497:98178/1	71	1	71	smNRPS-1/2	5910	997	1067	100	1.72e-27
C65YPACXX150129:6:1216:9325:62160/2	76	76	1	smNRPS-1/2	5910	5511	5586	98.684	1.33e-28
C65YPACXX150129:7:2109:19016:81056/2	79	1	79	smNRPS-1/2	5910	547	625	100	6.16e-32
C65YPACXX150129:8:2202:19402:61921/2	79	79	1	smNRPS-1/2	5910	3448	3526	100	6.16e-32
C65YPACXX150129:7:1116:5411:43373/1	86	86	1	smNRPS-1/2	5910	3536	3621	97.674	1.71e-32
C65YPACXX150129:8:1302:6490:86576/1	81	1	81	smNRPS-1/2	5910	2396	2476	100	4.76e-33
C65YPACXX150129:7:1303:5593:41959/2	92	92	1	smNRPS-1/2	5910	1742	1831	96.739	1.32e-33
C65YPACXX150129:8:2308:7110:37138/1	82	1	82	smNRPS-1/2	5910	3774	3855	100	1.32e-33
C65YPACXX150129:8:2308:14635:26596/1	101	19	101	smNRPS-1/2	5910	1	83	100	3.68e-34
C65YPACXX150129:6:2307:19018:52669/1	86	86	1	smNRPS-1/2	5910	655	740	98.837	3.68e-34
C65YPACXX150129:7:1314:14713:56344/1	88	88	1	smNRPS-1/2	5910	375	462	98.864	2.84e-35
C65YPACXX150129:8:2302:13647:57016/2	89	89	1	smNRPS-1/2	5910	3962	4050	98.876	7.91e-36
C65YPACXX150129:7:1115:16046:48742/1	90	1	90	smNRPS-1/2	5910	1096	1185	98.889	2.2e-36
C65YPACXX150129:7:1103:20241:81744/2	98	1	98	smNRPS-1/2	5910	1808	1903	96.939	6.11e-37
C65YPACXX150129:7:1208:6365:32814/2	88	1	88	smNRPS-1/2	5910	1163	1250	100	6.11e-37
C65YPACXX150129:6:1102:7806:94726/2	94	1	94	smNRPS-1/2	5910	5595	5688	97.872	6.11e-37
C65YPACXX150129:7:2206:18723:81845/1	94	1	94	smNRPS-1/2	5910	1069	1162	97.872	6.11e-37
C65YPACXX150129:6:1102:1808:78568/1	101	92	1	smNRPS-1/2	5910	1457	1548	98.913	1.7e-37
C65YPACXX150129:6:1102:1808:78568/2	101	1	95	smNRPS-1/2	5910	1457	1552	97.917	1.7e-37
C65YPACXX150129:8:2207:16997:65986/1	89	89	1	smNRPS-1/2	5910	706	794	100	1.7e-37
C65YPACXX150129:7:1112:12605:79321/2	101	1	95	smNRPS-1/2	5910	1002	1098	97.938	4.73e-38
C65YPACXX150129:7:1210:17984:63392/1	96	1	96	smNRPS-1/2	5910	2784	2879	97.917	4.73e-38
C65YPACXX150129:7:2209:8909:4296/2	93	93	1	smNRPS-1/2	5910	1361	1453	98.925	4.73e-38
C65YPACXX150129:6:1110:19661:52412/2	101	1	101	smNRPS-1/2	5910	3104	3204	97.03	3.65e-39
C65YPACXX150129:8:1203:1680:22128/2	95	95	1	smNRPS-1/2	5910	5509	5603	98.947	3.65e-39
C65YPACXX150129:7:2103:14322:99178/1	98	98	1	smNRPS-1/2	5910	223	320	97.959	3.65e-39
C65YPACXX150129:6:1209:17727:28240/1	101	101	1	smNRPS-1/2	5910	3056	3156	97.03	3.65e-39
C65YPACXX150129:8:1102:20335:58670/2	93	1	93	smNRPS-1/2	5910	3216	3308	100	1.02e-39
C65YPACXX150129:6:2114:9374:71960/1	99	1	99	smNRPS-1/2	5910	5580	5678	97.98	1.02e-39
C65YPACXX150129:7:1301:3994:30403/2	96	96	1	smNRPS-1/2	5910	3997	4092	98.958	1.02e-39
C65YPACXX150129:6:1213:5548:33196/2	97	97	1	smNRPS-1/2	5910	5250	5346	98.969	2.82e-40
C65YPACXX150129:8:2306:9045:47139/2	101	101	1	smNRPS-1/2	5910	218	318	98.02	7.85e-41
C65YPACXX150129:6:2201:12337:73713/1	98	1	98	smNRPS-1/2	5910	3606	3703	98.98	7.85e-41
C65YPACXX150129:8:1107:19497:98178/2	101	99	5	smNRPS-1/2	5910	997	1091	100	7.85e-41
C65YPACXX150129:6:2114:9374:71960/2	101	101	1	smNRPS-1/2	5910	5581	5681	98.02	7.85e-41
C65YPACXX150129:7:1305:6051:45279/2	101	1	101	smNRPS-1/2	5910	5580	5680	98.02	7.85e-41
C65YPACXX150129:7:2208:19086:74572/2	101	101	1	smNRPS-1/2	5910	3124	3224	98.02	7.85e-41
C65YPACXX150129:7:1211:10337:73766/1	101	1	98	smNRPS-1/2	5910	3050	3147	98.98	7.85e-41
C65YPACXX150129:8:1112:6364:26901/1	101	1	101	smNRPS-1/2	5910	1002	1102	98.02	7.85e-41
C65YPACXX150129:8:1112:6364:26901/2	101	101	1	smNRPS-1/2	5910	1016	1116	98.02	7.85e-41
C65YPACXX150129:8:2202:19402:61921/1	101	1	98	smNRPS-1/2	5910	3050	3147	98.98	7.85e-41
C65YPACXX150129:8:1108:12734:61458/1	101	101	1	smNRPS-1/2	5910	3935	4035	98.02	7.85e-41
C65YPACXX150129:7:2102:9936:80789/1	101	1	101	smNRPS-1/2	5910	228	328	98.02	7.85e-41
C65YPACXX150129:6:1303:19791:12944/2	99	99	1	smNRPS-1/2	5910	5248	5346	98.99	2.18e-41
C65YPACXX150129:6:2113:13604:32322/1	96	1	96	smNRPS-1/2	5910	5147	5242	100	2.18e-41
C65YPACXX150129:7:1303:5593:41959/1	100	1	100	smNRPS-1/2	5910	1356	1455	99	6.07e-42
C65YPACXX150129:6:1215:19656:16080/1	101	97	1	smNRPS-1/2	5910	3177	3273	100	6.07e-42
C65YPACXX150129:6:1215:19656:16080/2	101	1	97	smNRPS-1/2	5910	3177	3273	100	6.07e-42
C65YPACXX150129:8:1213:16122:12647/2	97	97	1	smNRPS-1/2	5910	3367	3463	100	6.07e-42
C65YPACXX150129:8:2308:14635:26596/2	101	101	2	smNRPS-1/2	5910	174	273	99	6.07e-42
C65YPACXX150129:8:1305:15319:33448/1	101	97	1	smNRPS-1/2	5910	3177	3273	100	6.07e-42
C65YPACXX150129:8:1305:15319:33448/2	101	1	97	smNRPS-1/2	5910	3177	3273	100	6.07e-42
C65YPACXX150129:7:2209:8909:4296/1	97	1	97	smNRPS-1/2	5910	1108	1204	100	6.07e-42
C65YPACXX150129:6:1104:18565:60347/1	101	1	101	smNRPS-1/2	5910	1457	1557	99.01	1.69e-42
C65YPACXX150129:8:1207:7654:55153/2	101	101	1	smNRPS-1/2	5910	3824	3924	99.01	1.69e-42
C65YPACXX150129:7:1310:9140:76783/1	101	101	1	smNRPS-1/2	5910	5265	5365	99.01	1.69e-42
C65YPACXX150129:6:1216:9325:62160/1	101	1	101	smNRPS-1/2	5910	4921	5021	99.01	1.69e-42
C65YPACXX150129:7:1306:9181:60880/2	101	101	1	smNRPS-1/2	5910	3561	3661	99.01	1.69e-42
C65YPACXX150129:6:2113:13091:14515/1	101	101	1	smNRPS-1/2	5910	1460	1560	99.01	1.69e-42
C65YPACXX150129:6:2113:13091:14515/2	101	1	101	smNRPS-1/2	5910	1318	1418	99.01	1.69e-42
C65YPACXX150129:6:1303:19791:12944/1	101	1	101	smNRPS-1/2	5910	5242	5342	99.01	1.69e-42
C65YPACXX150129:8:2304:13774:51527/1	101	101	1	smNRPS-1/2	5910	1355	1455	99.01	1.69e-42
C65YPACXX150129:8:2304:13774:51527/2	101	1	101	smNRPS-1/2	5910	1316	1416	99.01	1.69e-42
C65YPACXX150129:6:1213:5548:33196/1	101	1	101	smNRPS-1/2	5910	5242	5342	99.01	1.69e-42
C65YPACXX150129:8:1313:17743:66188/2	101	101	1	smNRPS-1/2	5910	3824	3924	99.01	1.69e-42
C65YPACXX150129:7:2213:16987:83633/2	101	101	1	smNRPS-1/2	5910	5503	5603	99.01	1.69e-42
C65YPACXX150129:7:2106:6837:16431/2	98	98	1	smNRPS-1/2	5910	2835	2932	100	1.69e-42
C65YPACXX150129:8:2211:10484:90509/1	101	1	101	smNRPS-1/2	5910	2810	2910	99.01	1.69e-42
C65YPACXX150129:8:2209:7045:36351/2	101	1	101	smNRPS-1/2	5910	3959	4059	99.01	1.69e-42
C65YPACXX150129:7:2113:16124:18735/2	101	1	101	smNRPS-1/2	5910	5477	5577	99.01	1.69e-42
C65YPACXX150129:7:2116:3874:43846/1	101	1	101	smNRPS-1/2	5910	3860	3960	99.01	1.69e-42
C65YPACXX150129:7:2116:3874:43846/2	101	101	1	smNRPS-1/2	5910	3992	4092	99.01	1.69e-42
C65YPACXX150129:7:1303:3703:67096/1	101	101	1	smNRPS-1/2	5910	3875	3975	99.01	1.69e-42
C65YPACXX150129:7:1303:3703:67096/2	101	1	101	smNRPS-1/2	5910	3802	3902	99.01	1.69e-42
C65YPACXX150129:6:1306:8892:88267/1	101	101	1	smNRPS-1/2	5910	3875	3975	99.01	1.69e-42
C65YPACXX150129:6:1306:8892:88267/2	101	1	101	smNRPS-1/2	5910	3802	3902	99.01	1.69e-42
C65YPACXX150129:8:1116:8196:51846/2	101	101	1	smNRPS-1/2	5910	3543	3643	99.01	1.69e-42
C65YPACXX150129:8:1307:17261:22432/1	101	101	1	smNRPS-1/2	5910	3558	3658	99.01	1.69e-42
C65YPACXX150129:8:1307:17261:22432/2	101	1	101	smNRPS-1/2	5910	3517	3617	99.01	1.69e-42
C65YPACXX150129:6:2216:8198:95891/1	101	101	1	smNRPS-1/2	5910	4006	4106	99.01	1.69e-42
C65YPACXX150129:8:1204:13113:79410/1	101	101	1	smNRPS-1/2	5910	3832	3932	99.01	1.69e-42
C65YPACXX150129:8:1204:13113:79410/2	101	1	101	smNRPS-1/2	5910	3822	3922	99.01	1.69e-42
C65YPACXX150129:7:2306:8691:56345/1	101	101	1	smNRPS-1/2	5910	3596	3696	99.01	1.69e-42
C65YPACXX150129:7:2306:8691:56345/2	101	1	101	smNRPS-1/2	5910	3528	3628	99.01	1.69e-42
C65YPACXX150129:6:2303:9127:88561/1	101	101	1	smNRPS-1/2	5910	3558	3658	99.01	1.69e-42
C65YPACXX150129:6:2303:9127:88561/2	101	1	101	smNRPS-1/2	5910	3517	3617	99.01	1.69e-42
C65YPACXX150129:7:1207:3665:90892/1	101	1	101	smNRPS-1/2	5910	338	438	99.01	1.69e-42
C65YPACXX150129:6:1307:10234:14285/2	101	101	1	smNRPS-1/2	5910	2791	2891	99.01	1.69e-42
C65YPACXX150129:8:2311:9085:27935/1	101	1	101	smNRPS-1/2	5910	4479	4579	99.01	1.69e-42
C65YPACXX150129:8:2311:9085:27935/2	101	101	1	smNRPS-1/2	5910	4957	5057	99.01	1.69e-42
C65YPACXX150129:7:2113:18836:9000/2	101	101	1	smNRPS-1/2	5910	1353	1453	99.01	1.69e-42
C65YPACXX150129:7:1210:17984:63392/2	101	101	1	smNRPS-1/2	5910	2791	2891	99.01	1.69e-42
C65YPACXX150129:8:1108:12734:61458/2	98	1	98	smNRPS-1/2	5910	3394	3491	100	1.69e-42
C65YPACXX150129:7:1208:6365:32814/1	101	101	1	smNRPS-1/2	5910	1487	1587	99.01	1.69e-42
C65YPACXX150129:6:2304:11796:87252/1	101	101	1	smNRPS-1/2	5910	4800	4900	99.01	1.69e-42
C65YPACXX150129:7:1113:13350:63136/2	101	1	101	smNRPS-1/2	5910	4971	5071	99.01	1.69e-42
C65YPACXX150129:7:1305:1144:87881/1	101	101	1	smNRPS-1/2	5910	5457	5557	99.01	1.69e-42
C65YPACXX150129:7:1305:1144:87881/2	101	1	101	smNRPS-1/2	5910	5271	5371	99.01	1.69e-42
C65YPACXX150129:8:2215:19100:77023/1	101	1	101	smNRPS-1/2	5910	3284	3384	99.01	1.69e-42
C65YPACXX150129:7:2214:18221:36629/2	101	1	101	smNRPS-1/2	5910	83	183	99.01	1.69e-42
C65YPACXX150129:7:2212:19806:88268/1	101	1	101	smNRPS-1/2	5910	2864	2964	99.01	1.69e-42
C65YPACXX150129:7:1301:3994:30403/1	101	1	101	smNRPS-1/2	5910	3860	3960	99.01	1.69e-42
C65YPACXX150129:6:1308:5784:10377/1	101	101	1	smNRPS-1/2	5910	4354	4454	99.01	1.69e-42
C65YPACXX150129:6:1308:5784:10377/2	101	1	101	smNRPS-1/2	5910	4320	4420	99.01	1.69e-42
C65YPACXX150129:6:1202:15963:54600/1	101	101	1	smNRPS-1/2	5910	3829	3929	99.01	1.69e-42
C65YPACXX150129:8:2210:1778:32575/1	101	1	101	smNRPS-1/2	5910	4018	4118	99.01	1.69e-42
C65YPACXX150129:7:1302:15926:81267/2	101	101	1	smNRPS-1/2	5910	20	120	99.01	1.69e-42
C65YPACXX150129:8:1203:4835:40306/1	101	1	101	smNRPS-1/2	5910	5654	5754	99.01	1.69e-42
C65YPACXX150129:7:2104:20451:36885/1	101	101	1	smNRPS-1/2	5910	4022	4122	99.01	1.69e-42
C65YPACXX150129:7:1207:11114:88417/2	101	1	101	smNRPS-1/2	5910	5477	5577	99.01	1.69e-42
C65YPACXX150129:6:1302:18122:94651/1	98	98	1	smNRPS-1/2	5910	4702	4799	100	1.69e-42
C65YPACXX150129:7:1110:12846:10102/1	101	1	101	smNRPS-1/2	5910	2830	2930	99.01	1.69e-42
C65YPACXX150129:7:1105:3374:62777/2	101	1	101	smNRPS-1/2	5910	5298	5398	99.01	1.69e-42
C65YPACXX150129:7:1113:13350:63136/1	101	99	1	smNRPS-1/2	5910	5014	5112	100	4.69e-43
C65YPACXX150129:8:1209:3779:42193/2	99	1	99	smNRPS-1/2	5910	5793	5891	100	4.69e-43
C65YPACXX150129:8:2207:16997:65986/2	99	1	99	smNRPS-1/2	5910	135	233	100	4.69e-43
C65YPACXX150129:7:2104:20451:36885/2	101	1	99	smNRPS-1/2	5910	3795	3893	100	4.69e-43
C65YPACXX150129:6:2201:12337:73713/2	100	100	1	smNRPS-1/2	5910	3615	3714	100	1.3e-43
C65YPACXX150129:7:2302:18704:35382/2	100	1	100	smNRPS-1/2	5910	2450	2549	100	1.3e-43
C65YPACXX150129:6:1202:10466:47722/2	100	100	1	smNRPS-1/2	5910	4061	4160	100	1.3e-43
C65YPACXX150129:7:2205:11302:85128/2	100	1	100	smNRPS-1/2	5910	3660	3759	100	1.3e-43
C65YPACXX150129:8:1116:8196:51846/1	101	2	101	smNRPS-1/2	5910	3150	3249	100	1.3e-43
C65YPACXX150129:7:1207:3665:90892/2	100	100	1	smNRPS-1/2	5910	695	794	100	1.3e-43
C65YPACXX150129:6:2306:17789:88220/2	100	1	100	smNRPS-1/2	5910	3435	3534	100	1.3e-43
C65YPACXX150129:7:2212:19806:88268/2	100	100	1	smNRPS-1/2	5910	3165	3264	100	1.3e-43
C65YPACXX150129:7:1116:18524:94459/1	100	100	1	smNRPS-1/2	5910	4505	4604	100	1.3e-43
C65YPACXX150129:6:2115:19815:57104/1	100	100	1	smNRPS-1/2	5910	3636	3735	100	1.3e-43
C65YPACXX150129:8:1102:20335:58670/1	101	101	1	smNRPS-1/2	5910	3464	3564	100	3.63e-44
C65YPACXX150129:7:1204:4228:49729/1	101	101	1	smNRPS-1/2	5910	2837	2937	100	3.63e-44
C65YPACXX150129:7:1204:4228:49729/2	101	1	101	smNRPS-1/2	5910	2552	2652	100	3.63e-44
C65YPACXX150129:6:1104:18565:60347/2	101	101	1	smNRPS-1/2	5910	1570	1670	100	3.63e-44
C65YPACXX150129:8:1207:7654:55153/1	101	1	101	smNRPS-1/2	5910	3785	3885	100	3.63e-44
C65YPACXX150129:7:2109:19016:81056/1	101	101	1	smNRPS-1/2	5910	981	1081	100	3.63e-44
C65YPACXX150129:7:1310:9140:76783/2	101	1	101	smNRPS-1/2	5910	5104	5204	100	3.63e-44
C65YPACXX150129:6:2301:8677:7844/1	101	101	1	smNRPS-1/2	5910	2088	2188	100	3.63e-44
C65YPACXX150129:6:2301:8677:7844/2	101	1	101	smNRPS-1/2	5910	2005	2105	100	3.63e-44
C65YPACXX150129:8:1216:3684:44905/1	101	101	1	smNRPS-1/2	5910	2964	3064	100	3.63e-44
C65YPACXX150129:8:1216:3684:44905/2	101	1	101	smNRPS-1/2	5910	2936	3036	100	3.63e-44
C65YPACXX150129:7:1306:9181:60880/1	101	1	101	smNRPS-1/2	5910	3443	3543	100	3.63e-44
C65YPACXX150129:7:2205:8176:70681/1	101	1	101	smNRPS-1/2	5910	3488	3588	100	3.63e-44
C65YPACXX150129:7:2205:8176:70681/2	101	101	1	smNRPS-1/2	5910	3641	3741	100	3.63e-44
C65YPACXX150129:6:1110:19661:52412/1	101	101	1	smNRPS-1/2	5910	3202	3302	100	3.63e-44
C65YPACXX150129:8:1203:1680:22128/1	101	1	101	smNRPS-1/2	5910	5393	5493	100	3.63e-44
C65YPACXX150129:7:2103:14322:99178/2	101	1	101	smNRPS-1/2	5910	133	233	100	3.63e-44
C65YPACXX150129:7:2302:18704:35382/1	101	101	1	smNRPS-1/2	5910	3304	3404	100	3.63e-44
C65YPACXX150129:6:2202:15128:12022/1	101	101	1	smNRPS-1/2	5910	1265	1365	100	3.63e-44
C65YPACXX150129:6:2202:15128:12022/2	101	1	101	smNRPS-1/2	5910	1181	1281	100	3.63e-44
C65YPACXX150129:8:1313:17743:66188/1	101	1	101	smNRPS-1/2	5910	3759	3859	100	3.63e-44
C65YPACXX150129:6:1202:10466:47722/1	101	1	101	smNRPS-1/2	5910	4052	4152	100	3.63e-44
C65YPACXX150129:7:2215:17925:57760/1	101	1	101	smNRPS-1/2	5910	5350	5450	100	3.63e-44
C65YPACXX150129:7:2215:17925:57760/2	101	101	1	smNRPS-1/2	5910	5413	5513	100	3.63e-44
C65YPACXX150129:7:2213:16987:83633/1	101	1	101	smNRPS-1/2	5910	5393	5493	100	3.63e-44
C65YPACXX150129:7:1305:6051:45279/1	101	101	1	smNRPS-1/2	5910	5817	5917	100	3.63e-44
C65YPACXX150129:6:1109:2718:59783/1	101	1	101	smNRPS-1/2	5910	2578	2678	100	3.63e-44
C65YPACXX150129:6:1109:2718:59783/2	101	101	1	smNRPS-1/2	5910	2715	2815	100	3.63e-44
C65YPACXX150129:7:2106:6837:16431/1	101	1	101	smNRPS-1/2	5910	2432	2532	100	3.63e-44
C65YPACXX150129:8:1101:13336:93177/1	101	101	1	smNRPS-1/2	5910	1634	1734	100	3.63e-44
C65YPACXX150129:8:1101:13336:93177/2	101	1	101	smNRPS-1/2	5910	1530	1630	100	3.63e-44
C65YPACXX150129:8:2211:10484:90509/2	101	101	1	smNRPS-1/2	5910	2850	2950	100	3.63e-44
C65YPACXX150129:7:2205:11302:85128/1	101	101	1	smNRPS-1/2	5910	3907	4007	100	3.63e-44
C65YPACXX150129:8:2116:12033:97590/1	101	101	1	smNRPS-1/2	5910	5084	5184	100	3.63e-44
C65YPACXX150129:8:2116:12033:97590/2	101	1	101	smNRPS-1/2	5910	4740	4840	100	3.63e-44
C65YPACXX150129:7:1206:7841:38410/1	101	1	101	smNRPS-1/2	5910	3683	3783	100	3.63e-44
C65YPACXX150129:7:1206:7841:38410/2	101	101	1	smNRPS-1/2	5910	3710	3810	100	3.63e-44
C65YPACXX150129:8:2209:7045:36351/1	101	101	1	smNRPS-1/2	5910	4148	4248	100	3.63e-44
C65YPACXX150129:7:1103:20241:81744/1	101	101	1	smNRPS-1/2	5910	2088	2188	100	3.63e-44
C65YPACXX150129:7:2113:16124:18735/1	101	101	1	smNRPS-1/2	5910	5687	5787	100	3.63e-44
C65YPACXX150129:6:1116:5418:46055/1	101	101	1	smNRPS-1/2	5910	775	875	100	3.63e-44
C65YPACXX150129:6:1116:5418:46055/2	101	1	101	smNRPS-1/2	5910	634	734	100	3.63e-44
C65YPACXX150129:7:2208:19086:74572/1	101	1	101	smNRPS-1/2	5910	2973	3073	100	3.63e-44
C65YPACXX150129:6:2216:8198:95891/2	101	1	101	smNRPS-1/2	5910	3916	4016	100	3.63e-44
C65YPACXX150129:6:2106:19506:23294/1	101	101	1	smNRPS-1/2	5910	5084	5184	100	3.63e-44
C65YPACXX150129:6:2106:19506:23294/2	101	1	101	smNRPS-1/2	5910	4740	4840	100	3.63e-44
C65YPACXX150129:7:2104:19593:17252/1	101	1	101	smNRPS-1/2	5910	5825	5925	100	3.63e-44
C65YPACXX150129:7:1214:6788:71385/2	101	1	101	smNRPS-1/2	5910	5820	5920	100	3.63e-44
C65YPACXX150129:6:2313:15432:52036/1	101	1	101	smNRPS-1/2	5910	5819	5919	100	3.63e-44
C65YPACXX150129:8:1213:16122:12647/1	101	1	101	smNRPS-1/2	5910	3358	3458	100	3.63e-44
C65YPACXX150129:7:1311:15392:66082/1	101	101	1	smNRPS-1/2	5910	4091	4191	100	3.63e-44
C65YPACXX150129:7:1311:15392:66082/2	101	1	101	smNRPS-1/2	5910	3785	3885	100	3.63e-44
C65YPACXX150129:8:2212:17954:87722/1	101	101	1	smNRPS-1/2	5910	4515	4615	100	3.63e-44
C65YPACXX150129:8:2212:17954:87722/2	101	1	101	smNRPS-1/2	5910	4493	4593	100	3.63e-44
C65YPACXX150129:8:1302:6490:86576/2	101	101	1	smNRPS-1/2	5910	2662	2762	100	3.63e-44
C65YPACXX150129:8:1310:18231:62812/1	101	101	1	smNRPS-1/2	5910	2441	2541	100	3.63e-44
C65YPACXX150129:8:1310:18231:62812/2	101	1	101	smNRPS-1/2	5910	2315	2415	100	3.63e-44
C65YPACXX150129:6:1307:10234:14285/1	101	1	101	smNRPS-1/2	5910	2457	2557	100	3.63e-44
C65YPACXX150129:7:1211:10337:73766/2	101	101	1	smNRPS-1/2	5910	3426	3526	100	3.63e-44
C65YPACXX150129:7:1209:13296:92412/1	101	101	1	smNRPS-1/2	5910	2682	2782	100	3.63e-44
C65YPACXX150129:7:1209:13296:92412/2	101	1	101	smNRPS-1/2	5910	2330	2430	100	3.63e-44
C65YPACXX150129:7:1106:14553:53199/1	101	101	1	smNRPS-1/2	5910	4124	4224	100	3.63e-44
C65YPACXX150129:7:1106:14553:53199/2	101	1	101	smNRPS-1/2	5910	4042	4142	100	3.63e-44
C65YPACXX150129:8:2108:14490:76384/1	101	101	1	smNRPS-1/2	5910	1272	1372	100	3.63e-44
C65YPACXX150129:8:2108:14490:76384/2	101	1	101	smNRPS-1/2	5910	1173	1273	100	3.63e-44
C65YPACXX150129:7:2113:18836:9000/1	101	1	101	smNRPS-1/2	5910	1108	1208	100	3.63e-44
C65YPACXX150129:6:2306:17789:88220/1	101	101	1	smNRPS-1/2	5910	3506	3606	100	3.63e-44
C65YPACXX150129:8:2313:3672:76955/1	101	1	101	smNRPS-1/2	5910	4104	4204	100	3.63e-44
C65YPACXX150129:8:2313:3672:76955/2	101	101	1	smNRPS-1/2	5910	4161	4261	100	3.63e-44
C65YPACXX150129:8:2109:18876:30096/1	101	101	1	smNRPS-1/2	5910	2211	2311	100	3.63e-44
C65YPACXX150129:8:2109:18876:30096/2	101	1	101	smNRPS-1/2	5910	2163	2263	100	3.63e-44
C65YPACXX150129:8:2309:14215:32600/1	101	1	101	smNRPS-1/2	5910	3284	3384	100	3.63e-44
C65YPACXX150129:8:2309:14215:32600/2	101	101	1	smNRPS-1/2	5910	3293	3393	100	3.63e-44
C65YPACXX150129:7:2315:16310:88463/1	101	101	1	smNRPS-1/2	5910	1	101	100	3.63e-44
C65YPACXX150129:8:2105:2479:71571/1	101	1	101	smNRPS-1/2	5910	2264	2364	100	3.63e-44
C65YPACXX150129:8:2105:2479:71571/2	101	101	1	smNRPS-1/2	5910	2352	2452	100	3.63e-44
C65YPACXX150129:7:1313:18758:13758/1	101	101	1	smNRPS-1/2	5910	845	945	100	3.63e-44
C65YPACXX150129:7:1313:18758:13758/2	101	1	101	smNRPS-1/2	5910	693	793	100	3.63e-44
C65YPACXX150129:6:2304:11796:87252/2	101	1	101	smNRPS-1/2	5910	4726	4826	100	3.63e-44
C65YPACXX150129:6:1109:3510:87193/1	101	101	1	smNRPS-1/2	5910	4072	4172	100	3.63e-44
C65YPACXX150129:6:1109:3510:87193/2	101	1	101	smNRPS-1/2	5910	3913	4013	100	3.63e-44
C65YPACXX150129:6:2116:3399:89302/1	101	101	1	smNRPS-1/2	5910	1638	1738	100	3.63e-44
C65YPACXX150129:6:2116:3399:89302/2	101	1	101	smNRPS-1/2	5910	1603	1703	100	3.63e-44
C65YPACXX150129:7:2214:18221:36629/1	101	101	1	smNRPS-1/2	5910	627	727	100	3.63e-44
C65YPACXX150129:8:2302:13647:57016/1	101	1	101	smNRPS-1/2	5910	3792	3892	100	3.63e-44
C65YPACXX150129:7:1110:20340:91506/1	101	1	101	smNRPS-1/2	5910	1578	1678	100	3.63e-44
C65YPACXX150129:6:2115:9314:72630/1	101	1	101	smNRPS-1/2	5910	3463	3563	100	3.63e-44
C65YPACXX150129:6:1102:7806:94726/1	101	101	1	smNRPS-1/2	5910	5680	5780	100	3.63e-44
C65YPACXX150129:8:1209:18491:99113/1	101	101	1	smNRPS-1/2	5910	1628	1728	100	3.63e-44
C65YPACXX150129:8:1209:18491:99113/2	101	1	101	smNRPS-1/2	5910	1578	1678	100	3.63e-44
C65YPACXX150129:6:1204:11833:81274/1	101	1	101	smNRPS-1/2	5910	632	732	100	3.63e-44
C65YPACXX150129:6:1204:11833:81274/2	101	101	1	smNRPS-1/2	5910	736	836	100	3.63e-44
C65YPACXX150129:6:1202:15963:54600/2	101	1	101	smNRPS-1/2	5910	3753	3853	100	3.63e-44
C65YPACXX150129:7:1307:17578:85047/1	101	101	1	smNRPS-1/2	5910	874	974	100	3.63e-44
C65YPACXX150129:7:1307:17578:85047/2	101	1	101	smNRPS-1/2	5910	776	876	100	3.63e-44
C65YPACXX150129:7:2311:8784:3772/1	101	101	1	smNRPS-1/2	5910	2340	2440	100	3.63e-44
C65YPACXX150129:7:2311:8784:3772/2	101	1	101	smNRPS-1/2	5910	2227	2327	100	3.63e-44
C65YPACXX150129:6:2202:8286:26474/1	101	101	1	smNRPS-1/2	5910	893	993	100	3.63e-44
C65YPACXX150129:6:2202:8286:26474/2	101	1	101	smNRPS-1/2	5910	786	886	100	3.63e-44
C65YPACXX150129:6:1112:14953:97350/2	101	101	1	smNRPS-1/2	5910	131	231	100	3.63e-44
C65YPACXX150129:8:2210:1778:32575/2	101	101	1	smNRPS-1/2	5910	4186	4286	100	3.63e-44
C65YPACXX150129:6:1308:5817:45798/1	101	1	101	smNRPS-1/2	5910	1539	1639	100	3.63e-44
C65YPACXX150129:6:1308:5817:45798/2	101	101	1	smNRPS-1/2	5910	1637	1737	100	3.63e-44
C65YPACXX150129:8:2206:5461:15290/1	101	101	1	smNRPS-1/2	5910	2030	2130	100	3.63e-44
C65YPACXX150129:8:2206:5461:15290/2	101	1	101	smNRPS-1/2	5910	1879	1979	100	3.63e-44
C65YPACXX150129:8:2314:20454:98802/1	101	1	101	smNRPS-1/2	5910	2578	2678	100	3.63e-44
C65YPACXX150129:8:2314:20454:98802/2	101	101	1	smNRPS-1/2	5910	2715	2815	100	3.63e-44
C65YPACXX150129:7:1207:11114:88417/1	101	101	1	smNRPS-1/2	5910	5687	5787	100	3.63e-44
C65YPACXX150129:7:1202:12421:29183/1	101	101	1	smNRPS-1/2	5910	3173	3273	100	3.63e-44
C65YPACXX150129:6:2206:19624:69339/1	101	101	1	smNRPS-1/2	5910	2857	2957	100	3.63e-44
C65YPACXX150129:6:1305:4652:13702/1	101	101	1	smNRPS-1/2	5910	1115	1215	100	3.63e-44
C65YPACXX150129:7:1116:16674:99641/1	101	1	101	smNRPS-1/2	5910	867	967	100	3.63e-44
C65YPACXX150129:7:2112:7740:100681/1	101	1	101	smNRPS-1/2	5910	1568	1668	100	3.63e-44
C65YPACXX150129:6:2306:6475:13250/1	101	1	101	smNRPS-1/2	5910	2715	2815	100	3.63e-44
C65YPACXX150129:7:2314:13870:56095/1	101	1	101	smNRPS-1/2	5910	3660	3760	100	3.63e-44
C65YPACXX150129:8:1207:14830:84216/2	101	101	1	smNRPS-1/2	5910	2715	2815	100	3.63e-44
