C90P4ANXX160330:1:2109:11004:38298/1	101	1	77	smNRPS-1/2	5910	5799	5875	100	5.99e-31
C90P4ANXX160330:6:2311:11020:85589/1	101	1	101	smNRPS-1/2	5910	4289	4389	97.03	2.75e-39
C90P4ANXX160330:4:1104:5501:70690/2	101	1	101	smNRPS-1/2	5910	419	519	98.02	5.91e-41
C90P4ANXX160330:4:1104:5501:70690/1	101	101	1	smNRPS-1/2	5910	433	533	99.01	1.27e-42
C90P4ANXX160330:1:2208:5128:86003/2	101	101	1	smNRPS-1/2	5910	615	715	100	2.73e-44
C90P4ANXX160330:6:2101:5611:66887/1	64	1	63	smNRPS-1/2	5910	3831	3893	96.825	7.96e-20
C90P4ANXX160330:6:1202:19795:7547/1	61	61	1	smNRPS-1/2	5910	2655	2715	100	4.76e-22
C90P4ANXX160330:1:2305:7812:11041/1	75	75	6	smNRPS-1/2	5910	5876	5945	97.143	1.02e-23
C90P4ANXX160330:1:2311:19408:21938/1	70	70	3	smNRPS-1/2	5910	1024	1091	100	6.11e-26
C90P4ANXX160330:4:2315:3749:52068/1	74	74	1	smNRPS-1/2	5910	1884	1957	97.297	6.11e-26
C90P4ANXX160330:4:1109:9584:7184/1	81	1	81	smNRPS-1/2	5910	3608	3688	96.296	3.65e-28
C90P4ANXX160330:6:1202:19795:7547/2	79	1	79	smNRPS-1/2	5910	2231	2309	97.468	1.02e-28
C90P4ANXX160330:3:1311:9403:91727/1	79	1	79	smNRPS-1/2	5910	3265	3343	97.468	1.02e-28
C90P4ANXX160330:3:1311:9403:91727/2	81	81	1	smNRPS-1/2	5910	3314	3394	97.531	7.85e-30
C90P4ANXX160330:4:1209:9699:99830/2	79	77	1	smNRPS-1/2	5910	5034	5110	100	6.07e-31
C90P4ANXX160330:2:1114:12524:43387/2	100	1	84	smNRPS-1/2	5910	5862	5945	97.619	1.69e-31
C90P4ANXX160330:5:1301:15695:28208/1	87	87	1	smNRPS-1/2	5910	5740	5826	97.701	3.63e-33
C90P4ANXX160330:2:2101:3696:43698/1	92	91	1	smNRPS-1/2	5910	3484	3574	96.703	1.01e-33
C90P4ANXX160330:4:1109:9584:7184/2	95	95	1	smNRPS-1/2	5910	3606	3700	96.842	6.02e-36
C90P4ANXX160330:6:2303:17740:11285/1	96	1	96	smNRPS-1/2	5910	1212	1307	96.875	1.67e-36
C90P4ANXX160330:6:2205:3235:89974/2	101	101	1	smNRPS-1/2	5910	3424	3524	96.04	1.29e-37
C90P4ANXX160330:4:1204:8721:74622/1	101	98	1	smNRPS-1/2	5910	5502	5599	96.939	1.29e-37
C90P4ANXX160330:5:2204:4903:83219/1	96	1	96	smNRPS-1/2	5910	1460	1555	97.917	3.6e-38
C90P4ANXX160330:3:2312:18390:73763/2	101	6	101	smNRPS-1/2	5910	3886	3981	97.917	3.6e-38
C90P4ANXX160330:6:1307:8071:46755/1	93	1	93	smNRPS-1/2	5910	3183	3275	98.925	3.6e-38
C90P4ANXX160330:1:2305:3159:91392/1	96	1	96	smNRPS-1/2	5910	2209	2304	97.917	3.6e-38
C90P4ANXX160330:2:2105:6325:99752/1	100	100	1	smNRPS-1/2	5910	3844	3943	97	1e-38
C90P4ANXX160330:4:1209:9699:99830/1	101	1	101	smNRPS-1/2	5910	5001	5101	97.03	2.78e-39
C90P4ANXX160330:2:1207:15048:28624/1	101	101	1	smNRPS-1/2	5910	3789	3889	97.03	2.78e-39
C90P4ANXX160330:4:2205:9700:41352/1	101	1	101	smNRPS-1/2	5910	4995	5095	97.03	2.78e-39
C90P4ANXX160330:2:2206:9943:84658/1	101	1	101	smNRPS-1/2	5910	4977	5077	97.03	2.78e-39
C90P4ANXX160330:1:1104:10749:38518/1	101	1	101	smNRPS-1/2	5910	4975	5075	97.03	2.78e-39
C90P4ANXX160330:2:2301:19789:7666/2	101	101	1	smNRPS-1/2	5910	3858	3958	97.03	2.78e-39
C90P4ANXX160330:6:2303:11150:14374/2	101	101	1	smNRPS-1/2	5910	3272	3372	97.03	2.78e-39
C90P4ANXX160330:2:1207:15048:28624/2	99	1	99	smNRPS-1/2	5910	3637	3735	97.98	7.74e-40
C90P4ANXX160330:6:2302:13637:22097/1	99	99	1	smNRPS-1/2	5910	3950	4048	97.98	7.74e-40
C90P4ANXX160330:1:1302:14955:65081/1	93	1	93	smNRPS-1/2	5910	5283	5375	100	7.74e-40
C90P4ANXX160330:5:2204:4903:83219/2	97	97	1	smNRPS-1/2	5910	1588	1684	98.969	2.15e-40
C90P4ANXX160330:3:2109:15951:35303/1	97	97	1	smNRPS-1/2	5910	698	794	98.969	2.15e-40
C90P4ANXX160330:5:1114:10316:53465/2	101	101	2	smNRPS-1/2	5910	1989	2088	98	2.15e-40
C90P4ANXX160330:2:1203:8877:79191/1	101	1	101	smNRPS-1/2	5910	3248	3348	98.02	5.98e-41
C90P4ANXX160330:3:1106:7952:60782/2	101	101	1	smNRPS-1/2	5910	3518	3618	98.02	5.98e-41
C90P4ANXX160330:2:2105:6325:99752/2	101	1	101	smNRPS-1/2	5910	3733	3833	98.02	5.98e-41
C90P4ANXX160330:4:2313:12549:66689/2	101	101	1	smNRPS-1/2	5910	655	755	98.02	5.98e-41
C90P4ANXX160330:6:2205:3235:89974/1	101	1	101	smNRPS-1/2	5910	3388	3488	98.02	5.98e-41
C90P4ANXX160330:3:2312:7123:80053/2	101	101	1	smNRPS-1/2	5910	4493	4593	98.02	5.98e-41
C90P4ANXX160330:2:2301:19789:7666/1	101	1	101	smNRPS-1/2	5910	3727	3827	98.02	5.98e-41
C90P4ANXX160330:6:2211:10409:90278/1	101	101	1	smNRPS-1/2	5910	1932	2032	98.02	5.98e-41
C90P4ANXX160330:3:2312:18390:73763/1	101	101	1	smNRPS-1/2	5910	3950	4050	98.02	5.98e-41
C90P4ANXX160330:5:1114:10316:53465/1	101	1	101	smNRPS-1/2	5910	1948	2048	98.02	5.98e-41
C90P4ANXX160330:2:1111:12927:71202/2	101	1	101	smNRPS-1/2	5910	2440	2540	98.02	5.98e-41
C90P4ANXX160330:4:2114:13484:42614/2	101	101	1	smNRPS-1/2	5910	2542	2642	98.02	5.98e-41
C90P4ANXX160330:3:2308:8931:12067/1	101	101	1	smNRPS-1/2	5910	2582	2682	98.02	5.98e-41
C90P4ANXX160330:3:2308:8931:12067/2	101	1	101	smNRPS-1/2	5910	2517	2617	98.02	5.98e-41
C90P4ANXX160330:2:1208:9327:25637/1	100	99	1	smNRPS-1/2	5910	3365	3463	98.99	1.66e-41
C90P4ANXX160330:4:2205:9700:41352/2	101	99	1	smNRPS-1/2	5910	5014	5112	98.99	1.66e-41
C90P4ANXX160330:3:2302:16422:14677/2	99	99	1	smNRPS-1/2	5910	2514	2612	98.99	1.66e-41
C90P4ANXX160330:1:2208:10485:64279/1	101	101	1	smNRPS-1/2	5910	4819	4919	98.02	1.66e-41
C90P4ANXX160330:3:2109:15951:35303/2	99	1	99	smNRPS-1/2	5910	550	648	98.99	1.66e-41
C90P4ANXX160330:2:2304:6238:64200/1	99	1	99	smNRPS-1/2	5910	1342	1440	98.99	1.66e-41
C90P4ANXX160330:4:2206:9897:55673/1	99	1	99	smNRPS-1/2	5910	2809	2907	98.99	1.66e-41
C90P4ANXX160330:1:2207:14197:4939/1	101	101	1	smNRPS-1/2	5910	2772	2872	98.02	1.66e-41
C90P4ANXX160330:1:2306:13477:4335/2	100	1	100	smNRPS-1/2	5910	1900	1999	99	4.62e-42
C90P4ANXX160330:5:1214:9814:75944/1	101	101	1	smNRPS-1/2	5910	2864	2964	99.01	1.29e-42
C90P4ANXX160330:5:1214:9814:75944/2	101	1	101	smNRPS-1/2	5910	2861	2961	99.01	1.29e-42
C90P4ANXX160330:4:2313:12549:66689/1	101	1	101	smNRPS-1/2	5910	642	742	99.01	1.29e-42
C90P4ANXX160330:3:2310:6429:50947/1	99	99	2	smNRPS-1/2	5910	3785	3882	100	1.29e-42
C90P4ANXX160330:2:2206:9943:84658/2	101	101	1	smNRPS-1/2	5910	5093	5193	99.01	1.29e-42
C90P4ANXX160330:2:1207:10956:44692/2	101	1	101	smNRPS-1/2	5910	73	173	99.01	1.29e-42
C90P4ANXX160330:1:1109:11190:98633/1	101	1	101	smNRPS-1/2	5910	616	716	99.01	1.29e-42
C90P4ANXX160330:1:1109:11190:98633/2	101	101	1	smNRPS-1/2	5910	653	753	99.01	1.29e-42
C90P4ANXX160330:1:2208:10485:64279/2	101	1	101	smNRPS-1/2	5910	4779	4879	99.01	1.29e-42
C90P4ANXX160330:1:2306:13477:4335/1	101	101	1	smNRPS-1/2	5910	1907	2007	99.01	1.29e-42
C90P4ANXX160330:1:2208:5128:86003/1	100	100	1	smNRPS-1/2	5910	5274	5373	99	1.29e-42
C90P4ANXX160330:2:1111:12927:71202/1	101	101	1	smNRPS-1/2	5910	2503	2603	99.01	1.29e-42
C90P4ANXX160330:6:1109:6068:11560/1	101	1	101	smNRPS-1/2	5910	693	793	99.01	1.29e-42
C90P4ANXX160330:6:1109:6068:11560/2	101	101	1	smNRPS-1/2	5910	703	803	99.01	1.29e-42
C90P4ANXX160330:4:2114:13484:42614/1	101	1	101	smNRPS-1/2	5910	2379	2479	99.01	1.29e-42
C90P4ANXX160330:1:1315:7528:73868/2	101	101	1	smNRPS-1/2	5910	2787	2887	99.01	1.29e-42
C90P4ANXX160330:3:2310:6429:50947/2	101	3	101	smNRPS-1/2	5910	3757	3855	100	3.57e-43
C90P4ANXX160330:6:2209:21192:36630/1	100	1	100	smNRPS-1/2	5910	781	880	100	9.94e-44
C90P4ANXX160330:3:2307:12298:93002/1	101	101	1	smNRPS-1/2	5910	3197	3297	100	2.76e-44
C90P4ANXX160330:3:2307:12298:93002/2	101	1	101	smNRPS-1/2	5910	3188	3288	100	2.76e-44
C90P4ANXX160330:2:1208:9327:25637/2	101	1	101	smNRPS-1/2	5910	3178	3278	100	2.76e-44
C90P4ANXX160330:6:1108:9531:45208/1	101	101	1	smNRPS-1/2	5910	3188	3288	100	2.76e-44
C90P4ANXX160330:6:1108:9531:45208/2	101	1	101	smNRPS-1/2	5910	3165	3265	100	2.76e-44
C90P4ANXX160330:2:2212:13560:87303/1	101	101	1	smNRPS-1/2	5910	2148	2248	100	2.76e-44
C90P4ANXX160330:2:2212:13560:87303/2	101	1	101	smNRPS-1/2	5910	2096	2196	100	2.76e-44
C90P4ANXX160330:3:2302:16422:14677/1	101	1	101	smNRPS-1/2	5910	2315	2415	100	2.76e-44
C90P4ANXX160330:1:1104:10749:38518/2	101	101	1	smNRPS-1/2	5910	5019	5119	100	2.76e-44
C90P4ANXX160330:6:2211:10409:90278/2	101	1	101	smNRPS-1/2	5910	1687	1787	100	2.76e-44
C90P4ANXX160330:6:2303:11150:14374/1	101	1	101	smNRPS-1/2	5910	2919	3019	100	2.76e-44
C90P4ANXX160330:3:2315:7465:47138/1	101	1	101	smNRPS-1/2	5910	3188	3288	100	2.76e-44
C90P4ANXX160330:1:2109:11980:19034/1	101	1	101	smNRPS-1/2	5910	1561	1661	100	2.76e-44
C90P4ANXX160330:5:2111:10276:31149/1	101	1	101	smNRPS-1/2	5910	5807	5907	100	2.76e-44
