C662FACXX150129:2:2211:2970:66735/1	101	1	101	smNRPS-1/2	5910	1509	1609	95.05	8.89e-36
C662FACXX150129:2:2211:2970:66735/2	101	101	1	smNRPS-1/2	5910	1526	1626	95.05	8.89e-36
C662FACXX150129:7:1108:1553:20220/1	71	71	1	smNRPS-1/2	5910	5603	5673	97.183	4.25e-24
C662FACXX150129:6:2313:16464:60876/2	70	70	1	smNRPS-1/2	5910	4648	4717	100	7.06e-27
C662FACXX150129:2:1213:14086:16550/2	72	1	72	smNRPS-1/2	5910	892	963	100	5.45e-28
C662FACXX150129:5:2308:12099:21801/1	83	1	83	smNRPS-1/2	5910	2861	2943	96.386	4.22e-29
C662FACXX150129:3:1201:16502:32514/2	78	78	1	smNRPS-1/2	5910	3544	3621	98.718	1.17e-29
C662FACXX150129:4:1207:15944:38780/1	101	22	101	smNRPS-1/2	5910	1	80	98.75	9.06e-31
C662FACXX150129:7:2313:12016:43682/1	79	79	1	smNRPS-1/2	5910	3365	3443	100	7.01e-32
C662FACXX150129:3:1102:17533:42671/1	82	1	82	smNRPS-1/2	5910	3055	3136	100	1.51e-33
C662FACXX150129:3:1109:15549:40802/2	95	95	1	smNRPS-1/2	5910	3246	3340	95.789	4.19e-34
C662FACXX150129:6:1113:12273:6959/2	95	95	1	smNRPS-1/2	5910	1478	1572	97.895	1.93e-37
C662FACXX150129:5:1210:4054:56701/1	101	1	101	smNRPS-1/2	5910	3443	3543	96.04	1.93e-37
C662FACXX150129:6:2212:12025:77034/1	101	101	1	smNRPS-1/2	5910	1135	1235	96.04	1.93e-37
C662FACXX150129:5:1210:4054:56701/2	99	99	1	smNRPS-1/2	5910	3577	3675	96.97	5.38e-38
C662FACXX150129:7:1104:17676:99222/1	99	99	1	smNRPS-1/2	5910	1183	1281	96.97	5.38e-38
C662FACXX150129:3:1111:5630:78873/1	100	100	1	smNRPS-1/2	5910	1182	1281	97	1.5e-38
C662FACXX150129:7:2101:14804:96365/1	101	101	1	smNRPS-1/2	5910	1799	1897	97.03	1.5e-38
C662FACXX150129:5:2107:17598:26041/2	91	1	91	smNRPS-1/2	5910	4342	4432	100	1.5e-38
C662FACXX150129:3:1111:5630:78873/2	101	1	101	smNRPS-1/2	5910	1112	1212	97.03	4.16e-39
C662FACXX150129:7:1104:17676:99222/2	101	1	101	smNRPS-1/2	5910	1112	1212	97.03	4.16e-39
C662FACXX150129:2:1316:17945:4330/2	93	93	1	smNRPS-1/2	5910	4625	4717	100	1.16e-39
C662FACXX150129:5:1315:2110:60324/2	94	1	94	smNRPS-1/2	5910	887	980	100	3.21e-40
C662FACXX150129:6:1113:12273:6959/1	101	1	101	smNRPS-1/2	5910	1306	1406	98.02	8.93e-41
C662FACXX150129:5:1104:14078:36434/2	101	1	101	smNRPS-1/2	5910	1435	1535	98.02	8.93e-41
C662FACXX150129:4:1312:15143:47900/2	101	1	98	smNRPS-1/2	5910	3820	3917	98.98	8.93e-41
C662FACXX150129:4:1207:15944:38780/2	99	99	1	smNRPS-1/2	5910	180	278	98.99	2.48e-41
C662FACXX150129:6:2206:3637:93914/2	97	97	1	smNRPS-1/2	5910	4136	4232	100	6.91e-42
C662FACXX150129:6:2313:1546:100472/2	97	97	1	smNRPS-1/2	5910	3004	3100	100	6.91e-42
C662FACXX150129:2:2206:16121:45180/1	100	1	100	smNRPS-1/2	5910	3390	3489	99	6.91e-42
C662FACXX150129:7:2107:11985:89675/2	101	101	1	smNRPS-1/2	5910	3521	3621	99.01	1.92e-42
C662FACXX150129:2:1207:20211:20569/2	98	1	98	smNRPS-1/2	5910	2872	2969	100	1.92e-42
C662FACXX150129:5:1104:14078:36434/1	101	101	1	smNRPS-1/2	5910	1826	1927	99.02	1.92e-42
C662FACXX150129:7:2101:14804:96365/2	101	1	101	smNRPS-1/2	5910	1622	1722	99.01	1.92e-42
C662FACXX150129:7:1113:8848:54677/1	101	101	1	smNRPS-1/2	5910	2780	2880	99.01	1.92e-42
C662FACXX150129:7:1113:8848:54677/2	101	1	101	smNRPS-1/2	5910	2703	2803	99.01	1.92e-42
C662FACXX150129:5:2107:17598:26041/1	101	101	1	smNRPS-1/2	5910	4456	4556	99.01	1.92e-42
C662FACXX150129:5:1315:2110:60324/1	101	101	1	smNRPS-1/2	5910	1066	1166	99.01	1.92e-42
C662FACXX150129:2:1213:14086:16550/1	101	101	1	smNRPS-1/2	5910	1066	1166	99.01	1.92e-42
C662FACXX150129:3:1109:15549:40802/1	101	1	101	smNRPS-1/2	5910	2744	2844	99.01	1.92e-42
C662FACXX150129:5:2211:15084:35191/1	101	1	101	smNRPS-1/2	5910	293	393	99.01	1.92e-42
C662FACXX150129:4:1104:9613:22576/2	100	1	100	smNRPS-1/2	5910	2280	2379	100	1.48e-43
C662FACXX150129:5:2211:15084:35191/2	100	100	1	smNRPS-1/2	5910	441	540	100	1.48e-43
C662FACXX150129:3:1201:16502:32514/1	101	1	101	smNRPS-1/2	5910	3204	3304	100	4.13e-44
C662FACXX150129:7:2107:11985:89675/1	101	1	101	smNRPS-1/2	5910	3204	3304	100	4.13e-44
C662FACXX150129:4:1104:9613:22576/1	101	101	1	smNRPS-1/2	5910	2300	2400	100	4.13e-44
C662FACXX150129:2:1207:20211:20569/1	101	101	1	smNRPS-1/2	5910	2953	3053	100	4.13e-44
C662FACXX150129:7:1108:1553:20220/2	101	1	101	smNRPS-1/2	5910	5335	5435	100	4.13e-44
C662FACXX150129:6:2206:3637:93914/1	101	1	101	smNRPS-1/2	5910	3927	4027	100	4.13e-44
C662FACXX150129:2:1316:17945:4330/1	101	1	101	smNRPS-1/2	5910	4495	4595	100	4.13e-44
C662FACXX150129:6:2313:1546:100472/1	101	1	101	smNRPS-1/2	5910	2630	2730	100	4.13e-44
C662FACXX150129:4:1312:15143:47900/1	101	101	1	smNRPS-1/2	5910	4091	4191	100	4.13e-44
C662FACXX150129:2:2205:14772:6353/1	101	101	1	smNRPS-1/2	5910	1365	1465	100	4.13e-44
C662FACXX150129:2:2205:14772:6353/2	101	1	101	smNRPS-1/2	5910	1107	1207	100	4.13e-44
C662FACXX150129:4:1312:6034:17616/1	101	101	1	smNRPS-1/2	5910	2290	2390	100	4.13e-44
C662FACXX150129:4:1312:6034:17616/2	101	1	101	smNRPS-1/2	5910	2223	2323	100	4.13e-44
C662FACXX150129:3:2302:11169:73102/1	101	1	101	smNRPS-1/2	5910	4219	4319	100	4.13e-44
