C8G6HANXX160303:7:2204:16925:35912/2	71	71	1	smNRPS-1/2	5910	2749	2819	97.183	2.59e-24
C8G6HANXX160303:3:2210:11822:59203/2	99	91	1	smNRPS-1/2	5910	403	493	97.802	1.97e-35
C8G6HANXX160303:6:1210:17860:57302/1	101	1	92	smNRPS-1/2	5910	3401	3492	98.913	1.18e-37
C8G6HANXX160303:6:1210:17860:57302/2	101	92	1	smNRPS-1/2	5910	3401	3492	98.913	1.18e-37
C8G6HANXX160303:8:1214:9231:23258/1	101	101	1	smNRPS-1/2	5910	3844	3944	98.02	5.44e-41
C8G6HANXX160303:8:1214:9231:23258/2	101	1	101	smNRPS-1/2	5910	3838	3938	98.02	5.44e-41
C8G6HANXX160303:4:2103:16186:18134/1	98	98	1	smNRPS-1/2	5910	1194	1291	98.98	5.44e-41
C8G6HANXX160303:4:2103:16186:18134/2	101	1	101	smNRPS-1/2	5910	981	1081	100	2.51e-44
C8G6HANXX160303:6:1101:6067:55119/1	100	1	100	smNRPS-1/2	5910	4966	5065	97	9.22e-39
C8G6HANXX160303:4:2202:6261:95310/2	101	1	101	smNRPS-1/2	5910	261	361	98.02	5.51e-41
C8G6HANXX160303:4:2202:6261:95310/1	99	99	1	smNRPS-1/2	5910	318	416	98.99	1.53e-41
C8G6HANXX160303:6:1101:6067:55119/2	101	101	1	smNRPS-1/2	5910	5284	5384	100	2.54e-44
