C8G6HANXX160303:8:2312:12806:62991/1	87	87	1	smNRPS-1/2	5910	1783	1869	100	1.24e-36
C8G6HANXX160303:5:1203:5347:54100/2	101	91	1	smNRPS-1/2	5910	5446	5537	98.913	3.45e-37
C8G6HANXX160303:3:2108:4330:56674/1	98	98	1	smNRPS-1/2	5910	2224	2321	100	9.52e-43
C8G6HANXX160303:3:1113:12526:33614/2	100	1	100	smNRPS-1/2	5910	5542	5641	100	7.36e-44
C8G6HANXX160303:3:2108:4330:56674/2	101	1	101	smNRPS-1/2	5910	1966	2066	100	2.05e-44
C8G6HANXX160303:6:2301:8922:44465/1	101	101	1	smNRPS-1/2	5910	2502	2602	100	2.05e-44
C8G6HANXX160303:6:2301:8922:44465/2	101	1	101	smNRPS-1/2	5910	2477	2577	100	2.05e-44
C8G6HANXX160303:3:1113:12526:33614/1	101	101	1	smNRPS-1/2	5910	5593	5693	100	2.05e-44
C8G6HANXX160303:8:2204:18732:47591/1	78	1	78	smNRPS-1/2	5910	1123	1200	100	1.26e-31
C8G6HANXX160303:3:2101:17253:30664/1	95	1	95	smNRPS-1/2	5910	1122	1216	96.842	4.52e-36
C8G6HANXX160303:7:1208:3504:74280/1	99	1	97	smNRPS-1/2	5910	1036	1132	97.938	7.5e-39
C8G6HANXX160303:7:1208:3504:74280/2	100	98	1	smNRPS-1/2	5910	1034	1131	97.959	2.09e-39
C8G6HANXX160303:6:1313:14392:29483/1	100	100	1	smNRPS-1/2	5910	244	343	98	1.61e-40
C8G6HANXX160303:5:2104:12651:22903/2	101	1	101	smNRPS-1/2	5910	1034	1134	98.02	4.48e-41
C8G6HANXX160303:3:2101:17253:30664/2	101	101	1	smNRPS-1/2	5910	1181	1281	99.01	9.64e-43
C8G6HANXX160303:8:1212:7907:11474/2	101	1	101	smNRPS-1/2	5910	4993	5093	99.01	9.64e-43
C8G6HANXX160303:8:1212:7907:11474/1	99	99	1	smNRPS-1/2	5910	5065	5163	100	2.68e-43
C8G6HANXX160303:8:1210:3542:45232/1	100	1	100	smNRPS-1/2	5910	1123	1222	100	7.45e-44
C8G6HANXX160303:8:1210:3542:45232/2	100	100	1	smNRPS-1/2	5910	1365	1464	100	7.45e-44
C8G6HANXX160303:6:1313:14392:29483/2	101	1	101	smNRPS-1/2	5910	101	201	100	2.07e-44
C8G6HANXX160303:3:1106:15492:82776/1	101	1	101	smNRPS-1/2	5910	5047	5147	100	2.07e-44
C8G6HANXX160303:3:1106:15492:82776/2	101	101	1	smNRPS-1/2	5910	5124	5224	100	2.07e-44
