C8G6HANXX160303:8:2216:5143:54741/1	77	1	77	smNRPS-1/2	5910	665	741	98.701	4.28e-29
C8G6HANXX160303:7:2207:14687:20697/2	101	1	91	smNRPS-1/2	5910	5785	5875	100	1.52e-38
C8G6HANXX160303:5:1315:12958:49433/2	101	2	101	smNRPS-1/2	5910	5767	5866	99	7.02e-42
C8G6HANXX160303:7:2207:14687:20697/1	101	40	101	smNRPS-1/2	5910	1	62	100	2.03e-22
C8G6HANXX160303:8:1307:3006:17122/1	100	1	100	smNRPS-1/2	5910	3480	3579	96	7.15e-37
C8G6HANXX160303:7:1114:14908:73881/2	101	94	1	smNRPS-1/2	5910	3051	3144	98.936	1.54e-38
C8G6HANXX160303:7:1114:14908:73881/1	101	1	95	smNRPS-1/2	5910	3051	3145	98.947	4.27e-39
C8G6HANXX160303:8:1307:3006:17122/2	101	101	1	smNRPS-1/2	5910	3570	3670	97.03	4.27e-39
C8G6HANXX160303:8:1314:12135:74592/1	99	99	1	smNRPS-1/2	5910	5181	5279	97.98	1.19e-39
C8G6HANXX160303:8:2115:2872:47353/1	100	1	100	smNRPS-1/2	5910	5011	5110	98	3.3e-40
C8G6HANXX160303:8:1113:17867:33005/1	101	100	1	smNRPS-1/2	5910	5176	5275	98	3.3e-40
C8G6HANXX160303:8:1113:17867:33005/2	101	1	100	smNRPS-1/2	5910	5176	5275	98	3.3e-40
C8G6HANXX160303:3:2311:18960:24433/1	99	99	1	smNRPS-1/2	5910	415	513	98.99	2.55e-41
C8G6HANXX160303:8:2115:2872:47353/2	101	99	1	smNRPS-1/2	5910	5014	5112	98.99	2.55e-41
C8G6HANXX160303:6:1306:12061:8187/2	101	101	1	smNRPS-1/2	5910	2360	2460	99.01	1.97e-42
C8G6HANXX160303:3:2311:18960:24433/2	101	1	101	smNRPS-1/2	5910	218	318	99.01	1.97e-42
C8G6HANXX160303:7:1305:6274:87472/1	101	1	101	smNRPS-1/2	5910	89	189	99.01	1.97e-42
C8G6HANXX160303:3:1205:15973:73075/2	101	101	1	smNRPS-1/2	5910	695	795	99.01	1.97e-42
C8G6HANXX160303:6:1306:12061:8187/1	100	1	100	smNRPS-1/2	5910	2317	2416	100	1.53e-43
C8G6HANXX160303:3:1205:15973:73075/1	100	1	100	smNRPS-1/2	5910	598	697	100	1.53e-43
C8G6HANXX160303:8:2313:9305:13454/1	101	1	101	smNRPS-1/2	5910	5799	5899	100	4.24e-44
C8G6HANXX160303:7:1305:6274:87472/2	101	101	1	smNRPS-1/2	5910	168	268	100	4.24e-44
