C8G6HANXX160303:8:1313:13750:69696/2	73	1	73	smNRPS-1/2	5910	597	669	100	1.75e-28
C8G6HANXX160303:7:2216:4165:37497/1	77	1	77	smNRPS-1/2	5910	2624	2700	98.701	4.87e-29
C8G6HANXX160303:7:2111:13676:20145/2	75	75	1	smNRPS-1/2	5910	3282	3356	100	1.35e-29
C8G6HANXX160303:4:1312:7515:62973/2	82	1	77	smNRPS-1/2	5910	1867	1943	100	1.0500000000000001e-30
C8G6HANXX160303:7:2208:4924:20681/1	82	82	1	smNRPS-1/2	5910	4237	4318	98.78	8.1e-32
C8G6HANXX160303:8:1313:13750:69696/1	79	79	1	smNRPS-1/2	5910	844	922	100	8.1e-32
C8G6HANXX160303:7:2208:4924:20681/2	87	1	87	smNRPS-1/2	5910	4233	4319	98.851	1.35e-34
C8G6HANXX160303:3:2213:15458:84969/1	93	93	10	smNRPS-1/2	5910	5792	5875	100	1.35e-34
C8G6HANXX160303:5:2206:17155:17717/1	98	98	1	smNRPS-1/2	5910	4668	4764	96.939	8.04e-37
C8G6HANXX160303:7:2114:5488:83296/2	100	100	1	smNRPS-1/2	5910	723	821	97	6.21e-38
C8G6HANXX160303:7:2216:4165:37497/2	95	93	1	smNRPS-1/2	5910	2802	2894	98.925	6.21e-38
C8G6HANXX160303:5:2110:15509:4706/1	101	101	1	smNRPS-1/2	5910	731	830	97.03	1.73e-38
C8G6HANXX160303:4:1107:13675:91750/1	97	1	97	smNRPS-1/2	5910	4316	4413	97.959	1.73e-38
C8G6HANXX160303:6:2205:6533:2376/2	100	1	91	smNRPS-1/2	5910	751	841	100	1.73e-38
C8G6HANXX160303:5:2206:17155:17717/2	101	1	97	smNRPS-1/2	5910	4671	4767	97.938	1.73e-38
C8G6HANXX160303:4:1113:13101:46700/2	100	92	1	smNRPS-1/2	5910	831	922	100	4.8e-39
C8G6HANXX160303:6:2205:6533:2376/1	101	92	1	smNRPS-1/2	5910	750	841	100	4.8e-39
C8G6HANXX160303:3:1102:11898:57808/1	99	1	99	smNRPS-1/2	5910	4315	4414	98	1.34e-39
C8G6HANXX160303:4:1113:13101:46700/1	100	1	96	smNRPS-1/2	5910	833	929	98.969	1.34e-39
C8G6HANXX160303:3:2310:3523:72735/2	96	96	1	smNRPS-1/2	5910	1140	1235	98.958	1.34e-39
C8G6HANXX160303:4:1313:1644:38989/1	101	100	1	smNRPS-1/2	5910	401	500	98	3.71e-40
C8G6HANXX160303:7:1308:16332:50857/1	97	1	97	smNRPS-1/2	5910	2920	3016	98.969	3.71e-40
C8G6HANXX160303:4:2304:5445:88819/2	94	1	94	smNRPS-1/2	5910	2192	2285	100	3.71e-40
C8G6HANXX160303:5:1107:6543:76619/1	95	1	95	smNRPS-1/2	5910	1783	1877	100	1.03e-40
C8G6HANXX160303:4:1112:4423:65792/1	101	1	101	smNRPS-1/2	5910	5301	5401	98.02	1.03e-40
C8G6HANXX160303:3:1216:2033:91834/1	95	95	1	smNRPS-1/2	5910	5141	5235	100	1.03e-40
C8G6HANXX160303:8:2306:7895:83576/2	101	101	1	smNRPS-1/2	5910	2142	2242	98.02	1.03e-40
C8G6HANXX160303:4:2304:5445:88819/1	101	101	1	smNRPS-1/2	5910	2267	2367	98.02	1.03e-40
C8G6HANXX160303:7:1212:8505:43383/1	95	95	1	smNRPS-1/2	5910	4655	4749	100	1.03e-40
C8G6HANXX160303:6:1109:14412:66970/2	99	99	1	smNRPS-1/2	5910	2144	2242	98.99	2.87e-41
C8G6HANXX160303:3:1208:10957:98026/1	99	1	99	smNRPS-1/2	5910	271	369	98.99	2.87e-41
C8G6HANXX160303:7:2212:15713:30211/2	96	1	96	smNRPS-1/2	5910	218	313	100	2.87e-41
C8G6HANXX160303:5:2110:15509:4706/2	101	1	101	smNRPS-1/2	5910	655	754	99.01	7.98e-42
C8G6HANXX160303:3:2209:16081:44021/2	100	1	100	smNRPS-1/2	5910	2362	2461	99	7.98e-42
C8G6HANXX160303:7:2107:10122:59167/1	100	1	97	smNRPS-1/2	5910	2047	2143	100	7.98e-42
C8G6HANXX160303:8:2308:1546:66846/1	100	1	100	smNRPS-1/2	5910	5458	5557	99	7.98e-42
C8G6HANXX160303:5:2205:14855:88454/1	98	1	98	smNRPS-1/2	5910	2046	2143	100	2.22e-42
C8G6HANXX160303:5:2205:14855:88454/2	101	98	1	smNRPS-1/2	5910	2046	2143	100	2.22e-42
C8G6HANXX160303:3:2307:7352:45576/2	101	1	101	smNRPS-1/2	5910	4074	4174	99.01	2.22e-42
C8G6HANXX160303:4:2302:4853:92984/1	101	1	101	smNRPS-1/2	5910	2211	2311	99.01	2.22e-42
C8G6HANXX160303:4:2302:4853:92984/2	101	101	1	smNRPS-1/2	5910	2238	2338	99.01	2.22e-42
C8G6HANXX160303:3:1115:4786:36814/2	101	101	1	smNRPS-1/2	5910	4054	4154	99.01	2.22e-42
C8G6HANXX160303:8:1206:5957:3522/1	101	1	101	smNRPS-1/2	5910	2257	2357	99.01	2.22e-42
C8G6HANXX160303:7:2114:5488:83296/1	101	1	101	smNRPS-1/2	5910	525	625	99.01	2.22e-42
C8G6HANXX160303:7:1207:11729:63021/2	98	98	1	smNRPS-1/2	5910	4927	5024	100	2.22e-42
C8G6HANXX160303:8:1208:14341:98891/2	101	1	101	smNRPS-1/2	5910	3697	3797	99.01	2.22e-42
C8G6HANXX160303:7:2107:10122:59167/2	101	98	1	smNRPS-1/2	5910	2046	2143	100	2.22e-42
C8G6HANXX160303:8:2308:1546:66846/2	101	101	1	smNRPS-1/2	5910	5460	5560	99.01	2.22e-42
C8G6HANXX160303:8:1314:14081:79571/1	101	1	98	smNRPS-1/2	5910	3348	3445	100	2.22e-42
C8G6HANXX160303:8:1314:14081:79571/2	100	98	1	smNRPS-1/2	5910	3348	3445	100	2.22e-42
C8G6HANXX160303:3:2106:7683:71601/1	98	1	98	smNRPS-1/2	5910	3200	3297	100	2.22e-42
C8G6HANXX160303:4:1309:10595:13178/1	101	1	101	smNRPS-1/2	5910	5756	5856	99.01	2.22e-42
C8G6HANXX160303:7:2201:15396:93262/1	101	1	101	smNRPS-1/2	5910	2811	2911	99.01	2.22e-42
C8G6HANXX160303:6:1111:11267:21418/1	99	1	99	smNRPS-1/2	5910	541	639	100	6.17e-43
C8G6HANXX160303:3:2211:19615:34146/2	99	1	99	smNRPS-1/2	5910	5044	5142	100	6.17e-43
C8G6HANXX160303:7:2304:6958:53078/1	99	99	1	smNRPS-1/2	5910	4961	5059	100	6.17e-43
C8G6HANXX160303:8:2313:14849:69578/1	99	1	99	smNRPS-1/2	5910	5054	5152	100	6.17e-43
C8G6HANXX160303:6:2209:12150:90663/1	99	1	99	smNRPS-1/2	5910	4563	4661	100	6.17e-43
C8G6HANXX160303:6:1111:11267:21418/2	100	100	1	smNRPS-1/2	5910	616	715	100	1.72e-43
C8G6HANXX160303:5:2305:2485:41451/2	100	100	1	smNRPS-1/2	5910	4375	4474	100	1.72e-43
C8G6HANXX160303:4:1301:3340:92721/2	100	100	1	smNRPS-1/2	5910	5001	5100	100	1.72e-43
C8G6HANXX160303:3:2211:19615:34146/1	100	100	1	smNRPS-1/2	5910	5122	5221	100	1.72e-43
C8G6HANXX160303:7:2304:6958:53078/2	100	1	100	smNRPS-1/2	5910	4531	4630	100	1.72e-43
C8G6HANXX160303:3:1215:11653:49308/2	100	100	1	smNRPS-1/2	5910	1844	1943	100	1.72e-43
C8G6HANXX160303:6:2110:20937:3623/2	100	100	1	smNRPS-1/2	5910	4784	4883	100	1.72e-43
C8G6HANXX160303:8:1212:7662:66339/1	100	100	1	smNRPS-1/2	5910	3425	3524	100	1.72e-43
C8G6HANXX160303:7:2201:15396:93262/2	101	100	1	smNRPS-1/2	5910	2946	3045	100	1.72e-43
C8G6HANXX160303:8:1314:7908:40510/1	100	1	100	smNRPS-1/2	5910	796	895	100	1.72e-43
C8G6HANXX160303:3:1102:11898:57808/2	101	101	1	smNRPS-1/2	5910	4517	4617	100	4.77e-44
C8G6HANXX160303:5:2305:2485:41451/1	101	1	101	smNRPS-1/2	5910	4310	4410	100	4.77e-44
C8G6HANXX160303:3:2307:7352:45576/1	101	101	1	smNRPS-1/2	5910	4198	4298	100	4.77e-44
C8G6HANXX160303:3:1204:21038:10552/1	101	101	1	smNRPS-1/2	5910	3229	3329	100	4.77e-44
C8G6HANXX160303:3:1204:21038:10552/2	101	1	101	smNRPS-1/2	5910	3086	3186	100	4.77e-44
C8G6HANXX160303:4:1301:3340:92721/1	101	1	101	smNRPS-1/2	5910	4830	4930	100	4.77e-44
C8G6HANXX160303:5:1107:6543:76619/2	101	101	1	smNRPS-1/2	5910	1946	2046	100	4.77e-44
C8G6HANXX160303:3:1115:4786:36814/1	101	1	101	smNRPS-1/2	5910	3929	4029	100	4.77e-44
C8G6HANXX160303:3:2209:16081:44021/1	101	101	1	smNRPS-1/2	5910	2719	2819	100	4.77e-44
C8G6HANXX160303:4:2201:4723:59778/1	101	101	1	smNRPS-1/2	5910	1105	1205	100	4.77e-44
C8G6HANXX160303:4:2201:4723:59778/2	101	1	101	smNRPS-1/2	5910	833	933	100	4.77e-44
C8G6HANXX160303:8:1206:5957:3522/2	101	101	1	smNRPS-1/2	5910	2430	2530	100	4.77e-44
C8G6HANXX160303:3:2203:14160:81027/1	101	101	1	smNRPS-1/2	5910	38	138	100	4.77e-44
C8G6HANXX160303:5:2107:13427:22431/1	101	1	101	smNRPS-1/2	5910	3074	3174	100	4.77e-44
C8G6HANXX160303:5:2107:13427:22431/2	101	101	1	smNRPS-1/2	5910	3143	3243	100	4.77e-44
C8G6HANXX160303:3:1216:2033:91834/2	101	1	101	smNRPS-1/2	5910	5107	5207	100	4.77e-44
C8G6HANXX160303:7:1207:11729:63021/1	101	1	101	smNRPS-1/2	5910	4834	4934	100	4.77e-44
C8G6HANXX160303:6:2211:12007:93647/1	101	1	101	smNRPS-1/2	5910	4152	4252	100	4.77e-44
C8G6HANXX160303:6:2211:12007:93647/2	101	101	1	smNRPS-1/2	5910	4266	4366	100	4.77e-44
C8G6HANXX160303:8:1208:14341:98891/1	101	101	1	smNRPS-1/2	5910	4105	4205	100	4.77e-44
C8G6HANXX160303:6:1109:14412:66970/1	101	1	101	smNRPS-1/2	5910	1935	2035	100	4.77e-44
C8G6HANXX160303:3:1215:11653:49308/1	101	1	101	smNRPS-1/2	5910	1816	1916	100	4.77e-44
C8G6HANXX160303:4:1107:13675:91750/2	101	101	1	smNRPS-1/2	5910	4517	4617	100	4.77e-44
C8G6HANXX160303:6:2301:19555:43034/1	101	1	101	smNRPS-1/2	5910	1725	1825	100	4.77e-44
C8G6HANXX160303:6:2301:19555:43034/2	101	101	1	smNRPS-1/2	5910	1931	2031	100	4.77e-44
C8G6HANXX160303:8:2306:7895:83576/1	101	1	101	smNRPS-1/2	5910	1935	2035	100	4.77e-44
C8G6HANXX160303:6:2110:20937:3623/1	101	1	101	smNRPS-1/2	5910	4566	4666	100	4.77e-44
C8G6HANXX160303:3:2310:3523:72735/1	101	1	101	smNRPS-1/2	5910	982	1082	100	4.77e-44
C8G6HANXX160303:8:1203:17652:11965/1	101	1	101	smNRPS-1/2	5910	4443	4543	100	4.77e-44
C8G6HANXX160303:8:1203:17652:11965/2	101	101	1	smNRPS-1/2	5910	4635	4735	100	4.77e-44
C8G6HANXX160303:5:2312:18336:65974/2	101	101	1	smNRPS-1/2	5910	46	146	100	4.77e-44
C8G6HANXX160303:4:1314:5683:92364/1	101	101	1	smNRPS-1/2	5910	3229	3329	100	4.77e-44
C8G6HANXX160303:4:1314:5683:92364/2	101	1	101	smNRPS-1/2	5910	3086	3186	100	4.77e-44
C8G6HANXX160303:3:2106:7683:71601/2	101	101	1	smNRPS-1/2	5910	3229	3329	100	4.77e-44
C8G6HANXX160303:6:1215:8150:24267/1	101	101	1	smNRPS-1/2	5910	2509	2609	100	4.77e-44
C8G6HANXX160303:6:1215:8150:24267/2	101	1	101	smNRPS-1/2	5910	2304	2404	100	4.77e-44
C8G6HANXX160303:8:1212:7662:66339/2	101	1	101	smNRPS-1/2	5910	3236	3336	100	4.77e-44
C8G6HANXX160303:7:1308:16332:50857/2	101	101	1	smNRPS-1/2	5910	3144	3244	100	4.77e-44
C8G6HANXX160303:8:2101:18235:41627/1	101	1	101	smNRPS-1/2	5910	4453	4553	100	4.77e-44
C8G6HANXX160303:8:2101:18235:41627/2	101	101	1	smNRPS-1/2	5910	4532	4632	100	4.77e-44
C8G6HANXX160303:3:2204:3455:94952/2	101	1	66	smNRPS-1/2	5910	5875	5940	95.455	1.39e-19
C8G6HANXX160303:7:2310:18815:37948/2	101	1	91	smNRPS-1/2	5910	3299	3388	95.604	2.95e-31
C8G6HANXX160303:3:1205:12534:99286/1	87	87	1	smNRPS-1/2	5910	3535	3621	97.701	6.33e-33
C8G6HANXX160303:3:1101:9209:41985/2	101	101	2	smNRPS-1/2	5910	1728	1823	96	1.05e-35
C8G6HANXX160303:4:1313:1644:38989/2	101	101	1	smNRPS-1/2	5910	5606	5706	95.05	1.05e-35
C8G6HANXX160303:3:1205:12534:99286/2	89	1	89	smNRPS-1/2	5910	3429	3517	98.876	1.05e-35
C8G6HANXX160303:4:2207:18001:45371/1	101	13	101	smNRPS-1/2	5910	1	89	98.876	1.05e-35
C8G6HANXX160303:3:1101:9209:41985/1	100	1	100	smNRPS-1/2	5910	1637	1736	97	1.75e-38
C8G6HANXX160303:4:1112:4423:65792/2	101	1	101	smNRPS-1/2	5910	60	160	97.03	4.86e-39
C8G6HANXX160303:8:1309:5555:41225/1	98	1	98	smNRPS-1/2	5910	5491	5588	97.959	4.86e-39
C8G6HANXX160303:8:1309:5555:41225/2	101	101	1	smNRPS-1/2	5910	5521	5621	97.03	4.86e-39
C8G6HANXX160303:7:1216:18622:52658/1	98	1	98	smNRPS-1/2	5910	231	328	97.959	4.86e-39
C8G6HANXX160303:5:1205:10875:4163/2	100	1	100	smNRPS-1/2	5910	5482	5581	98	3.76e-40
C8G6HANXX160303:4:1302:4881:52595/2	101	101	1	smNRPS-1/2	5910	5613	5713	98.02	1.04e-40
C8G6HANXX160303:6:2314:18925:39824/2	101	1	101	smNRPS-1/2	5910	3079	3179	98.02	1.04e-40
C8G6HANXX160303:8:1101:6353:33713/2	101	1	101	smNRPS-1/2	5910	71	171	98.02	1.04e-40
C8G6HANXX160303:8:2202:11467:32014/1	101	101	1	smNRPS-1/2	5910	246	346	98.02	1.04e-40
C8G6HANXX160303:8:2202:11467:32014/2	101	1	101	smNRPS-1/2	5910	186	286	98.02	1.04e-40
C8G6HANXX160303:8:1314:7521:3341/2	100	100	1	smNRPS-1/2	5910	1670	1769	99	8.08e-42
C8G6HANXX160303:8:2212:2091:27881/1	100	1	100	smNRPS-1/2	5910	567	666	99	8.08e-42
C8G6HANXX160303:7:2103:18487:5713/1	99	97	1	smNRPS-1/2	5910	3168	3264	100	8.08e-42
C8G6HANXX160303:7:2315:13639:90745/1	97	1	97	smNRPS-1/2	5910	2923	3019	100	8.08e-42
C8G6HANXX160303:4:2202:7589:79340/1	101	1	101	smNRPS-1/2	5910	3899	3999	99.01	2.25e-42
C8G6HANXX160303:8:1314:7521:3341/1	101	1	101	smNRPS-1/2	5910	1505	1605	99.01	2.25e-42
C8G6HANXX160303:4:1302:4881:52595/1	101	1	101	smNRPS-1/2	5910	5451	5551	99.01	2.25e-42
C8G6HANXX160303:6:2306:15648:19748/1	101	101	1	smNRPS-1/2	5910	173	273	99.01	2.25e-42
C8G6HANXX160303:8:2212:2091:27881/2	101	101	1	smNRPS-1/2	5910	951	1051	99.01	2.25e-42
C8G6HANXX160303:4:1315:16231:86233/1	101	1	101	smNRPS-1/2	5910	1505	1605	99.01	2.25e-42
C8G6HANXX160303:4:1315:16231:86233/2	101	101	1	smNRPS-1/2	5910	1670	1770	99.01	2.25e-42
C8G6HANXX160303:7:2315:13639:90745/2	101	101	1	smNRPS-1/2	5910	2981	3081	99.01	2.25e-42
C8G6HANXX160303:7:2103:18487:5713/2	99	1	99	smNRPS-1/2	5910	3168	3266	100	6.24e-43
C8G6HANXX160303:4:2202:7589:79340/2	101	101	1	smNRPS-1/2	5910	3937	4037	100	4.83e-44
C8G6HANXX160303:6:2306:15648:19748/2	101	1	101	smNRPS-1/2	5910	52	152	100	4.83e-44
C8G6HANXX160303:6:2314:18925:39824/1	101	101	1	smNRPS-1/2	5910	3190	3290	100	4.83e-44
C8G6HANXX160303:8:1101:6353:33713/1	101	101	1	smNRPS-1/2	5910	146	246	100	4.83e-44
