C662FACXX150129:5:2212:16515:17193/1	101	101	1	smNRPS-1/2	5910	1516	1616	96.04	1.29e-37
C662FACXX150129:6:2307:19795:10482/1	101	1	101	smNRPS-1/2	5910	4289	4389	98.02	5.97e-41
C662FACXX150129:3:1212:19423:15503/1	74	74	1	smNRPS-1/2	5910	5098	5171	97.297	6.18e-26
C662FACXX150129:5:2212:16515:17193/2	72	69	1	smNRPS-1/2	5910	4776	4844	100	1.72e-26
C662FACXX150129:7:1204:8341:82322/2	80	79	1	smNRPS-1/2	5910	275	354	97.5	1.03e-28
C662FACXX150129:4:1306:7543:97905/2	88	1	88	smNRPS-1/2	5910	3488	3575	97.727	1.02e-33
C662FACXX150129:2:1101:15367:56994/2	86	86	1	smNRPS-1/2	5910	2253	2338	98.837	2.83e-34
C662FACXX150129:4:1306:7543:97905/1	93	93	1	smNRPS-1/2	5910	3679	3771	96.774	7.88e-35
C662FACXX150129:4:1209:15277:85427/1	89	89	1	smNRPS-1/2	5910	2655	2743	98.876	6.09e-36
C662FACXX150129:3:2206:6434:100406/2	100	1	99	smNRPS-1/2	5910	3875	3973	95.96	1.69e-36
C662FACXX150129:4:1314:11175:100661/2	94	1	94	smNRPS-1/2	5910	4726	4819	98.936	1.01e-38
C662FACXX150129:6:2206:7357:9398/1	101	100	1	smNRPS-1/2	5910	4505	4604	97	1.01e-38
C662FACXX150129:4:2113:3937:25935/2	101	101	1	smNRPS-1/2	5910	3062	3162	97.03	2.81e-39
C662FACXX150129:7:1204:8341:82322/1	101	1	101	smNRPS-1/2	5910	101	201	99.01	1.3e-42
C662FACXX150129:4:2113:3937:25935/1	101	1	101	smNRPS-1/2	5910	3046	3146	99.01	1.3e-42
C662FACXX150129:4:1314:11175:100661/1	101	101	1	smNRPS-1/2	5910	5263	5363	100	2.79e-44
