C90P4ANXX160330:1:1116:10055:46362/1	101	101	1	smNRPS-1/2	5910	613	713	99.01	1.08e-42
C90P4ANXX160330:5:1216:7054:43655/1	77	1	74	smNRPS-1/2	5910	4976	5049	95.946	2.41e-24
C90P4ANXX160330:6:2111:15066:19813/1	74	1	74	smNRPS-1/2	5910	341	414	97.297	5.19e-26
C90P4ANXX160330:2:1113:10517:43464/1	71	68	1	smNRPS-1/2	5910	279	346	100	5.19e-26
C90P4ANXX160330:3:2216:16780:96983/2	70	70	1	smNRPS-1/2	5910	2238	2307	100	4.01e-27
C90P4ANXX160330:1:1206:14810:39637/1	76	76	1	smNRPS-1/2	5910	625	700	100	1.85e-30
C90P4ANXX160330:4:2308:5138:51190/1	77	77	1	smNRPS-1/2	5910	4664	4740	100	5.15e-31
C90P4ANXX160330:2:2301:18538:67357/1	95	1	95	smNRPS-1/2	5910	4974	5068	96.842	5.11e-36
C90P4ANXX160330:5:2302:4469:63214/1	100	1	100	smNRPS-1/2	5910	1084	1183	97	8.49e-39
C90P4ANXX160330:5:2302:4469:63214/2	101	101	1	smNRPS-1/2	5910	1255	1355	97.03	2.36e-39
C90P4ANXX160330:1:1116:10055:46362/2	96	96	1	smNRPS-1/2	5910	5504	5599	98.958	6.57e-40
C90P4ANXX160330:1:2205:10059:88019/1	96	96	1	smNRPS-1/2	5910	3784	3879	98.958	1.83e-40
C90P4ANXX160330:1:2102:7078:66029/1	97	97	1	smNRPS-1/2	5910	946	1042	98.969	1.83e-40
C90P4ANXX160330:1:2205:10059:88019/2	100	1	100	smNRPS-1/2	5910	3648	3747	99	3.92e-42
C90P4ANXX160330:3:2303:12695:41297/1	100	100	1	smNRPS-1/2	5910	4391	4490	99	3.92e-42
C90P4ANXX160330:4:1204:15610:43624/2	100	100	1	smNRPS-1/2	5910	5462	5561	99	3.92e-42
C90P4ANXX160330:5:1109:15736:30452/1	98	1	98	smNRPS-1/2	5910	1881	1978	100	1.09e-42
C90P4ANXX160330:4:1204:15610:43624/1	101	1	101	smNRPS-1/2	5910	5355	5455	99.01	1.09e-42
C90P4ANXX160330:3:2216:16780:96983/1	100	1	100	smNRPS-1/2	5910	2203	2302	100	8.43e-44
C90P4ANXX160330:3:2310:15961:63818/1	100	100	1	smNRPS-1/2	5910	1215	1314	100	8.43e-44
C90P4ANXX160330:5:1212:16469:61142/1	100	1	100	smNRPS-1/2	5910	5078	5177	100	8.43e-44
C90P4ANXX160330:5:1109:15736:30452/2	101	101	1	smNRPS-1/2	5910	1963	2063	100	2.35e-44
C90P4ANXX160330:3:2303:12695:41297/2	101	1	101	smNRPS-1/2	5910	4341	4441	100	2.35e-44
C90P4ANXX160330:2:2301:18538:67357/2	101	101	1	smNRPS-1/2	5910	5031	5131	100	2.35e-44
C90P4ANXX160330:3:2310:15961:63818/2	101	1	101	smNRPS-1/2	5910	895	995	100	2.35e-44
C90P4ANXX160330:1:1206:14810:39637/2	101	1	101	smNRPS-1/2	5910	570	670	100	2.35e-44
