C90P4ANXX160330:3:2115:14993:79657/1	101	101	1	smNRPS-1/2	5910	3927	4027	99.01	1.05e-42
C90P4ANXX160330:2:2309:18295:10675/1	101	100	1	smNRPS-1/2	5910	834	933	100	8.15e-44
C90P4ANXX160330:2:2309:18295:10675/2	101	1	100	smNRPS-1/2	5910	834	933	100	8.15e-44
C90P4ANXX160330:3:2115:14993:79657/2	101	1	101	smNRPS-1/2	5910	3914	4014	100	2.27e-44
C90P4ANXX160330:5:1307:14791:61907/2	78	1	78	smNRPS-1/2	5910	2996	3073	100	1.4e-31
C90P4ANXX160330:4:1204:18604:47527/2	99	99	1	smNRPS-1/2	5910	5560	5658	97.98	6.42e-40
C90P4ANXX160330:5:1307:14791:61907/1	101	93	1	smNRPS-1/2	5910	2995	3087	100	6.42e-40
C90P4ANXX160330:3:2102:11694:32503/1	101	101	1	smNRPS-1/2	5910	2717	2817	98.02	4.97e-41
C90P4ANXX160330:3:2102:11694:32503/2	101	1	101	smNRPS-1/2	5910	2701	2801	99.01	1.07e-42
C90P4ANXX160330:4:1204:18604:47527/1	101	1	101	smNRPS-1/2	5910	5479	5579	99.01	1.07e-42
C90P4ANXX160330:3:2309:9187:75587/2	100	1	100	smNRPS-1/2	5910	5376	5475	100	8.25e-44
C90P4ANXX160330:3:2309:9187:75587/1	101	101	1	smNRPS-1/2	5910	5387	5487	100	2.29e-44
