C8G6HANXX160303:5:2306:20933:29497/2	101	1	72	smNRPS-1/2	5910	5804	5875	98.611	2.09e-26
C8G6HANXX160303:4:1205:4292:38943/1	101	101	1	smNRPS-1/2	5910	1514	1614	95.05	7.42e-36
C8G6HANXX160303:6:2112:13234:8927/2	72	72	1	smNRPS-1/2	5910	4676	4747	100	4.55e-28
C8G6HANXX160303:8:2212:19194:71941/2	81	81	1	smNRPS-1/2	5910	5648	5728	96.296	4.55e-28
C8G6HANXX160303:8:2212:19194:71941/1	97	1	97	smNRPS-1/2	5910	5530	5626	95.876	2.7e-35
C8G6HANXX160303:5:1215:20084:50632/2	96	96	1	smNRPS-1/2	5910	99	194	96.875	2.09e-36
C8G6HANXX160303:8:2211:9761:53654/1	88	1	88	smNRPS-1/2	5910	4515	4602	100	5.8e-37
C8G6HANXX160303:6:1115:20340:86835/1	101	101	1	smNRPS-1/2	5910	4810	4910	96.04	1.61e-37
C8G6HANXX160303:5:1215:20084:50632/1	100	1	100	smNRPS-1/2	5910	74	173	97	1.25e-38
C8G6HANXX160303:4:1115:19903:82507/2	101	1	98	smNRPS-1/2	5910	5493	5590	97.959	3.47e-39
C8G6HANXX160303:6:2105:20618:15616/1	101	2	101	smNRPS-1/2	5910	3081	3180	98	2.68e-40
C8G6HANXX160303:6:2105:20618:15616/2	101	101	1	smNRPS-1/2	5910	3124	3224	98.02	7.45e-41
C8G6HANXX160303:6:2105:4395:11543/1	101	1	101	smNRPS-1/2	5910	3102	3202	98.02	7.45e-41
C8G6HANXX160303:6:1310:2598:74048/2	101	101	1	smNRPS-1/2	5910	210	310	98.02	7.45e-41
C8G6HANXX160303:5:2206:5606:54168/1	97	97	1	smNRPS-1/2	5910	3202	3298	100	5.76e-42
C8G6HANXX160303:7:1213:13300:55038/1	101	101	1	smNRPS-1/2	5910	705	805	99.01	1.6e-42
C8G6HANXX160303:7:1213:13300:55038/2	101	1	101	smNRPS-1/2	5910	641	741	99.01	1.6e-42
C8G6HANXX160303:6:1310:2598:74048/1	101	1	101	smNRPS-1/2	5910	143	243	99.01	1.6e-42
C8G6HANXX160303:3:1201:19827:95828/2	98	98	1	smNRPS-1/2	5910	2201	2298	100	1.6e-42
C8G6HANXX160303:6:1109:19816:23878/1	100	99	1	smNRPS-1/2	5910	3182	3280	100	4.45e-43
C8G6HANXX160303:6:1109:19816:23878/2	101	1	99	smNRPS-1/2	5910	3183	3281	100	4.45e-43
C8G6HANXX160303:6:1114:12528:88909/2	100	100	1	smNRPS-1/2	5910	3191	3290	100	1.24e-43
C8G6HANXX160303:6:2105:4395:11543/2	101	101	1	smNRPS-1/2	5910	3191	3291	100	3.44e-44
C8G6HANXX160303:5:2215:18739:44915/1	101	1	101	smNRPS-1/2	5910	3172	3272	100	3.44e-44
C8G6HANXX160303:5:2215:18739:44915/2	101	101	1	smNRPS-1/2	5910	3191	3291	100	3.44e-44
C8G6HANXX160303:3:1201:19827:95828/1	101	1	101	smNRPS-1/2	5910	2135	2235	100	3.44e-44
C8G6HANXX160303:8:2211:9761:53654/2	101	101	1	smNRPS-1/2	5910	4610	4710	100	3.44e-44
C8G6HANXX160303:6:1114:12528:88909/1	101	1	101	smNRPS-1/2	5910	3172	3272	100	3.44e-44
C8G6HANXX160303:6:1115:20340:86835/2	101	1	101	smNRPS-1/2	5910	4653	4753	100	3.44e-44
C8G6HANXX160303:6:2114:4255:68636/1	101	101	1	smNRPS-1/2	5910	1346	1446	100	3.44e-44
C8G6HANXX160303:4:1305:5442:64759/1	101	101	1	smNRPS-1/2	5910	3007	3107	100	3.44e-44
