C65YPACXX150129:7:2106:20349:60349/2	78	1	78	smNRPS-1/2	5910	4861	4938	97.436	6.52e-28
C65YPACXX150129:7:2207:16650:51791/2	101	2	101	smNRPS-1/2	5910	1470	1569	95	3.87e-35
C65YPACXX150129:6:1114:16816:100335/1	101	1	101	smNRPS-1/2	5910	1478	1578	95.05	1.08e-35
C65YPACXX150129:6:2312:15825:7494/2	101	1	93	smNRPS-1/2	5910	1205	1298	97.872	2.99e-36
C65YPACXX150129:8:2216:6847:76145/1	96	96	1	smNRPS-1/2	5910	1241	1336	96.875	2.99e-36
C65YPACXX150129:8:2302:18600:54048/1	101	1	101	smNRPS-1/2	5910	4264	4365	96.078	2.31e-37
C65YPACXX150129:8:2302:18600:54048/2	101	101	1	smNRPS-1/2	5910	4311	4412	98.039	1.07e-40
C65YPACXX150129:6:1103:18819:97352/1	101	1	101	smNRPS-1/2	5910	1246	1346	98.02	1.07e-40
C65YPACXX150129:8:2305:11779:82416/1	101	101	4	smNRPS-1/2	5910	5778	5875	98.98	1.07e-40
C65YPACXX150129:6:1106:12613:48623/2	101	1	101	smNRPS-1/2	5910	5301	5401	98.02	1.07e-40
C65YPACXX150129:6:2311:8567:7626/2	101	1	101	smNRPS-1/2	5910	5301	5401	98.02	1.07e-40
C65YPACXX150129:7:2314:16515:95336/1	101	101	1	smNRPS-1/2	5910	615	715	100	4.93e-44
C65YPACXX150129:6:1216:8932:61634/1	101	101	1	smNRPS-1/2	5910	615	715	100	4.93e-44
C65YPACXX150129:8:1106:4873:23705/1	101	101	1	smNRPS-1/2	5910	5410	5510	100	4.93e-44
C65YPACXX150129:8:1106:4873:23705/2	101	1	101	smNRPS-1/2	5910	5351	5451	100	4.93e-44
C65YPACXX150129:7:1310:12370:58957/2	76	14	76	smNRPS-1/2	5910	1	63	100	6.64e-23
C65YPACXX150129:6:2202:7311:80432/2	71	71	3	smNRPS-1/2	5910	4806	4874	98.551	1.43e-24
C65YPACXX150129:7:2108:2096:65133/2	79	79	1	smNRPS-1/2	5910	5675	5753	97.468	1.83e-28
C65YPACXX150129:8:1212:1593:100037/2	101	14	101	smNRPS-1/2	5910	1	88	98.864	3.91e-35
C65YPACXX150129:8:2216:6847:76145/2	91	91	1	smNRPS-1/2	5910	4893	4983	97.802	3.91e-35
C65YPACXX150129:8:2110:14188:19621/1	101	1	101	smNRPS-1/2	5910	4924	5024	95.05	1.09e-35
C65YPACXX150129:6:1212:9195:97754/1	101	101	1	smNRPS-1/2	5910	4221	4321	95.05	1.09e-35
C65YPACXX150129:7:2312:14865:73200/1	101	1	101	smNRPS-1/2	5910	4924	5024	95.05	1.09e-35
C65YPACXX150129:6:1208:10964:20816/2	101	101	1	smNRPS-1/2	5910	1810	1908	96.04	8.41e-37
C65YPACXX150129:8:1315:5992:11709/1	101	91	1	smNRPS-1/2	5910	430	520	98.901	8.41e-37
C65YPACXX150129:8:1315:5992:11709/2	101	1	91	smNRPS-1/2	5910	430	520	98.901	8.41e-37
C65YPACXX150129:7:1311:7032:15214/1	101	1	101	smNRPS-1/2	5910	3660	3760	96.04	2.34e-37
C65YPACXX150129:7:1311:7032:15214/2	101	101	1	smNRPS-1/2	5910	3671	3771	96.04	2.34e-37
C65YPACXX150129:6:2212:2657:89115/2	101	101	1	smNRPS-1/2	5910	3272	3372	96.04	2.34e-37
C65YPACXX150129:8:1114:15182:37038/2	93	93	1	smNRPS-1/2	5910	923	1015	98.925	6.5e-38
C65YPACXX150129:7:1301:13693:34488/2	100	1	100	smNRPS-1/2	5910	2017	2116	97	1.81e-38
C65YPACXX150129:7:2112:16500:35975/2	101	1	101	smNRPS-1/2	5910	1259	1359	97.03	5.03e-39
C65YPACXX150129:8:1206:19198:45117/2	101	101	1	smNRPS-1/2	5910	3816	3916	97.03	5.03e-39
C65YPACXX150129:8:2110:14927:27655/2	101	1	98	smNRPS-1/2	5910	5652	5749	97.959	5.03e-39
C65YPACXX150129:8:2110:14188:19621/2	101	101	1	smNRPS-1/2	5910	4985	5085	97.03	5.03e-39
C65YPACXX150129:8:1110:18766:86110/2	101	101	1	smNRPS-1/2	5910	3870	3970	97.03	5.03e-39
C65YPACXX150129:8:2304:13840:64186/2	101	1	101	smNRPS-1/2	5910	2817	2917	97.03	5.03e-39
C65YPACXX150129:6:2212:2657:89115/1	101	1	101	smNRPS-1/2	5910	3060	3160	97.03	5.03e-39
C65YPACXX150129:6:1205:13205:55341/1	101	98	1	smNRPS-1/2	5910	68	165	97.959	5.03e-39
C65YPACXX150129:7:2312:14865:73200/2	101	101	1	smNRPS-1/2	5910	4985	5085	97.03	5.03e-39
C65YPACXX150129:7:1207:13224:22217/1	101	101	1	smNRPS-1/2	5910	3796	3896	97.03	5.03e-39
C65YPACXX150129:7:1311:8851:11935/2	101	1	101	smNRPS-1/2	5910	2440	2540	97.03	5.03e-39
C65YPACXX150129:7:2115:12185:96213/2	101	101	1	smNRPS-1/2	5910	3863	3963	97.03	5.03e-39
C65YPACXX150129:7:1114:7102:3752/1	101	101	1	smNRPS-1/2	5910	5660	5760	97.03	5.03e-39
C65YPACXX150129:8:1211:14344:95713/2	99	1	99	smNRPS-1/2	5910	1953	2051	97.98	1.4e-39
C65YPACXX150129:8:2115:17150:36814/1	101	1	97	smNRPS-1/2	5910	2227	2323	98.969	3.89e-40
C65YPACXX150129:8:1305:1229:24259/2	100	1	100	smNRPS-1/2	5910	1842	1941	98	3.89e-40
C65YPACXX150129:8:1102:7947:49754/1	100	1	100	smNRPS-1/2	5910	1604	1703	98	3.89e-40
C65YPACXX150129:6:1112:12286:98747/1	101	101	1	smNRPS-1/2	5910	3521	3621	98.02	1.08e-40
C65YPACXX150129:8:1211:14344:95713/1	101	101	1	smNRPS-1/2	5910	2119	2219	98.02	1.08e-40
C65YPACXX150129:7:1307:15372:64768/2	101	1	101	smNRPS-1/2	5910	2568	2668	98.02	1.08e-40
C65YPACXX150129:8:1212:1593:100037/1	101	101	1	smNRPS-1/2	5910	57	157	98.02	1.08e-40
C65YPACXX150129:7:2112:16500:35975/1	95	95	1	smNRPS-1/2	5910	1393	1487	100	1.08e-40
C65YPACXX150129:6:1314:6564:89248/2	101	101	1	smNRPS-1/2	5910	3079	3179	98.02	1.08e-40
C65YPACXX150129:6:1109:14718:73161/1	101	101	1	smNRPS-1/2	5910	4495	4595	98.02	1.08e-40
C65YPACXX150129:8:1110:18766:86110/1	101	1	101	smNRPS-1/2	5910	3621	3721	98.02	1.08e-40
C65YPACXX150129:6:1103:18819:97352/2	101	1	101	smNRPS-1/2	5910	4525	4625	98.02	1.08e-40
C65YPACXX150129:6:1205:13205:55341/2	101	1	101	smNRPS-1/2	5910	49	149	98.02	1.08e-40
C65YPACXX150129:8:1114:15182:37038/1	101	1	101	smNRPS-1/2	5910	532	632	98.02	1.08e-40
C65YPACXX150129:6:1114:16816:100335/2	101	1	101	smNRPS-1/2	5910	3935	4035	98.02	1.08e-40
C65YPACXX150129:8:1103:11692:89967/2	101	1	101	smNRPS-1/2	5910	1634	1734	98.02	1.08e-40
C65YPACXX150129:7:1310:12370:58957/1	101	101	1	smNRPS-1/2	5910	57	157	98.02	1.08e-40
C65YPACXX150129:7:2106:20349:60349/1	101	1	101	smNRPS-1/2	5910	532	632	98.02	1.08e-40
C65YPACXX150129:6:1309:8377:56033/1	101	1	101	smNRPS-1/2	5910	2785	2885	98.02	1.08e-40
C65YPACXX150129:7:1301:13693:34488/1	101	99	1	smNRPS-1/2	5910	2090	2188	98.99	3.01e-41
C65YPACXX150129:8:2115:17150:36814/2	101	97	1	smNRPS-1/2	5910	2227	2323	100	8.36e-42
C65YPACXX150129:8:2110:14927:27655/1	101	100	1	smNRPS-1/2	5910	5694	5793	99	8.36e-42
C65YPACXX150129:6:1112:12286:98747/2	101	1	101	smNRPS-1/2	5910	3351	3451	99.01	2.32e-42
C65YPACXX150129:6:1208:10964:20816/1	101	1	101	smNRPS-1/2	5910	1681	1781	99.01	2.32e-42
C65YPACXX150129:8:1104:16523:11920/1	101	1	98	smNRPS-1/2	5910	5049	5146	100	2.32e-42
C65YPACXX150129:8:1104:16523:11920/2	101	101	1	smNRPS-1/2	5910	5091	5191	99.01	2.32e-42
C65YPACXX150129:7:1307:15372:64768/1	101	101	1	smNRPS-1/2	5910	2758	2858	99.01	2.32e-42
C65YPACXX150129:7:2207:16650:51791/1	101	1	101	smNRPS-1/2	5910	4088	4188	99.01	2.32e-42
C65YPACXX150129:7:1316:3691:10073/1	101	101	1	smNRPS-1/2	5910	639	739	99.01	2.32e-42
C65YPACXX150129:7:1316:3691:10073/2	101	1	101	smNRPS-1/2	5910	634	734	99.01	2.32e-42
C65YPACXX150129:6:1314:6564:89248/1	101	1	101	smNRPS-1/2	5910	2785	2885	99.01	2.32e-42
C65YPACXX150129:6:1114:8099:19188/1	101	101	1	smNRPS-1/2	5910	2425	2525	99.01	2.32e-42
C65YPACXX150129:6:1114:8099:19188/2	98	1	98	smNRPS-1/2	5910	2195	2292	100	2.32e-42
C65YPACXX150129:8:1305:1229:24259/1	101	101	1	smNRPS-1/2	5910	1851	1951	99.01	2.32e-42
C65YPACXX150129:6:2216:17189:99574/2	101	101	1	smNRPS-1/2	5910	2424	2524	99.01	2.32e-42
C65YPACXX150129:8:2304:13840:64186/1	101	101	1	smNRPS-1/2	5910	3012	3112	99.01	2.32e-42
C65YPACXX150129:6:1212:9195:97754/2	101	1	101	smNRPS-1/2	5910	3987	4087	99.01	2.32e-42
C65YPACXX150129:8:2305:11779:82416/2	101	101	1	smNRPS-1/2	5910	68	168	99.01	2.32e-42
C65YPACXX150129:8:1103:11692:89967/1	101	101	1	smNRPS-1/2	5910	1673	1773	99.01	2.32e-42
C65YPACXX150129:8:2308:13483:51336/1	101	1	101	smNRPS-1/2	5910	5720	5820	99.01	2.32e-42
C65YPACXX150129:7:1206:4327:78724/2	101	1	101	smNRPS-1/2	5910	3908	4008	99.01	2.32e-42
C65YPACXX150129:7:1311:8851:11935/1	101	101	1	smNRPS-1/2	5910	2779	2879	99.01	2.32e-42
C65YPACXX150129:6:2109:16195:54527/1	101	101	1	smNRPS-1/2	5910	2369	2469	99.01	2.32e-42
C65YPACXX150129:6:2109:16195:54527/2	101	1	101	smNRPS-1/2	5910	2181	2281	99.01	2.32e-42
C65YPACXX150129:7:2202:16325:46718/1	101	101	1	smNRPS-1/2	5910	639	739	99.01	2.32e-42
C65YPACXX150129:7:2202:16325:46718/2	101	1	101	smNRPS-1/2	5910	634	734	99.01	2.32e-42
C65YPACXX150129:7:2302:15740:82336/1	99	1	99	smNRPS-1/2	5910	5046	5144	100	6.46e-43
C65YPACXX150129:7:2314:16515:95336/2	101	101	1	smNRPS-1/2	5910	5263	5363	100	4.99e-44
C65YPACXX150129:7:1211:11712:35808/1	101	101	1	smNRPS-1/2	5910	2301	2401	100	4.99e-44
C65YPACXX150129:7:1211:11712:35808/2	101	1	101	smNRPS-1/2	5910	2280	2380	100	4.99e-44
C65YPACXX150129:8:1206:19198:45117/1	101	1	101	smNRPS-1/2	5910	3763	3863	100	4.99e-44
C65YPACXX150129:6:2216:17189:99574/1	101	1	101	smNRPS-1/2	5910	2227	2327	100	4.99e-44
C65YPACXX150129:6:1216:8932:61634/2	101	101	1	smNRPS-1/2	5910	5263	5363	100	4.99e-44
C65YPACXX150129:7:1207:13224:22217/2	101	1	101	smNRPS-1/2	5910	3778	3878	100	4.99e-44
C65YPACXX150129:8:1116:6263:66934/1	101	1	101	smNRPS-1/2	5910	716	816	100	4.99e-44
C65YPACXX150129:8:1116:6263:66934/2	101	101	1	smNRPS-1/2	5910	735	835	100	4.99e-44
C65YPACXX150129:7:2302:15740:82336/2	101	101	1	smNRPS-1/2	5910	5261	5361	100	4.99e-44
C65YPACXX150129:7:1206:4327:78724/1	101	101	1	smNRPS-1/2	5910	4029	4129	100	4.99e-44
C65YPACXX150129:7:2115:12185:96213/1	101	1	101	smNRPS-1/2	5910	3778	3878	100	4.99e-44
C65YPACXX150129:8:2111:16484:62570/1	101	1	101	smNRPS-1/2	5910	5256	5356	100	4.99e-44
C65YPACXX150129:8:2111:16484:62570/2	101	101	1	smNRPS-1/2	5910	5261	5361	100	4.99e-44
