C662FACXX150129:5:2311:15020:54958/1	101	1	100	smNRPS-1/2	5910	5280	5379	95	2.1e-35
C662FACXX150129:4:1302:2648:91373/1	97	1	97	smNRPS-1/2	5910	1210	1306	98.969	2.09e-40
C662FACXX150129:3:2107:13236:81165/2	101	1	101	smNRPS-1/2	5910	4874	4974	98.02	5.81e-41
C662FACXX150129:3:2107:13236:81165/1	98	98	3	smNRPS-1/2	5910	5167	5262	100	1.62e-41
C662FACXX150129:6:2315:12305:97204/1	101	48	101	smNRPS-1/2	5910	1	54	100	3.64e-18
C662FACXX150129:6:2312:10468:68865/2	86	86	1	smNRPS-1/2	5910	525	610	96.512	5.96e-31
C662FACXX150129:4:1210:8106:30860/1	83	1	83	smNRPS-1/2	5910	2260	2342	100	2.76e-34
C662FACXX150129:6:2107:15837:53727/1	94	1	94	smNRPS-1/2	5910	94	187	97.872	4.58e-37
C662FACXX150129:7:2316:19546:34008/2	101	101	1	smNRPS-1/2	5910	510	610	96.04	1.27e-37
C662FACXX150129:7:1116:20166:79573/2	96	96	1	smNRPS-1/2	5910	1225	1320	97.917	3.54e-38
C662FACXX150129:3:1303:7087:58036/1	101	97	1	smNRPS-1/2	5910	5517	5613	97.938	9.84e-39
C662FACXX150129:3:1303:7087:58036/2	101	1	97	smNRPS-1/2	5910	5517	5613	97.938	9.84e-39
C662FACXX150129:6:2312:10468:68865/1	95	1	95	smNRPS-1/2	5910	93	187	98.947	2.74e-39
C662FACXX150129:7:2316:19546:34008/1	101	1	101	smNRPS-1/2	5910	461	561	97.03	2.74e-39
C662FACXX150129:5:1201:9724:4372/2	98	1	97	smNRPS-1/2	5910	5066	5162	98.969	2.11e-40
C662FACXX150129:6:2203:8379:24880/2	101	101	1	smNRPS-1/2	5910	434	534	98.02	5.88e-41
C662FACXX150129:5:2102:9161:100939/1	101	99	1	smNRPS-1/2	5910	2839	2937	98.99	1.63e-41
C662FACXX150129:5:2102:9161:100939/2	101	1	99	smNRPS-1/2	5910	2839	2937	98.99	1.63e-41
C662FACXX150129:6:2315:12305:97204/2	100	100	1	smNRPS-1/2	5910	284	383	99	4.55e-42
C662FACXX150129:6:2203:8379:24880/1	101	1	101	smNRPS-1/2	5910	415	515	99.01	1.26e-42
C662FACXX150129:5:2311:15020:54958/2	101	1	101	smNRPS-1/2	5910	346	446	99.01	1.26e-42
C662FACXX150129:6:1102:18639:66667/2	101	101	1	smNRPS-1/2	5910	905	1005	99.01	1.26e-42
C662FACXX150129:6:1102:18639:66667/1	101	1	101	smNRPS-1/2	5910	792	892	100	2.72e-44
C662FACXX150129:5:1201:9724:4372/1	101	101	1	smNRPS-1/2	5910	5297	5397	100	2.72e-44
