C8G6HANXX160303:5:1208:14677:89029/2	101	1	101	smNRPS-1/2	5910	5622	5722	96.04	1.51e-37
C8G6HANXX160303:3:2108:12332:100423/1	99	1	99	smNRPS-1/2	5910	515	613	96.97	4.2e-38
C8G6HANXX160303:8:1107:2869:60081/1	99	1	99	smNRPS-1/2	5910	69	167	96.97	4.2e-38
C8G6HANXX160303:4:1315:4486:37096/2	101	1	101	smNRPS-1/2	5910	1254	1354	97.03	3.25e-39
C8G6HANXX160303:3:1102:13102:79941/1	99	1	99	smNRPS-1/2	5910	1110	1208	97.98	9.04e-40
C8G6HANXX160303:8:1107:2869:60081/2	101	101	1	smNRPS-1/2	5910	195	295	98.02	6.99e-41
C8G6HANXX160303:8:2114:8938:17444/1	101	1	101	smNRPS-1/2	5910	3921	4021	98.02	6.99e-41
C8G6HANXX160303:8:2312:19616:70871/1	99	1	99	smNRPS-1/2	5910	1532	1630	98.99	1.94e-41
C8G6HANXX160303:8:1104:10148:20260/2	100	100	1	smNRPS-1/2	5910	3022	3121	99	5.4e-42
C8G6HANXX160303:5:2104:15754:44785/1	101	1	101	smNRPS-1/2	5910	2821	2921	99.01	1.5e-42
C8G6HANXX160303:5:1306:18447:48401/2	101	101	1	smNRPS-1/2	5910	2336	2436	99.01	1.5e-42
C8G6HANXX160303:3:1102:13102:79941/2	101	101	1	smNRPS-1/2	5910	1542	1642	99.01	1.5e-42
C8G6HANXX160303:4:1315:4486:37096/1	101	101	1	smNRPS-1/2	5910	1406	1506	99.01	1.5e-42
C8G6HANXX160303:6:1201:17090:16314/1	101	1	101	smNRPS-1/2	5910	284	384	99.01	1.5e-42
C8G6HANXX160303:4:1114:17995:36948/2	101	101	1	smNRPS-1/2	5910	1031	1131	99.01	1.5e-42
C8G6HANXX160303:8:2312:19616:70871/2	101	101	1	smNRPS-1/2	5910	1652	1752	99.01	1.5e-42
C8G6HANXX160303:8:2114:8938:17444/2	101	101	1	smNRPS-1/2	5910	4148	4248	99.01	1.5e-42
C8G6HANXX160303:4:1114:17995:36948/1	99	1	99	smNRPS-1/2	5910	925	1023	100	4.18e-43
C8G6HANXX160303:6:2110:7427:20796/1	101	101	1	smNRPS-1/2	5910	2962	3062	100	3.23e-44
C8G6HANXX160303:6:2110:7427:20796/2	101	1	101	smNRPS-1/2	5910	2919	3019	100	3.23e-44
C8G6HANXX160303:5:2104:15754:44785/2	101	101	1	smNRPS-1/2	5910	3012	3112	100	3.23e-44
C8G6HANXX160303:3:1107:2525:41540/1	101	101	1	smNRPS-1/2	5910	2223	2323	100	3.23e-44
C8G6HANXX160303:3:1107:2525:41540/2	101	1	101	smNRPS-1/2	5910	2206	2306	100	3.23e-44
C8G6HANXX160303:8:1104:10148:20260/1	101	1	101	smNRPS-1/2	5910	2919	3019	100	3.23e-44
C8G6HANXX160303:3:2108:12332:100423/2	101	101	1	smNRPS-1/2	5910	591	691	100	3.23e-44
C8G6HANXX160303:5:1306:18447:48401/1	101	1	101	smNRPS-1/2	5910	2113	2213	100	3.23e-44
C8G6HANXX160303:6:1201:17090:16314/2	101	101	1	smNRPS-1/2	5910	408	508	100	3.23e-44
C8G6HANXX160303:5:1208:14677:89029/1	101	101	1	smNRPS-1/2	5910	5796	5896	100	3.23e-44
