C662FACXX150129:7:1302:16025:87237/2	64	64	1	smNRPS-1/2	5910	4257	4320	98.438	5.67e-22
C662FACXX150129:6:2101:2732:31544/2	67	67	1	smNRPS-1/2	5910	3808	3874	98.507	1.22e-23
C662FACXX150129:5:2205:14463:65137/1	67	1	67	smNRPS-1/2	5910	286	352	100	2.62e-25
C662FACXX150129:3:1209:9324:59241/1	69	1	69	smNRPS-1/2	5910	2359	2427	100	2.02e-26
C662FACXX150129:3:2104:12579:37259/2	70	70	1	smNRPS-1/2	5910	5747	5816	100	5.63e-27
C662FACXX150129:4:2316:14335:60246/2	70	1	70	smNRPS-1/2	5910	1938	2007	100	5.63e-27
C662FACXX150129:4:1305:8791:36616/1	71	71	1	smNRPS-1/2	5910	5397	5467	100	1.56e-27
C662FACXX150129:4:2316:14335:60246/1	77	77	1	smNRPS-1/2	5910	2168	2244	97.403	1.56e-27
C662FACXX150129:3:2109:20911:84526/1	71	1	71	smNRPS-1/2	5910	2201	2271	100	1.56e-27
C662FACXX150129:3:2204:8351:23501/2	73	1	73	smNRPS-1/2	5910	263	335	100	1.21e-28
C662FACXX150129:2:1309:13521:14282/2	74	1	74	smNRPS-1/2	5910	4289	4362	100	3.3600000000000003e-29
C662FACXX150129:2:2306:13503:48747/2	79	1	79	smNRPS-1/2	5910	1101	1179	98.734	2.6e-30
C662FACXX150129:4:1109:5583:8276/2	76	1	76	smNRPS-1/2	5910	4679	4754	100	2.6e-30
C662FACXX150129:3:1202:13154:18027/1	80	80	1	smNRPS-1/2	5910	3444	3523	98.75	7.23e-31
C662FACXX150129:5:1116:18390:14082/1	78	78	1	smNRPS-1/2	5910	2792	2869	100	2.01e-31
C662FACXX150129:2:2301:10684:11896/2	84	84	1	smNRPS-1/2	5910	5242	5325	97.619	2.01e-31
C662FACXX150129:6:1210:16508:58409/2	79	1	79	smNRPS-1/2	5910	5084	5162	100	5.59e-32
C662FACXX150129:2:2301:10684:11896/1	80	1	80	smNRPS-1/2	5910	5076	5155	100	1.55e-32
C662FACXX150129:7:1205:20781:68535/2	80	80	1	smNRPS-1/2	5910	3044	3123	100	1.55e-32
C662FACXX150129:6:2310:9710:18736/1	85	1	85	smNRPS-1/2	5910	2015	2099	98.824	1.2e-33
C662FACXX150129:2:1112:1596:50635/1	82	1	82	smNRPS-1/2	5910	1013	1094	100	1.2e-33
C662FACXX150129:4:2207:12892:74741/2	83	1	83	smNRPS-1/2	5910	685	767	100	3.34e-34
C662FACXX150129:4:1104:14057:77926/2	90	1	90	smNRPS-1/2	5910	3844	3933	97.778	9.28e-35
C662FACXX150129:5:2103:2505:91276/2	89	1	89	smNRPS-1/2	5910	3508	3596	98.876	7.18e-36
C662FACXX150129:6:2113:17394:52885/1	86	86	1	smNRPS-1/2	5910	4213	4298	100	7.18e-36
C662FACXX150129:5:1309:15545:20999/2	86	1	86	smNRPS-1/2	5910	4289	4374	100	7.18e-36
C662FACXX150129:4:2103:18772:63830/2	87	1	87	smNRPS-1/2	5910	5600	5686	100	2e-36
C662FACXX150129:4:1305:8791:36616/2	91	1	91	smNRPS-1/2	5910	5288	5378	98.901	5.55e-37
C662FACXX150129:4:2202:16963:91830/1	88	88	1	smNRPS-1/2	5910	1821	1908	100	5.55e-37
C662FACXX150129:5:1216:12132:8926/1	95	95	1	smNRPS-1/2	5910	4849	4943	97.895	1.54e-37
C662FACXX150129:3:2313:3191:52597/2	92	1	92	smNRPS-1/2	5910	879	970	98.913	1.54e-37
C662FACXX150129:4:2203:20091:6642/1	93	1	93	smNRPS-1/2	5910	1283	1375	98.925	4.29e-38
C662FACXX150129:4:1209:18127:82881/1	90	90	1	smNRPS-1/2	5910	3923	4012	100	4.29e-38
C662FACXX150129:5:2212:4007:98748/1	96	1	96	smNRPS-1/2	5910	2882	2977	97.917	4.29e-38
C662FACXX150129:7:1308:16383:93844/2	98	1	98	smNRPS-1/2	5910	569	668	97	4.29e-38
C662FACXX150129:4:2205:5406:11648/2	97	97	1	smNRPS-1/2	5910	3888	3984	97.938	1.19e-38
C662FACXX150129:6:1112:13159:41010/2	101	95	1	smNRPS-1/2	5910	962	1056	98.947	3.31e-39
C662FACXX150129:7:1310:5876:18007/1	98	1	98	smNRPS-1/2	5910	2345	2442	97.959	3.31e-39
C662FACXX150129:5:2113:1519:17319/2	92	1	92	smNRPS-1/2	5910	4316	4407	100	3.31e-39
C662FACXX150129:4:1213:17997:45056/2	101	1	101	smNRPS-1/2	5910	887	987	97.03	3.31e-39
C662FACXX150129:7:2214:18443:91112/1	101	1	101	smNRPS-1/2	5910	4296	4397	97.059	3.31e-39
C662FACXX150129:7:2106:19148:81061/2	98	98	1	smNRPS-1/2	5910	3696	3793	97.959	3.31e-39
C662FACXX150129:5:2107:3411:81594/1	101	95	1	smNRPS-1/2	5910	5596	5690	98.947	3.31e-39
C662FACXX150129:5:2107:3411:81594/2	101	1	95	smNRPS-1/2	5910	5596	5690	98.947	3.31e-39
C662FACXX150129:3:2208:9097:96048/1	101	98	1	smNRPS-1/2	5910	744	841	97.959	3.31e-39
C662FACXX150129:7:1101:13100:42898/1	92	92	1	smNRPS-1/2	5910	4677	4768	100	3.31e-39
C662FACXX150129:4:2304:17495:13334/1	96	1	96	smNRPS-1/2	5910	3190	3285	98.958	9.22e-40
C662FACXX150129:6:1112:13159:41010/1	101	1	96	smNRPS-1/2	5910	962	1057	98.958	9.22e-40
C662FACXX150129:4:1211:4838:87774/1	101	1	93	smNRPS-1/2	5910	4232	4324	100	9.22e-40
C662FACXX150129:4:1211:4838:87774/2	101	93	1	smNRPS-1/2	5910	4232	4324	100	9.22e-40
C662FACXX150129:6:1107:11441:31809/1	93	93	1	smNRPS-1/2	5910	40	132	100	9.22e-40
C662FACXX150129:2:1314:9867:58588/1	101	1	93	smNRPS-1/2	5910	4232	4324	100	9.22e-40
C662FACXX150129:2:1314:9867:58588/2	101	93	1	smNRPS-1/2	5910	4232	4324	100	9.22e-40
C662FACXX150129:7:1301:6595:97169/1	101	1	101	smNRPS-1/2	5910	665	764	98.02	2.56e-40
C662FACXX150129:7:1201:5026:87152/1	101	101	1	smNRPS-1/2	5910	4243	4343	98.02	7.12e-41
C662FACXX150129:4:2304:17495:13334/2	101	101	1	smNRPS-1/2	5910	3630	3730	98.02	7.12e-41
C662FACXX150129:6:2203:20166:72620/2	95	1	95	smNRPS-1/2	5910	1144	1238	100	7.12e-41
C662FACXX150129:2:2216:17469:6279/2	101	101	1	smNRPS-1/2	5910	5225	5325	98.02	7.12e-41
C662FACXX150129:5:1216:12132:8926/2	101	1	101	smNRPS-1/2	5910	4715	4815	98.02	7.12e-41
C662FACXX150129:7:2309:20135:11822/1	101	1	101	smNRPS-1/2	5910	5708	5808	98.02	7.12e-41
C662FACXX150129:7:2309:20135:11822/2	101	101	1	smNRPS-1/2	5910	5722	5822	98.02	7.12e-41
C662FACXX150129:3:1216:18765:52064/2	101	1	101	smNRPS-1/2	5910	2355	2455	98.02	7.12e-41
C662FACXX150129:7:2202:11961:51473/1	101	95	1	smNRPS-1/2	5910	1780	1874	100	7.12e-41
C662FACXX150129:2:1104:9745:85886/2	101	101	1	smNRPS-1/2	5910	3884	3984	98.02	7.12e-41
C662FACXX150129:7:2314:16279:73264/2	101	101	1	smNRPS-1/2	5910	2437	2537	98.02	7.12e-41
C662FACXX150129:4:2205:5406:11648/1	101	3	101	smNRPS-1/2	5910	3783	3881	98.99	1.98e-41
C662FACXX150129:5:1116:18390:14082/2	96	1	96	smNRPS-1/2	5910	2770	2865	100	1.98e-41
C662FACXX150129:7:2202:11961:51473/2	101	1	96	smNRPS-1/2	5910	1780	1875	100	1.98e-41
C662FACXX150129:2:2104:13674:57873/2	100	99	1	smNRPS-1/2	5910	2092	2190	98.99	1.98e-41
C662FACXX150129:6:2205:5300:58190/2	99	1	99	smNRPS-1/2	5910	206	304	98.99	1.98e-41
C662FACXX150129:6:2102:13818:4285/2	100	1	100	smNRPS-1/2	5910	206	305	99	5.51e-42
C662FACXX150129:7:2316:14202:36455/1	101	2	101	smNRPS-1/2	5910	3062	3161	99	5.51e-42
C662FACXX150129:6:2214:16972:80549/1	97	97	1	smNRPS-1/2	5910	5085	5181	100	5.51e-42
C662FACXX150129:3:2105:17037:40266/1	100	1	100	smNRPS-1/2	5910	4832	4931	99	5.51e-42
C662FACXX150129:4:2115:5697:19923/2	97	1	97	smNRPS-1/2	5910	4550	4646	100	5.51e-42
C662FACXX150129:2:2316:5972:57115/1	97	97	1	smNRPS-1/2	5910	1196	1292	100	5.51e-42
C662FACXX150129:3:1214:3489:6283/1	101	101	1	smNRPS-1/2	5910	5169	5269	99.01	1.53e-42
C662FACXX150129:7:1304:3560:90295/2	101	101	1	smNRPS-1/2	5910	3548	3648	99.01	1.53e-42
C662FACXX150129:4:2105:3153:47972/2	98	1	98	smNRPS-1/2	5910	4236	4333	100	1.53e-42
C662FACXX150129:6:1106:3325:86630/1	101	101	1	smNRPS-1/2	5910	2735	2835	99.01	1.53e-42
C662FACXX150129:5:2205:14463:65137/2	101	101	1	smNRPS-1/2	5910	298	398	99.01	1.53e-42
C662FACXX150129:2:2306:13503:48747/1	101	101	1	smNRPS-1/2	5910	1119	1219	99.01	1.53e-42
C662FACXX150129:3:2209:17657:26290/1	101	101	1	smNRPS-1/2	5910	3229	3329	99.01	1.53e-42
C662FACXX150129:3:2209:17657:26290/2	101	1	101	smNRPS-1/2	5910	3217	3317	99.01	1.53e-42
C662FACXX150129:4:1116:8086:91680/1	101	1	101	smNRPS-1/2	5910	5319	5419	99.01	1.53e-42
C662FACXX150129:5:2111:9423:61978/1	101	101	1	smNRPS-1/2	5910	1918	2019	99.02	1.53e-42
C662FACXX150129:7:2316:14202:36455/2	101	101	1	smNRPS-1/2	5910	3231	3331	99.01	1.53e-42
C662FACXX150129:4:1209:18127:82881/2	101	1	101	smNRPS-1/2	5910	3597	3697	99.01	1.53e-42
C662FACXX150129:5:1311:7462:12179/1	98	98	1	smNRPS-1/2	5910	4484	4581	100	1.53e-42
C662FACXX150129:2:2210:10028:15116/1	98	1	98	smNRPS-1/2	5910	5733	5830	100	1.53e-42
C662FACXX150129:4:2207:12892:74741/1	101	101	1	smNRPS-1/2	5910	928	1028	99.01	1.53e-42
C662FACXX150129:7:2103:4160:27181/1	101	101	1	smNRPS-1/2	5910	5460	5560	99.01	1.53e-42
C662FACXX150129:3:2305:2941:13310/1	101	1	101	smNRPS-1/2	5910	3180	3280	99.01	1.53e-42
C662FACXX150129:3:2305:2941:13310/2	101	101	1	smNRPS-1/2	5910	3394	3494	99.01	1.53e-42
C662FACXX150129:3:1209:9324:59241/2	98	98	1	smNRPS-1/2	5910	2480	2577	100	1.53e-42
C662FACXX150129:2:1310:5322:75609/1	101	101	1	smNRPS-1/2	5910	3384	3484	99.01	1.53e-42
C662FACXX150129:3:1115:20003:95042/2	98	1	98	smNRPS-1/2	5910	3685	3782	100	1.53e-42
C662FACXX150129:7:1310:5876:18007/2	101	101	1	smNRPS-1/2	5910	2769	2869	99.01	1.53e-42
C662FACXX150129:4:1213:17997:45056/1	101	101	1	smNRPS-1/2	5910	906	1006	99.01	1.53e-42
C662FACXX150129:3:1216:18765:52064/1	101	101	1	smNRPS-1/2	5910	2438	2538	99.01	1.53e-42
C662FACXX150129:7:2214:18443:91112/2	101	101	1	smNRPS-1/2	5910	4397	4497	99.01	1.53e-42
C662FACXX150129:6:1102:9094:22892/1	101	101	1	smNRPS-1/2	5910	2144	2244	99.01	1.53e-42
C662FACXX150129:2:1109:10148:28771/1	101	1	101	smNRPS-1/2	5910	2827	2927	99.01	1.53e-42
C662FACXX150129:2:1109:10148:28771/2	101	101	1	smNRPS-1/2	5910	3051	3151	99.01	1.53e-42
C662FACXX150129:7:2106:19148:81061/1	101	1	101	smNRPS-1/2	5910	3554	3654	99.01	1.53e-42
C662FACXX150129:4:2313:1578:11185/2	101	101	1	smNRPS-1/2	5910	3548	3648	99.01	1.53e-42
C662FACXX150129:7:2211:5159:12009/1	101	101	1	smNRPS-1/2	5910	906	1006	99.01	1.53e-42
C662FACXX150129:7:2211:5159:12009/2	101	1	101	smNRPS-1/2	5910	887	987	99.01	1.53e-42
C662FACXX150129:2:2103:4490:82021/1	101	1	101	smNRPS-1/2	5910	962	1062	99.01	1.53e-42
C662FACXX150129:5:1209:15970:14214/1	101	101	1	smNRPS-1/2	5910	1918	2019	99.02	1.53e-42
C662FACXX150129:5:1301:6720:95826/2	99	1	99	smNRPS-1/2	5910	294	392	100	4.26e-43
C662FACXX150129:5:2111:9423:61978/2	99	1	99	smNRPS-1/2	5910	1782	1880	100	4.26e-43
C662FACXX150129:5:2212:4007:98748/2	100	99	1	smNRPS-1/2	5910	2946	3044	100	4.26e-43
C662FACXX150129:7:1101:7816:36604/1	99	99	1	smNRPS-1/2	5910	837	935	100	4.26e-43
C662FACXX150129:2:2216:17469:6279/1	99	1	99	smNRPS-1/2	5910	5076	5174	100	4.26e-43
C662FACXX150129:7:1113:8785:77557/1	101	99	1	smNRPS-1/2	5910	1871	1969	100	4.26e-43
C662FACXX150129:7:1113:8785:77557/2	99	1	99	smNRPS-1/2	5910	1871	1969	100	4.26e-43
C662FACXX150129:7:2103:4160:27181/2	99	1	99	smNRPS-1/2	5910	5137	5235	100	4.26e-43
C662FACXX150129:3:1115:20003:95042/1	99	99	1	smNRPS-1/2	5910	3975	4073	100	4.26e-43
C662FACXX150129:7:1301:6595:97169/2	101	101	3	smNRPS-1/2	5910	876	974	100	4.26e-43
C662FACXX150129:2:2301:15556:64955/1	99	99	1	smNRPS-1/2	5910	5080	5178	100	4.26e-43
C662FACXX150129:5:1301:6720:95826/1	100	100	1	smNRPS-1/2	5910	453	552	100	1.18e-43
C662FACXX150129:6:2201:18801:40556/1	100	100	1	smNRPS-1/2	5910	33	132	100	1.18e-43
C662FACXX150129:6:1312:15045:75194/1	101	100	1	smNRPS-1/2	5910	1410	1509	100	1.18e-43
C662FACXX150129:6:1312:15045:75194/2	101	1	100	smNRPS-1/2	5910	1410	1509	100	1.18e-43
C662FACXX150129:6:1102:9094:22892/2	100	1	100	smNRPS-1/2	5910	1938	2037	100	1.18e-43
C662FACXX150129:4:2313:1578:11185/1	100	1	100	smNRPS-1/2	5910	3413	3512	100	1.18e-43
C662FACXX150129:4:2305:7043:17990/1	100	100	1	smNRPS-1/2	5910	4794	4893	100	1.18e-43
C662FACXX150129:2:2110:16374:91969/2	100	1	100	smNRPS-1/2	5910	540	639	100	1.18e-43
C662FACXX150129:2:2211:4880:19441/1	101	101	1	smNRPS-1/2	5910	4140	4240	100	3.29e-44
C662FACXX150129:2:2211:4880:19441/2	101	1	101	smNRPS-1/2	5910	4084	4184	100	3.29e-44
C662FACXX150129:7:1201:5026:87152/2	101	1	101	smNRPS-1/2	5910	4138	4238	100	3.29e-44
C662FACXX150129:2:1304:17791:87874/1	101	1	101	smNRPS-1/2	5910	549	649	100	3.29e-44
C662FACXX150129:2:1304:17791:87874/2	101	101	1	smNRPS-1/2	5910	556	656	100	3.29e-44
C662FACXX150129:3:1214:3489:6283/2	101	1	101	smNRPS-1/2	5910	5082	5182	100	3.29e-44
C662FACXX150129:2:2106:6256:59549/1	101	101	1	smNRPS-1/2	5910	2274	2374	100	3.29e-44
C662FACXX150129:2:2106:6256:59549/2	101	1	101	smNRPS-1/2	5910	2247	2347	100	3.29e-44
C662FACXX150129:7:1304:3560:90295/1	101	1	101	smNRPS-1/2	5910	3413	3513	100	3.29e-44
C662FACXX150129:4:2105:3153:47972/1	101	101	1	smNRPS-1/2	5910	4297	4397	100	3.29e-44
C662FACXX150129:6:1106:3325:86630/2	101	1	101	smNRPS-1/2	5910	2707	2807	100	3.29e-44
C662FACXX150129:2:1309:13521:14282/1	101	101	1	smNRPS-1/2	5910	4653	4753	100	3.29e-44
C662FACXX150129:6:2102:13818:4285/1	101	101	1	smNRPS-1/2	5910	260	360	100	3.29e-44
C662FACXX150129:4:1116:8086:91680/2	101	101	1	smNRPS-1/2	5910	5361	5461	100	3.29e-44
C662FACXX150129:5:2109:6768:64819/1	101	1	101	smNRPS-1/2	5910	5068	5168	100	3.29e-44
C662FACXX150129:5:2109:6768:64819/2	101	101	1	smNRPS-1/2	5910	5136	5236	100	3.29e-44
C662FACXX150129:4:2203:20091:6642/2	101	101	1	smNRPS-1/2	5910	1320	1420	100	3.29e-44
C662FACXX150129:5:1201:5032:32625/1	101	1	101	smNRPS-1/2	5910	2586	2686	100	3.29e-44
C662FACXX150129:5:1201:5032:32625/2	101	101	1	smNRPS-1/2	5910	2937	3037	100	3.29e-44
C662FACXX150129:5:1311:7462:12179/2	101	1	101	smNRPS-1/2	5910	4289	4389	100	3.29e-44
C662FACXX150129:7:1101:7816:36604/2	101	1	101	smNRPS-1/2	5910	834	934	100	3.29e-44
C662FACXX150129:7:1216:6723:29699/1	101	101	1	smNRPS-1/2	5910	1630	1730	100	3.29e-44
C662FACXX150129:7:1216:6723:29699/2	101	1	101	smNRPS-1/2	5910	1490	1590	100	3.29e-44
C662FACXX150129:2:2114:14380:72101/1	101	101	1	smNRPS-1/2	5910	4142	4242	100	3.29e-44
C662FACXX150129:2:2114:14380:72101/2	101	1	101	smNRPS-1/2	5910	4142	4242	100	3.29e-44
C662FACXX150129:5:2103:2505:91276/1	101	101	1	smNRPS-1/2	5910	3978	4078	100	3.29e-44
C662FACXX150129:6:2214:16972:80549/2	101	1	101	smNRPS-1/2	5910	4950	5050	100	3.29e-44
C662FACXX150129:6:2203:20166:72620/1	101	101	1	smNRPS-1/2	5910	1228	1328	100	3.29e-44
C662FACXX150129:4:1104:14057:77926/1	101	101	1	smNRPS-1/2	5910	4130	4230	100	3.29e-44
C662FACXX150129:7:1109:12119:100948/1	101	1	101	smNRPS-1/2	5910	2083	2183	100	3.29e-44
C662FACXX150129:7:1109:12119:100948/2	101	101	1	smNRPS-1/2	5910	2099	2199	100	3.29e-44
C662FACXX150129:6:2113:17394:52885/2	101	1	101	smNRPS-1/2	5910	4123	4223	100	3.29e-44
C662FACXX150129:7:1206:19316:40733/1	101	101	1	smNRPS-1/2	5910	5144	5244	100	3.29e-44
C662FACXX150129:7:1206:19316:40733/2	101	1	101	smNRPS-1/2	5910	5087	5187	100	3.29e-44
C662FACXX150129:3:2105:17037:40266/2	101	101	1	smNRPS-1/2	5910	5000	5100	100	3.29e-44
C662FACXX150129:2:1310:5322:75609/2	101	1	101	smNRPS-1/2	5910	3094	3194	100	3.29e-44
C662FACXX150129:5:2113:1519:17319/1	101	101	1	smNRPS-1/2	5910	4740	4840	100	3.29e-44
C662FACXX150129:4:1112:3893:65495/1	101	101	1	smNRPS-1/2	5910	4990	5090	100	3.29e-44
C662FACXX150129:4:1112:3893:65495/2	101	1	101	smNRPS-1/2	5910	4971	5071	100	3.29e-44
C662FACXX150129:3:2204:8351:23501/1	101	101	1	smNRPS-1/2	5910	447	547	100	3.29e-44
C662FACXX150129:2:1109:11124:5710/1	101	101	1	smNRPS-1/2	5910	5060	5160	100	3.29e-44
C662FACXX150129:2:1109:11124:5710/2	101	1	101	smNRPS-1/2	5910	5040	5140	100	3.29e-44
C662FACXX150129:2:1209:12942:64236/1	101	1	101	smNRPS-1/2	5910	544	644	100	3.29e-44
C662FACXX150129:2:1209:12942:64236/2	101	101	1	smNRPS-1/2	5910	722	822	100	3.29e-44
C662FACXX150129:2:2104:13674:57873/1	101	1	101	smNRPS-1/2	5910	1938	2038	100	3.29e-44
C662FACXX150129:4:1206:11300:46442/1	101	101	1	smNRPS-1/2	5910	4990	5090	100	3.29e-44
C662FACXX150129:4:1206:11300:46442/2	101	1	101	smNRPS-1/2	5910	4976	5076	100	3.29e-44
C662FACXX150129:4:1312:20416:29967/1	101	101	1	smNRPS-1/2	5910	5000	5100	100	3.29e-44
C662FACXX150129:4:1312:20416:29967/2	101	1	101	smNRPS-1/2	5910	4950	5050	100	3.29e-44
C662FACXX150129:4:2115:5697:19923/1	101	101	1	smNRPS-1/2	5910	4742	4842	100	3.29e-44
C662FACXX150129:7:2109:17136:95661/1	101	101	1	smNRPS-1/2	5910	32	132	100	3.29e-44
C662FACXX150129:7:2109:17136:95661/2	101	1	101	smNRPS-1/2	5910	22	122	100	3.29e-44
C662FACXX150129:7:1104:15500:19280/1	101	101	1	smNRPS-1/2	5910	5193	5293	100	3.29e-44
C662FACXX150129:7:1104:15500:19280/2	101	1	101	smNRPS-1/2	5910	5051	5151	100	3.29e-44
C662FACXX150129:4:1109:5583:8276/1	101	101	1	smNRPS-1/2	5910	5142	5242	100	3.29e-44
C662FACXX150129:2:2304:18930:86447/1	101	1	101	smNRPS-1/2	5910	3427	3527	100	3.29e-44
C662FACXX150129:2:2304:18930:86447/2	101	101	1	smNRPS-1/2	5910	3633	3733	100	3.29e-44
C662FACXX150129:4:1214:17647:55662/1	101	1	101	smNRPS-1/2	5910	29	129	100	3.29e-44
C662FACXX150129:4:1214:17647:55662/2	101	101	1	smNRPS-1/2	5910	255	355	100	3.29e-44
C662FACXX150129:5:2214:2781:54288/1	101	1	101	smNRPS-1/2	5910	4361	4461	100	3.29e-44
C662FACXX150129:5:2214:2781:54288/2	101	101	1	smNRPS-1/2	5910	4698	4798	100	3.29e-44
C662FACXX150129:5:2116:9179:89327/1	101	1	101	smNRPS-1/2	5910	4619	4719	100	3.29e-44
C662FACXX150129:5:2116:9179:89327/2	101	101	1	smNRPS-1/2	5910	4754	4854	100	3.29e-44
C662FACXX150129:4:1314:17099:96934/1	101	1	101	smNRPS-1/2	5910	1861	1961	100	3.29e-44
C662FACXX150129:4:1314:17099:96934/2	101	101	1	smNRPS-1/2	5910	2180	2280	100	3.29e-44
C662FACXX150129:2:2206:15720:71309/1	101	1	101	smNRPS-1/2	5910	4499	4599	100	3.29e-44
C662FACXX150129:7:2208:3982:65868/1	101	101	1	smNRPS-1/2	5910	1919	2019	100	3.29e-44
C662FACXX150129:3:2215:13175:41230/1	101	101	1	smNRPS-1/2	5910	2522	2622	100	3.29e-44
C662FACXX150129:2:2310:20549:60960/1	101	101	1	smNRPS-1/2	5910	2735	2835	100	3.29e-44
C662FACXX150129:4:1310:18109:91442/1	101	1	101	smNRPS-1/2	5910	3250	3350	100	3.29e-44
C662FACXX150129:5:2307:7677:56875/1	101	101	1	smNRPS-1/2	5910	1901	2001	100	3.29e-44
C662FACXX150129:3:1206:5650:65313/1	101	101	1	smNRPS-1/2	5910	135	235	100	3.29e-44
C662FACXX150129:2:2110:19571:61569/2	101	101	1	smNRPS-1/2	5910	2368	2468	100	3.29e-44
C662FACXX150129:4:1216:14027:38390/2	101	101	1	smNRPS-1/2	5910	5380	5480	100	3.29e-44
C662FACXX150129:2:1106:13653:38500/2	101	1	101	smNRPS-1/2	5910	1199	1299	100	3.29e-44
C662FACXX150129:3:2110:6310:94883/1	96	61	2	smNRPS-1/2	5910	5871	5930	96.667	4.46e-18
C662FACXX150129:3:2110:6310:94883/2	88	1	60	smNRPS-1/2	5910	5872	5931	96.667	4.46e-18
C662FACXX150129:5:1107:13143:60997/2	61	61	1	smNRPS-1/2	5910	3687	3747	98.361	2.67e-20
C662FACXX150129:2:2210:10028:15116/2	101	32	101	smNRPS-1/2	5910	1	70	98.571	2.65e-25
C662FACXX150129:2:1203:17865:85385/1	72	1	72	smNRPS-1/2	5910	408	479	100	4.4e-28
C662FACXX150129:5:1107:13143:60997/1	77	1	77	smNRPS-1/2	5910	3358	3434	98.701	3.4e-29
C662FACXX150129:3:1103:13262:47555/1	76	74	1	smNRPS-1/2	5910	4023	4096	100	3.4e-29
C662FACXX150129:2:1203:17865:85385/2	78	78	1	smNRPS-1/2	5910	501	578	100	2.03e-31
C662FACXX150129:6:1313:1893:77073/2	96	1	96	smNRPS-1/2	5910	3980	4075	98.958	9.33e-40
C662FACXX150129:6:1204:20488:4963/1	101	95	1	smNRPS-1/2	5910	786	880	100	7.21e-41
C662FACXX150129:6:1204:20488:4963/2	101	1	95	smNRPS-1/2	5910	786	880	100	7.21e-41
C662FACXX150129:7:1205:20311:4658/2	101	101	1	smNRPS-1/2	5910	5319	5419	99.01	1.55e-42
C662FACXX150129:6:1313:1893:77073/1	101	101	1	smNRPS-1/2	5910	3996	4096	99.01	1.55e-42
C662FACXX150129:3:1103:13262:47555/2	101	1	101	smNRPS-1/2	5910	3980	4080	99.01	1.55e-42
C662FACXX150129:2:2215:6482:36577/1	101	101	1	smNRPS-1/2	5910	4148	4248	99.01	1.55e-42
C662FACXX150129:2:2215:6482:36577/2	101	1	101	smNRPS-1/2	5910	4119	4219	99.01	1.55e-42
C662FACXX150129:2:2109:20305:53959/2	101	1	101	smNRPS-1/2	5910	3340	3440	99.01	1.55e-42
C662FACXX150129:7:1205:20311:4658/1	100	1	100	smNRPS-1/2	5910	5283	5382	100	1.2e-43
