C8G6HANXX160303:7:1203:2492:98090/2	58	1	58	smNRPS-1/2	5910	3052	3109	98.276	2.03e-18
C8G6HANXX160303:7:2302:20121:66256/1	63	1	63	smNRPS-1/2	5910	448	510	98.413	3.37e-21
C8G6HANXX160303:4:1112:2981:34990/1	80	1	80	smNRPS-1/2	5910	689	768	100	2.57e-32
C8G6HANXX160303:7:1203:2492:98090/1	98	98	1	smNRPS-1/2	5910	3328	3425	97.959	5.48e-39
C8G6HANXX160303:3:2207:5390:58204/1	100	100	1	smNRPS-1/2	5910	5360	5459	99	9.11e-42
C8G6HANXX160303:3:2207:5390:58204/2	100	1	100	smNRPS-1/2	5910	5350	5449	99	9.11e-42
C8G6HANXX160303:4:2111:9547:70434/2	97	1	97	smNRPS-1/2	5910	3358	3454	100	9.11e-42
C8G6HANXX160303:6:1204:2970:36877/2	98	98	1	smNRPS-1/2	5910	738	835	100	2.53e-42
C8G6HANXX160303:5:1111:14554:19506/1	101	101	1	smNRPS-1/2	5910	5382	5482	99.01	2.53e-42
C8G6HANXX160303:7:2302:20121:66256/2	101	101	1	smNRPS-1/2	5910	598	698	99.01	2.53e-42
C8G6HANXX160303:6:1204:2970:36877/1	99	1	99	smNRPS-1/2	5910	689	787	100	7.04e-43
C8G6HANXX160303:4:2111:9547:70434/1	100	100	1	smNRPS-1/2	5910	3369	3468	100	1.96e-43
C8G6HANXX160303:5:1111:14554:19506/2	101	1	101	smNRPS-1/2	5910	5295	5395	100	5.44e-44
C8G6HANXX160303:6:2110:14811:79658/1	101	101	1	smNRPS-1/2	5910	3369	3469	100	5.44e-44
C8G6HANXX160303:6:2110:14811:79658/2	101	1	101	smNRPS-1/2	5910	3358	3458	100	5.44e-44
C8G6HANXX160303:5:2311:11476:2000/2	101	1	101	smNRPS-1/2	5910	5295	5395	100	5.44e-44
