C662FACXX150129:2:1109:12301:60808/2	94	1	94	smNRPS-1/2	5910	1213	1306	98.936	7.16e-39
C662FACXX150129:6:1215:5055:41671/1	56	1	56	smNRPS-1/2	5910	3749	3804	100	2.07e-19
C662FACXX150129:6:1110:4782:99265/1	65	1	65	smNRPS-1/2	5910	1398	1462	100	2.06e-24
C662FACXX150129:2:1312:15387:86884/2	89	1	89	smNRPS-1/2	5910	1585	1673	100	9.37e-38
C662FACXX150129:2:1106:2159:88503/1	96	96	1	smNRPS-1/2	5910	684	779	100	1.2e-41
C662FACXX150129:6:1302:3451:71863/1	97	97	1	smNRPS-1/2	5910	683	779	100	3.35e-42
C662FACXX150129:6:1215:5055:41671/2	98	98	1	smNRPS-1/2	5910	3786	3883	100	9.31e-43
C662FACXX150129:5:1307:20572:66369/1	101	1	101	smNRPS-1/2	5910	1318	1418	99.01	9.31e-43
C662FACXX150129:5:1307:20572:66369/2	98	98	1	smNRPS-1/2	5910	1334	1431	100	9.31e-43
C662FACXX150129:2:1106:2159:88503/2	101	1	101	smNRPS-1/2	5910	346	446	99.01	9.31e-43
C662FACXX150129:2:1312:15387:86884/1	100	100	1	smNRPS-1/2	5910	1639	1738	100	7.2e-44
C662FACXX150129:7:2304:17124:67140/1	101	1	101	smNRPS-1/2	5910	771	871	100	2e-44
C662FACXX150129:7:2304:17124:67140/2	101	101	1	smNRPS-1/2	5910	822	922	100	2e-44
C662FACXX150129:6:2308:4033:14281/1	101	101	1	smNRPS-1/2	5910	1638	1738	100	2e-44
C662FACXX150129:6:2308:4033:14281/2	101	1	101	smNRPS-1/2	5910	1585	1685	100	2e-44
C662FACXX150129:7:1208:3514:62814/2	101	101	1	smNRPS-1/2	5910	1331	1431	100	2e-44
