C90P4ANXX160330:4:1210:11431:89251/2	98	89	1	smNRPS-1/2	5910	275	363	98.876	4.07e-36
C90P4ANXX160330:1:2312:14489:90049/1	99	1	90	smNRPS-1/2	5910	277	366	100	2.43e-38
C90P4ANXX160330:4:1210:11431:89251/1	100	1	91	smNRPS-1/2	5910	276	366	100	6.76e-39
C90P4ANXX160330:5:2110:3381:31511/1	94	94	1	smNRPS-1/2	5910	4641	4734	98.936	6.76e-39
C90P4ANXX160330:1:2312:14489:90049/2	101	92	1	smNRPS-1/2	5910	275	366	100	1.88e-39
C90P4ANXX160330:5:2304:7708:50854/1	101	1	101	smNRPS-1/2	5910	4366	4466	99.01	8.68e-43
C90P4ANXX160330:5:2304:7708:50854/2	101	101	1	smNRPS-1/2	5910	4412	4512	99.01	8.68e-43
C90P4ANXX160330:1:2108:12469:74052/2	101	48	101	smNRPS-1/2	5910	1	54	100	2.53e-18
C90P4ANXX160330:3:2205:13120:26036/2	101	48	101	smNRPS-1/2	5910	1	54	100	2.53e-18
C90P4ANXX160330:2:2309:13712:83202/1	57	1	57	smNRPS-1/2	5910	2097	2153	100	5.44e-20
C90P4ANXX160330:4:2102:11570:85580/2	78	1	78	smNRPS-1/2	5910	822	899	100	1.15e-31
C90P4ANXX160330:1:1109:12150:87754/2	82	82	1	smNRPS-1/2	5910	4126	4207	100	6.89e-34
C90P4ANXX160330:5:2202:12674:50818/2	97	1	97	smNRPS-1/2	5910	1817	1911	96.907	1.14e-36
C90P4ANXX160330:2:2103:16586:81457/1	93	1	93	smNRPS-1/2	5910	2647	2739	98.925	2.46e-38
C90P4ANXX160330:5:2206:19250:17561/1	98	98	1	smNRPS-1/2	5910	1072	1169	97.959	1.9e-39
C90P4ANXX160330:1:2101:15721:15148/2	101	101	1	smNRPS-1/2	5910	5488	5588	97.03	1.9e-39
C90P4ANXX160330:5:2209:8900:51371/2	101	1	95	smNRPS-1/2	5910	5365	5459	98.947	1.9e-39
C90P4ANXX160330:3:2208:11816:98502/1	98	1	98	smNRPS-1/2	5910	219	316	97.959	1.9e-39
C90P4ANXX160330:5:1212:7502:59949/1	92	1	92	smNRPS-1/2	5910	4286	4377	100	1.9e-39
C90P4ANXX160330:3:1207:14793:42775/1	100	1	98	smNRPS-1/2	5910	3605	3702	97.959	1.9e-39
C90P4ANXX160330:1:2102:14004:90692/1	100	100	1	smNRPS-1/2	5910	2623	2722	98	1.47e-40
C90P4ANXX160330:5:1104:8256:10902/1	100	1	100	smNRPS-1/2	5910	3605	3704	98	1.47e-40
C90P4ANXX160330:1:2210:9629:48631/2	94	1	94	smNRPS-1/2	5910	5073	5166	100	1.47e-40
C90P4ANXX160330:5:1206:10296:9884/1	101	101	1	smNRPS-1/2	5910	3123	3223	98.02	4.09e-41
C90P4ANXX160330:5:1206:10296:9884/2	101	1	101	smNRPS-1/2	5910	3104	3204	98.02	4.09e-41
C90P4ANXX160330:1:2110:13786:23188/1	101	1	101	smNRPS-1/2	5910	4448	4548	98.02	4.09e-41
C90P4ANXX160330:1:2110:13786:23188/2	101	101	1	smNRPS-1/2	5910	4473	4573	98.02	4.09e-41
C90P4ANXX160330:6:2105:9139:73678/1	101	1	101	smNRPS-1/2	5910	3102	3202	98.02	4.09e-41
C90P4ANXX160330:3:2208:11816:98502/2	101	101	1	smNRPS-1/2	5910	220	320	98.02	4.09e-41
C90P4ANXX160330:1:2101:15721:15148/1	100	1	99	smNRPS-1/2	5910	5417	5515	98.99	1.14e-41
C90P4ANXX160330:5:2209:8900:51371/1	101	96	1	smNRPS-1/2	5910	5364	5459	100	1.14e-41
C90P4ANXX160330:3:2205:13120:26036/1	99	99	1	smNRPS-1/2	5910	145	243	98.99	1.14e-41
C90P4ANXX160330:3:1202:5592:89166/1	96	1	96	smNRPS-1/2	5910	706	801	100	1.14e-41
C90P4ANXX160330:5:2106:17458:26492/1	99	1	99	smNRPS-1/2	5910	1426	1524	98.99	1.14e-41
C90P4ANXX160330:2:2311:17060:7901/2	100	100	1	smNRPS-1/2	5910	2357	2456	99	3.16e-42
C90P4ANXX160330:1:2108:12469:74052/1	100	100	1	smNRPS-1/2	5910	144	243	99	3.16e-42
C90P4ANXX160330:6:2310:8405:69218/1	100	1	100	smNRPS-1/2	5910	80	179	99	3.16e-42
C90P4ANXX160330:6:2310:8405:69218/2	101	101	2	smNRPS-1/2	5910	99	198	99	3.16e-42
C90P4ANXX160330:1:2202:9224:26463/2	97	1	97	smNRPS-1/2	5910	722	818	100	3.16e-42
C90P4ANXX160330:2:2311:17060:7901/1	98	1	98	smNRPS-1/2	5910	2318	2415	100	8.78e-43
C90P4ANXX160330:5:2206:19250:17561/2	98	1	98	smNRPS-1/2	5910	955	1052	100	8.78e-43
C90P4ANXX160330:6:1101:11680:23098/1	101	1	101	smNRPS-1/2	5910	1435	1535	99.01	8.78e-43
C90P4ANXX160330:2:1101:19595:85154/2	101	1	101	smNRPS-1/2	5910	1220	1320	99.01	8.78e-43
C90P4ANXX160330:6:2111:8907:53812/1	101	1	101	smNRPS-1/2	5910	1457	1557	99.01	8.78e-43
C90P4ANXX160330:6:2216:8265:65989/2	99	99	1	smNRPS-1/2	5910	601	699	100	2.44e-43
C90P4ANXX160330:1:2309:19692:85979/1	99	99	1	smNRPS-1/2	5910	3332	3430	100	2.44e-43
C90P4ANXX160330:6:2215:10897:16738/1	99	1	99	smNRPS-1/2	5910	816	914	100	2.44e-43
C90P4ANXX160330:4:1203:12965:80577/1	99	99	1	smNRPS-1/2	5910	4297	4395	100	2.44e-43
C90P4ANXX160330:6:1101:11680:23098/2	100	100	1	smNRPS-1/2	5910	1605	1704	100	6.79e-44
C90P4ANXX160330:2:2112:5724:60798/1	100	100	1	smNRPS-1/2	5910	3380	3479	100	6.79e-44
C90P4ANXX160330:2:2112:5724:60798/2	101	2	101	smNRPS-1/2	5910	3150	3249	100	6.79e-44
C90P4ANXX160330:6:2215:12359:30424/2	100	1	100	smNRPS-1/2	5910	3202	3301	100	6.79e-44
C90P4ANXX160330:6:2216:8265:65989/1	101	1	101	smNRPS-1/2	5910	597	697	100	1.89e-44
C90P4ANXX160330:1:2102:14004:90692/2	101	1	101	smNRPS-1/2	5910	2591	2691	100	1.89e-44
C90P4ANXX160330:3:2215:12296:81135/1	101	101	1	smNRPS-1/2	5910	1	101	100	1.89e-44
C90P4ANXX160330:4:2313:16711:16832/1	101	101	1	smNRPS-1/2	5910	3423	3523	100	1.89e-44
C90P4ANXX160330:4:2313:16711:16832/2	101	1	101	smNRPS-1/2	5910	3397	3497	100	1.89e-44
C90P4ANXX160330:6:2105:9139:73678/2	101	101	1	smNRPS-1/2	5910	3260	3360	100	1.89e-44
C90P4ANXX160330:1:1109:12150:87754/1	101	1	101	smNRPS-1/2	5910	3950	4050	100	1.89e-44
C90P4ANXX160330:1:2309:19692:85979/2	101	1	101	smNRPS-1/2	5910	3271	3371	100	1.89e-44
C90P4ANXX160330:2:1101:19595:85154/1	101	101	1	smNRPS-1/2	5910	1255	1355	100	1.89e-44
C90P4ANXX160330:5:2115:10713:97618/2	101	1	101	smNRPS-1/2	5910	4609	4709	100	1.89e-44
