C662FACXX150129:7:1216:12345:8554/2	72	1	72	smNRPS-1/2	5910	3568	3639	100	7.29e-29
C662FACXX150129:5:1202:13674:93617/1	101	1	91	smNRPS-1/2	5910	2861	2951	100	2e-39
C662FACXX150129:5:2312:18997:82041/2	91	1	91	smNRPS-1/2	5910	3914	4004	100	2e-39
C662FACXX150129:5:1202:13674:93617/2	101	92	1	smNRPS-1/2	5910	2860	2951	100	5.55e-40
C662FACXX150129:7:2208:11231:54560/1	98	1	98	smNRPS-1/2	5910	883	980	98.98	1.19e-41
C662FACXX150129:7:2216:9350:64307/1	96	1	96	smNRPS-1/2	5910	4595	4690	100	3.32e-42
C662FACXX150129:3:1315:5629:70540/2	96	1	96	smNRPS-1/2	5910	3759	3854	100	3.32e-42
C662FACXX150129:5:2312:18997:82041/1	100	100	1	smNRPS-1/2	5910	4047	4146	99	9.23e-43
C662FACXX150129:7:2208:11231:54560/2	101	101	1	smNRPS-1/2	5910	899	999	99.01	2.57e-43
C662FACXX150129:2:2103:5423:7104/1	101	1	101	smNRPS-1/2	5910	4450	4550	100	5.51e-45
C662FACXX150129:2:2103:5423:7104/2	101	101	1	smNRPS-1/2	5910	4481	4581	100	5.51e-45
C662FACXX150129:3:1309:14814:49596/1	101	1	101	smNRPS-1/2	5910	4997	5097	100	5.51e-45
C662FACXX150129:3:1309:14814:49596/2	101	101	1	smNRPS-1/2	5910	5031	5131	100	5.51e-45
C662FACXX150129:3:2305:16256:59808/1	101	101	1	smNRPS-1/2	5910	4740	4840	100	5.51e-45
C662FACXX150129:3:2305:16256:59808/2	101	1	101	smNRPS-1/2	5910	4722	4822	100	5.51e-45
C662FACXX150129:7:1216:12345:8554/1	101	101	1	smNRPS-1/2	5910	3594	3694	100	5.51e-45
C662FACXX150129:7:2216:9350:64307/2	101	101	1	smNRPS-1/2	5910	4608	4708	100	5.51e-45
C662FACXX150129:7:2312:5478:35438/1	101	101	1	smNRPS-1/2	5910	2769	2869	100	5.51e-45
C662FACXX150129:7:2312:5478:35438/2	101	1	101	smNRPS-1/2	5910	2683	2783	100	5.51e-45
C662FACXX150129:3:1315:5629:70540/1	101	101	1	smNRPS-1/2	5910	3777	3877	100	5.51e-45
C662FACXX150129:2:1306:12497:34043/2	101	1	101	smNRPS-1/2	5910	131	231	100	5.51e-45
C662FACXX150129:6:2309:1325:88498/2	69	69	1	smNRPS-1/2	5910	2083	2151	100	3.43e-27
C662FACXX150129:5:1107:3121:58264/2	95	95	1	smNRPS-1/2	5910	2350	2444	100	1.21e-41
C662FACXX150129:6:2201:11040:65629/1	100	100	1	smNRPS-1/2	5910	2828	2927	99	9.34e-43
C662FACXX150129:4:1108:4582:73298/1	101	101	1	smNRPS-1/2	5910	2827	2927	99.01	2.6e-43
C662FACXX150129:4:1108:4582:73298/2	101	1	101	smNRPS-1/2	5910	2817	2917	99.01	2.6e-43
C662FACXX150129:6:2201:11040:65629/2	101	1	101	smNRPS-1/2	5910	2817	2917	99.01	2.6e-43
C662FACXX150129:5:1107:3121:58264/1	101	1	101	smNRPS-1/2	5910	2259	2359	100	5.58e-45
C662FACXX150129:7:1312:10160:94320/1	101	101	1	smNRPS-1/2	5910	1226	1326	100	5.58e-45
C662FACXX150129:7:1312:10160:94320/2	101	1	101	smNRPS-1/2	5910	1205	1305	100	5.58e-45
C662FACXX150129:2:2116:10792:19529/1	101	1	101	smNRPS-1/2	5910	2039	2139	100	5.58e-45
C662FACXX150129:2:2116:10792:19529/2	101	101	1	smNRPS-1/2	5910	2051	2151	100	5.58e-45
