C8G6HANXX160303:6:2101:6590:76232/2	101	1	101	smNRPS-1/2	5910	457	557	99.01	1.36e-42
C8G6HANXX160303:7:1108:7368:4032/1	100	100	1	smNRPS-1/2	5910	1781	1878	97	3.84e-38
C8G6HANXX160303:7:1108:7368:4032/2	101	1	92	smNRPS-1/2	5910	1730	1821	100	2.97e-39
C8G6HANXX160303:8:1201:1761:85536/2	101	1	101	smNRPS-1/2	5910	5596	5696	98.02	6.39e-41
C8G6HANXX160303:4:1112:13059:24092/1	96	96	1	smNRPS-1/2	5910	4521	4616	100	1.78e-41
C8G6HANXX160303:8:1201:1761:85536/1	98	98	1	smNRPS-1/2	5910	5744	5841	100	1.37e-42
C8G6HANXX160303:5:1303:16275:20975/1	99	1	99	smNRPS-1/2	5910	634	732	100	3.82e-43
C8G6HANXX160303:3:1310:6043:51228/1	100	100	1	smNRPS-1/2	5910	4521	4620	100	1.06e-43
C8G6HANXX160303:5:1303:16275:20975/2	101	101	1	smNRPS-1/2	5910	704	804	100	2.95e-44
C8G6HANXX160303:3:1310:6043:51228/2	101	1	101	smNRPS-1/2	5910	4319	4419	100	2.95e-44
